   8.0700000e+02   1.1354645e+00   3.1523409e+00
   8.0800000e+02   1.1431471e+00   3.1501896e+00
   8.0900000e+02   1.1513183e+00   3.1468233e+00
   8.1000000e+02   1.1597449e+00   3.1433355e+00
   8.1100000e+02   1.1682420e+00   3.1382670e+00
   8.1200000e+02   1.1765216e+00   3.1338981e+00
   8.1300000e+02   1.1847227e+00   3.1285748e+00
   8.1400000e+02   1.1935970e+00   3.1227690e+00
   8.1500000e+02   1.2017742e+00   3.1174742e+00
   8.1600000e+02   1.2100467e+00   3.1116210e+00
   8.1700000e+02   1.2188577e+00   3.1065909e+00
   8.1800000e+02   1.2259979e+00   3.1000227e+00
   8.1900000e+02   1.2330212e+00   3.0943067e+00
   8.2000000e+02   1.2383386e+00   3.0891024e+00
   8.2100000e+02   1.2427190e+00   3.0842484e+00
   8.2200000e+02   1.2459113e+00   3.0804382e+00
   8.2300000e+02   1.2475763e+00   3.0771427e+00
   8.2400000e+02   1.2480741e+00   3.0748496e+00
   8.2500000e+02   1.2468095e+00   3.0725170e+00
   8.2600000e+02   1.2443773e+00   3.0706426e+00
   8.2700000e+02   1.2403180e+00   3.0685723e+00
   8.2800000e+02   1.2350133e+00   3.0664355e+00
   8.2900000e+02   1.2286600e+00   3.0644382e+00
   8.3000000e+02   1.2210193e+00   3.0623759e+00
   8.3100000e+02   1.2127919e+00   3.0607854e+00
   8.3200000e+02   1.2038742e+00   3.0592032e+00
   8.3300000e+02   1.1942742e+00   3.0586573e+00
   8.3400000e+02   1.1842391e+00   3.0581694e+00
   8.3500000e+02   1.1741465e+00   3.0582178e+00
   8.3600000e+02   1.1643872e+00   3.0578487e+00
   8.3700000e+02   1.1543204e+00   3.0570703e+00
   8.3800000e+02   1.1448929e+00   3.0555493e+00
   8.3900000e+02   1.1358668e+00   3.0537203e+00
   8.4000000e+02   1.1270928e+00   3.0518605e+00
   8.4100000e+02   1.1197346e+00   3.0509885e+00
   8.4200000e+02   1.1109978e+00   3.0490049e+00
   8.4300000e+02   1.1032742e+00   3.0472433e+00
   8.4400000e+02   1.0953493e+00   3.0453551e+00
   8.4500000e+02   1.0872969e+00   3.0430212e+00
   8.4600000e+02   1.0797727e+00   3.0399227e+00
   8.4700000e+02   1.0729600e+00   3.0366639e+00
   8.4800000e+02   1.0674892e+00   3.0334594e+00
   8.4900000e+02   1.0633423e+00   3.0300259e+00
   8.5000000e+02   1.0613023e+00   3.0262331e+00
   8.5100000e+02   1.0610450e+00   3.0229977e+00
   8.5200000e+02   1.0615526e+00   3.0192072e+00
   8.5300000e+02   1.0639563e+00   3.0158814e+00
   8.5400000e+02   1.0661956e+00   3.0118235e+00
   8.5500000e+02   1.0707009e+00   3.0070925e+00
   8.5600000e+02   1.0755505e+00   3.0022514e+00
   8.5700000e+02   1.0804817e+00   2.9976665e+00
   8.5800000e+02   1.0856681e+00   2.9932628e+00
   8.5900000e+02   1.0897368e+00   2.9899804e+00
   8.6000000e+02   1.0931527e+00   2.9879160e+00
   8.6100000e+02   1.0957713e+00   2.9879503e+00
   8.6200000e+02   1.0991556e+00   2.9872615e+00
   8.6300000e+02   1.1014133e+00   2.9867978e+00
   8.6400000e+02   1.1042579e+00   2.9875434e+00
   8.6500000e+02   1.1068052e+00   2.9891046e+00
   8.6600000e+02   1.1094001e+00   2.9918146e+00
   8.6700000e+02   1.1125659e+00   2.9967496e+00
   8.6800000e+02   1.1167693e+00   3.0027918e+00
   8.6900000e+02   1.1219849e+00   3.0114576e+00
   8.7000000e+02   1.1286944e+00   3.0202358e+00
   8.7100000e+02   1.1362638e+00   3.0292443e+00
   8.7200000e+02   1.1450786e+00   3.0377319e+00
   8.7300000e+02   1.1540485e+00   3.0454109e+00
   8.7400000e+02   1.1623880e+00   3.0513320e+00
   8.7500000e+02   1.1699025e+00   3.0555386e+00
   8.7600000e+02   1.1771169e+00   3.0579791e+00
   8.7700000e+02   1.1845351e+00   3.0613428e+00
   8.7800000e+02   1.1913619e+00   3.0613916e+00
   8.7900000e+02   1.1989869e+00   3.0605624e+00
   8.8000000e+02   1.2066503e+00   3.0598150e+00
   8.8100000e+02   1.2138056e+00   3.0584506e+00
   8.8200000e+02   1.2218227e+00   3.0557845e+00
   8.8300000e+02   1.2283930e+00   3.0540475e+00
   8.8400000e+02   1.2367842e+00   3.0487166e+00
   8.8500000e+02   1.2435566e+00   3.0443058e+00
   8.8600000e+02   1.2487708e+00   3.0394550e+00
   8.8700000e+02   1.2532930e+00   3.0342935e+00
   8.8800000e+02   1.2564255e+00   3.0294043e+00
   8.8900000e+02   1.2576693e+00   3.0242058e+00
   8.9000000e+02   1.2580548e+00   3.0194592e+00
   8.9100000e+02   1.2556124e+00   3.0151926e+00
   8.9200000e+02   1.2521908e+00   3.0094894e+00
   8.9300000e+02   1.2466022e+00   3.0042163e+00
   8.9400000e+02   1.2404999e+00   2.9992504e+00
   8.9500000e+02   1.2322671e+00   2.9947337e+00
   8.9600000e+02   1.2219431e+00   2.9908136e+00
   8.9700000e+02   1.2102188e+00   2.9867239e+00
   8.9800000e+02   1.1980488e+00   2.9821611e+00
   8.9900000e+02   1.1849356e+00   2.9775588e+00
   9.0000000e+02   1.1710740e+00   2.9732737e+00
   9.0100000e+02   1.1574242e+00   2.9694681e+00
   9.0200000e+02   1.1438640e+00   2.9660031e+00
   9.0300000e+02   1.1290327e+00   2.9631306e+00
   9.0400000e+02   1.1138495e+00   2.9601627e+00
   9.0500000e+02   1.0998434e+00   2.9573649e+00
   9.0600000e+02   1.0868854e+00   2.9549604e+00
   9.0700000e+02   1.0739977e+00   2.9521088e+00
   9.0800000e+02   1.0624023e+00   2.9494212e+00
   9.0900000e+02   1.0503991e+00   2.9460570e+00
   9.1000000e+02   1.0387913e+00   2.9425507e+00
   9.1100000e+02   1.0277548e+00   2.9381431e+00
   9.1200000e+02   1.0173443e+00   2.9328289e+00
   9.1300000e+02   1.0080321e+00   2.9270815e+00
   9.1400000e+02   1.0013776e+00   2.9206279e+00
   9.1500000e+02   9.9617094e-01   2.9131451e+00
   9.1600000e+02   9.9316557e-01   2.9050534e+00
   9.1700000e+02   9.9106648e-01   2.8954746e+00
   9.1800000e+02   9.9008627e-01   2.8838437e+00
   9.1900000e+02   9.8994054e-01   2.8720700e+00
   9.2000000e+02   9.9161981e-01   2.8591066e+00
   9.2100000e+02   9.9405625e-01   2.8453752e+00
   9.2200000e+02   9.9803274e-01   2.8316201e+00
   9.2300000e+02   1.0021584e+00   2.8177439e+00
   9.2400000e+02   1.0070757e+00   2.8034932e+00
   9.2500000e+02   1.0125385e+00   2.7891680e+00
   9.2600000e+02   1.0189331e+00   2.7771695e+00
   9.2700000e+02   1.0245543e+00   2.7650751e+00
   9.2800000e+02   1.0303132e+00   2.7545036e+00
   9.2900000e+02   1.0349279e+00   2.7437438e+00
   9.3000000e+02   1.0398604e+00   2.7340903e+00
   9.3100000e+02   1.0436805e+00   2.7240037e+00
   9.3200000e+02   1.0469015e+00   2.7140153e+00
   9.3300000e+02   1.0499798e+00   2.7047951e+00
   9.3400000e+02   1.0520772e+00   2.6960340e+00
   9.3500000e+02   1.0528441e+00   2.6888730e+00
   9.3600000e+02   1.0528659e+00   2.6832043e+00
   9.3700000e+02   1.0514657e+00   2.6783578e+00
   9.3800000e+02   1.0480946e+00   2.6739154e+00
   9.3900000e+02   1.0441467e+00   2.6705327e+00
   9.4000000e+02   1.0391642e+00   2.6669256e+00
   9.4100000e+02   1.0331215e+00   2.6636004e+00
   9.4200000e+02   1.0252821e+00   2.6597431e+00
   9.4300000e+02   1.0170214e+00   2.6559179e+00
   9.4400000e+02   1.0067547e+00   2.6522772e+00
   9.4500000e+02   9.9555415e-01   2.6482347e+00
   9.4600000e+02   9.8339659e-01   2.6444832e+00
   9.4700000e+02   9.7035877e-01   2.6416457e+00
   9.4800000e+02   9.5601479e-01   2.6392994e+00
   9.4900000e+02   9.4146024e-01   2.6381681e+00
   9.5000000e+02   9.2601387e-01   2.6369364e+00
   9.5100000e+02   9.0913676e-01   2.6361591e+00
   9.5200000e+02   8.9336766e-01   2.6352580e+00
   9.5300000e+02   8.7823976e-01   2.6345888e+00
   9.5400000e+02   8.6308395e-01   2.6336719e+00
   9.5500000e+02   8.4848310e-01   2.6328680e+00
   9.5600000e+02   8.3448003e-01   2.6306478e+00
   9.5700000e+02   8.2100124e-01   2.6279169e+00
   9.5800000e+02   8.0851947e-01   2.6242799e+00
   9.5900000e+02   7.9722356e-01   2.6211058e+00
   9.6000000e+02   7.8770293e-01   2.6174003e+00
   9.6100000e+02   7.8020205e-01   2.6134310e+00
   9.6200000e+02   7.7434835e-01   2.6087034e+00
   9.6300000e+02   7.6988994e-01   2.6032422e+00
   9.6400000e+02   7.6596527e-01   2.5976945e+00
   9.6500000e+02   7.6461990e-01   2.5900945e+00
   9.6600000e+02   7.6362548e-01   2.5822406e+00
   9.6700000e+02   7.6510416e-01   2.5743259e+00
   9.6800000e+02   7.6689663e-01   2.5644054e+00
   9.6900000e+02   7.7019044e-01   2.5539205e+00
   9.7000000e+02   7.7478864e-01   2.5428631e+00
   9.7100000e+02   7.7942508e-01   2.5317964e+00
   9.7200000e+02   7.8545360e-01   2.5200591e+00
   9.7300000e+02   7.9224487e-01   2.5078928e+00
   9.7400000e+02   7.9944961e-01   2.4958943e+00
   9.7500000e+02   8.0647015e-01   2.4834800e+00
   9.7600000e+02   8.1310115e-01   2.4708597e+00
   9.7700000e+02   8.2021923e-01   2.4586133e+00
   9.7800000e+02   8.2671752e-01   2.4449099e+00
   9.7900000e+02   8.3343963e-01   2.4312466e+00
   9.8000000e+02   8.3937348e-01   2.4173399e+00
   9.8100000e+02   8.4435369e-01   2.4031531e+00
   9.8200000e+02   8.4831006e-01   2.3894653e+00
   9.8300000e+02   8.5000216e-01   2.3771192e+00
   9.8400000e+02   8.4998464e-01   2.3660938e+00
   9.8500000e+02   8.4855467e-01   2.3564186e+00
   9.8600000e+02   8.4648342e-01   2.3489546e+00
   9.8700000e+02   8.4252676e-01   2.3428401e+00
   9.8800000e+02   8.3791400e-01   2.3375755e+00
   9.8900000e+02   8.3083171e-01   2.3327757e+00
   9.9000000e+02   8.2332013e-01   2.3289866e+00
   9.9100000e+02   8.1360685e-01   2.3267485e+00
   9.9200000e+02   8.0309017e-01   2.3258779e+00
   9.9300000e+02   7.9265713e-01   2.3266977e+00
   9.9400000e+02   7.8088034e-01   2.3283919e+00
   9.9500000e+02   7.6933046e-01   2.3304589e+00
   9.9600000e+02   7.5791669e-01   2.3329722e+00
   9.9700000e+02   7.4639258e-01   2.3355067e+00
   9.9800000e+02   7.3545247e-01   2.3362674e+00
   9.9900000e+02   7.2496267e-01   2.3362319e+00
   1.0000000e+03   7.1478432e-01   2.3355705e+00
   1.0010000e+03   7.0430653e-01   2.3344102e+00
   1.0020000e+03   6.9447409e-01   2.3324770e+00
   1.0030000e+03   6.8455331e-01   2.3297540e+00
   1.0040000e+03   6.7514229e-01   2.3265253e+00
   1.0050000e+03   6.6606586e-01   2.3229326e+00
   1.0060000e+03   6.5680246e-01   2.3183825e+00
   1.0070000e+03   6.4850549e-01   2.3134730e+00
   1.0080000e+03   6.4117940e-01   2.3082857e+00
   1.0090000e+03   6.3542860e-01   2.3035796e+00
   1.0100000e+03   6.3114722e-01   2.2967621e+00
   1.0110000e+03   6.2759099e-01   2.2895965e+00
   1.0120000e+03   6.2555102e-01   2.2811020e+00
   1.0130000e+03   6.2440119e-01   2.2724877e+00
   1.0140000e+03   6.2481037e-01   2.2635665e+00
   1.0150000e+03   6.2560989e-01   2.2540190e+00
   1.0160000e+03   6.2700974e-01   2.2438017e+00
   1.0170000e+03   6.2892084e-01   2.2337085e+00
   1.0180000e+03   6.3071961e-01   2.2223801e+00
   1.0190000e+03   6.3247846e-01   2.2104867e+00
   1.0200000e+03   6.3375358e-01   2.1990203e+00
   1.0210000e+03   6.3478103e-01   2.1873673e+00
   1.0220000e+03   6.3589600e-01   2.1779734e+00
   1.0230000e+03   6.3648351e-01   2.1700376e+00
   1.0240000e+03   6.3735809e-01   2.1637739e+00
   1.0250000e+03   6.3809155e-01   2.1579551e+00
   1.0260000e+03   6.3863148e-01   2.1528856e+00
   1.0270000e+03   6.3828995e-01   2.1482553e+00
   1.0280000e+03   6.3724459e-01   2.1436662e+00
   1.0290000e+03   6.3582066e-01   2.1403237e+00
   1.0300000e+03   6.3343124e-01   2.1377443e+00
   1.0310000e+03   6.3014246e-01   2.1356793e+00
   1.0320000e+03   6.2604255e-01   2.1344772e+00
   1.0330000e+03   6.2066785e-01   2.1331133e+00
   1.0340000e+03   6.1494374e-01   2.1341238e+00
   1.0350000e+03   6.0742359e-01   2.1355974e+00
   1.0360000e+03   5.9990301e-01   2.1384039e+00
   1.0370000e+03   5.9177255e-01   2.1419167e+00
   1.0380000e+03   5.8242183e-01   2.1467876e+00
   1.0390000e+03   5.7313164e-01   2.1522180e+00
   1.0400000e+03   5.6405166e-01   2.1583876e+00
   1.0410000e+03   5.5450680e-01   2.1650918e+00
   1.0420000e+03   5.4496062e-01   2.1724022e+00
   1.0430000e+03   5.3544745e-01   2.1800777e+00
   1.0440000e+03   5.2576965e-01   2.1871757e+00
   1.0450000e+03   5.1680260e-01   2.1948102e+00
   1.0460000e+03   5.0769119e-01   2.2023602e+00
   1.0470000e+03   4.9903113e-01   2.2096593e+00
   1.0480000e+03   4.9042533e-01   2.2155789e+00
   1.0490000e+03   4.8186142e-01   2.2209166e+00
   1.0500000e+03   4.7351415e-01   2.2255338e+00
   1.0510000e+03   4.6532448e-01   2.2293009e+00
   1.0520000e+03   4.5735227e-01   2.2319087e+00
   1.0530000e+03   4.4974223e-01   2.2333016e+00
   1.0540000e+03   4.4290066e-01   2.2339327e+00
   1.0550000e+03   4.3714725e-01   2.2338461e+00
   1.0560000e+03   4.3244012e-01   2.2323118e+00
   1.0570000e+03   4.2967417e-01   2.2298711e+00
   1.0580000e+03   4.2800746e-01   2.2262483e+00
   1.0590000e+03   4.2785267e-01   2.2222205e+00
   1.0600000e+03   4.2936922e-01   2.2175016e+00
   1.0610000e+03   4.3213197e-01   2.2121422e+00
   1.0620000e+03   4.3646277e-01   2.2054914e+00
   1.0630000e+03   4.4129228e-01   2.1984194e+00
   1.0640000e+03   4.4567022e-01   2.1907109e+00
   1.0650000e+03   4.4976379e-01   2.1822200e+00
   1.0660000e+03   4.5263066e-01   2.1730586e+00
   1.0670000e+03   4.5539651e-01   2.1637604e+00
   1.0680000e+03   4.5666000e-01   2.1539875e+00
   1.0690000e+03   4.5867534e-01   2.1447436e+00
   1.0700000e+03   4.5905183e-01   2.1343213e+00
   1.0710000e+03   4.5940047e-01   2.1230393e+00
   1.0720000e+03   4.5870759e-01   2.1118051e+00
   1.0730000e+03   4.5733865e-01   2.1010787e+00
   1.0740000e+03   4.5558210e-01   2.0912853e+00
   1.0750000e+03   4.5298147e-01   2.0828220e+00
   1.0760000e+03   4.4929756e-01   2.0762215e+00
   1.0770000e+03   4.4489206e-01   2.0713726e+00
   1.0780000e+03   4.3937723e-01   2.0679464e+00
   1.0790000e+03   4.3226601e-01   2.0656847e+00
   1.0800000e+03   4.2475127e-01   2.0649924e+00
   1.0810000e+03   4.1595760e-01   2.0661697e+00
   1.0820000e+03   4.0580047e-01   2.0688716e+00
   1.0830000e+03   3.9447069e-01   2.0721795e+00
   1.0840000e+03   3.8264269e-01   2.0768397e+00
   1.0850000e+03   3.7069803e-01   2.0814727e+00
   1.0860000e+03   3.5976503e-01   2.0859350e+00
   1.0870000e+03   3.4886587e-01   2.0903960e+00
   1.0880000e+03   3.3932535e-01   2.0938717e+00
   1.0890000e+03   3.3080662e-01   2.0973333e+00
   1.0900000e+03   3.2379234e-01   2.0999302e+00
   1.0910000e+03   3.1743154e-01   2.1019207e+00
   1.0920000e+03   3.1174146e-01   2.1023394e+00
   1.0930000e+03   3.0704793e-01   2.1018748e+00
   1.0940000e+03   3.0312617e-01   2.1001217e+00
   1.0950000e+03   2.9938160e-01   2.0975073e+00
   1.0960000e+03   2.9720712e-01   2.0937993e+00
   1.0970000e+03   2.9661326e-01   2.0890791e+00
   1.0980000e+03   2.9658699e-01   2.0840522e+00
   1.0990000e+03   2.9768318e-01   2.0775657e+00
   1.1000000e+03   2.9931659e-01   2.0704051e+00
   1.1010000e+03   3.0100378e-01   2.0625114e+00
   1.1020000e+03   3.0377018e-01   2.0536582e+00
   1.1030000e+03   3.0676245e-01   2.0445782e+00
   1.1040000e+03   3.0948629e-01   2.0347349e+00
   1.1050000e+03   3.1220472e-01   2.0232421e+00
   1.1060000e+03   3.1505972e-01   2.0130581e+00
   1.1070000e+03   3.1829636e-01   2.0010953e+00
   1.1080000e+03   3.2091353e-01   1.9904182e+00
   1.1090000e+03   3.2363868e-01   1.9785510e+00
   1.1100000e+03   3.2661115e-01   1.9668363e+00
   1.1110000e+03   3.2838702e-01   1.9558559e+00
   1.1120000e+03   3.2989994e-01   1.9456268e+00
   1.1130000e+03   3.3066958e-01   1.9363593e+00
   1.1140000e+03   3.3036174e-01   1.9284326e+00
   1.1150000e+03   3.2908877e-01   1.9205477e+00
   1.1160000e+03   3.2716396e-01   1.9127667e+00
   1.1170000e+03   3.2279072e-01   1.9046358e+00
   1.1180000e+03   3.1827515e-01   1.8975692e+00
   1.1190000e+03   3.1298057e-01   1.8923368e+00
   1.1200000e+03   3.0556798e-01   1.8875403e+00
   1.1210000e+03   2.9809906e-01   1.8841027e+00
   1.1220000e+03   2.8936002e-01   1.8809628e+00
   1.1230000e+03   2.7998794e-01   1.8785390e+00
   1.1240000e+03   2.7040879e-01   1.8765036e+00
   1.1250000e+03   2.6095662e-01   1.8744007e+00
   1.1260000e+03   2.5107619e-01   1.8729567e+00
   1.1270000e+03   2.4112875e-01   1.8721733e+00
   1.1280000e+03   2.3101325e-01   1.8713223e+00
   1.1290000e+03   2.2156815e-01   1.8712448e+00
   1.1300000e+03   2.1224974e-01   1.8705206e+00
   1.1310000e+03   2.0340284e-01   1.8701892e+00
   1.1320000e+03   1.9422352e-01   1.8687761e+00
   1.1330000e+03   1.8595192e-01   1.8674175e+00
   1.1340000e+03   1.7725470e-01   1.8654422e+00
   1.1350000e+03   1.6867357e-01   1.8628729e+00
   1.1360000e+03   1.6013780e-01   1.8596809e+00
   1.1370000e+03   1.5190464e-01   1.8557054e+00
   1.1380000e+03   1.4343848e-01   1.8509344e+00
   1.1390000e+03   1.3601505e-01   1.8451951e+00
   1.1400000e+03   1.2959810e-01   1.8379505e+00
   1.1410000e+03   1.2364142e-01   1.8280786e+00
   1.1420000e+03   1.2005286e-01   1.8197714e+00
   1.1430000e+03   1.1817319e-01   1.8106434e+00
   1.1440000e+03   1.1709533e-01   1.8007711e+00
   1.1450000e+03   1.1747967e-01   1.7907547e+00
   1.1460000e+03   1.1782195e-01   1.7799563e+00
   1.1470000e+03   1.1967905e-01   1.7680678e+00
   1.1480000e+03   1.2173938e-01   1.7563823e+00
   1.1490000e+03   1.2482573e-01   1.7439043e+00
   1.1500000e+03   1.2821463e-01   1.7312293e+00
   1.1510000e+03   1.3130890e-01   1.7181767e+00
   1.1520000e+03   1.3297735e-01   1.7048067e+00
   1.1530000e+03   1.3367272e-01   1.6916727e+00
   1.1540000e+03   1.3278427e-01   1.6785628e+00
   1.1550000e+03   1.3012999e-01   1.6653642e+00
   1.1560000e+03   1.2535639e-01   1.6520979e+00
   1.1570000e+03   1.1694585e-01   1.6377460e+00
   1.1580000e+03   1.0536627e-01   1.6233883e+00
   1.1590000e+03   9.0207226e-02   1.6090655e+00
   1.1600000e+03   7.2064549e-02   1.5950798e+00
   1.1610000e+03   5.0957964e-02   1.5813664e+00
   1.1620000e+03   2.6049729e-02   1.5694171e+00
   1.1630000e+03  -1.3244553e-03   1.5584136e+00
   1.1640000e+03  -2.9869908e-02   1.5496791e+00
   1.1650000e+03  -6.1450134e-02   1.5415875e+00
   1.1660000e+03  -9.2636687e-02   1.5326209e+00
   1.1670000e+03  -1.2193818e-01   1.5241057e+00
   1.1680000e+03  -1.5254660e-01   1.5138065e+00
   1.1690000e+03  -1.7838765e-01   1.5024937e+00
   1.1700000e+03  -2.0289511e-01   1.4900256e+00
   1.1710000e+03  -2.2247225e-01   1.4771685e+00
   1.1720000e+03  -2.3806920e-01   1.4636516e+00
   1.1730000e+03  -2.5085607e-01   1.4488338e+00
   1.1740000e+03  -2.6046827e-01   1.4334330e+00
   1.1750000e+03  -2.6782791e-01   1.4169311e+00
   1.1760000e+03  -2.7269878e-01   1.3986491e+00
   1.1770000e+03  -2.7610854e-01   1.3784042e+00
   1.1780000e+03  -2.7899517e-01   1.3586628e+00
   1.1790000e+03  -2.8182843e-01   1.3386464e+00
   1.1800000e+03  -2.8688365e-01   1.3189576e+00
   1.1810000e+03  -2.9452151e-01   1.3014501e+00
   1.1820000e+03  -3.0594691e-01   1.2853854e+00
   1.1830000e+03  -3.1865618e-01   1.2699953e+00
   1.1840000e+03  -3.3319056e-01   1.2546028e+00
   1.1850000e+03  -3.4826097e-01   1.2383721e+00
   1.1860000e+03  -3.6444590e-01   1.2215416e+00
   1.1870000e+03  -3.8318027e-01   1.2035969e+00
   1.1880000e+03  -4.0531740e-01   1.1853982e+00
   1.1890000e+03  -4.2725067e-01   1.1686598e+00
   1.1900000e+03  -4.4983111e-01   1.1522003e+00
   1.1910000e+03  -4.7009739e-01   1.1362662e+00
   1.1920000e+03  -4.8736791e-01   1.1212772e+00
   1.1930000e+03  -5.0047186e-01   1.1078263e+00
   1.1940000e+03  -5.1076008e-01   1.0956866e+00
   1.1950000e+03  -5.1743861e-01   1.0846295e+00
   1.1960000e+03  -5.2132362e-01   1.0747105e+00
   1.1970000e+03  -5.2301490e-01   1.0657844e+00
   1.1980000e+03  -5.2155382e-01   1.0582261e+00
   1.1990000e+03  -5.1803476e-01   1.0503640e+00
   1.2000000e+03  -5.1157903e-01   1.0437250e+00
   1.2010000e+03  -5.0198367e-01   1.0371118e+00
   1.2020000e+03  -4.9080664e-01   1.0324898e+00
   1.2030000e+03  -4.7775856e-01   1.0281255e+00
   1.2040000e+03  -4.6380860e-01   1.0204192e+00
   1.2050000e+03  -4.5191397e-01   1.0097283e+00
   1.2060000e+03  -4.4245721e-01   9.9804903e-01
   1.2070000e+03  -4.3561255e-01   9.8468559e-01
   1.2080000e+03  -4.3072425e-01   9.6961251e-01
   1.2090000e+03  -4.2641385e-01   9.5321330e-01
   1.2100000e+03  -4.2392663e-01   9.3569837e-01
   1.2110000e+03  -4.2225511e-01   9.1546528e-01
   1.2120000e+03  -4.2083465e-01   8.9316913e-01
   1.2130000e+03  -4.1902669e-01   8.7026774e-01
   1.2140000e+03  -4.1681092e-01   8.4714342e-01
   1.2150000e+03  -4.1356229e-01   8.2494160e-01
   1.2160000e+03  -4.0767083e-01   8.0089384e-01
   1.2170000e+03  -4.0040334e-01   7.7852507e-01
   1.2180000e+03  -3.9183909e-01   7.5802758e-01
   1.2190000e+03  -3.8381763e-01   7.4096292e-01
   1.2200000e+03  -3.7715015e-01   7.2691833e-01
   1.2210000e+03  -3.7114236e-01   7.1244333e-01
   1.2220000e+03  -3.6495828e-01   6.9751771e-01
   1.2230000e+03  -3.5816102e-01   6.8255607e-01
   1.2240000e+03  -3.5378102e-01   6.7044942e-01
   1.2250000e+03  -3.5208458e-01   6.6010302e-01
   1.2260000e+03  -3.5191289e-01   6.5147408e-01
   1.2270000e+03  -3.5447961e-01   6.4283628e-01
   1.2280000e+03  -3.5938080e-01   6.3054041e-01
   1.2290000e+03  -3.6418986e-01   6.1713877e-01
   1.2300000e+03  -3.6734155e-01   6.0320016e-01
   1.2310000e+03  -3.6658738e-01   5.9095519e-01
   1.2320000e+03  -3.6428307e-01   5.8249418e-01
   1.2330000e+03  -3.5853109e-01   5.7304071e-01
   1.2340000e+03  -3.5024150e-01   5.6532963e-01
   1.2350000e+03  -3.3987913e-01   5.5871570e-01
   1.2360000e+03  -3.2790911e-01   5.5051520e-01
   1.2370000e+03  -3.1419825e-01   5.4166137e-01
   1.2380000e+03  -3.0086489e-01   5.3133941e-01
   1.2390000e+03  -2.8754364e-01   5.2029323e-01
   1.2400000e+03  -2.7359562e-01   5.0949889e-01
   1.2410000e+03  -2.6053972e-01   4.9692505e-01
   1.2420000e+03  -2.4737582e-01   4.8242864e-01
   1.2430000e+03  -2.3521993e-01   4.6581172e-01
   1.2440000e+03  -2.2552695e-01   4.4819240e-01
   1.2450000e+03  -2.1764118e-01   4.2703991e-01
   1.2460000e+03  -2.0954123e-01   4.0047555e-01
   1.2470000e+03  -2.0249116e-01   3.7516187e-01
   1.2480000e+03  -1.9596039e-01   3.4671243e-01
   1.2490000e+03  -1.8844704e-01   3.1900242e-01
   1.2500000e+03  -1.7880907e-01   2.9163004e-01
   1.2510000e+03  -1.6801356e-01   2.6621465e-01
   1.2520000e+03  -1.5641645e-01   2.4159704e-01
   1.2530000e+03  -1.4419667e-01   2.2174318e-01
   1.2540000e+03  -1.3538348e-01   2.0336338e-01
   1.2550000e+03  -1.2521478e-01   1.8502918e-01
   1.2560000e+03  -1.1598639e-01   1.6206504e-01
   1.2570000e+03  -1.0850538e-01   1.3748158e-01
   1.2580000e+03  -1.0306229e-01   1.0895702e-01
