   5.0900000e+02   1.8228464e+00   3.1610460e+00
   5.1000000e+02   1.8293541e+00   3.1568472e+00
   5.1100000e+02   1.8377274e+00   3.1517416e+00
   5.1200000e+02   1.8454580e+00   3.1457340e+00
   5.1300000e+02   1.8533190e+00   3.1396098e+00
   5.1400000e+02   1.8611762e+00   3.1339794e+00
   5.1500000e+02   1.8691850e+00   3.1291718e+00
   5.1600000e+02   1.8762320e+00   3.1246054e+00
   5.1700000e+02   1.8836518e+00   3.1201107e+00
   5.1800000e+02   1.8901658e+00   3.1152349e+00
   5.1900000e+02   1.8942060e+00   3.1096198e+00
   5.2000000e+02   1.8969114e+00   3.1040865e+00
   5.2100000e+02   1.8978461e+00   3.0991226e+00
   5.2200000e+02   1.8994693e+00   3.0949163e+00
   5.2300000e+02   1.9003114e+00   3.0928761e+00
   5.2400000e+02   1.8997552e+00   3.0913161e+00
   5.2500000e+02   1.8985369e+00   3.0903018e+00
   5.2600000e+02   1.8952984e+00   3.0888327e+00
   5.2700000e+02   1.8906223e+00   3.0862050e+00
   5.2800000e+02   1.8858280e+00   3.0839753e+00
   5.2900000e+02   1.8776208e+00   3.0814145e+00
   5.3000000e+02   1.8696615e+00   3.0801922e+00
   5.3100000e+02   1.8614321e+00   3.0784168e+00
   5.3200000e+02   1.8520783e+00   3.0775206e+00
   5.3300000e+02   1.8425725e+00   3.0780786e+00
   5.3400000e+02   1.8345465e+00   3.0795808e+00
   5.3500000e+02   1.8282480e+00   3.0826142e+00
   5.3600000e+02   1.8223427e+00   3.0853525e+00
   5.3700000e+02   1.8173865e+00   3.0871825e+00
   5.3800000e+02   1.8117970e+00   3.0887839e+00
   5.3900000e+02   1.8058863e+00   3.0896619e+00
   5.4000000e+02   1.7993654e+00   3.0894308e+00
   5.4100000e+02   1.7935519e+00   3.0889398e+00
   5.4200000e+02   1.7860287e+00   3.0868253e+00
   5.4300000e+02   1.7808521e+00   3.0857214e+00
   5.4400000e+02   1.7770627e+00   3.0840400e+00
   5.4500000e+02   1.7756917e+00   3.0831801e+00
   5.4600000e+02   1.7760606e+00   3.0819610e+00
   5.4700000e+02   1.7767236e+00   3.0809135e+00
   5.4800000e+02   1.7785402e+00   3.0791745e+00
   5.4900000e+02   1.7818568e+00   3.0768823e+00
   5.5000000e+02   1.7857118e+00   3.0740661e+00
   5.5100000e+02   1.7908609e+00   3.0711636e+00
   5.5200000e+02   1.7958220e+00   3.0654819e+00
   5.5300000e+02   1.8032698e+00   3.0611949e+00
   5.5400000e+02   1.8070535e+00   3.0558662e+00
   5.5500000e+02   1.8104855e+00   3.0505779e+00
   5.5600000e+02   1.8135519e+00   3.0455730e+00
   5.5700000e+02   1.8168305e+00   3.0407373e+00
   5.5800000e+02   1.8201697e+00   3.0356395e+00
   5.5900000e+02   1.8234884e+00   3.0307216e+00
   5.6000000e+02   1.8281805e+00   3.0264924e+00
   5.6100000e+02   1.8331388e+00   3.0208068e+00
   5.6200000e+02   1.8411812e+00   3.0153500e+00
   5.6300000e+02   1.8502948e+00   3.0095193e+00
   5.6400000e+02   1.8605499e+00   3.0044925e+00
   5.6500000e+02   1.8699939e+00   3.0004123e+00
   5.6600000e+02   1.8769765e+00   2.9948255e+00
   5.6700000e+02   1.8832919e+00   2.9896533e+00
   5.6800000e+02   1.8877897e+00   2.9842781e+00
   5.6900000e+02   1.8916159e+00   2.9806048e+00
   5.7000000e+02   1.8933004e+00   2.9784715e+00
   5.7100000e+02   1.8935124e+00   2.9775329e+00
   5.7200000e+02   1.8919769e+00   2.9773335e+00
   5.7300000e+02   1.8901437e+00   2.9769780e+00
   5.7400000e+02   1.8884098e+00   2.9763471e+00
   5.7500000e+02   1.8869026e+00   2.9756713e+00
   5.7600000e+02   1.8854934e+00   2.9757119e+00
   5.7700000e+02   1.8837002e+00   2.9765089e+00
   5.7800000e+02   1.8800051e+00   2.9768743e+00
   5.7900000e+02   1.8765116e+00   2.9780143e+00
   5.8000000e+02   1.8721037e+00   2.9790243e+00
   5.8100000e+02   1.8674236e+00   2.9798649e+00
   5.8200000e+02   1.8611090e+00   2.9806466e+00
   5.8300000e+02   1.8560834e+00   2.9823241e+00
   5.8400000e+02   1.8509086e+00   2.9839628e+00
   5.8500000e+02   1.8455025e+00   2.9853158e+00
   5.8600000e+02   1.8414431e+00   2.9869239e+00
   5.8700000e+02   1.8369991e+00   2.9879477e+00
   5.8800000e+02   1.8335407e+00   2.9888409e+00
   5.8900000e+02   1.8314415e+00   2.9900677e+00
   5.9000000e+02   1.8275977e+00   2.9921445e+00
   5.9100000e+02   1.8248567e+00   2.9933310e+00
   5.9200000e+02   1.8218535e+00   2.9952538e+00
   5.9300000e+02   1.8186883e+00   2.9970101e+00
   5.9400000e+02   1.8154357e+00   2.9990759e+00
   5.9500000e+02   1.8120223e+00   3.0009321e+00
   5.9600000e+02   1.8089636e+00   3.0024468e+00
   5.9700000e+02   1.8053582e+00   3.0023266e+00
   5.9800000e+02   1.8019894e+00   3.0023447e+00
   5.9900000e+02   1.7982451e+00   3.0021046e+00
   6.0000000e+02   1.7941358e+00   3.0018124e+00
   6.0100000e+02   1.7895079e+00   3.0015862e+00
   6.0200000e+02   1.7855475e+00   3.0010779e+00
   6.0300000e+02   1.7811850e+00   3.0000099e+00
   6.0400000e+02   1.7772252e+00   2.9980832e+00
   6.0500000e+02   1.7732893e+00   2.9945298e+00
   6.0600000e+02   1.7715493e+00   2.9902522e+00
   6.0700000e+02   1.7725877e+00   2.9863774e+00
   6.0800000e+02   1.7749276e+00   2.9830086e+00
   6.0900000e+02   1.7786860e+00   2.9803207e+00
   6.1000000e+02   1.7828313e+00   2.9777881e+00
   6.1100000e+02   1.7860576e+00   2.9758098e+00
   6.1200000e+02   1.7882409e+00   2.9737928e+00
   6.1300000e+02   1.7900230e+00   2.9724547e+00
   6.1400000e+02   1.7888184e+00   2.9698639e+00
   6.1500000e+02   1.7865840e+00   2.9692087e+00
   6.1600000e+02   1.7841803e+00   2.9691722e+00
   6.1700000e+02   1.7800094e+00   2.9710147e+00
   6.1800000e+02   1.7759532e+00   2.9771707e+00
   6.1900000e+02   1.7747219e+00   2.9881441e+00
   6.2000000e+02   1.7745020e+00   2.9968958e+00
   6.2100000e+02   1.7763007e+00   2.9988527e+00
   6.2200000e+02   1.7783733e+00   2.9967095e+00
   6.2300000e+02   1.7797007e+00   2.9923796e+00
   6.2400000e+02   1.7786524e+00   2.9868503e+00
   6.2500000e+02   1.7763521e+00   2.9820348e+00
   6.2600000e+02   1.7741590e+00   2.9787345e+00
   6.2700000e+02   1.7695340e+00   2.9746205e+00
   6.2800000e+02   1.7666052e+00   2.9702879e+00
   6.2900000e+02   1.7618535e+00   2.9650283e+00
   6.3000000e+02   1.7580162e+00   2.9590066e+00
   6.3100000e+02   1.7538804e+00   2.9532083e+00
   6.3200000e+02   1.7485425e+00   2.9452392e+00
   6.3300000e+02   1.7447186e+00   2.9383423e+00
   6.3400000e+02   1.7419255e+00   2.9339505e+00
   6.3500000e+02   1.7400172e+00   2.9319570e+00
   6.3600000e+02   1.7384467e+00   2.9319821e+00
   6.3700000e+02   1.7374310e+00   2.9343167e+00
   6.3800000e+02   1.7368263e+00   2.9385696e+00
   6.3900000e+02   1.7362373e+00   2.9440384e+00
   6.4000000e+02   1.7362868e+00   2.9505635e+00
   6.4100000e+02   1.7348457e+00   2.9578366e+00
   6.4200000e+02   1.7324759e+00   2.9651319e+00
   6.4300000e+02   1.7297375e+00   2.9726647e+00
   6.4400000e+02   1.7266139e+00   2.9790252e+00
   6.4500000e+02   1.7234695e+00   2.9845166e+00
   6.4600000e+02   1.7200712e+00   2.9886846e+00
   6.4700000e+02   1.7164468e+00   2.9915169e+00
   6.4800000e+02   1.7146803e+00   2.9935157e+00
   6.4900000e+02   1.7137384e+00   2.9938809e+00
   6.5000000e+02   1.7130896e+00   2.9927168e+00
   6.5100000e+02   1.7138414e+00   2.9913434e+00
   6.5200000e+02   1.7147667e+00   2.9893209e+00
   6.5300000e+02   1.7151545e+00   2.9871509e+00
   6.5400000e+02   1.7170290e+00   2.9844624e+00
   6.5500000e+02   1.7179155e+00   2.9808488e+00
   6.5600000e+02   1.7191443e+00   2.9773607e+00
   6.5700000e+02   1.7211330e+00   2.9725090e+00
   6.5800000e+02   1.7239214e+00   2.9668885e+00
   6.5900000e+02   1.7277003e+00   2.9601117e+00
   6.6000000e+02   1.7314269e+00   2.9530554e+00
   6.6100000e+02   1.7358805e+00   2.9460019e+00
   6.6200000e+02   1.7373067e+00   2.9385904e+00
   6.6300000e+02   1.7403147e+00   2.9323624e+00
   6.6400000e+02   1.7432831e+00   2.9264397e+00
   6.6500000e+02   1.7477437e+00   2.9208994e+00
   6.6600000e+02   1.7548138e+00   2.9168095e+00
   6.6700000e+02   1.7628481e+00   2.9132937e+00
   6.6800000e+02   1.7704953e+00   2.9095434e+00
   6.6900000e+02   1.7787911e+00   2.9066504e+00
   6.7000000e+02   1.7847420e+00   2.9041559e+00
   6.7100000e+02   1.7888587e+00   2.9005620e+00
   6.7200000e+02   1.7905731e+00   2.8974946e+00
   6.7300000e+02   1.7908912e+00   2.8946632e+00
   6.7400000e+02   1.7877592e+00   2.8897174e+00
   6.7500000e+02   1.7824135e+00   2.8854594e+00
   6.7600000e+02   1.7761928e+00   2.8828119e+00
   6.7700000e+02   1.7701660e+00   2.8807622e+00
   6.7800000e+02   1.7648757e+00   2.8791902e+00
   6.7900000e+02   1.7598081e+00   2.8784751e+00
   6.8000000e+02   1.7531961e+00   2.8775715e+00
   6.8100000e+02   1.7453300e+00   2.8775928e+00
   6.8200000e+02   1.7352174e+00   2.8762090e+00
   6.8300000e+02   1.7257397e+00   2.8757218e+00
   6.8400000e+02   1.7146455e+00   2.8753495e+00
   6.8500000e+02   1.7036513e+00   2.8750358e+00
   6.8600000e+02   1.6921646e+00   2.8765272e+00
   6.8700000e+02   1.6801072e+00   2.8772438e+00
   6.8800000e+02   1.6693865e+00   2.8791793e+00
   6.8900000e+02   1.6594005e+00   2.8829458e+00
   6.9000000e+02   1.6503821e+00   2.8875605e+00
   6.9100000e+02   1.6414762e+00   2.8916725e+00
   6.9200000e+02   1.6343199e+00   2.8966256e+00
   6.9300000e+02   1.6278138e+00   2.8997212e+00
   6.9400000e+02   1.6229320e+00   2.9031601e+00
   6.9500000e+02   1.6189028e+00   2.9064349e+00
   6.9600000e+02   1.6168742e+00   2.9100999e+00
   6.9700000e+02   1.6161328e+00   2.9134262e+00
   6.9800000e+02   1.6163163e+00   2.9164636e+00
   6.9900000e+02   1.6180172e+00   2.9191709e+00
   7.0000000e+02   1.6197180e+00   2.9212791e+00
   7.0100000e+02   1.6218151e+00   2.9227420e+00
   7.0200000e+02   1.6239389e+00   2.9243707e+00
   7.0300000e+02   1.6262065e+00   2.9262878e+00
   7.0400000e+02   1.6280816e+00   2.9281686e+00
   7.0500000e+02   1.6295465e+00   2.9295210e+00
   7.0600000e+02   1.6311262e+00   2.9303396e+00
   7.0700000e+02   1.6324158e+00   2.9294659e+00
   7.0800000e+02   1.6331702e+00   2.9288118e+00
   7.0900000e+02   1.6339091e+00   2.9280012e+00
   7.1000000e+02   1.6346558e+00   2.9271968e+00
   7.1100000e+02   1.6360014e+00   2.9266379e+00
   7.1200000e+02   1.6370952e+00   2.9265071e+00
   7.1300000e+02   1.6382028e+00   2.9259273e+00
   7.1400000e+02   1.6389039e+00   2.9251883e+00
   7.1500000e+02   1.6400588e+00   2.9245523e+00
   7.1600000e+02   1.6403520e+00   2.9235285e+00
   7.1700000e+02   1.6404531e+00   2.9222987e+00
   7.1800000e+02   1.6398972e+00   2.9201806e+00
   7.1900000e+02   1.6387344e+00   2.9179273e+00
   7.2000000e+02   1.6371498e+00   2.9156667e+00
   7.2100000e+02   1.6354560e+00   2.9125606e+00
   7.2200000e+02   1.6340663e+00   2.9101400e+00
   7.2300000e+02   1.6312054e+00   2.9077684e+00
   7.2400000e+02   1.6295124e+00   2.9061402e+00
   7.2500000e+02   1.6282393e+00   2.9044781e+00
   7.2600000e+02   1.6280951e+00   2.9025216e+00
   7.2700000e+02   1.6288468e+00   2.9011736e+00
   7.2800000e+02   1.6303559e+00   2.8993035e+00
   7.2900000e+02   1.6326766e+00   2.8982308e+00
   7.3000000e+02   1.6358800e+00   2.8969346e+00
   7.3100000e+02   1.6397742e+00   2.8953606e+00
   7.3200000e+02   1.6431047e+00   2.8933150e+00
   7.3300000e+02   1.6491163e+00   2.8916040e+00
   7.3400000e+02   1.6518968e+00   2.8893642e+00
   7.3500000e+02   1.6552016e+00   2.8868527e+00
   7.3600000e+02   1.6580635e+00   2.8835078e+00
   7.3700000e+02   1.6602861e+00   2.8794439e+00
   7.3800000e+02   1.6624772e+00   2.8756142e+00
   7.3900000e+02   1.6641031e+00   2.8712090e+00
   7.4000000e+02   1.6651802e+00   2.8664904e+00
   7.4100000e+02   1.6654046e+00   2.8619334e+00
   7.4200000e+02   1.6649156e+00   2.8574153e+00
   7.4300000e+02   1.6629771e+00   2.8531645e+00
   7.4400000e+02   1.6611627e+00   2.8490854e+00
   7.4500000e+02   1.6579958e+00   2.8456681e+00
   7.4600000e+02   1.6556458e+00   2.8423254e+00
   7.4700000e+02   1.6531511e+00   2.8397668e+00
   7.4800000e+02   1.6502032e+00   2.8375621e+00
   7.4900000e+02   1.6473693e+00   2.8371342e+00
   7.5000000e+02   1.6443946e+00   2.8381957e+00
   7.5100000e+02   1.6402734e+00   2.8391631e+00
   7.5200000e+02   1.6357761e+00   2.8416818e+00
   7.5300000e+02   1.6292682e+00   2.8437994e+00
   7.5400000e+02   1.6227647e+00   2.8471782e+00
   7.5500000e+02   1.6146087e+00   2.8509553e+00
   7.5600000e+02   1.6058274e+00   2.8543896e+00
   7.5700000e+02   1.5956548e+00   2.8573511e+00
   7.5800000e+02   1.5875536e+00   2.8611735e+00
   7.5900000e+02   1.5806419e+00   2.8656888e+00
   7.6000000e+02   1.5729980e+00   2.8690277e+00
   7.6100000e+02   1.5666195e+00   2.8726806e+00
   7.6200000e+02   1.5599414e+00   2.8760292e+00
   7.6300000e+02   1.5534899e+00   2.8792883e+00
   7.6400000e+02   1.5478805e+00   2.8817552e+00
   7.6500000e+02   1.5422455e+00   2.8840613e+00
   7.6600000e+02   1.5372666e+00   2.8859745e+00
   7.6700000e+02   1.5320143e+00   2.8883763e+00
   7.6800000e+02   1.5275058e+00   2.8903890e+00
   7.6900000e+02   1.5230889e+00   2.8916543e+00
   7.7000000e+02   1.5195392e+00   2.8936872e+00
   7.7100000e+02   1.5174490e+00   2.8945651e+00
   7.7200000e+02   1.5150834e+00   2.8949858e+00
   7.7300000e+02   1.5132283e+00   2.8943923e+00
   7.7400000e+02   1.5116187e+00   2.8936986e+00
   7.7500000e+02   1.5100306e+00   2.8915683e+00
   7.7600000e+02   1.5094989e+00   2.8889846e+00
   7.7700000e+02   1.5086322e+00   2.8858302e+00
   7.7800000e+02   1.5089147e+00   2.8828952e+00
   7.7900000e+02   1.5095412e+00   2.8793960e+00
   7.8000000e+02   1.5101738e+00   2.8755574e+00
   7.8100000e+02   1.5117857e+00   2.8718875e+00
   7.8200000e+02   1.5133120e+00   2.8677993e+00
   7.8300000e+02   1.5139393e+00   2.8645074e+00
   7.8400000e+02   1.5152376e+00   2.8608626e+00
   7.8500000e+02   1.5155763e+00   2.8576371e+00
   7.8600000e+02   1.5158851e+00   2.8540077e+00
   7.8700000e+02   1.5158291e+00   2.8500524e+00
   7.8800000e+02   1.5165715e+00   2.8468343e+00
   7.8900000e+02   1.5171500e+00   2.8432203e+00
   7.9000000e+02   1.5179524e+00   2.8396530e+00
   7.9100000e+02   1.5193542e+00   2.8359828e+00
   7.9200000e+02   1.5203550e+00   2.8313903e+00
   7.9300000e+02   1.5226112e+00   2.8285234e+00
   7.9400000e+02   1.5252867e+00   2.8230479e+00
   7.9500000e+02   1.5300247e+00   2.8186418e+00
   7.9600000e+02   1.5350628e+00   2.8128370e+00
   7.9700000e+02   1.5405999e+00   2.8074772e+00
   7.9800000e+02   1.5463493e+00   2.8018383e+00
   7.9900000e+02   1.5527364e+00   2.7952884e+00
   8.0000000e+02   1.5584305e+00   2.7893315e+00
   8.0100000e+02   1.5639930e+00   2.7825561e+00
   8.0200000e+02   1.5690781e+00   2.7757139e+00
   8.0300000e+02   1.5728045e+00   2.7688537e+00
   8.0400000e+02   1.5757577e+00   2.7623139e+00
   8.0500000e+02   1.5780191e+00   2.7565994e+00
   8.0600000e+02   1.5784942e+00   2.7506645e+00
   8.0700000e+02   1.5769189e+00   2.7452894e+00
   8.0800000e+02   1.5752498e+00   2.7400560e+00
   8.0900000e+02   1.5706289e+00   2.7346173e+00
   8.1000000e+02   1.5651039e+00   2.7301352e+00
   8.1100000e+02   1.5581981e+00   2.7264664e+00
   8.1200000e+02   1.5503195e+00   2.7240892e+00
   8.1300000e+02   1.5418079e+00   2.7227178e+00
   8.1400000e+02   1.5317353e+00   2.7221655e+00
   8.1500000e+02   1.5212097e+00   2.7224952e+00
   8.1600000e+02   1.5101046e+00   2.7231074e+00
   8.1700000e+02   1.4981583e+00   2.7240884e+00
   8.1800000e+02   1.4875800e+00   2.7250141e+00
   8.1900000e+02   1.4766087e+00   2.7260347e+00
   8.2000000e+02   1.4657229e+00   2.7259153e+00
   8.2100000e+02   1.4552017e+00   2.7256896e+00
   8.2200000e+02   1.4453225e+00   2.7243837e+00
   8.2300000e+02   1.4356544e+00   2.7228652e+00
   8.2400000e+02   1.4269808e+00   2.7210228e+00
   8.2500000e+02   1.4196929e+00   2.7179280e+00
   8.2600000e+02   1.4133680e+00   2.7151433e+00
   8.2700000e+02   1.4077141e+00   2.7116844e+00
   8.2800000e+02   1.4028681e+00   2.7078148e+00
   8.2900000e+02   1.3986861e+00   2.7026111e+00
   8.3000000e+02   1.3950529e+00   2.6968577e+00
   8.3100000e+02   1.3922932e+00   2.6897022e+00
   8.3200000e+02   1.3909256e+00   2.6819853e+00
   8.3300000e+02   1.3901032e+00   2.6728614e+00
   8.3400000e+02   1.3901942e+00   2.6639892e+00
   8.3500000e+02   1.3912740e+00   2.6543698e+00
   8.3600000e+02   1.3933803e+00   2.6447621e+00
   8.3700000e+02   1.3955009e+00   2.6351418e+00
   8.3800000e+02   1.3980403e+00   2.6254616e+00
   8.3900000e+02   1.4005999e+00   2.6148494e+00
   8.4000000e+02   1.4023628e+00   2.6053226e+00
   8.4100000e+02   1.4031140e+00   2.5946365e+00
   8.4200000e+02   1.4039909e+00   2.5860844e+00
   8.4300000e+02   1.4050397e+00   2.5784000e+00
   8.4400000e+02   1.4042867e+00   2.5719792e+00
   8.4500000e+02   1.4038843e+00   2.5672849e+00
   8.4600000e+02   1.4034707e+00   2.5634108e+00
   8.4700000e+02   1.4025427e+00   2.5612660e+00
   8.4800000e+02   1.4008183e+00   2.5606174e+00
   8.4900000e+02   1.3981739e+00   2.5613195e+00
   8.5000000e+02   1.3947631e+00   2.5631636e+00
   8.5100000e+02   1.3905729e+00   2.5657858e+00
   8.5200000e+02   1.3852011e+00   2.5683487e+00
   8.5300000e+02   1.3778162e+00   2.5708832e+00
   8.5400000e+02   1.3699074e+00   2.5727907e+00
   8.5500000e+02   1.3608041e+00   2.5736062e+00
   8.5600000e+02   1.3519198e+00   2.5729466e+00
   8.5700000e+02   1.3430188e+00   2.5717947e+00
   8.5800000e+02   1.3351318e+00   2.5699671e+00
   8.5900000e+02   1.3286504e+00   2.5670054e+00
   8.6000000e+02   1.3240077e+00   2.5634964e+00
   8.6100000e+02   1.3204078e+00   2.5590077e+00
   8.6200000e+02   1.3182095e+00   2.5544096e+00
   8.6300000e+02   1.3166059e+00   2.5497017e+00
   8.6400000e+02   1.3148837e+00   2.5440526e+00
   8.6500000e+02   1.3128178e+00   2.5371621e+00
   8.6600000e+02   1.3106221e+00   2.5299602e+00
   8.6700000e+02   1.3093252e+00   2.5238340e+00
   8.6800000e+02   1.3083771e+00   2.5173945e+00
   8.6900000e+02   1.3076084e+00   2.5112498e+00
   8.7000000e+02   1.3069505e+00   2.5067300e+00
   8.7100000e+02   1.3053208e+00   2.5042053e+00
   8.7200000e+02   1.3033077e+00   2.5030683e+00
   8.7300000e+02   1.3004098e+00   2.5009422e+00
   8.7400000e+02   1.2961443e+00   2.4986855e+00
   8.7500000e+02   1.2919416e+00   2.4976929e+00
   8.7600000e+02   1.2871981e+00   2.4977862e+00
   8.7700000e+02   1.2813458e+00   2.5001406e+00
   8.7800000e+02   1.2749321e+00   2.5014683e+00
   8.7900000e+02   1.2678837e+00   2.5039284e+00
   8.8000000e+02   1.2594309e+00   2.5072614e+00
   8.8100000e+02   1.2500469e+00   2.5113120e+00
   8.8200000e+02   1.2407517e+00   2.5148135e+00
   8.8300000e+02   1.2318182e+00   2.5193571e+00
   8.8400000e+02   1.2236823e+00   2.5231900e+00
   8.8500000e+02   1.2156263e+00   2.5246912e+00
   8.8600000e+02   1.2089819e+00   2.5248141e+00
   8.8700000e+02   1.2036692e+00   2.5232471e+00
   8.8800000e+02   1.1994282e+00   2.5205081e+00
   8.8900000e+02   1.1970697e+00   2.5189773e+00
   8.9000000e+02   1.1952615e+00   2.5147567e+00
   8.9100000e+02   1.1936670e+00   2.5107941e+00
   8.9200000e+02   1.1921999e+00   2.5066519e+00
   8.9300000e+02   1.1911434e+00   2.5036549e+00
   8.9400000e+02   1.1915973e+00   2.5003367e+00
   8.9500000e+02   1.1925255e+00   2.4966841e+00
   8.9600000e+02   1.1948611e+00   2.4934124e+00
   8.9700000e+02   1.1972205e+00   2.4897114e+00
   8.9800000e+02   1.2003919e+00   2.4851466e+00
   8.9900000e+02   1.2037180e+00   2.4803416e+00
   9.0000000e+02   1.2068697e+00   2.4733599e+00
   9.0100000e+02   1.2110553e+00   2.4664217e+00
   9.0200000e+02   1.2137038e+00   2.4584611e+00
   9.0300000e+02   1.2184380e+00   2.4505979e+00
   9.0400000e+02   1.2228784e+00   2.4418416e+00
   9.0500000e+02   1.2270287e+00   2.4329372e+00
   9.0600000e+02   1.2304248e+00   2.4235790e+00
   9.0700000e+02   1.2328174e+00   2.4158697e+00
   9.0800000e+02   1.2342481e+00   2.4093132e+00
   9.0900000e+02   1.2347975e+00   2.4035580e+00
   9.1000000e+02   1.2345665e+00   2.3996236e+00
   9.1100000e+02   1.2337022e+00   2.3960093e+00
   9.1200000e+02   1.2321268e+00   2.3924192e+00
   9.1300000e+02   1.2308856e+00   2.3891098e+00
   9.1400000e+02   1.2260958e+00   2.3857494e+00
   9.1500000e+02   1.2194074e+00   2.3825127e+00
   9.1600000e+02   1.2122957e+00   2.3795413e+00
   9.1700000e+02   1.2049805e+00   2.3761847e+00
   9.1800000e+02   1.1974374e+00   2.3733823e+00
   9.1900000e+02   1.1904525e+00   2.3706496e+00
   9.2000000e+02   1.1838232e+00   2.3677401e+00
   9.2100000e+02   1.1773692e+00   2.3652834e+00
   9.2200000e+02   1.1709948e+00   2.3630017e+00
   9.2300000e+02   1.1645621e+00   2.3604292e+00
   9.2400000e+02   1.1581676e+00   2.3576694e+00
   9.2500000e+02   1.1514709e+00   2.3560041e+00
   9.2600000e+02   1.1451053e+00   2.3542222e+00
   9.2700000e+02   1.1389512e+00   2.3529004e+00
   9.2800000e+02   1.1323067e+00   2.3510317e+00
   9.2900000e+02   1.1262519e+00   2.3482601e+00
   9.3000000e+02   1.1210740e+00   2.3452092e+00
   9.3100000e+02   1.1163092e+00   2.3417242e+00
   9.3200000e+02   1.1127198e+00   2.3384501e+00
   9.3300000e+02   1.1096736e+00   2.3350391e+00
   9.3400000e+02   1.1076208e+00   2.3317489e+00
   9.3500000e+02   1.1060789e+00   2.3282563e+00
   9.3600000e+02   1.1049335e+00   2.3241055e+00
   9.3700000e+02   1.1051732e+00   2.3198784e+00
   9.3800000e+02   1.1050451e+00   2.3133795e+00
   9.3900000e+02   1.1061682e+00   2.3055446e+00
   9.4000000e+02   1.1079982e+00   2.2969379e+00
   9.4100000e+02   1.1093723e+00   2.2867470e+00
   9.4200000e+02   1.1116127e+00   2.2759744e+00
   9.4300000e+02   1.1132990e+00   2.2645741e+00
   9.4400000e+02   1.1141594e+00   2.2536032e+00
   9.4500000e+02   1.1132374e+00   2.2433034e+00
   9.4600000e+02   1.1103162e+00   2.2330452e+00
   9.4700000e+02   1.1063646e+00   2.2248116e+00
   9.4800000e+02   1.1009341e+00   2.2172959e+00
   9.4900000e+02   1.0940250e+00   2.2105207e+00
   9.5000000e+02   1.0851982e+00   2.2039449e+00
   9.5100000e+02   1.0750576e+00   2.1972925e+00
   9.5200000e+02   1.0637810e+00   2.1918158e+00
   9.5300000e+02   1.0517429e+00   2.1864457e+00
   9.5400000e+02   1.0389314e+00   2.1817020e+00
   9.5500000e+02   1.0259519e+00   2.1776618e+00
   9.5600000e+02   1.0133642e+00   2.1728577e+00
   9.5700000e+02   1.0023761e+00   2.1675618e+00
   9.5800000e+02   9.9173672e-01   2.1616592e+00
   9.5900000e+02   9.8293757e-01   2.1554556e+00
   9.6000000e+02   9.7501405e-01   2.1484124e+00
   9.6100000e+02   9.6842663e-01   2.1408841e+00
   9.6200000e+02   9.6256563e-01   2.1332376e+00
   9.6300000e+02   9.5760740e-01   2.1257240e+00
   9.6400000e+02   9.5299763e-01   2.1182633e+00
   9.6500000e+02   9.4955378e-01   2.1100494e+00
   9.6600000e+02   9.4715475e-01   2.1019970e+00
   9.6700000e+02   9.4547755e-01   2.0935436e+00
   9.6800000e+02   9.4514540e-01   2.0845636e+00
   9.6900000e+02   9.4576595e-01   2.0761323e+00
   9.7000000e+02   9.4691860e-01   2.0673025e+00
   9.7100000e+02   9.4770426e-01   2.0591379e+00
   9.7200000e+02   9.4851038e-01   2.0511849e+00
   9.7300000e+02   9.4802064e-01   2.0428541e+00
   9.7400000e+02   9.4561033e-01   2.0359874e+00
   9.7500000e+02   9.4299896e-01   2.0292808e+00
   9.7600000e+02   9.3849599e-01   2.0240292e+00
   9.7700000e+02   9.3264853e-01   2.0188770e+00
   9.7800000e+02   9.2546015e-01   2.0148700e+00
   9.7900000e+02   9.1803148e-01   2.0117019e+00
   9.8000000e+02   9.0838585e-01   2.0094663e+00
   9.8100000e+02   8.9845762e-01   2.0077511e+00
   9.8200000e+02   8.8802081e-01   2.0074158e+00
   9.8300000e+02   8.7816059e-01   2.0075055e+00
   9.8400000e+02   8.6931898e-01   2.0079617e+00
   9.8500000e+02   8.6123931e-01   2.0086439e+00
   9.8600000e+02   8.5410029e-01   2.0086669e+00
   9.8700000e+02   8.4707081e-01   2.0074367e+00
   9.8800000e+02   8.4128194e-01   2.0059023e+00
   9.8900000e+02   8.3590503e-01   2.0040444e+00
   9.9000000e+02   8.3123593e-01   2.0012435e+00
   9.9100000e+02   8.2651604e-01   1.9975334e+00
   9.9200000e+02   8.2241143e-01   1.9928051e+00
   9.9300000e+02   8.1843401e-01   1.9877846e+00
   9.9400000e+02   8.1585016e-01   1.9819551e+00
   9.9500000e+02   8.1426257e-01   1.9748243e+00
   9.9600000e+02   8.1288789e-01   1.9669885e+00
   9.9700000e+02   8.1337681e-01   1.9591038e+00
   9.9800000e+02   8.1343798e-01   1.9501335e+00
   9.9900000e+02   8.1491205e-01   1.9399769e+00
   1.0000000e+03   8.1635929e-01   1.9297316e+00
   1.0010000e+03   8.1700010e-01   1.9193485e+00
   1.0020000e+03   8.1658294e-01   1.9101632e+00
   1.0030000e+03   8.1534788e-01   1.9016271e+00
   1.0040000e+03   8.1233954e-01   1.8933477e+00
   1.0050000e+03   8.0842649e-01   1.8868029e+00
   1.0060000e+03   8.0351085e-01   1.8806481e+00
   1.0070000e+03   7.9830468e-01   1.8758032e+00
   1.0080000e+03   7.9180219e-01   1.8707603e+00
   1.0090000e+03   7.8496508e-01   1.8664335e+00
   1.0100000e+03   7.7713994e-01   1.8629502e+00
   1.0110000e+03   7.6836684e-01   1.8586184e+00
   1.0120000e+03   7.5902955e-01   1.8547085e+00
   1.0130000e+03   7.4880572e-01   1.8504475e+00
   1.0140000e+03   7.3932238e-01   1.8454491e+00
   1.0150000e+03   7.2929915e-01   1.8403682e+00
   1.0160000e+03   7.2010233e-01   1.8344776e+00
   1.0170000e+03   7.1088406e-01   1.8283888e+00
   1.0180000e+03   7.0278173e-01   1.8207390e+00
   1.0190000e+03   6.9572906e-01   1.8126217e+00
   1.0200000e+03   6.8978040e-01   1.8046907e+00
   1.0210000e+03   6.8439895e-01   1.7964365e+00
   1.0220000e+03   6.7967862e-01   1.7890942e+00
   1.0230000e+03   6.7564160e-01   1.7815761e+00
   1.0240000e+03   6.7175300e-01   1.7737662e+00
   1.0250000e+03   6.6853395e-01   1.7654763e+00
   1.0260000e+03   6.6562499e-01   1.7573343e+00
   1.0270000e+03   6.6331906e-01   1.7491504e+00
   1.0280000e+03   6.6159193e-01   1.7403959e+00
   1.0290000e+03   6.6104024e-01   1.7319669e+00
   1.0300000e+03   6.6096010e-01   1.7225004e+00
   1.0310000e+03   6.6086516e-01   1.7142326e+00
   1.0320000e+03   6.6027356e-01   1.7060642e+00
   1.0330000e+03   6.5949025e-01   1.6994636e+00
   1.0340000e+03   6.5787021e-01   1.6942455e+00
   1.0350000e+03   6.5567931e-01   1.6896767e+00
   1.0360000e+03   6.5267440e-01   1.6857783e+00
   1.0370000e+03   6.4965276e-01   1.6836072e+00
   1.0380000e+03   6.4632317e-01   1.6814332e+00
   1.0390000e+03   6.4259040e-01   1.6800153e+00
   1.0400000e+03   6.3923969e-01   1.6793954e+00
   1.0410000e+03   6.3503743e-01   1.6791025e+00
   1.0420000e+03   6.3134565e-01   1.6791920e+00
   1.0430000e+03   6.2731736e-01   1.6791385e+00
   1.0440000e+03   6.2358381e-01   1.6782613e+00
   1.0450000e+03   6.2058418e-01   1.6771039e+00
   1.0460000e+03   6.1735668e-01   1.6760143e+00
   1.0470000e+03   6.1476927e-01   1.6754757e+00
   1.0480000e+03   6.1194193e-01   1.6749041e+00
   1.0490000e+03   6.0978179e-01   1.6747871e+00
   1.0500000e+03   6.0749485e-01   1.6750043e+00
   1.0510000e+03   6.0531043e-01   1.6761972e+00
   1.0520000e+03   6.0323014e-01   1.6778884e+00
   1.0530000e+03   6.0102011e-01   1.6795014e+00
   1.0540000e+03   5.9871805e-01   1.6812829e+00
   1.0550000e+03   5.9671337e-01   1.6831879e+00
   1.0560000e+03   5.9504544e-01   1.6843475e+00
   1.0570000e+03   5.9315721e-01   1.6853204e+00
   1.0580000e+03   5.9264688e-01   1.6868125e+00
   1.0590000e+03   5.9151197e-01   1.6865702e+00
   1.0600000e+03   5.9214134e-01   1.6864060e+00
   1.0610000e+03   5.9312857e-01   1.6850945e+00
   1.0620000e+03   5.9423522e-01   1.6826041e+00
   1.0630000e+03   5.9652072e-01   1.6797852e+00
   1.0640000e+03   5.9838403e-01   1.6751204e+00
   1.0650000e+03   6.0043775e-01   1.6699571e+00
   1.0660000e+03   6.0274691e-01   1.6638692e+00
   1.0670000e+03   6.0492505e-01   1.6573821e+00
   1.0680000e+03   6.0629293e-01   1.6504645e+00
   1.0690000e+03   6.0632228e-01   1.6429584e+00
   1.0700000e+03   6.0703850e-01   1.6359504e+00
   1.0710000e+03   6.0653192e-01   1.6297604e+00
   1.0720000e+03   6.0631230e-01   1.6235160e+00
   1.0730000e+03   6.0631324e-01   1.6172098e+00
   1.0740000e+03   6.0592612e-01   1.6115165e+00
   1.0750000e+03   6.0512263e-01   1.6055477e+00
   1.0760000e+03   6.0485932e-01   1.6003106e+00
   1.0770000e+03   6.0443903e-01   1.5952978e+00
   1.0780000e+03   6.0365773e-01   1.5909372e+00
   1.0790000e+03   6.0274552e-01   1.5859020e+00
   1.0800000e+03   6.0220972e-01   1.5800384e+00
   1.0810000e+03   6.0116975e-01   1.5743933e+00
   1.0820000e+03   5.9927567e-01   1.5711973e+00
   1.0830000e+03   5.9512239e-01   1.5701561e+00
   1.0840000e+03   5.9015333e-01   1.5707914e+00
   1.0850000e+03   5.8461940e-01   1.5727098e+00
   1.0860000e+03   5.7923821e-01   1.5746959e+00
   1.0870000e+03   5.7287047e-01   1.5766763e+00
   1.0880000e+03   5.6614279e-01   1.5782247e+00
   1.0890000e+03   5.5927805e-01   1.5802955e+00
   1.0900000e+03   5.5207769e-01   1.5817776e+00
   1.0910000e+03   5.4443580e-01   1.5834208e+00
   1.0920000e+03   5.3624089e-01   1.5851516e+00
   1.0930000e+03   5.2804742e-01   1.5885863e+00
   1.0940000e+03   5.1996080e-01   1.5907864e+00
   1.0950000e+03   5.1425147e-01   1.5932562e+00
   1.0960000e+03   5.1067939e-01   1.5956181e+00
   1.0970000e+03   5.0770176e-01   1.5976094e+00
   1.0980000e+03   5.0562438e-01   1.5998607e+00
   1.0990000e+03   5.0336489e-01   1.6013820e+00
   1.1000000e+03   5.0150668e-01   1.6025794e+00
   1.1010000e+03   4.9928218e-01   1.6035647e+00
   1.1020000e+03   4.9683620e-01   1.6042189e+00
   1.1030000e+03   4.9327305e-01   1.6047998e+00
   1.1040000e+03   4.8954753e-01   1.6044414e+00
   1.1050000e+03   4.8642419e-01   1.6027447e+00
   1.1060000e+03   4.8209481e-01   1.6011372e+00
   1.1070000e+03   4.7953902e-01   1.5981834e+00
   1.1080000e+03   4.7689291e-01   1.5950747e+00
   1.1090000e+03   4.7573839e-01   1.5906152e+00
   1.1100000e+03   4.7482525e-01   1.5858786e+00
   1.1110000e+03   4.7498914e-01   1.5798215e+00
   1.1120000e+03   4.7524104e-01   1.5727451e+00
   1.1130000e+03   4.7551288e-01   1.5652817e+00
   1.1140000e+03   4.7574450e-01   1.5572025e+00
   1.1150000e+03   4.7535265e-01   1.5481991e+00
   1.1160000e+03   4.7493946e-01   1.5400521e+00
   1.1170000e+03   4.7433814e-01   1.5317033e+00
   1.1180000e+03   4.7246533e-01   1.5246212e+00
   1.1190000e+03   4.6951202e-01   1.5195600e+00
   1.1200000e+03   4.6544933e-01   1.5144257e+00
   1.1210000e+03   4.6024542e-01   1.5096836e+00
   1.1220000e+03   4.5402498e-01   1.5061933e+00
   1.1230000e+03   4.4648081e-01   1.5037034e+00
   1.1240000e+03   4.3751671e-01   1.5022036e+00
   1.1250000e+03   4.2773063e-01   1.5003203e+00
   1.1260000e+03   4.1858583e-01   1.4983087e+00
   1.1270000e+03   4.1008317e-01   1.4969936e+00
   1.1280000e+03   4.0259192e-01   1.4959654e+00
   1.1290000e+03   3.9583034e-01   1.4949247e+00
   1.1300000e+03   3.8882625e-01   1.4943613e+00
   1.1310000e+03   3.8221499e-01   1.4924745e+00
   1.1320000e+03   3.7602915e-01   1.4900787e+00
   1.1330000e+03   3.7104354e-01   1.4861980e+00
   1.1340000e+03   3.6647974e-01   1.4825534e+00
   1.1350000e+03   3.6110160e-01   1.4781445e+00
   1.1360000e+03   3.5618270e-01   1.4743511e+00
   1.1370000e+03   3.5132012e-01   1.4698305e+00
   1.1380000e+03   3.4809462e-01   1.4658418e+00
   1.1390000e+03   3.4540827e-01   1.4621117e+00
   1.1400000e+03   3.4345112e-01   1.4581207e+00
   1.1410000e+03   3.4163608e-01   1.4533333e+00
   1.1420000e+03   3.4026082e-01   1.4462708e+00
   1.1430000e+03   3.3975331e-01   1.4367371e+00
   1.1440000e+03   3.4009433e-01   1.4267146e+00
   1.1450000e+03   3.4068175e-01   1.4157760e+00
   1.1460000e+03   3.4055412e-01   1.4046415e+00
   1.1470000e+03   3.4041429e-01   1.3940711e+00
   1.1480000e+03   3.3770133e-01   1.3842264e+00
   1.1490000e+03   3.3304497e-01   1.3749279e+00
   1.1500000e+03   3.2703419e-01   1.3662129e+00
   1.1510000e+03   3.1955203e-01   1.3574913e+00
   1.1520000e+03   3.1169412e-01   1.3480980e+00
   1.1530000e+03   3.0195385e-01   1.3386833e+00
   1.1540000e+03   2.9218077e-01   1.3293494e+00
   1.1550000e+03   2.8052568e-01   1.3198525e+00
   1.1560000e+03   2.6887525e-01   1.3107859e+00
   1.1570000e+03   2.5764932e-01   1.3005089e+00
   1.1580000e+03   2.4894391e-01   1.2909374e+00
   1.1590000e+03   2.4100729e-01   1.2804789e+00
   1.1600000e+03   2.3426051e-01   1.2697883e+00
   1.1610000e+03   2.2753324e-01   1.2592626e+00
   1.1620000e+03   2.2156316e-01   1.2490627e+00
   1.1630000e+03   2.1536976e-01   1.2395178e+00
   1.1640000e+03   2.0978307e-01   1.2301105e+00
   1.1650000e+03   2.0393453e-01   1.2205037e+00
   1.1660000e+03   1.9737509e-01   1.2111274e+00
   1.1670000e+03   1.8910250e-01   1.2012046e+00
   1.1680000e+03   1.8069321e-01   1.1928383e+00
   1.1690000e+03   1.7231723e-01   1.1841894e+00
   1.1700000e+03   1.6469114e-01   1.1775114e+00
   1.1710000e+03   1.5744991e-01   1.1716635e+00
   1.1720000e+03   1.5126114e-01   1.1657873e+00
   1.1730000e+03   1.4626806e-01   1.1595677e+00
   1.1740000e+03   1.4200190e-01   1.1537364e+00
   1.1750000e+03   1.3959350e-01   1.1482111e+00
   1.1760000e+03   1.3801149e-01   1.1429926e+00
   1.1770000e+03   1.3742523e-01   1.1370734e+00
   1.1780000e+03   1.3720607e-01   1.1316107e+00
   1.1790000e+03   1.3786349e-01   1.1258876e+00
   1.1800000e+03   1.3856909e-01   1.1202637e+00
   1.1810000e+03   1.3886521e-01   1.1145659e+00
   1.1820000e+03   1.3910362e-01   1.1096371e+00
   1.1830000e+03   1.3853196e-01   1.1046001e+00
   1.1840000e+03   1.3740300e-01   1.0997352e+00
   1.1850000e+03   1.3606145e-01   1.0952113e+00
   1.1860000e+03   1.3448591e-01   1.0914764e+00
   1.1870000e+03   1.3322163e-01   1.0883690e+00
   1.1880000e+03   1.3125209e-01   1.0859108e+00
   1.1890000e+03   1.2882581e-01   1.0840474e+00
   1.1900000e+03   1.2521577e-01   1.0822964e+00
   1.1910000e+03   1.2101958e-01   1.0810468e+00
   1.1920000e+03   1.1659250e-01   1.0782988e+00
   1.1930000e+03   1.1269015e-01   1.0745090e+00
   1.1940000e+03   1.1085787e-01   1.0692447e+00
   1.1950000e+03   1.0968035e-01   1.0621458e+00
   1.1960000e+03   1.0857431e-01   1.0539958e+00
   1.1970000e+03   1.0801551e-01   1.0450311e+00
   1.1980000e+03   1.0782096e-01   1.0342565e+00
   1.1990000e+03   1.0798404e-01   1.0248438e+00
   1.2000000e+03   1.0852242e-01   1.0152079e+00
   1.2010000e+03   1.0704343e-01   1.0063954e+00
   1.2020000e+03   1.0460336e-01   9.9761898e-01
   1.2030000e+03   9.9945872e-02   9.8879333e-01
   1.2040000e+03   9.2361381e-02   9.7981916e-01
   1.2050000e+03   8.4083287e-02   9.7135503e-01
   1.2060000e+03   7.4992034e-02   9.6183262e-01
   1.2070000e+03   6.5644674e-02   9.5155341e-01
   1.2080000e+03   5.6722920e-02   9.3889945e-01
   1.2090000e+03   4.7430650e-02   9.2473475e-01
   1.2100000e+03   3.9561685e-02   9.0980598e-01
   1.2110000e+03   3.2016171e-02   8.9423878e-01
   1.2120000e+03   2.5101540e-02   8.7788132e-01
   1.2130000e+03   1.9568057e-02   8.6124259e-01
   1.2140000e+03   1.6433581e-02   8.4347750e-01
   1.2150000e+03   1.3806595e-02   8.2584846e-01
   1.2160000e+03   1.2450517e-02   8.1048859e-01
   1.2170000e+03   1.1242699e-02   7.9720448e-01
   1.2180000e+03   9.0648836e-03   7.8537224e-01
   1.2190000e+03   4.6343294e-03   7.7417202e-01
   1.2200000e+03  -1.2533720e-03   7.6389159e-01
   1.2210000e+03  -7.6682168e-03   7.5480825e-01
   1.2220000e+03  -1.4564032e-02   7.4395484e-01
   1.2230000e+03  -1.9903922e-02   7.3113579e-01
   1.2240000e+03  -2.3419244e-02   7.1601631e-01
   1.2250000e+03  -2.3024113e-02   6.9917812e-01
   1.2260000e+03  -1.8694100e-02   6.8337941e-01
   1.2270000e+03  -1.3163069e-02   6.6912837e-01
   1.2280000e+03  -5.3867142e-03   6.5576227e-01
   1.2290000e+03   2.6905233e-03   6.4392136e-01
   1.2300000e+03   1.0109481e-02   6.3251064e-01
   1.2310000e+03   1.5936629e-02   6.2030829e-01
   1.2320000e+03   1.9823488e-02   6.0936348e-01
   1.2330000e+03   2.2142975e-02   5.9322518e-01
   1.2340000e+03   2.2273783e-02   5.7590686e-01
   1.2350000e+03   2.1209068e-02   5.5638495e-01
   1.2360000e+03   2.1256747e-02   5.3710622e-01
   1.2370000e+03   2.3772351e-02   5.1679321e-01
   1.2380000e+03   2.9278135e-02   4.9742920e-01
   1.2390000e+03   3.4425820e-02   4.7849634e-01
   1.2400000e+03   3.6322614e-02   4.5805936e-01
   1.2410000e+03   3.6757211e-02   4.3442628e-01
   1.2420000e+03   3.7398200e-02   4.0631753e-01
   1.2430000e+03   3.7440471e-02   3.7556309e-01
   1.2440000e+03   3.7802180e-02   3.4489951e-01
   1.2450000e+03   3.7111432e-02   3.1698979e-01
   1.2460000e+03   3.7595530e-02   2.8772979e-01
   1.2470000e+03   3.8262274e-02   2.6146747e-01
   1.2480000e+03   4.1457531e-02   2.3222271e-01
   1.2490000e+03   4.9467877e-02   2.0244874e-01
   1.2500000e+03   6.2571483e-02   1.6920759e-01
   1.2510000e+03   7.9590109e-02   1.2439242e-01
