   1.0700000e+02  -2.8874403e+00   2.1391317e+00
   1.0800000e+02  -2.8598059e+00   2.1426818e+00
   1.0900000e+02  -2.8346405e+00   2.1482556e+00
   1.1000000e+02  -2.8071621e+00   2.1559248e+00
   1.1100000e+02  -2.7793377e+00   2.1640761e+00
   1.1200000e+02  -2.7520769e+00   2.1718212e+00
   1.1300000e+02  -2.7270628e+00   2.1790759e+00
   1.1400000e+02  -2.7048188e+00   2.1845648e+00
   1.1500000e+02  -2.6851512e+00   2.1871538e+00
   1.1600000e+02  -2.6657100e+00   2.1886383e+00
   1.1700000e+02  -2.6473245e+00   2.1887496e+00
   1.1800000e+02  -2.6295223e+00   2.1876927e+00
   1.1900000e+02  -2.6130754e+00   2.1859280e+00
   1.2000000e+02  -2.5976730e+00   2.1829299e+00
   1.2100000e+02  -2.5819932e+00   2.1785017e+00
   1.2200000e+02  -2.5676183e+00   2.1730681e+00
   1.2300000e+02  -2.5535463e+00   2.1664617e+00
   1.2400000e+02  -2.5404714e+00   2.1595331e+00
   1.2500000e+02  -2.5272620e+00   2.1517912e+00
   1.2600000e+02  -2.5127747e+00   2.1438699e+00
   1.2700000e+02  -2.4979072e+00   2.1371692e+00
   1.2800000e+02  -2.4826697e+00   2.1311915e+00
   1.2900000e+02  -2.4683549e+00   2.1276104e+00
   1.3000000e+02  -2.4516727e+00   2.1261347e+00
   1.3100000e+02  -2.4346067e+00   2.1267013e+00
   1.3200000e+02  -2.4166511e+00   2.1282508e+00
   1.3300000e+02  -2.3958759e+00   2.1305548e+00
   1.3400000e+02  -2.3764714e+00   2.1339600e+00
   1.3500000e+02  -2.3568910e+00   2.1385132e+00
   1.3600000e+02  -2.3387223e+00   2.1439712e+00
   1.3700000e+02  -2.3213464e+00   2.1492208e+00
   1.3800000e+02  -2.3049345e+00   2.1543518e+00
   1.3900000e+02  -2.2884864e+00   2.1592037e+00
   1.4000000e+02  -2.2729280e+00   2.1623640e+00
   1.4100000e+02  -2.2591488e+00   2.1642467e+00
   1.4200000e+02  -2.2471955e+00   2.1652704e+00
   1.4300000e+02  -2.2362476e+00   2.1638211e+00
   1.4400000e+02  -2.2259127e+00   2.1612243e+00
   1.4500000e+02  -2.2176005e+00   2.1564365e+00
   1.4600000e+02  -2.2094784e+00   2.1494436e+00
   1.4700000e+02  -2.2023358e+00   2.1415530e+00
   1.4800000e+02  -2.1966723e+00   2.1309903e+00
   1.4900000e+02  -2.1916183e+00   2.1195210e+00
   1.5000000e+02  -2.1872293e+00   2.1051665e+00
   1.5100000e+02  -2.1834508e+00   2.0911309e+00
   1.5200000e+02  -2.1795579e+00   2.0765685e+00
   1.5300000e+02  -2.1755536e+00   2.0630789e+00
   1.5400000e+02  -2.1704078e+00   2.0510309e+00
   1.5500000e+02  -2.1653585e+00   2.0409101e+00
   1.5600000e+02  -2.1608188e+00   2.0321171e+00
   1.5700000e+02  -2.1568644e+00   2.0256717e+00
   1.5800000e+02  -2.1534290e+00   2.0200478e+00
   1.5900000e+02  -2.1504254e+00   2.0153650e+00
   1.6000000e+02  -2.1459572e+00   2.0124163e+00
   1.6100000e+02  -2.1426842e+00   2.0112936e+00
   1.6200000e+02  -2.1396580e+00   2.0113132e+00
   1.6300000e+02  -2.1371959e+00   2.0115704e+00
   1.6400000e+02  -2.1353454e+00   2.0132921e+00
   1.6500000e+02  -2.1334024e+00   2.0147791e+00
   1.6600000e+02  -2.1311557e+00   2.0165817e+00
   1.6700000e+02  -2.1286019e+00   2.0185887e+00
   1.6800000e+02  -2.1254678e+00   2.0204401e+00
   1.6900000e+02  -2.1237257e+00   2.0232286e+00
   1.7000000e+02  -2.1208335e+00   2.0252237e+00
   1.7100000e+02  -2.1176770e+00   2.0275769e+00
   1.7200000e+02  -2.1140651e+00   2.0298752e+00
   1.7300000e+02  -2.1121101e+00   2.0324375e+00
   1.7400000e+02  -2.1096795e+00   2.0354288e+00
   1.7500000e+02  -2.1074250e+00   2.0375746e+00
   1.7600000e+02  -2.1053777e+00   2.0402459e+00
   1.7700000e+02  -2.1035893e+00   2.0417646e+00
   1.7800000e+02  -2.1016506e+00   2.0429237e+00
   1.7900000e+02  -2.1000917e+00   2.0428773e+00
   1.8000000e+02  -2.0989089e+00   2.0419148e+00
   1.8100000e+02  -2.0979556e+00   2.0389598e+00
   1.8200000e+02  -2.0986402e+00   2.0350335e+00
   1.8300000e+02  -2.0996314e+00   2.0288822e+00
   1.8400000e+02  -2.1009568e+00   2.0211285e+00
   1.8500000e+02  -2.1032466e+00   2.0124679e+00
   1.8600000e+02  -2.1053669e+00   2.0029334e+00
   1.8700000e+02  -2.1071924e+00   1.9932201e+00
   1.8800000e+02  -2.1084449e+00   1.9838841e+00
   1.8900000e+02  -2.1090829e+00   1.9756981e+00
   1.9000000e+02  -2.1099079e+00   1.9680148e+00
   1.9100000e+02  -2.1103734e+00   1.9605239e+00
   1.9200000e+02  -2.1104339e+00   1.9536817e+00
   1.9300000e+02  -2.1107672e+00   1.9475765e+00
   1.9400000e+02  -2.1110307e+00   1.9407138e+00
   1.9500000e+02  -2.1109018e+00   1.9347249e+00
   1.9600000e+02  -2.1101125e+00   1.9285932e+00
   1.9700000e+02  -2.1103144e+00   1.9228061e+00
   1.9800000e+02  -2.1104961e+00   1.9168715e+00
   1.9900000e+02  -2.1101794e+00   1.9117695e+00
   2.0000000e+02  -2.1102807e+00   1.9064569e+00
   2.0100000e+02  -2.1103235e+00   1.9012630e+00
   2.0200000e+02  -2.1094383e+00   1.8958697e+00
   2.0300000e+02  -2.1089601e+00   1.8910310e+00
   2.0400000e+02  -2.1084468e+00   1.8864401e+00
   2.0500000e+02  -2.1066760e+00   1.8815569e+00
   2.0600000e+02  -2.1066774e+00   1.8786856e+00
   2.0700000e+02  -2.1049971e+00   1.8756170e+00
   2.0800000e+02  -2.1033827e+00   1.8728361e+00
   2.0900000e+02  -2.1013258e+00   1.8700972e+00
   2.1000000e+02  -2.0980678e+00   1.8682143e+00
   2.1100000e+02  -2.0944446e+00   1.8670228e+00
   2.1200000e+02  -2.0908336e+00   1.8663696e+00
   2.1300000e+02  -2.0863765e+00   1.8667857e+00
   2.1400000e+02  -2.0820240e+00   1.8681354e+00
   2.1500000e+02  -2.0789660e+00   1.8707655e+00
   2.1600000e+02  -2.0758536e+00   1.8741844e+00
   2.1700000e+02  -2.0725034e+00   1.8771466e+00
   2.1800000e+02  -2.0699542e+00   1.8807956e+00
   2.1900000e+02  -2.0674319e+00   1.8836251e+00
   2.2000000e+02  -2.0635236e+00   1.8854063e+00
   2.2100000e+02  -2.0600523e+00   1.8874359e+00
   2.2200000e+02  -2.0555147e+00   1.8890835e+00
   2.2300000e+02  -2.0511899e+00   1.8904897e+00
   2.2400000e+02  -2.0478093e+00   1.8912333e+00
   2.2500000e+02  -2.0449415e+00   1.8906067e+00
   2.2600000e+02  -2.0425797e+00   1.8881999e+00
   2.2700000e+02  -2.0423993e+00   1.8842420e+00
   2.2800000e+02  -2.0439322e+00   1.8788918e+00
   2.2900000e+02  -2.0463245e+00   1.8733407e+00
   2.3000000e+02  -2.0488218e+00   1.8660828e+00
   2.3100000e+02  -2.0506151e+00   1.8585075e+00
   2.3200000e+02  -2.0508194e+00   1.8513965e+00
   2.3300000e+02  -2.0506564e+00   1.8441530e+00
   2.3400000e+02  -2.0469713e+00   1.8384328e+00
   2.3500000e+02  -2.0403171e+00   1.8327904e+00
   2.3600000e+02  -2.0322739e+00   1.8273555e+00
   2.3700000e+02  -2.0235583e+00   1.8229981e+00
   2.3800000e+02  -2.0140781e+00   1.8186834e+00
   2.3900000e+02  -2.0050168e+00   1.8150762e+00
   2.4000000e+02  -1.9958826e+00   1.8119846e+00
   2.4100000e+02  -1.9862760e+00   1.8075689e+00
   2.4200000e+02  -1.9785659e+00   1.8055231e+00
   2.4300000e+02  -1.9700447e+00   1.8029015e+00
   2.4400000e+02  -1.9629896e+00   1.8005836e+00
   2.4500000e+02  -1.9571415e+00   1.7987285e+00
   2.4600000e+02  -1.9513274e+00   1.7975127e+00
   2.4700000e+02  -1.9459645e+00   1.7965601e+00
   2.4800000e+02  -1.9415134e+00   1.7958982e+00
   2.4900000e+02  -1.9370135e+00   1.7953395e+00
   2.5000000e+02  -1.9333832e+00   1.7950486e+00
   2.5100000e+02  -1.9296730e+00   1.7950035e+00
   2.5200000e+02  -1.9264039e+00   1.7950817e+00
   2.5300000e+02  -1.9239681e+00   1.7952379e+00
   2.5400000e+02  -1.9202538e+00   1.7966104e+00
   2.5500000e+02  -1.9158072e+00   1.7975968e+00
   2.5600000e+02  -1.9120223e+00   1.7984773e+00
   2.5700000e+02  -1.9086752e+00   1.7994568e+00
   2.5800000e+02  -1.9062570e+00   1.8008678e+00
   2.5900000e+02  -1.9039528e+00   1.8014564e+00
   2.6000000e+02  -1.9016821e+00   1.8013076e+00
   2.6100000e+02  -1.8992510e+00   1.8013012e+00
   2.6200000e+02  -1.8953592e+00   1.8013864e+00
   2.6300000e+02  -1.8906134e+00   1.8026559e+00
   2.6400000e+02  -1.8843647e+00   1.8042078e+00
   2.6500000e+02  -1.8779086e+00   1.8056943e+00
   2.6600000e+02  -1.8726662e+00   1.8083268e+00
   2.6700000e+02  -1.8674492e+00   1.8108378e+00
   2.6800000e+02  -1.8639855e+00   1.8131998e+00
   2.6900000e+02  -1.8606595e+00   1.8154632e+00
   2.7000000e+02  -1.8572939e+00   1.8179419e+00
   2.7100000e+02  -1.8533691e+00   1.8207839e+00
   2.7200000e+02  -1.8491384e+00   1.8224909e+00
   2.7300000e+02  -1.8449362e+00   1.8245133e+00
   2.7400000e+02  -1.8428538e+00   1.8255761e+00
   2.7500000e+02  -1.8427491e+00   1.8257580e+00
   2.7600000e+02  -1.8443566e+00   1.8247600e+00
   2.7700000e+02  -1.8470148e+00   1.8226558e+00
   2.7800000e+02  -1.8516856e+00   1.8217152e+00
   2.7900000e+02  -1.8565245e+00   1.8200556e+00
   2.8000000e+02  -1.8602948e+00   1.8182388e+00
   2.8100000e+02  -1.8635927e+00   1.8157585e+00
   2.8200000e+02  -1.8645787e+00   1.8122098e+00
   2.8300000e+02  -1.8661848e+00   1.8082443e+00
   2.8400000e+02  -1.8673446e+00   1.8035245e+00
   2.8500000e+02  -1.8692730e+00   1.7986217e+00
   2.8600000e+02  -1.8715713e+00   1.7948202e+00
   2.8700000e+02  -1.8747178e+00   1.7920264e+00
   2.8800000e+02  -1.8789753e+00   1.7906304e+00
   2.8900000e+02  -1.8835810e+00   1.7895500e+00
   2.9000000e+02  -1.8878586e+00   1.7889488e+00
   2.9100000e+02  -1.8925913e+00   1.7891156e+00
   2.9200000e+02  -1.8967146e+00   1.7893291e+00
   2.9300000e+02  -1.9001266e+00   1.7900261e+00
   2.9400000e+02  -1.9020885e+00   1.7905706e+00
   2.9500000e+02  -1.9032710e+00   1.7918976e+00
   2.9600000e+02  -1.9028841e+00   1.7931098e+00
   2.9700000e+02  -1.9011301e+00   1.7940130e+00
   2.9800000e+02  -1.8978905e+00   1.7949834e+00
   2.9900000e+02  -1.8918877e+00   1.7969200e+00
   3.0000000e+02  -1.8847581e+00   1.7998098e+00
   3.0100000e+02  -1.8755355e+00   1.8026765e+00
   3.0200000e+02  -1.8674968e+00   1.8068240e+00
   3.0300000e+02  -1.8588570e+00   1.8111736e+00
   3.0400000e+02  -1.8501340e+00   1.8147505e+00
   3.0500000e+02  -1.8404790e+00   1.8169778e+00
   3.0600000e+02  -1.8310237e+00   1.8188804e+00
   3.0700000e+02  -1.8220297e+00   1.8203540e+00
   3.0800000e+02  -1.8140012e+00   1.8204197e+00
   3.0900000e+02  -1.8059339e+00   1.8199412e+00
   3.1000000e+02  -1.7984980e+00   1.8191600e+00
   3.1100000e+02  -1.7923127e+00   1.8186044e+00
   3.1200000e+02  -1.7877038e+00   1.8182973e+00
   3.1300000e+02  -1.7848793e+00   1.8174901e+00
   3.1400000e+02  -1.7838673e+00   1.8187337e+00
   3.1500000e+02  -1.7836513e+00   1.8199582e+00
   3.1600000e+02  -1.7843563e+00   1.8214974e+00
   3.1700000e+02  -1.7854711e+00   1.8234386e+00
   3.1800000e+02  -1.7876409e+00   1.8254642e+00
   3.1900000e+02  -1.7897117e+00   1.8285494e+00
   3.2000000e+02  -1.7916630e+00   1.8320319e+00
   3.2100000e+02  -1.7937380e+00   1.8357177e+00
   3.2200000e+02  -1.7941229e+00   1.8386136e+00
   3.2300000e+02  -1.7941727e+00   1.8405359e+00
   3.2400000e+02  -1.7932604e+00   1.8399740e+00
   3.2500000e+02  -1.7947311e+00   1.8385035e+00
   3.2600000e+02  -1.7960103e+00   1.8350196e+00
   3.2700000e+02  -1.7984911e+00   1.8299464e+00
   3.2800000e+02  -1.8018521e+00   1.8236792e+00
   3.2900000e+02  -1.8052244e+00   1.8171661e+00
   3.3000000e+02  -1.8087871e+00   1.8110076e+00
   3.3100000e+02  -1.8117894e+00   1.8064797e+00
   3.3200000e+02  -1.8143165e+00   1.8025835e+00
   3.3300000e+02  -1.8158926e+00   1.7979860e+00
   3.3400000e+02  -1.8168333e+00   1.7944372e+00
   3.3500000e+02  -1.8187577e+00   1.7916273e+00
   3.3600000e+02  -1.8197715e+00   1.7888169e+00
   3.3700000e+02  -1.8209571e+00   1.7871148e+00
   3.3800000e+02  -1.8216680e+00   1.7852214e+00
   3.3900000e+02  -1.8218184e+00   1.7840525e+00
   3.4000000e+02  -1.8225344e+00   1.7828869e+00
   3.4100000e+02  -1.8216973e+00   1.7825407e+00
   3.4200000e+02  -1.8206291e+00   1.7820929e+00
   3.4300000e+02  -1.8189805e+00   1.7825969e+00
   3.4400000e+02  -1.8167616e+00   1.7828883e+00
   3.4500000e+02  -1.8139839e+00   1.7836222e+00
   3.4600000e+02  -1.8100730e+00   1.7854833e+00
   3.4700000e+02  -1.8065711e+00   1.7877949e+00
   3.4800000e+02  -1.8022845e+00   1.7909366e+00
   3.4900000e+02  -1.7987105e+00   1.7947561e+00
   3.5000000e+02  -1.7945720e+00   1.7989343e+00
   3.5100000e+02  -1.7896560e+00   1.8024826e+00
   3.5200000e+02  -1.7846904e+00   1.8065141e+00
   3.5300000e+02  -1.7804150e+00   1.8103745e+00
   3.5400000e+02  -1.7759248e+00   1.8141572e+00
   3.5500000e+02  -1.7717139e+00   1.8181429e+00
   3.5600000e+02  -1.7683063e+00   1.8214667e+00
   3.5700000e+02  -1.7647835e+00   1.8245023e+00
   3.5800000e+02  -1.7613669e+00   1.8271908e+00
   3.5900000e+02  -1.7584320e+00   1.8295902e+00
   3.6000000e+02  -1.7554488e+00   1.8310740e+00
   3.6100000e+02  -1.7529432e+00   1.8315687e+00
   3.6200000e+02  -1.7495300e+00   1.8317518e+00
   3.6300000e+02  -1.7464975e+00   1.8308367e+00
   3.6400000e+02  -1.7430009e+00   1.8299804e+00
   3.6500000e+02  -1.7403601e+00   1.8280687e+00
   3.6600000e+02  -1.7377051e+00   1.8255117e+00
   3.6700000e+02  -1.7357444e+00   1.8218145e+00
   3.6800000e+02  -1.7344524e+00   1.8177044e+00
   3.6900000e+02  -1.7328728e+00   1.8131563e+00
   3.7000000e+02  -1.7324712e+00   1.8088016e+00
   3.7100000e+02  -1.7309459e+00   1.8043902e+00
   3.7200000e+02  -1.7293276e+00   1.8006667e+00
   3.7300000e+02  -1.7285472e+00   1.7968741e+00
   3.7400000e+02  -1.7267367e+00   1.7952080e+00
   3.7500000e+02  -1.7245976e+00   1.7937705e+00
   3.7600000e+02  -1.7225176e+00   1.7932390e+00
   3.7700000e+02  -1.7205963e+00   1.7932333e+00
   3.7800000e+02  -1.7179671e+00   1.7941376e+00
   3.7900000e+02  -1.7150174e+00   1.7957007e+00
   3.8000000e+02  -1.7119328e+00   1.7975483e+00
   3.8100000e+02  -1.7082422e+00   1.8003831e+00
   3.8200000e+02  -1.7040867e+00   1.8033219e+00
   3.8300000e+02  -1.7007035e+00   1.8072713e+00
   3.8400000e+02  -1.6972347e+00   1.8112886e+00
   3.8500000e+02  -1.6947098e+00   1.8156472e+00
   3.8600000e+02  -1.6916162e+00   1.8191601e+00
   3.8700000e+02  -1.6893494e+00   1.8228976e+00
   3.8800000e+02  -1.6871654e+00   1.8262656e+00
   3.8900000e+02  -1.6853670e+00   1.8295535e+00
   3.9000000e+02  -1.6832982e+00   1.8325276e+00
   3.9100000e+02  -1.6810898e+00   1.8353485e+00
   3.9200000e+02  -1.6779676e+00   1.8378807e+00
   3.9300000e+02  -1.6746892e+00   1.8403975e+00
   3.9400000e+02  -1.6705021e+00   1.8427209e+00
   3.9500000e+02  -1.6662162e+00   1.8454999e+00
   3.9600000e+02  -1.6614836e+00   1.8476771e+00
   3.9700000e+02  -1.6564315e+00   1.8504762e+00
   3.9800000e+02  -1.6505671e+00   1.8521143e+00
   3.9900000e+02  -1.6441723e+00   1.8532248e+00
   4.0000000e+02  -1.6377557e+00   1.8546078e+00
   4.0100000e+02  -1.6313076e+00   1.8556106e+00
   4.0200000e+02  -1.6240680e+00   1.8554423e+00
   4.0300000e+02  -1.6163840e+00   1.8542579e+00
   4.0400000e+02  -1.6092870e+00   1.8531726e+00
   4.0500000e+02  -1.6017275e+00   1.8511336e+00
   4.0600000e+02  -1.5943381e+00   1.8476270e+00
   4.0700000e+02  -1.5867018e+00   1.8440692e+00
   4.0800000e+02  -1.5797550e+00   1.8391083e+00
   4.0900000e+02  -1.5724578e+00   1.8328449e+00
   4.1000000e+02  -1.5675142e+00   1.8268384e+00
   4.1100000e+02  -1.5622777e+00   1.8209624e+00
   4.1200000e+02  -1.5576248e+00   1.8141418e+00
   4.1300000e+02  -1.5537256e+00   1.8070213e+00
   4.1400000e+02  -1.5493592e+00   1.8003865e+00
   4.1500000e+02  -1.5459684e+00   1.7936893e+00
   4.1600000e+02  -1.5429379e+00   1.7870895e+00
   4.1700000e+02  -1.5407548e+00   1.7817912e+00
   4.1800000e+02  -1.5392900e+00   1.7772876e+00
   4.1900000e+02  -1.5385584e+00   1.7731186e+00
   4.2000000e+02  -1.5385314e+00   1.7704534e+00
   4.2100000e+02  -1.5392362e+00   1.7686522e+00
   4.2200000e+02  -1.5404810e+00   1.7665426e+00
   4.2300000e+02  -1.5413637e+00   1.7658380e+00
   4.2400000e+02  -1.5431158e+00   1.7656918e+00
   4.2500000e+02  -1.5442619e+00   1.7654108e+00
   4.2600000e+02  -1.5453961e+00   1.7659346e+00
   4.2700000e+02  -1.5461353e+00   1.7659983e+00
   4.2800000e+02  -1.5469069e+00   1.7668699e+00
   4.2900000e+02  -1.5470987e+00   1.7682979e+00
   4.3000000e+02  -1.5469983e+00   1.7699739e+00
   4.3100000e+02  -1.5465536e+00   1.7717466e+00
   4.3200000e+02  -1.5459392e+00   1.7739942e+00
   4.3300000e+02  -1.5462705e+00   1.7758761e+00
   4.3400000e+02  -1.5446570e+00   1.7782866e+00
   4.3500000e+02  -1.5446810e+00   1.7807356e+00
   4.3600000e+02  -1.5441234e+00   1.7828455e+00
   4.3700000e+02  -1.5446796e+00   1.7844144e+00
   4.3800000e+02  -1.5456018e+00   1.7862724e+00
   4.3900000e+02  -1.5465773e+00   1.7875814e+00
   4.4000000e+02  -1.5464190e+00   1.7891363e+00
   4.4100000e+02  -1.5453664e+00   1.7899118e+00
   4.4200000e+02  -1.5431230e+00   1.7900271e+00
   4.4300000e+02  -1.5384953e+00   1.7894923e+00
   4.4400000e+02  -1.5318313e+00   1.7879976e+00
   4.4500000e+02  -1.5247871e+00   1.7856544e+00
   4.4600000e+02  -1.5202375e+00   1.7843304e+00
   4.4700000e+02  -1.5152602e+00   1.7830230e+00
   4.4800000e+02  -1.5111815e+00   1.7823966e+00
   4.4900000e+02  -1.5071826e+00   1.7817265e+00
   4.5000000e+02  -1.5029646e+00   1.7826969e+00
   4.5100000e+02  -1.4984857e+00   1.7838049e+00
   4.5200000e+02  -1.4942689e+00   1.7855736e+00
   4.5300000e+02  -1.4899304e+00   1.7875100e+00
   4.5400000e+02  -1.4849885e+00   1.7892631e+00
   4.5500000e+02  -1.4806415e+00   1.7907442e+00
   4.5600000e+02  -1.4770565e+00   1.7932733e+00
   4.5700000e+02  -1.4727607e+00   1.7947421e+00
   4.5800000e+02  -1.4694249e+00   1.7963731e+00
   4.5900000e+02  -1.4661182e+00   1.7977818e+00
   4.6000000e+02  -1.4631047e+00   1.7986434e+00
   4.6100000e+02  -1.4596836e+00   1.7992870e+00
   4.6200000e+02  -1.4559022e+00   1.7999909e+00
   4.6300000e+02  -1.4529592e+00   1.7999711e+00
   4.6400000e+02  -1.4487412e+00   1.7997344e+00
   4.6500000e+02  -1.4449982e+00   1.7990416e+00
   4.6600000e+02  -1.4418017e+00   1.7977173e+00
   4.6700000e+02  -1.4385476e+00   1.7966454e+00
   4.6800000e+02  -1.4348858e+00   1.7948918e+00
   4.6900000e+02  -1.4323038e+00   1.7936405e+00
   4.7000000e+02  -1.4293825e+00   1.7912481e+00
   4.7100000e+02  -1.4269058e+00   1.7893109e+00
   4.7200000e+02  -1.4256826e+00   1.7880589e+00
   4.7300000e+02  -1.4244938e+00   1.7849270e+00
   4.7400000e+02  -1.4233463e+00   1.7819145e+00
   4.7500000e+02  -1.4241707e+00   1.7787170e+00
   4.7600000e+02  -1.4265186e+00   1.7761291e+00
   4.7700000e+02  -1.4290529e+00   1.7735638e+00
   4.7800000e+02  -1.4321277e+00   1.7708323e+00
   4.7900000e+02  -1.4346684e+00   1.7679963e+00
   4.8000000e+02  -1.4367921e+00   1.7635867e+00
   4.8100000e+02  -1.4414110e+00   1.7600996e+00
   4.8200000e+02  -1.4434072e+00   1.7563320e+00
   4.8300000e+02  -1.4454187e+00   1.7523467e+00
   4.8400000e+02  -1.4470136e+00   1.7483415e+00
   4.8500000e+02  -1.4497860e+00   1.7440190e+00
   4.8600000e+02  -1.4521006e+00   1.7403705e+00
   4.8700000e+02  -1.4556251e+00   1.7372676e+00
   4.8800000e+02  -1.4583908e+00   1.7348719e+00
   4.8900000e+02  -1.4617693e+00   1.7332894e+00
   4.9000000e+02  -1.4640437e+00   1.7312140e+00
   4.9100000e+02  -1.4658201e+00   1.7287908e+00
   4.9200000e+02  -1.4673599e+00   1.7265097e+00
   4.9300000e+02  -1.4697263e+00   1.7246548e+00
   4.9400000e+02  -1.4683132e+00   1.7229511e+00
   4.9500000e+02  -1.4671079e+00   1.7215497e+00
   4.9600000e+02  -1.4647722e+00   1.7199202e+00
   4.9700000e+02  -1.4615401e+00   1.7185628e+00
   4.9800000e+02  -1.4574406e+00   1.7179916e+00
   4.9900000e+02  -1.4524618e+00   1.7174946e+00
   5.0000000e+02  -1.4477507e+00   1.7187932e+00
   5.0100000e+02  -1.4422859e+00   1.7205286e+00
   5.0200000e+02  -1.4356661e+00   1.7228835e+00
   5.0300000e+02  -1.4283054e+00   1.7259833e+00
   5.0400000e+02  -1.4201967e+00   1.7292474e+00
   5.0500000e+02  -1.4138305e+00   1.7336068e+00
   5.0600000e+02  -1.4058725e+00   1.7368566e+00
   5.0700000e+02  -1.3978580e+00   1.7409476e+00
   5.0800000e+02  -1.3878564e+00   1.7456678e+00
   5.0900000e+02  -1.3771892e+00   1.7502166e+00
   5.1000000e+02  -1.3692380e+00   1.7552457e+00
   5.1100000e+02  -1.3614302e+00   1.7607245e+00
   5.1200000e+02  -1.3540522e+00   1.7666605e+00
   5.1300000e+02  -1.3473385e+00   1.7730795e+00
   5.1400000e+02  -1.3413800e+00   1.7788276e+00
   5.1500000e+02  -1.3365493e+00   1.7836483e+00
   5.1600000e+02  -1.3317445e+00   1.7870325e+00
   5.1700000e+02  -1.3269752e+00   1.7903138e+00
   5.1800000e+02  -1.3228576e+00   1.7922073e+00
   5.1900000e+02  -1.3192246e+00   1.7937597e+00
   5.2000000e+02  -1.3176283e+00   1.7932138e+00
   5.2100000e+02  -1.3174678e+00   1.7918666e+00
   5.2200000e+02  -1.3187272e+00   1.7883394e+00
   5.2300000e+02  -1.3209808e+00   1.7839079e+00
   5.2400000e+02  -1.3241861e+00   1.7784256e+00
   5.2500000e+02  -1.3274785e+00   1.7724160e+00
   5.2600000e+02  -1.3304576e+00   1.7663335e+00
   5.2700000e+02  -1.3330441e+00   1.7605378e+00
   5.2800000e+02  -1.3355168e+00   1.7550393e+00
   5.2900000e+02  -1.3382427e+00   1.7493096e+00
   5.3000000e+02  -1.3393526e+00   1.7447425e+00
   5.3100000e+02  -1.3401489e+00   1.7408127e+00
   5.3200000e+02  -1.3415837e+00   1.7371336e+00
   5.3300000e+02  -1.3430172e+00   1.7335118e+00
   5.3400000e+02  -1.3445833e+00   1.7304488e+00
   5.3500000e+02  -1.3469953e+00   1.7270867e+00
   5.3600000e+02  -1.3493525e+00   1.7242985e+00
   5.3700000e+02  -1.3520498e+00   1.7217352e+00
   5.3800000e+02  -1.3542855e+00   1.7198395e+00
   5.3900000e+02  -1.3557075e+00   1.7174634e+00
   5.4000000e+02  -1.3573246e+00   1.7154165e+00
   5.4100000e+02  -1.3588352e+00   1.7124573e+00
   5.4200000e+02  -1.3600471e+00   1.7101913e+00
   5.4300000e+02  -1.3606174e+00   1.7079783e+00
   5.4400000e+02  -1.3620108e+00   1.7055159e+00
   5.4500000e+02  -1.3627397e+00   1.7028209e+00
   5.4600000e+02  -1.3638452e+00   1.7004113e+00
   5.4700000e+02  -1.3634142e+00   1.6983253e+00
   5.4800000e+02  -1.3633825e+00   1.6969068e+00
   5.4900000e+02  -1.3621756e+00   1.6955838e+00
   5.5000000e+02  -1.3612231e+00   1.6947441e+00
   5.5100000e+02  -1.3600478e+00   1.6953289e+00
   5.5200000e+02  -1.3578056e+00   1.6966707e+00
   5.5300000e+02  -1.3552280e+00   1.6987482e+00
   5.5400000e+02  -1.3533942e+00   1.7014886e+00
   5.5500000e+02  -1.3499802e+00   1.7052215e+00
   5.5600000e+02  -1.3469702e+00   1.7093438e+00
   5.5700000e+02  -1.3442637e+00   1.7137560e+00
   5.5800000e+02  -1.3418043e+00   1.7177571e+00
   5.5900000e+02  -1.3396864e+00   1.7213065e+00
   5.6000000e+02  -1.3370020e+00   1.7242124e+00
   5.6100000e+02  -1.3346042e+00   1.7270624e+00
   5.6200000e+02  -1.3320177e+00   1.7290242e+00
   5.6300000e+02  -1.3291875e+00   1.7303017e+00
   5.6400000e+02  -1.3265007e+00   1.7315370e+00
   5.6500000e+02  -1.3227998e+00   1.7322723e+00
   5.6600000e+02  -1.3188447e+00   1.7323793e+00
   5.6700000e+02  -1.3150772e+00   1.7322100e+00
   5.6800000e+02  -1.3115521e+00   1.7314895e+00
   5.6900000e+02  -1.3087489e+00   1.7298586e+00
   5.7000000e+02  -1.3065062e+00   1.7275089e+00
   5.7100000e+02  -1.3046624e+00   1.7244813e+00
   5.7200000e+02  -1.3035754e+00   1.7211851e+00
   5.7300000e+02  -1.3033670e+00   1.7176714e+00
   5.7400000e+02  -1.3036277e+00   1.7126129e+00
   5.7500000e+02  -1.3041762e+00   1.7077869e+00
   5.7600000e+02  -1.3044966e+00   1.7026227e+00
   5.7700000e+02  -1.3049206e+00   1.6981969e+00
   5.7800000e+02  -1.3045714e+00   1.6932245e+00
   5.7900000e+02  -1.3049180e+00   1.6886793e+00
   5.8000000e+02  -1.3049084e+00   1.6845358e+00
   5.8100000e+02  -1.3042761e+00   1.6809346e+00
   5.8200000e+02  -1.3037561e+00   1.6785429e+00
   5.8300000e+02  -1.3028297e+00   1.6760472e+00
   5.8400000e+02  -1.3016779e+00   1.6741057e+00
   5.8500000e+02  -1.3002401e+00   1.6719424e+00
   5.8600000e+02  -1.2978295e+00   1.6700196e+00
   5.8700000e+02  -1.2949925e+00   1.6687870e+00
   5.8800000e+02  -1.2917660e+00   1.6676573e+00
   5.8900000e+02  -1.2880650e+00   1.6663798e+00
   5.9000000e+02  -1.2832621e+00   1.6657203e+00
   5.9100000e+02  -1.2789549e+00   1.6672544e+00
   5.9200000e+02  -1.2742468e+00   1.6678072e+00
   5.9300000e+02  -1.2698448e+00   1.6686180e+00
   5.9400000e+02  -1.2650936e+00   1.6688477e+00
   5.9500000e+02  -1.2598758e+00   1.6689220e+00
   5.9600000e+02  -1.2545508e+00   1.6682356e+00
   5.9700000e+02  -1.2494882e+00   1.6667279e+00
   5.9800000e+02  -1.2442150e+00   1.6646257e+00
   5.9900000e+02  -1.2392380e+00   1.6608541e+00
   6.0000000e+02  -1.2350962e+00   1.6571941e+00
   6.0100000e+02  -1.2307834e+00   1.6526845e+00
   6.0200000e+02  -1.2275512e+00   1.6464178e+00
   6.0300000e+02  -1.2243484e+00   1.6401226e+00
   6.0400000e+02  -1.2218077e+00   1.6329005e+00
   6.0500000e+02  -1.2185550e+00   1.6250316e+00
   6.0600000e+02  -1.2154212e+00   1.6173544e+00
   6.0700000e+02  -1.2118887e+00   1.6091585e+00
   6.0800000e+02  -1.2081222e+00   1.6015803e+00
   6.0900000e+02  -1.2043112e+00   1.5935058e+00
   6.1000000e+02  -1.2010901e+00   1.5856499e+00
   6.1100000e+02  -1.1976519e+00   1.5782894e+00
   6.1200000e+02  -1.1948080e+00   1.5711835e+00
   6.1300000e+02  -1.1919518e+00   1.5615680e+00
   6.1400000e+02  -1.1887420e+00   1.5551358e+00
   6.1500000e+02  -1.1849215e+00   1.5490908e+00
   6.1600000e+02  -1.1812178e+00   1.5435786e+00
   6.1700000e+02  -1.1774601e+00   1.5392226e+00
   6.1800000e+02  -1.1749565e+00   1.5355204e+00
   6.1900000e+02  -1.1728753e+00   1.5331593e+00
   6.2000000e+02  -1.1716589e+00   1.5317255e+00
   6.2100000e+02  -1.1713630e+00   1.5302031e+00
   6.2200000e+02  -1.1707606e+00   1.5283610e+00
   6.2300000e+02  -1.1699732e+00   1.5263744e+00
   6.2400000e+02  -1.1684244e+00   1.5235374e+00
   6.2500000e+02  -1.1667993e+00   1.5211201e+00
   6.2600000e+02  -1.1654157e+00   1.5187116e+00
   6.2700000e+02  -1.1636268e+00   1.5161588e+00
   6.2800000e+02  -1.1617472e+00   1.5134189e+00
   6.2900000e+02  -1.1602470e+00   1.5109427e+00
   6.3000000e+02  -1.1579115e+00   1.5085476e+00
   6.3100000e+02  -1.1552665e+00   1.5060774e+00
   6.3200000e+02  -1.1527801e+00   1.5031770e+00
   6.3300000e+02  -1.1498885e+00   1.5002937e+00
   6.3400000e+02  -1.1450534e+00   1.4965076e+00
   6.3500000e+02  -1.1396141e+00   1.4931133e+00
   6.3600000e+02  -1.1337666e+00   1.4889365e+00
   6.3700000e+02  -1.1280353e+00   1.4856470e+00
   6.3800000e+02  -1.1231850e+00   1.4833132e+00
   6.3900000e+02  -1.1203989e+00   1.4809977e+00
   6.4000000e+02  -1.1188412e+00   1.4782701e+00
   6.4100000e+02  -1.1183544e+00   1.4758865e+00
   6.4200000e+02  -1.1185566e+00   1.4734567e+00
   6.4300000e+02  -1.1194899e+00   1.4713638e+00
   6.4400000e+02  -1.1206987e+00   1.4686699e+00
   6.4500000e+02  -1.1212257e+00   1.4653491e+00
   6.4600000e+02  -1.1216368e+00   1.4624178e+00
   6.4700000e+02  -1.1203784e+00   1.4585729e+00
   6.4800000e+02  -1.1184498e+00   1.4544845e+00
   6.4900000e+02  -1.1160974e+00   1.4497132e+00
   6.5000000e+02  -1.1132594e+00   1.4451448e+00
   6.5100000e+02  -1.1090718e+00   1.4401184e+00
   6.5200000e+02  -1.1043984e+00   1.4355410e+00
   6.5300000e+02  -1.0989913e+00   1.4308065e+00
   6.5400000e+02  -1.0929934e+00   1.4268428e+00
   6.5500000e+02  -1.0866924e+00   1.4230850e+00
   6.5600000e+02  -1.0805357e+00   1.4196077e+00
   6.5700000e+02  -1.0748247e+00   1.4156348e+00
   6.5800000e+02  -1.0694805e+00   1.4121398e+00
   6.5900000e+02  -1.0647313e+00   1.4085714e+00
   6.6000000e+02  -1.0619134e+00   1.4044837e+00
   6.6100000e+02  -1.0590102e+00   1.3990697e+00
   6.6200000e+02  -1.0600263e+00   1.3946523e+00
   6.6300000e+02  -1.0618446e+00   1.3902348e+00
   6.6400000e+02  -1.0639013e+00   1.3849429e+00
   6.6500000e+02  -1.0678760e+00   1.3798977e+00
   6.6600000e+02  -1.0716285e+00   1.3747876e+00
   6.6700000e+02  -1.0754547e+00   1.3701554e+00
   6.6800000e+02  -1.0782728e+00   1.3662631e+00
   6.6900000e+02  -1.0804978e+00   1.3632351e+00
   6.7000000e+02  -1.0821830e+00   1.3617449e+00
   6.7100000e+02  -1.0832812e+00   1.3617276e+00
   6.7200000e+02  -1.0835997e+00   1.3617919e+00
   6.7300000e+02  -1.0835871e+00   1.3627731e+00
   6.7400000e+02  -1.0828425e+00   1.3634283e+00
   6.7500000e+02  -1.0811713e+00   1.3639840e+00
   6.7600000e+02  -1.0792136e+00   1.3645298e+00
   6.7700000e+02  -1.0773813e+00   1.3645138e+00
   6.7800000e+02  -1.0756117e+00   1.3650728e+00
   6.7900000e+02  -1.0731944e+00   1.3665251e+00
   6.8000000e+02  -1.0700501e+00   1.3674776e+00
   6.8100000e+02  -1.0670189e+00   1.3696962e+00
   6.8200000e+02  -1.0638693e+00   1.3712568e+00
   6.8300000e+02  -1.0608465e+00   1.3732141e+00
   6.8400000e+02  -1.0580804e+00   1.3750289e+00
   6.8500000e+02  -1.0561954e+00   1.3768269e+00
   6.8600000e+02  -1.0552363e+00   1.3772769e+00
   6.8700000e+02  -1.0560175e+00   1.3762658e+00
   6.8800000e+02  -1.0575943e+00   1.3747174e+00
   6.8900000e+02  -1.0606276e+00   1.3726817e+00
   6.9000000e+02  -1.0636304e+00   1.3693132e+00
   6.9100000e+02  -1.0666111e+00   1.3649348e+00
   6.9200000e+02  -1.0696029e+00   1.3596444e+00
   6.9300000e+02  -1.0719949e+00   1.3534294e+00
   6.9400000e+02  -1.0734847e+00   1.3465698e+00
   6.9500000e+02  -1.0733111e+00   1.3396151e+00
   6.9600000e+02  -1.0724505e+00   1.3334527e+00
   6.9700000e+02  -1.0707325e+00   1.3283050e+00
   6.9800000e+02  -1.0679607e+00   1.3237726e+00
   6.9900000e+02  -1.0642517e+00   1.3193282e+00
   7.0000000e+02  -1.0599106e+00   1.3155752e+00
   7.0100000e+02  -1.0561034e+00   1.3132659e+00
   7.0200000e+02  -1.0520042e+00   1.3114209e+00
   7.0300000e+02  -1.0475263e+00   1.3109280e+00
   7.0400000e+02  -1.0430302e+00   1.3105875e+00
   7.0500000e+02  -1.0388854e+00   1.3105754e+00
   7.0600000e+02  -1.0349273e+00   1.3105870e+00
   7.0700000e+02  -1.0314198e+00   1.3105100e+00
   7.0800000e+02  -1.0290751e+00   1.3104411e+00
   7.0900000e+02  -1.0268843e+00   1.3100065e+00
   7.1000000e+02  -1.0251115e+00   1.3076145e+00
   7.1100000e+02  -1.0275547e+00   1.3034848e+00
   7.1200000e+02  -1.0288827e+00   1.2999794e+00
   7.1300000e+02  -1.0313576e+00   1.2954008e+00
   7.1400000e+02  -1.0334310e+00   1.2908289e+00
   7.1500000e+02  -1.0343294e+00   1.2864255e+00
   7.1600000e+02  -1.0365806e+00   1.2818632e+00
   7.1700000e+02  -1.0383692e+00   1.2774996e+00
   7.1800000e+02  -1.0401180e+00   1.2733246e+00
   7.1900000e+02  -1.0410287e+00   1.2691243e+00
   7.2000000e+02  -1.0409979e+00   1.2648943e+00
   7.2100000e+02  -1.0411558e+00   1.2610760e+00
   7.2200000e+02  -1.0403651e+00   1.2576708e+00
   7.2300000e+02  -1.0376294e+00   1.2547989e+00
   7.2400000e+02  -1.0335434e+00   1.2505544e+00
   7.2500000e+02  -1.0292160e+00   1.2477846e+00
   7.2600000e+02  -1.0243235e+00   1.2455962e+00
   7.2700000e+02  -1.0189159e+00   1.2434423e+00
   7.2800000e+02  -1.0131851e+00   1.2415671e+00
   7.2900000e+02  -1.0073404e+00   1.2400214e+00
   7.3000000e+02  -1.0012762e+00   1.2385759e+00
   7.3100000e+02  -9.9492286e-01   1.2371960e+00
   7.3200000e+02  -9.8984119e-01   1.2358673e+00
   7.3300000e+02  -9.8411067e-01   1.2342382e+00
   7.3400000e+02  -9.8062388e-01   1.2321053e+00
   7.3500000e+02  -9.7813635e-01   1.2302660e+00
   7.3600000e+02  -9.7579485e-01   1.2275942e+00
   7.3700000e+02  -9.7372630e-01   1.2242180e+00
   7.3800000e+02  -9.7261197e-01   1.2203033e+00
   7.3900000e+02  -9.7124665e-01   1.2156234e+00
   7.4000000e+02  -9.7031342e-01   1.2108290e+00
   7.4100000e+02  -9.6999660e-01   1.2043277e+00
   7.4200000e+02  -9.7073157e-01   1.1971285e+00
   7.4300000e+02  -9.7169606e-01   1.1897409e+00
   7.4400000e+02  -9.7305750e-01   1.1813244e+00
   7.4500000e+02  -9.7479999e-01   1.1727807e+00
   7.4600000e+02  -9.7654537e-01   1.1655704e+00
   7.4700000e+02  -9.7784527e-01   1.1584953e+00
   7.4800000e+02  -9.7872090e-01   1.1510007e+00
   7.4900000e+02  -9.7923727e-01   1.1441956e+00
   7.5000000e+02  -9.7820005e-01   1.1376213e+00
   7.5100000e+02  -9.7706804e-01   1.1308776e+00
   7.5200000e+02  -9.7507208e-01   1.1242782e+00
   7.5300000e+02  -9.7274261e-01   1.1183023e+00
   7.5400000e+02  -9.7000328e-01   1.1136485e+00
   7.5500000e+02  -9.6685909e-01   1.1081296e+00
   7.5600000e+02  -9.6296719e-01   1.1039251e+00
   7.5700000e+02  -9.5880653e-01   1.1004877e+00
   7.5800000e+02  -9.5382716e-01   1.0963240e+00
   7.5900000e+02  -9.4923942e-01   1.0940081e+00
   7.6000000e+02  -9.4433020e-01   1.0918912e+00
   7.6100000e+02  -9.3873121e-01   1.0900726e+00
   7.6200000e+02  -9.3215742e-01   1.0881919e+00
   7.6300000e+02  -9.2492929e-01   1.0870447e+00
   7.6400000e+02  -9.1765297e-01   1.0860396e+00
   7.6500000e+02  -9.0962750e-01   1.0861945e+00
   7.6600000e+02  -9.0239026e-01   1.0868352e+00
   7.6700000e+02  -8.9401895e-01   1.0878296e+00
   7.6800000e+02  -8.8622207e-01   1.0894342e+00
   7.6900000e+02  -8.7814966e-01   1.0913928e+00
   7.7000000e+02  -8.7084391e-01   1.0928094e+00
   7.7100000e+02  -8.6367812e-01   1.0942329e+00
   7.7200000e+02  -8.5683017e-01   1.0947577e+00
   7.7300000e+02  -8.5083894e-01   1.0942191e+00
   7.7400000e+02  -8.4530223e-01   1.0924417e+00
   7.7500000e+02  -8.4038446e-01   1.0901230e+00
   7.7600000e+02  -8.3582226e-01   1.0867184e+00
   7.7700000e+02  -8.3170635e-01   1.0827866e+00
   7.7800000e+02  -8.2855843e-01   1.0783504e+00
   7.7900000e+02  -8.2604170e-01   1.0737764e+00
   7.8000000e+02  -8.2437668e-01   1.0686045e+00
   7.8100000e+02  -8.2307885e-01   1.0619138e+00
   7.8200000e+02  -8.2195375e-01   1.0546086e+00
   7.8300000e+02  -8.2149826e-01   1.0480780e+00
   7.8400000e+02  -8.2135909e-01   1.0409912e+00
   7.8500000e+02  -8.2052766e-01   1.0343261e+00
   7.8600000e+02  -8.2043440e-01   1.0282452e+00
   7.8700000e+02  -8.1967250e-01   1.0222293e+00
   7.8800000e+02  -8.1866166e-01   1.0165524e+00
   7.8900000e+02  -8.1754399e-01   1.0112340e+00
   7.9000000e+02  -8.1563396e-01   1.0063652e+00
   7.9100000e+02  -8.1381520e-01   1.0013447e+00
   7.9200000e+02  -8.1044984e-01   9.9657355e-01
   7.9300000e+02  -8.0700854e-01   9.9039267e-01
   7.9400000e+02  -8.0292745e-01   9.8681514e-01
   7.9500000e+02  -7.9809479e-01   9.8271632e-01
   7.9600000e+02  -7.9199296e-01   9.7979797e-01
   7.9700000e+02  -7.8529449e-01   9.7726548e-01
   7.9800000e+02  -7.7855851e-01   9.7476926e-01
   7.9900000e+02  -7.7084140e-01   9.7286570e-01
   8.0000000e+02  -7.6350795e-01   9.7129820e-01
   8.0100000e+02  -7.5580415e-01   9.6989647e-01
   8.0200000e+02  -7.4809284e-01   9.6868669e-01
   8.0300000e+02  -7.4071302e-01   9.6697662e-01
   8.0400000e+02  -7.3374050e-01   9.6463751e-01
   8.0500000e+02  -7.2685263e-01   9.6133443e-01
   8.0600000e+02  -7.2145507e-01   9.5756274e-01
   8.0700000e+02  -7.1693145e-01   9.5315013e-01
   8.0800000e+02  -7.1296977e-01   9.4888256e-01
   8.0900000e+02  -7.1030517e-01   9.4281391e-01
   8.1000000e+02  -7.1006122e-01   9.3583495e-01
   8.1100000e+02  -7.1201889e-01   9.2798674e-01
   8.1200000e+02  -7.1322912e-01   9.1893047e-01
   8.1300000e+02  -7.1511699e-01   9.0984841e-01
   8.1400000e+02  -7.1698968e-01   9.0095592e-01
   8.1500000e+02  -7.1750724e-01   8.9345908e-01
   8.1600000e+02  -7.1752170e-01   8.8644897e-01
   8.1700000e+02  -7.1527165e-01   8.7943884e-01
   8.1800000e+02  -7.1229891e-01   8.7349640e-01
   8.1900000e+02  -7.0890182e-01   8.6690661e-01
   8.2000000e+02  -7.0416035e-01   8.5997043e-01
   8.2100000e+02  -6.9978524e-01   8.5237976e-01
   8.2200000e+02  -6.9448680e-01   8.4470481e-01
   8.2300000e+02  -6.8815022e-01   8.3591718e-01
   8.2400000e+02  -6.8117519e-01   8.2633503e-01
   8.2500000e+02  -6.7449495e-01   8.1627502e-01
   8.2600000e+02  -6.6885385e-01   8.0755043e-01
   8.2700000e+02  -6.6253550e-01   7.9886932e-01
   8.2800000e+02  -6.5667462e-01   7.9039203e-01
   8.2900000e+02  -6.5027633e-01   7.8374678e-01
   8.3000000e+02  -6.4404957e-01   7.7790699e-01
   8.3100000e+02  -6.3636340e-01   7.7397231e-01
   8.3200000e+02  -6.2738642e-01   7.6913579e-01
   8.3300000e+02  -6.1824838e-01   7.6260088e-01
   8.3400000e+02  -6.0882106e-01   7.5584767e-01
   8.3500000e+02  -5.9923166e-01   7.4878318e-01
   8.3600000e+02  -5.8843111e-01   7.4319541e-01
   8.3700000e+02  -5.7709123e-01   7.3830149e-01
   8.3800000e+02  -5.6359158e-01   7.3566047e-01
   8.3900000e+02  -5.5145379e-01   7.3196236e-01
   8.4000000e+02  -5.4214744e-01   7.2826235e-01
   8.4100000e+02  -5.3747243e-01   7.2283898e-01
   8.4200000e+02  -5.3859870e-01   7.1830918e-01
   8.4300000e+02  -5.4321436e-01   7.1274738e-01
   8.4400000e+02  -5.4953255e-01   7.0743526e-01
   8.4500000e+02  -5.5539245e-01   7.0088971e-01
   8.4600000e+02  -5.5843496e-01   6.9048481e-01
   8.4700000e+02  -5.5832776e-01   6.7885384e-01
   8.4800000e+02  -5.5393299e-01   6.6632751e-01
   8.4900000e+02  -5.4738500e-01   6.5420711e-01
   8.5000000e+02  -5.3851321e-01   6.4293380e-01
   8.5100000e+02  -5.2777337e-01   6.3331484e-01
   8.5200000e+02  -5.1635285e-01   6.2389492e-01
   8.5300000e+02  -5.0256735e-01   6.1329547e-01
   8.5400000e+02  -4.8848433e-01   6.0316394e-01
   8.5500000e+02  -4.7533955e-01   5.9361901e-01
   8.5600000e+02  -4.6260592e-01   5.8517317e-01
   8.5700000e+02  -4.5128421e-01   5.7571703e-01
   8.5800000e+02  -4.4120589e-01   5.6549556e-01
   8.5900000e+02  -4.3148529e-01   5.5522394e-01
   8.6000000e+02  -4.2314200e-01   5.4436128e-01
   8.6100000e+02  -4.1655261e-01   5.3138327e-01
   8.6200000e+02  -4.1118561e-01   5.1752259e-01
   8.6300000e+02  -4.0803111e-01   5.0001281e-01
   8.6400000e+02  -4.0559820e-01   4.8079866e-01
   8.6500000e+02  -4.0232375e-01   4.6275403e-01
   8.6600000e+02  -3.9844849e-01   4.4221352e-01
   8.6700000e+02  -3.9338143e-01   4.1967548e-01
   8.6800000e+02  -3.8482447e-01   3.9743705e-01
   8.6900000e+02  -3.7402933e-01   3.7376591e-01
   8.7000000e+02  -3.6318450e-01   3.5316625e-01
   8.7100000e+02  -3.4980799e-01   3.3351123e-01
   8.7200000e+02  -3.3573423e-01   3.1402729e-01
   8.7300000e+02  -3.2062568e-01   2.9385408e-01
   8.7400000e+02  -3.0430256e-01   2.7502976e-01
   8.7500000e+02  -2.8760068e-01   2.5808655e-01
   8.7600000e+02  -2.6777559e-01   2.4589624e-01
   8.7700000e+02  -2.4228011e-01   2.3555264e-01
   8.7800000e+02  -2.1437996e-01   2.2734385e-01
   8.7900000e+02  -1.8669577e-01   2.1924370e-01
   8.8000000e+02  -1.5997426e-01   2.1196406e-01
   8.8100000e+02  -1.3955211e-01   1.9858980e-01
   8.8200000e+02  -1.2448298e-01   1.8334185e-01
   8.8300000e+02  -1.1059540e-01   1.6377844e-01
   8.8400000e+02  -9.7685052e-02   1.3474969e-01
   8.8500000e+02  -8.4683958e-02   1.0364969e-01
