   1.0000000e+00  -1.6763373e+00   1.5243413e+00
   2.0000000e+00  -1.6760448e+00   1.5238828e+00
   3.0000000e+00  -1.6759156e+00   1.5231393e+00
   4.0000000e+00  -1.6755680e+00   1.5226158e+00
   5.0000000e+00  -1.6756287e+00   1.5221295e+00
   6.0000000e+00  -1.6757954e+00   1.5216020e+00
   7.0000000e+00  -1.6757750e+00   1.5210219e+00
   8.0000000e+00  -1.6758846e+00   1.5206536e+00
   9.0000000e+00  -1.6761247e+00   1.5203382e+00
   1.0000000e+01  -1.6759999e+00   1.5197310e+00
   1.1000000e+01  -1.6760828e+00   1.5197142e+00
   1.2000000e+01  -1.6760412e+00   1.5197884e+00
   1.3000000e+01  -1.6760787e+00   1.5202822e+00
   1.4000000e+01  -1.6757424e+00   1.5203388e+00
   1.5000000e+01  -1.6755734e+00   1.5203936e+00
   1.6000000e+01  -1.6750249e+00   1.5206021e+00
   1.7000000e+01  -1.6742819e+00   1.5205671e+00
   1.8000000e+01  -1.6739747e+00   1.5206206e+00
   1.9000000e+01  -1.6737216e+00   1.5204908e+00
   2.0000000e+01  -1.6729237e+00   1.5202483e+00
   2.1000000e+01  -1.6724369e+00   1.5202916e+00
   2.2000000e+01  -1.6718631e+00   1.5200881e+00
   2.3000000e+01  -1.6712003e+00   1.5198741e+00
   2.4000000e+01  -1.6705917e+00   1.5193723e+00
   2.5000000e+01  -1.6702745e+00   1.5190427e+00
   2.6000000e+01  -1.6696548e+00   1.5187681e+00
   2.7000000e+01  -1.6690935e+00   1.5184237e+00
   2.8000000e+01  -1.6685317e+00   1.5175507e+00
   2.9000000e+01  -1.6679287e+00   1.5174064e+00
   3.0000000e+01  -1.6667312e+00   1.5166391e+00
   3.1000000e+01  -1.6663250e+00   1.5162899e+00
   3.2000000e+01  -1.6654645e+00   1.5159521e+00
   3.3000000e+01  -1.6644347e+00   1.5158101e+00
   3.4000000e+01  -1.6630805e+00   1.5151869e+00
   3.5000000e+01  -1.6615248e+00   1.5148201e+00
   3.6000000e+01  -1.6590455e+00   1.5142974e+00
   3.7000000e+01  -1.6548196e+00   1.5140005e+00
   3.8000000e+01  -1.6504340e+00   1.5139871e+00
   3.9000000e+01  -1.6450914e+00   1.5140904e+00
   4.0000000e+01  -1.6404663e+00   1.5147739e+00
   4.1000000e+01  -1.6355631e+00   1.5160500e+00
   4.2000000e+01  -1.6309225e+00   1.5174980e+00
   4.3000000e+01  -1.6261811e+00   1.5190142e+00
   4.4000000e+01  -1.6219490e+00   1.5207338e+00
   4.5000000e+01  -1.6169027e+00   1.5218869e+00
   4.6000000e+01  -1.6122981e+00   1.5232662e+00
   4.7000000e+01  -1.6070393e+00   1.5239213e+00
   4.8000000e+01  -1.6017223e+00   1.5239996e+00
   4.9000000e+01  -1.5963549e+00   1.5235286e+00
   5.0000000e+01  -1.5907542e+00   1.5236603e+00
   5.1000000e+01  -1.5855694e+00   1.5228544e+00
   5.2000000e+01  -1.5821030e+00   1.5208122e+00
   5.3000000e+01  -1.5806202e+00   1.5171866e+00
   5.4000000e+01  -1.5804552e+00   1.5124146e+00
   5.5000000e+01  -1.5818984e+00   1.5061971e+00
   5.6000000e+01  -1.5830901e+00   1.4986417e+00
   5.7000000e+01  -1.5834883e+00   1.4897539e+00
   5.8000000e+01  -1.5821598e+00   1.4797428e+00
   5.9000000e+01  -1.5800066e+00   1.4703766e+00
   6.0000000e+01  -1.5748053e+00   1.4584676e+00
   6.1000000e+01  -1.5684381e+00   1.4461255e+00
   6.2000000e+01  -1.5608111e+00   1.4331282e+00
   6.3000000e+01  -1.5504972e+00   1.4198718e+00
   6.4000000e+01  -1.5390683e+00   1.4058790e+00
   6.5000000e+01  -1.5260584e+00   1.3924107e+00
   6.6000000e+01  -1.5113447e+00   1.3794995e+00
   6.7000000e+01  -1.4948605e+00   1.3657199e+00
   6.8000000e+01  -1.4767019e+00   1.3523887e+00
   6.9000000e+01  -1.4572295e+00   1.3390511e+00
   7.0000000e+01  -1.4355101e+00   1.3251652e+00
   7.1000000e+01  -1.4129938e+00   1.3117258e+00
   7.2000000e+01  -1.3909742e+00   1.2975575e+00
   7.3000000e+01  -1.3694403e+00   1.2840071e+00
   7.4000000e+01  -1.3482272e+00   1.2708901e+00
   7.5000000e+01  -1.3242672e+00   1.2593989e+00
   7.6000000e+01  -1.2970241e+00   1.2506572e+00
   7.7000000e+01  -1.2683288e+00   1.2429600e+00
   7.8000000e+01  -1.2394833e+00   1.2365141e+00
   7.9000000e+01  -1.2134227e+00   1.2292961e+00
   8.0000000e+01  -1.1886649e+00   1.2179949e+00
   8.1000000e+01  -1.1663043e+00   1.2018381e+00
   8.2000000e+01  -1.1454398e+00   1.1811773e+00
   8.3000000e+01  -1.1271152e+00   1.1565735e+00
   8.4000000e+01  -1.1080641e+00   1.1300271e+00
   8.5000000e+01  -1.0913944e+00   1.1016019e+00
   8.6000000e+01  -1.0800512e+00   1.0752255e+00
   8.7000000e+01  -1.0708504e+00   1.0505273e+00
   8.8000000e+01  -1.0607891e+00   1.0298845e+00
   8.9000000e+01  -1.0500413e+00   1.0123874e+00
   9.0000000e+01  -1.0390852e+00   9.9790966e-01
   9.1000000e+01  -1.0282554e+00   9.8578631e-01
   9.2000000e+01  -1.0171196e+00   9.7590901e-01
   9.3000000e+01  -1.0072725e+00   9.6815695e-01
   9.4000000e+01  -9.9820548e-01   9.6217645e-01
   9.5000000e+01  -9.8912831e-01   9.5671522e-01
   9.6000000e+01  -9.8075236e-01   9.5053323e-01
   9.7000000e+01  -9.7011768e-01   9.4206498e-01
   9.8000000e+01  -9.5866274e-01   9.3076382e-01
   9.9000000e+01  -9.4771707e-01   9.1785852e-01
   1.0000000e+02  -9.3677928e-01   9.0559573e-01
   1.0100000e+02  -9.2590722e-01   8.9349808e-01
   1.0200000e+02  -9.1511019e-01   8.8267482e-01
   1.0300000e+02  -9.0788183e-01   8.7444043e-01
   1.0400000e+02  -9.0388757e-01   8.6696437e-01
   1.0500000e+02  -9.0317631e-01   8.5969325e-01
   1.0600000e+02  -9.0444074e-01   8.5217112e-01
   1.0700000e+02  -9.0756888e-01   8.4444056e-01
   1.0800000e+02  -9.1155731e-01   8.3625963e-01
   1.0900000e+02  -9.1665976e-01   8.2978346e-01
   1.1000000e+02  -9.2075101e-01   8.2426142e-01
   1.1100000e+02  -9.2619263e-01   8.2188944e-01
   1.1200000e+02  -9.3052221e-01   8.2089603e-01
   1.1300000e+02  -9.3556304e-01   8.2066398e-01
   1.1400000e+02  -9.3971129e-01   8.1967106e-01
   1.1500000e+02  -9.4405677e-01   8.1801427e-01
   1.1600000e+02  -9.4716595e-01   8.1651126e-01
   1.1700000e+02  -9.4948662e-01   8.1607954e-01
   1.1800000e+02  -9.5141046e-01   8.1765502e-01
   1.1900000e+02  -9.5377790e-01   8.2188328e-01
   1.2000000e+02  -9.5547818e-01   8.2679375e-01
   1.2100000e+02  -9.5618570e-01   8.3157774e-01
   1.2200000e+02  -9.5563825e-01   8.3548559e-01
   1.2300000e+02  -9.5479509e-01   8.3726060e-01
   1.2400000e+02  -9.5411777e-01   8.3856016e-01
   1.2500000e+02  -9.5260689e-01   8.3830569e-01
   1.2600000e+02  -9.5118639e-01   8.3712419e-01
   1.2700000e+02  -9.5071738e-01   8.3578701e-01
   1.2800000e+02  -9.5142636e-01   8.3380783e-01
   1.2900000e+02  -9.5220273e-01   8.3096982e-01
   1.3000000e+02  -9.5280809e-01   8.2912741e-01
   1.3100000e+02  -9.5305157e-01   8.2751402e-01
   1.3200000e+02  -9.5423021e-01   8.2710095e-01
   1.3300000e+02  -9.5460877e-01   8.2723888e-01
   1.3400000e+02  -9.5587747e-01   8.2882156e-01
   1.3500000e+02  -9.5676587e-01   8.3103075e-01
   1.3600000e+02  -9.5732529e-01   8.3427872e-01
   1.3700000e+02  -9.5813058e-01   8.3820647e-01
   1.3800000e+02  -9.5824506e-01   8.4197013e-01
   1.3900000e+02  -9.5713322e-01   8.4669412e-01
   1.4000000e+02  -9.5546313e-01   8.5041626e-01
   1.4100000e+02  -9.5278417e-01   8.5392398e-01
   1.4200000e+02  -9.4934630e-01   8.5657032e-01
   1.4300000e+02  -9.4528276e-01   8.5841849e-01
   1.4400000e+02  -9.4097604e-01   8.5937603e-01
   1.4500000e+02  -9.3603531e-01   8.5861532e-01
   1.4600000e+02  -9.3208488e-01   8.5745182e-01
   1.4700000e+02  -9.2718622e-01   8.5616474e-01
   1.4800000e+02  -9.2246405e-01   8.5477985e-01
   1.4900000e+02  -9.1576652e-01   8.5358165e-01
   1.5000000e+02  -9.0876836e-01   8.5305151e-01
   1.5100000e+02  -9.0108597e-01   8.5211455e-01
   1.5200000e+02  -8.9201962e-01   8.5113424e-01
   1.5300000e+02  -8.8162488e-01   8.4996467e-01
   1.5400000e+02  -8.7113462e-01   8.4836305e-01
   1.5500000e+02  -8.6131205e-01   8.4675852e-01
   1.5600000e+02  -8.5129530e-01   8.4513161e-01
   1.5700000e+02  -8.4199724e-01   8.4355020e-01
   1.5800000e+02  -8.3289393e-01   8.4197078e-01
   1.5900000e+02  -8.2385917e-01   8.4009828e-01
   1.6000000e+02  -8.1637830e-01   8.3909902e-01
   1.6100000e+02  -8.0914390e-01   8.3791528e-01
   1.6200000e+02  -8.0581174e-01   8.3810136e-01
   1.6300000e+02  -8.0559678e-01   8.3811122e-01
   1.6400000e+02  -8.0738054e-01   8.3876119e-01
   1.6500000e+02  -8.1029140e-01   8.3830225e-01
   1.6600000e+02  -8.1411427e-01   8.3639553e-01
   1.6700000e+02  -8.1648170e-01   8.3305539e-01
   1.6800000e+02  -8.1824026e-01   8.2858937e-01
   1.6900000e+02  -8.1959280e-01   8.2342255e-01
   1.7000000e+02  -8.2208438e-01   8.1817679e-01
   1.7100000e+02  -8.2517848e-01   8.1222620e-01
   1.7200000e+02  -8.2929970e-01   8.0667138e-01
   1.7300000e+02  -8.3363859e-01   7.9977733e-01
   1.7400000e+02  -8.3599892e-01   7.9322965e-01
   1.7500000e+02  -8.3699398e-01   7.8773319e-01
   1.7600000e+02  -8.3614228e-01   7.8279867e-01
   1.7700000e+02  -8.3372669e-01   7.7771367e-01
   1.7800000e+02  -8.2960479e-01   7.7210701e-01
   1.7900000e+02  -8.2412171e-01   7.6527621e-01
   1.8000000e+02  -8.1848716e-01   7.5694156e-01
   1.8100000e+02  -8.1221150e-01   7.4568536e-01
   1.8200000e+02  -8.0663182e-01   7.3388132e-01
   1.8300000e+02  -8.0151997e-01   7.2177444e-01
   1.8400000e+02  -7.9695382e-01   7.0959503e-01
   1.8500000e+02  -7.9257787e-01   6.9875843e-01
   1.8600000e+02  -7.8766652e-01   6.8929247e-01
   1.8700000e+02  -7.8300311e-01   6.7996097e-01
   1.8800000e+02  -7.7939160e-01   6.7306719e-01
   1.8900000e+02  -7.7677855e-01   6.6757731e-01
   1.9000000e+02  -7.7352689e-01   6.6348608e-01
   1.9100000e+02  -7.6850006e-01   6.6024213e-01
   1.9200000e+02  -7.6174246e-01   6.5740304e-01
   1.9300000e+02  -7.5205925e-01   6.5433513e-01
   1.9400000e+02  -7.4220969e-01   6.5023242e-01
   1.9500000e+02  -7.3141726e-01   6.4583337e-01
   1.9600000e+02  -7.2053919e-01   6.4146893e-01
   1.9700000e+02  -7.1058753e-01   6.3768093e-01
   1.9800000e+02  -7.0262912e-01   6.3447926e-01
   1.9900000e+02  -6.9626009e-01   6.3335832e-01
   2.0000000e+02  -6.9098373e-01   6.3314515e-01
   2.0100000e+02  -6.8667524e-01   6.3568849e-01
   2.0200000e+02  -6.8266556e-01   6.3981861e-01
   2.0300000e+02  -6.7856202e-01   6.4492872e-01
   2.0400000e+02  -6.7345119e-01   6.5052486e-01
   2.0500000e+02  -6.6786561e-01   6.5623571e-01
   2.0600000e+02  -6.6441859e-01   6.6183808e-01
   2.0700000e+02  -6.6250670e-01   6.6761377e-01
   2.0800000e+02  -6.6336595e-01   6.7028108e-01
   2.0900000e+02  -6.6619268e-01   6.7083955e-01
   2.1000000e+02  -6.7067941e-01   6.6857930e-01
   2.1100000e+02  -6.7603991e-01   6.6397490e-01
   2.1200000e+02  -6.8060356e-01   6.5725327e-01
   2.1300000e+02  -6.8281513e-01   6.4837819e-01
   2.1400000e+02  -6.8266074e-01   6.3778213e-01
   2.1500000e+02  -6.8224271e-01   6.2652991e-01
   2.1600000e+02  -6.8054645e-01   6.1439225e-01
   2.1700000e+02  -6.7858146e-01   6.0132085e-01
   2.1800000e+02  -6.7794790e-01   5.8967138e-01
   2.1900000e+02  -6.7883555e-01   5.7851736e-01
   2.2000000e+02  -6.8114494e-01   5.6861858e-01
   2.2100000e+02  -6.8333840e-01   5.6227500e-01
   2.2200000e+02  -6.8546766e-01   5.5932187e-01
   2.2300000e+02  -6.8627150e-01   5.5894435e-01
   2.2400000e+02  -6.8503013e-01   5.5971927e-01
   2.2500000e+02  -6.8250335e-01   5.6092981e-01
   2.2600000e+02  -6.7963852e-01   5.6189198e-01
   2.2700000e+02  -6.7614833e-01   5.6013382e-01
   2.2800000e+02  -6.7172075e-01   5.5648123e-01
   2.2900000e+02  -6.6618669e-01   5.5040480e-01
   2.3000000e+02  -6.5913009e-01   5.4223414e-01
   2.3100000e+02  -6.5172360e-01   5.3370273e-01
   2.3200000e+02  -6.4404521e-01   5.2582270e-01
   2.3300000e+02  -6.3762203e-01   5.2029277e-01
   2.3400000e+02  -6.3279822e-01   5.1697379e-01
   2.3500000e+02  -6.2802387e-01   5.1547283e-01
   2.3600000e+02  -6.2383179e-01   5.1496565e-01
   2.3700000e+02  -6.2027284e-01   5.1604757e-01
   2.3800000e+02  -6.1845231e-01   5.1772470e-01
   2.3900000e+02  -6.1695965e-01   5.1871835e-01
   2.4000000e+02  -6.1572845e-01   5.1896028e-01
   2.4100000e+02  -6.1401463e-01   5.1831154e-01
   2.4200000e+02  -6.1158082e-01   5.1670744e-01
   2.4300000e+02  -6.0903314e-01   5.1478082e-01
   2.4400000e+02  -6.0527137e-01   5.1080843e-01
   2.4500000e+02  -6.0154873e-01   5.0383952e-01
   2.4600000e+02  -5.9553746e-01   4.9262574e-01
   2.4700000e+02  -5.8814334e-01   4.7641755e-01
   2.4800000e+02  -5.8305123e-01   4.5920852e-01
   2.4900000e+02  -5.8607973e-01   4.4628680e-01
   2.5000000e+02  -5.9757472e-01   4.3844328e-01
   2.5100000e+02  -6.1332904e-01   4.3692365e-01
   2.5200000e+02  -6.3115395e-01   4.4024620e-01
   2.5300000e+02  -6.5055702e-01   4.4790715e-01
   2.5400000e+02  -6.6856384e-01   4.5925968e-01
   2.5500000e+02  -6.8335228e-01   4.6809118e-01
   2.5600000e+02  -6.9272169e-01   4.7061343e-01
   2.5700000e+02  -6.9709148e-01   4.6971832e-01
   2.5800000e+02  -6.9665805e-01   4.6472206e-01
   2.5900000e+02  -6.9191727e-01   4.5868834e-01
   2.6000000e+02  -6.8415765e-01   4.5252327e-01
   2.6100000e+02  -6.7312798e-01   4.4623824e-01
   2.6200000e+02  -6.5927289e-01   4.3752587e-01
   2.6300000e+02  -6.4360958e-01   4.2466247e-01
   2.6400000e+02  -6.2465674e-01   4.0632126e-01
   2.6500000e+02  -6.0278138e-01   3.8287923e-01
   2.6600000e+02  -5.7995230e-01   3.5761961e-01
   2.6700000e+02  -5.5744925e-01   3.3155693e-01
   2.6800000e+02  -5.3321014e-01   3.0082140e-01
   2.6900000e+02  -5.0347053e-01   2.7338481e-01
   2.7000000e+02  -4.6716325e-01   2.5276161e-01
   2.7100000e+02  -4.3968263e-01   2.4360208e-01
   2.7200000e+02  -4.1147436e-01   2.3498115e-01
   2.7300000e+02  -3.8627070e-01   2.2695493e-01
   2.7400000e+02  -3.6048143e-01   2.1816426e-01
   2.7500000e+02  -3.3854325e-01   2.0868606e-01
   2.7600000e+02  -3.1660885e-01   1.9975557e-01
   2.7700000e+02  -2.9300179e-01   1.9084727e-01
   2.7800000e+02  -2.6599520e-01   1.8058626e-01
   2.7900000e+02  -2.4050901e-01   1.6522056e-01
   2.8000000e+02  -2.1395936e-01   1.4521199e-01
   2.8100000e+02  -1.8833293e-01   1.2474978e-01
   2.8200000e+02  -1.7080670e-01   1.0411171e-01
