   7.7000000e+01  -1.3038137e+00   3.1544055e+00
   7.8000000e+01  -1.2937589e+00   3.1481374e+00
   7.9000000e+01  -1.2823542e+00   3.1448186e+00
   8.0000000e+01  -1.2687148e+00   3.1434861e+00
   8.1000000e+01  -1.2551208e+00   3.1423627e+00
   8.2000000e+01  -1.2404921e+00   3.1401398e+00
   8.3000000e+01  -1.2253958e+00   3.1381020e+00
   8.4000000e+01  -1.2098708e+00   3.1355872e+00
   8.5000000e+01  -1.1932619e+00   3.1339901e+00
   8.6000000e+01  -1.1778291e+00   3.1297933e+00
   8.7000000e+01  -1.1614277e+00   3.1242643e+00
   8.8000000e+01  -1.1448658e+00   3.1165821e+00
   8.9000000e+01  -1.1285733e+00   3.1054040e+00
   9.0000000e+01  -1.1145520e+00   3.0883436e+00
   9.1000000e+01  -1.1026796e+00   3.0681143e+00
   9.2000000e+01  -1.0933930e+00   3.0451754e+00
   9.3000000e+01  -1.0856614e+00   3.0227563e+00
   9.4000000e+01  -1.0786316e+00   2.9996716e+00
   9.5000000e+01  -1.0716113e+00   2.9760286e+00
   9.6000000e+01  -1.0652786e+00   2.9509823e+00
   9.7000000e+01  -1.0573370e+00   2.9244283e+00
   9.8000000e+01  -1.0503287e+00   2.8981063e+00
   9.9000000e+01  -1.0439322e+00   2.8722982e+00
   1.0000000e+02  -1.0373677e+00   2.8489948e+00
   1.0100000e+02  -1.0300895e+00   2.8284025e+00
   1.0200000e+02  -1.0224971e+00   2.8103257e+00
   1.0300000e+02  -1.0133993e+00   2.7943429e+00
   1.0400000e+02  -1.0027519e+00   2.7801103e+00
   1.0500000e+02  -9.9207829e-01   2.7673123e+00
   1.0600000e+02  -9.7955692e-01   2.7570240e+00
   1.0700000e+02  -9.6631633e-01   2.7493243e+00
   1.0800000e+02  -9.5283060e-01   2.7428495e+00
   1.0900000e+02  -9.3770323e-01   2.7381426e+00
   1.1000000e+02  -9.2139266e-01   2.7345049e+00
   1.1100000e+02  -9.0568785e-01   2.7324155e+00
   1.1200000e+02  -8.9007610e-01   2.7299727e+00
   1.1300000e+02  -8.7608398e-01   2.7272198e+00
   1.1400000e+02  -8.6562978e-01   2.7232216e+00
   1.1500000e+02  -8.5791968e-01   2.7172835e+00
   1.1600000e+02  -8.5298128e-01   2.7081928e+00
   1.1700000e+02  -8.5103669e-01   2.6962550e+00
   1.1800000e+02  -8.5192796e-01   2.6806845e+00
   1.1900000e+02  -8.5422486e-01   2.6621830e+00
   1.2000000e+02  -8.5809591e-01   2.6430996e+00
   1.2100000e+02  -8.6165941e-01   2.6229554e+00
   1.2200000e+02  -8.6388999e-01   2.6040985e+00
   1.2300000e+02  -8.6443359e-01   2.5882573e+00
   1.2400000e+02  -8.6426475e-01   2.5752913e+00
   1.2500000e+02  -8.6206031e-01   2.5662426e+00
   1.2600000e+02  -8.5683013e-01   2.5582054e+00
   1.2700000e+02  -8.4899145e-01   2.5507875e+00
   1.2800000e+02  -8.3834596e-01   2.5432798e+00
   1.2900000e+02  -8.2514244e-01   2.5358972e+00
   1.3000000e+02  -8.0839239e-01   2.5275834e+00
   1.3100000e+02  -7.9087990e-01   2.5186847e+00
   1.3200000e+02  -7.7352261e-01   2.5088713e+00
   1.3300000e+02  -7.5720704e-01   2.4977574e+00
   1.3400000e+02  -7.4590013e-01   2.4866600e+00
   1.3500000e+02  -7.3783673e-01   2.4738848e+00
   1.3600000e+02  -7.3486273e-01   2.4599963e+00
   1.3700000e+02  -7.3361370e-01   2.4453303e+00
   1.3800000e+02  -7.3390951e-01   2.4298667e+00
   1.3900000e+02  -7.3400155e-01   2.4165998e+00
   1.4000000e+02  -7.3484464e-01   2.4055629e+00
   1.4100000e+02  -7.3517658e-01   2.3966974e+00
   1.4200000e+02  -7.3518968e-01   2.3889759e+00
   1.4300000e+02  -7.3444754e-01   2.3818984e+00
   1.4400000e+02  -7.3312249e-01   2.3754969e+00
   1.4500000e+02  -7.3068155e-01   2.3686084e+00
   1.4600000e+02  -7.2652645e-01   2.3617922e+00
   1.4700000e+02  -7.2141728e-01   2.3543387e+00
   1.4800000e+02  -7.1460160e-01   2.3473838e+00
   1.4900000e+02  -7.0715864e-01   2.3404451e+00
   1.5000000e+02  -7.0018254e-01   2.3352661e+00
   1.5100000e+02  -6.9326777e-01   2.3316113e+00
   1.5200000e+02  -6.8825021e-01   2.3316886e+00
   1.5300000e+02  -6.8474185e-01   2.3335295e+00
   1.5400000e+02  -6.8257007e-01   2.3369782e+00
   1.5500000e+02  -6.8171007e-01   2.3417253e+00
   1.5600000e+02  -6.8096120e-01   2.3461511e+00
   1.5700000e+02  -6.7992220e-01   2.3504481e+00
   1.5800000e+02  -6.7911792e-01   2.3528762e+00
   1.5900000e+02  -6.7859456e-01   2.3538839e+00
   1.6000000e+02  -6.7911128e-01   2.3533127e+00
   1.6100000e+02  -6.8131753e-01   2.3526951e+00
   1.6200000e+02  -6.8431764e-01   2.3511429e+00
   1.6300000e+02  -6.8889991e-01   2.3486653e+00
   1.6400000e+02  -6.9350222e-01   2.3455913e+00
   1.6500000e+02  -6.9839603e-01   2.3431809e+00
   1.6600000e+02  -7.0290013e-01   2.3413617e+00
   1.6700000e+02  -7.0712262e-01   2.3398440e+00
   1.6800000e+02  -7.1042409e-01   2.3391005e+00
   1.6900000e+02  -7.1337775e-01   2.3395191e+00
   1.7000000e+02  -7.1575611e-01   2.3399743e+00
   1.7100000e+02  -7.1728490e-01   2.3400818e+00
   1.7200000e+02  -7.1896413e-01   2.3405883e+00
   1.7300000e+02  -7.2024076e-01   2.3407089e+00
   1.7400000e+02  -7.2109276e-01   2.3414386e+00
   1.7500000e+02  -7.2141115e-01   2.3412853e+00
   1.7600000e+02  -7.2369082e-01   2.3407164e+00
   1.7700000e+02  -7.2451877e-01   2.3407892e+00
   1.7800000e+02  -7.2599529e-01   2.3404103e+00
   1.7900000e+02  -7.2886134e-01   2.3405964e+00
   1.8000000e+02  -7.3269250e-01   2.3413222e+00
   1.8100000e+02  -7.3590651e-01   2.3423065e+00
   1.8200000e+02  -7.4119139e-01   2.3423425e+00
   1.8300000e+02  -7.4744821e-01   2.3410925e+00
   1.8400000e+02  -7.5147954e-01   2.3404477e+00
   1.8500000e+02  -7.5712794e-01   2.3398187e+00
   1.8600000e+02  -7.6333521e-01   2.3382743e+00
   1.8700000e+02  -7.7048923e-01   2.3355541e+00
   1.8800000e+02  -7.7729168e-01   2.3322381e+00
   1.8900000e+02  -7.8409457e-01   2.3295686e+00
   1.9000000e+02  -7.8983577e-01   2.3277666e+00
   1.9100000e+02  -7.9441120e-01   2.3269936e+00
   1.9200000e+02  -7.9872789e-01   2.3253922e+00
   1.9300000e+02  -8.0231221e-01   2.3228075e+00
   1.9400000e+02  -8.0662271e-01   2.3197366e+00
   1.9500000e+02  -8.1044172e-01   2.3152797e+00
   1.9600000e+02  -8.1291752e-01   2.3111413e+00
   1.9700000e+02  -8.1498780e-01   2.3074794e+00
   1.9800000e+02  -8.1639431e-01   2.3050739e+00
   1.9900000e+02  -8.1680031e-01   2.3034831e+00
   2.0000000e+02  -8.1678731e-01   2.3030980e+00
   2.0100000e+02  -8.1589483e-01   2.3042074e+00
   2.0200000e+02  -8.1358620e-01   2.3048967e+00
   2.0300000e+02  -8.0997100e-01   2.3047780e+00
   2.0400000e+02  -8.0477452e-01   2.3026488e+00
   2.0500000e+02  -7.9732740e-01   2.2990847e+00
   2.0600000e+02  -7.9141907e-01   2.2938319e+00
   2.0700000e+02  -7.8488772e-01   2.2867153e+00
   2.0800000e+02  -7.7923112e-01   2.2776240e+00
   2.0900000e+02  -7.7452449e-01   2.2692786e+00
   2.1000000e+02  -7.6996880e-01   2.2627063e+00
   2.1100000e+02  -7.6634747e-01   2.2584171e+00
   2.1200000e+02  -7.6225104e-01   2.2551339e+00
   2.1300000e+02  -7.5755823e-01   2.2534071e+00
   2.1400000e+02  -7.5094572e-01   2.2524374e+00
   2.1500000e+02  -7.4387751e-01   2.2522214e+00
   2.1600000e+02  -7.3506270e-01   2.2521653e+00
   2.1700000e+02  -7.2575104e-01   2.2524675e+00
   2.1800000e+02  -7.1583415e-01   2.2548693e+00
   2.1900000e+02  -7.0484744e-01   2.2587873e+00
   2.2000000e+02  -6.9345780e-01   2.2638726e+00
   2.2100000e+02  -6.8054841e-01   2.2702470e+00
   2.2200000e+02  -6.6758437e-01   2.2765659e+00
   2.2300000e+02  -6.5558704e-01   2.2826106e+00
   2.2400000e+02  -6.4551049e-01   2.2861646e+00
   2.2500000e+02  -6.3738050e-01   2.2892423e+00
   2.2600000e+02  -6.3193158e-01   2.2918631e+00
   2.2700000e+02  -6.2755642e-01   2.2940330e+00
   2.2800000e+02  -6.2356613e-01   2.2944306e+00
   2.2900000e+02  -6.1988264e-01   2.2932820e+00
   2.3000000e+02  -6.1778634e-01   2.2911417e+00
   2.3100000e+02  -6.1601328e-01   2.2873770e+00
   2.3200000e+02  -6.1485035e-01   2.2820941e+00
   2.3300000e+02  -6.1612088e-01   2.2748933e+00
   2.3400000e+02  -6.1786905e-01   2.2672442e+00
   2.3500000e+02  -6.2226738e-01   2.2591849e+00
   2.3600000e+02  -6.2792105e-01   2.2520181e+00
   2.3700000e+02  -6.3492840e-01   2.2449125e+00
   2.3800000e+02  -6.4148917e-01   2.2385757e+00
   2.3900000e+02  -6.4799363e-01   2.2336388e+00
   2.4000000e+02  -6.5326005e-01   2.2290408e+00
   2.4100000e+02  -6.5760366e-01   2.2266511e+00
   2.4200000e+02  -6.5961174e-01   2.2244885e+00
   2.4300000e+02  -6.5895304e-01   2.2230757e+00
   2.4400000e+02  -6.5635697e-01   2.2217730e+00
   2.4500000e+02  -6.5177104e-01   2.2216451e+00
   2.4600000e+02  -6.4479977e-01   2.2234198e+00
   2.4700000e+02  -6.3723570e-01   2.2250218e+00
   2.4800000e+02  -6.2791591e-01   2.2285019e+00
   2.4900000e+02  -6.1751467e-01   2.2316518e+00
   2.5000000e+02  -6.0579931e-01   2.2350351e+00
   2.5100000e+02  -5.9248803e-01   2.2375642e+00
   2.5200000e+02  -5.7769817e-01   2.2397100e+00
   2.5300000e+02  -5.6198153e-01   2.2410498e+00
   2.5400000e+02  -5.4818070e-01   2.2406962e+00
   2.5500000e+02  -5.3630676e-01   2.2382572e+00
   2.5600000e+02  -5.2570958e-01   2.2348418e+00
   2.5700000e+02  -5.1889216e-01   2.2301999e+00
   2.5800000e+02  -5.1666505e-01   2.2257886e+00
   2.5900000e+02  -5.1908126e-01   2.2209188e+00
   2.6000000e+02  -5.2642849e-01   2.2153602e+00
   2.6100000e+02  -5.3724807e-01   2.2090537e+00
   2.6200000e+02  -5.5057469e-01   2.2022773e+00
   2.6300000e+02  -5.6609121e-01   2.1952688e+00
   2.6400000e+02  -5.8202631e-01   2.1877835e+00
   2.6500000e+02  -5.9829019e-01   2.1801994e+00
   2.6600000e+02  -6.1412695e-01   2.1721403e+00
   2.6700000e+02  -6.2759883e-01   2.1640649e+00
   2.6800000e+02  -6.3871637e-01   2.1553308e+00
   2.6900000e+02  -6.4640159e-01   2.1468365e+00
   2.7000000e+02  -6.5178227e-01   2.1384661e+00
   2.7100000e+02  -6.5459973e-01   2.1310211e+00
   2.7200000e+02  -6.5521842e-01   2.1252765e+00
   2.7300000e+02  -6.5402098e-01   2.1208320e+00
   2.7400000e+02  -6.5000141e-01   2.1190155e+00
   2.7500000e+02  -6.4503738e-01   2.1181383e+00
   2.7600000e+02  -6.3703941e-01   2.1190176e+00
   2.7700000e+02  -6.2713953e-01   2.1219036e+00
   2.7800000e+02  -6.1642279e-01   2.1245656e+00
   2.7900000e+02  -6.0499782e-01   2.1281552e+00
   2.8000000e+02  -5.9242783e-01   2.1316728e+00
   2.8100000e+02  -5.8065434e-01   2.1358710e+00
   2.8200000e+02  -5.6876736e-01   2.1401537e+00
   2.8300000e+02  -5.5782224e-01   2.1433271e+00
   2.8400000e+02  -5.4774539e-01   2.1472007e+00
   2.8500000e+02  -5.3796623e-01   2.1497909e+00
   2.8600000e+02  -5.2915369e-01   2.1523356e+00
   2.8700000e+02  -5.2105886e-01   2.1547636e+00
   2.8800000e+02  -5.1365009e-01   2.1571864e+00
   2.8900000e+02  -5.0577257e-01   2.1577177e+00
   2.9000000e+02  -4.9902873e-01   2.1584160e+00
   2.9100000e+02  -4.9318303e-01   2.1589375e+00
   2.9200000e+02  -4.8746218e-01   2.1590298e+00
   2.9300000e+02  -4.8226776e-01   2.1595295e+00
   2.9400000e+02  -4.7702861e-01   2.1603411e+00
   2.9500000e+02  -4.7239528e-01   2.1611864e+00
   2.9600000e+02  -4.6703275e-01   2.1618383e+00
   2.9700000e+02  -4.6209783e-01   2.1620792e+00
   2.9800000e+02  -4.5761551e-01   2.1612569e+00
   2.9900000e+02  -4.5285518e-01   2.1593496e+00
   3.0000000e+02  -4.4909556e-01   2.1561400e+00
   3.0100000e+02  -4.4601076e-01   2.1510389e+00
   3.0200000e+02  -4.4426259e-01   2.1464710e+00
   3.0300000e+02  -4.4553538e-01   2.1412475e+00
   3.0400000e+02  -4.4894357e-01   2.1355048e+00
   3.0500000e+02  -4.5326371e-01   2.1287342e+00
   3.0600000e+02  -4.5908195e-01   2.1229155e+00
   3.0700000e+02  -4.6420250e-01   2.1165933e+00
   3.0800000e+02  -4.6903366e-01   2.1099396e+00
   3.0900000e+02  -4.7427832e-01   2.1040516e+00
   3.1000000e+02  -4.7947777e-01   2.0979770e+00
   3.1100000e+02  -4.8429842e-01   2.0909217e+00
   3.1200000e+02  -4.8884105e-01   2.0826841e+00
   3.1300000e+02  -4.9245107e-01   2.0722428e+00
   3.1400000e+02  -4.9556837e-01   2.0613980e+00
   3.1500000e+02  -4.9858697e-01   2.0512297e+00
   3.1600000e+02  -5.0046955e-01   2.0405897e+00
   3.1700000e+02  -5.0169116e-01   2.0301274e+00
   3.1800000e+02  -5.0179004e-01   2.0208452e+00
   3.1900000e+02  -4.9998440e-01   2.0128297e+00
   3.2000000e+02  -4.9738298e-01   2.0061014e+00
   3.2100000e+02  -4.9279762e-01   2.0011439e+00
   3.2200000e+02  -4.8605375e-01   1.9979663e+00
   3.2300000e+02  -4.7833065e-01   1.9962168e+00
   3.2400000e+02  -4.6886278e-01   1.9948925e+00
   3.2500000e+02  -4.5840972e-01   1.9945342e+00
   3.2600000e+02  -4.4806928e-01   1.9950718e+00
   3.2700000e+02  -4.3800359e-01   1.9957075e+00
   3.2800000e+02  -4.2835026e-01   1.9948805e+00
   3.2900000e+02  -4.2026765e-01   1.9937880e+00
   3.3000000e+02  -4.1222687e-01   1.9912418e+00
   3.3100000e+02  -4.0586606e-01   1.9876234e+00
   3.3200000e+02  -4.0077769e-01   1.9842060e+00
   3.3300000e+02  -3.9806317e-01   1.9801653e+00
   3.3400000e+02  -3.9521005e-01   1.9756686e+00
   3.3500000e+02  -3.9356839e-01   1.9702350e+00
   3.3600000e+02  -3.9224624e-01   1.9655090e+00
   3.3700000e+02  -3.9126919e-01   1.9615914e+00
   3.3800000e+02  -3.9005314e-01   1.9584036e+00
   3.3900000e+02  -3.8818523e-01   1.9548529e+00
   3.4000000e+02  -3.8679893e-01   1.9510241e+00
   3.4100000e+02  -3.8500446e-01   1.9463736e+00
   3.4200000e+02  -3.8412156e-01   1.9400217e+00
   3.4300000e+02  -3.8480658e-01   1.9322230e+00
   3.4400000e+02  -3.8695468e-01   1.9243543e+00
   3.4500000e+02  -3.9204851e-01   1.9165484e+00
   3.4600000e+02  -3.9861154e-01   1.9085926e+00
   3.4700000e+02  -4.0661395e-01   1.9009578e+00
   3.4800000e+02  -4.1552123e-01   1.8927576e+00
   3.4900000e+02  -4.2403319e-01   1.8850854e+00
   3.5000000e+02  -4.3050741e-01   1.8781903e+00
   3.5100000e+02  -4.3630465e-01   1.8720263e+00
   3.5200000e+02  -4.4041745e-01   1.8660002e+00
   3.5300000e+02  -4.4224676e-01   1.8609769e+00
   3.5400000e+02  -4.4387754e-01   1.8564953e+00
   3.5500000e+02  -4.4377538e-01   1.8516101e+00
   3.5600000e+02  -4.4231977e-01   1.8465967e+00
   3.5700000e+02  -4.4151004e-01   1.8413668e+00
   3.5800000e+02  -4.3833819e-01   1.8357138e+00
   3.5900000e+02  -4.3414298e-01   1.8310370e+00
   3.6000000e+02  -4.2807553e-01   1.8277230e+00
   3.6100000e+02  -4.2048982e-01   1.8261900e+00
   3.6200000e+02  -4.1179707e-01   1.8271120e+00
   3.6300000e+02  -4.0151696e-01   1.8289093e+00
   3.6400000e+02  -3.8999590e-01   1.8316149e+00
   3.6500000e+02  -3.7694214e-01   1.8353282e+00
   3.6600000e+02  -3.6277111e-01   1.8392126e+00
   3.6700000e+02  -3.4774771e-01   1.8426321e+00
   3.6800000e+02  -3.3347606e-01   1.8456877e+00
   3.6900000e+02  -3.1827825e-01   1.8477504e+00
   3.7000000e+02  -3.0517551e-01   1.8492795e+00
   3.7100000e+02  -2.9289479e-01   1.8506088e+00
   3.7200000e+02  -2.8378430e-01   1.8518168e+00
   3.7300000e+02  -2.7700102e-01   1.8511163e+00
   3.7400000e+02  -2.7315421e-01   1.8494853e+00
   3.7500000e+02  -2.7354797e-01   1.8467855e+00
   3.7600000e+02  -2.7522471e-01   1.8424253e+00
   3.7700000e+02  -2.8075859e-01   1.8378746e+00
   3.7800000e+02  -2.8817300e-01   1.8330850e+00
   3.7900000e+02  -2.9796299e-01   1.8274865e+00
   3.8000000e+02  -3.0833401e-01   1.8216113e+00
   3.8100000e+02  -3.1880330e-01   1.8163813e+00
   3.8200000e+02  -3.2857947e-01   1.8117183e+00
   3.8300000e+02  -3.3741280e-01   1.8086780e+00
   3.8400000e+02  -3.4437769e-01   1.8063369e+00
   3.8500000e+02  -3.5095023e-01   1.8054698e+00
   3.8600000e+02  -3.5570374e-01   1.8050673e+00
   3.8700000e+02  -3.5885180e-01   1.8053219e+00
   3.8800000e+02  -3.6113456e-01   1.8049581e+00
   3.8900000e+02  -3.6317803e-01   1.8043191e+00
   3.9000000e+02  -3.6579326e-01   1.8028378e+00
   3.9100000e+02  -3.6827602e-01   1.8006781e+00
   3.9200000e+02  -3.6972798e-01   1.7987138e+00
   3.9300000e+02  -3.7088787e-01   1.7955206e+00
   3.9400000e+02  -3.7236664e-01   1.7907825e+00
   3.9500000e+02  -3.7399141e-01   1.7857813e+00
   3.9600000e+02  -3.7662292e-01   1.7798130e+00
   3.9700000e+02  -3.7817080e-01   1.7716725e+00
   3.9800000e+02  -3.7839751e-01   1.7643607e+00
   3.9900000e+02  -3.7795165e-01   1.7577619e+00
   4.0000000e+02  -3.7609730e-01   1.7518671e+00
   4.0100000e+02  -3.7322275e-01   1.7470898e+00
   4.0200000e+02  -3.6859519e-01   1.7443762e+00
   4.0300000e+02  -3.6289785e-01   1.7427741e+00
   4.0400000e+02  -3.5599991e-01   1.7421482e+00
   4.0500000e+02  -3.4800829e-01   1.7426684e+00
   4.0600000e+02  -3.3837237e-01   1.7424817e+00
   4.0700000e+02  -3.2742938e-01   1.7423159e+00
   4.0800000e+02  -3.1720752e-01   1.7408102e+00
   4.0900000e+02  -3.0716058e-01   1.7376320e+00
   4.1000000e+02  -3.0065237e-01   1.7326372e+00
   4.1100000e+02  -2.9705081e-01   1.7249730e+00
   4.1200000e+02  -2.9607001e-01   1.7151355e+00
   4.1300000e+02  -2.9811020e-01   1.7028390e+00
   4.1400000e+02  -3.0187920e-01   1.6897001e+00
   4.1500000e+02  -3.0664297e-01   1.6761683e+00
   4.1600000e+02  -3.1022304e-01   1.6629085e+00
   4.1700000e+02  -3.1360459e-01   1.6520805e+00
   4.1800000e+02  -3.1642172e-01   1.6453931e+00
   4.1900000e+02  -3.1946887e-01   1.6412084e+00
   4.2000000e+02  -3.2135590e-01   1.6384602e+00
   4.2100000e+02  -3.2185719e-01   1.6362250e+00
   4.2200000e+02  -3.2041142e-01   1.6352280e+00
   4.2300000e+02  -3.1712105e-01   1.6346207e+00
   4.2400000e+02  -3.1308269e-01   1.6364607e+00
   4.2500000e+02  -3.0974991e-01   1.6391940e+00
   4.2600000e+02  -3.0716037e-01   1.6422340e+00
   4.2700000e+02  -3.0507020e-01   1.6467058e+00
   4.2800000e+02  -3.0290496e-01   1.6501759e+00
   4.2900000e+02  -3.0029905e-01   1.6527270e+00
   4.3000000e+02  -2.9761047e-01   1.6547923e+00
   4.3100000e+02  -2.9497469e-01   1.6555716e+00
   4.3200000e+02  -2.9216899e-01   1.6557779e+00
   4.3300000e+02  -2.8987487e-01   1.6551313e+00
   4.3400000e+02  -2.8727861e-01   1.6520589e+00
   4.3500000e+02  -2.8627239e-01   1.6498420e+00
   4.3600000e+02  -2.8532492e-01   1.6467619e+00
   4.3700000e+02  -2.8591642e-01   1.6436741e+00
   4.3800000e+02  -2.8718513e-01   1.6382850e+00
   4.3900000e+02  -2.8818774e-01   1.6316956e+00
   4.4000000e+02  -2.8969293e-01   1.6246925e+00
   4.4100000e+02  -2.9172461e-01   1.6186247e+00
   4.4200000e+02  -2.9289430e-01   1.6128684e+00
   4.4300000e+02  -2.9217596e-01   1.6073032e+00
   4.4400000e+02  -2.9076246e-01   1.6028030e+00
   4.4500000e+02  -2.8715100e-01   1.5986356e+00
   4.4600000e+02  -2.8350209e-01   1.5936905e+00
   4.4700000e+02  -2.7754268e-01   1.5877575e+00
   4.4800000e+02  -2.6997428e-01   1.5783711e+00
   4.4900000e+02  -2.6241690e-01   1.5670231e+00
   4.5000000e+02  -2.5539392e-01   1.5545000e+00
   4.5100000e+02  -2.4785065e-01   1.5416413e+00
   4.5200000e+02  -2.4153018e-01   1.5304352e+00
   4.5300000e+02  -2.3516732e-01   1.5211679e+00
   4.5400000e+02  -2.2877558e-01   1.5138246e+00
   4.5500000e+02  -2.2102845e-01   1.5071073e+00
   4.5600000e+02  -2.1255324e-01   1.5010037e+00
   4.5700000e+02  -2.0377118e-01   1.4952837e+00
   4.5800000e+02  -1.9293614e-01   1.4885919e+00
   4.5900000e+02  -1.8055807e-01   1.4808485e+00
   4.6000000e+02  -1.6773950e-01   1.4718469e+00
   4.6100000e+02  -1.5529432e-01   1.4597633e+00
   4.6200000e+02  -1.4388096e-01   1.4463352e+00
   4.6300000e+02  -1.3542471e-01   1.4310910e+00
   4.6400000e+02  -1.2897195e-01   1.4142142e+00
   4.6500000e+02  -1.2470747e-01   1.3987730e+00
   4.6600000e+02  -1.2144915e-01   1.3837654e+00
   4.6700000e+02  -1.1964373e-01   1.3705448e+00
   4.6800000e+02  -1.1786506e-01   1.3602528e+00
   4.6900000e+02  -1.1792311e-01   1.3507368e+00
   4.7000000e+02  -1.1844285e-01   1.3430796e+00
   4.7100000e+02  -1.1804352e-01   1.3344494e+00
   4.7200000e+02  -1.1690844e-01   1.3266320e+00
   4.7300000e+02  -1.1522578e-01   1.3182073e+00
   4.7400000e+02  -1.1318201e-01   1.3095413e+00
   4.7500000e+02  -1.1117883e-01   1.3006729e+00
   4.7600000e+02  -1.0887156e-01   1.2929532e+00
   4.7700000e+02  -1.0721115e-01   1.2856261e+00
   4.7800000e+02  -1.0537455e-01   1.2796512e+00
   4.7900000e+02  -1.0223484e-01   1.2746612e+00
   4.8000000e+02  -9.6576298e-02   1.2700207e+00
   4.8100000e+02  -8.8693789e-02   1.2654509e+00
   4.8200000e+02  -7.8551132e-02   1.2609771e+00
   4.8300000e+02  -6.8730261e-02   1.2572954e+00
   4.8400000e+02  -5.9031065e-02   1.2532488e+00
   4.8500000e+02  -5.0547435e-02   1.2490617e+00
   4.8600000e+02  -4.2302762e-02   1.2438604e+00
   4.8700000e+02  -3.4282065e-02   1.2389721e+00
   4.8800000e+02  -2.6489876e-02   1.2343697e+00
   4.8900000e+02  -1.9967501e-02   1.2297701e+00
   4.9000000e+02  -1.4498181e-02   1.2244065e+00
   4.9100000e+02  -1.2342346e-02   1.2188908e+00
   4.9200000e+02  -1.3260667e-02   1.2119106e+00
   4.9300000e+02  -1.7024426e-02   1.2025416e+00
   4.9400000e+02  -2.4615345e-02   1.1923962e+00
   4.9500000e+02  -3.4337660e-02   1.1817887e+00
   4.9600000e+02  -4.5697962e-02   1.1709057e+00
   4.9700000e+02  -5.4536405e-02   1.1596005e+00
   4.9800000e+02  -6.1688178e-02   1.1483225e+00
   4.9900000e+02  -6.6373431e-02   1.1362801e+00
   5.0000000e+02  -7.1168926e-02   1.1247188e+00
   5.0100000e+02  -7.6998963e-02   1.1109432e+00
   5.0200000e+02  -8.2636876e-02   1.0966723e+00
   5.0300000e+02  -8.6977654e-02   1.0822831e+00
   5.0400000e+02  -9.0192694e-02   1.0686780e+00
   5.0500000e+02  -9.1212841e-02   1.0556717e+00
   5.0600000e+02  -9.2296157e-02   1.0451391e+00
   5.0700000e+02  -9.2073878e-02   1.0375914e+00
   5.0800000e+02  -9.0657323e-02   1.0330007e+00
   5.0900000e+02  -8.8937989e-02   1.0295737e+00
   5.1000000e+02  -8.7777249e-02   1.0262387e+00
   5.1100000e+02  -8.8748751e-02   1.0218601e+00
   5.1200000e+02  -9.2126632e-02   1.0170720e+00
   5.1300000e+02  -9.7031612e-02   1.0120176e+00
   5.1400000e+02  -1.0415356e-01   1.0063403e+00
   5.1500000e+02  -1.1181049e-01   1.0004615e+00
   5.1600000e+02  -1.1978850e-01   9.9509854e-01
   5.1700000e+02  -1.2703514e-01   9.8902368e-01
   5.1800000e+02  -1.3483200e-01   9.8258094e-01
   5.1900000e+02  -1.4334844e-01   9.7383484e-01
   5.2000000e+02  -1.4971429e-01   9.6646156e-01
   5.2100000e+02  -1.5451940e-01   9.6116258e-01
   5.2200000e+02  -1.5582229e-01   9.5690553e-01
   5.2300000e+02  -1.5560657e-01   9.5352525e-01
   5.2400000e+02  -1.5328900e-01   9.5170511e-01
   5.2500000e+02  -1.4977235e-01   9.5000771e-01
   5.2600000e+02  -1.4431493e-01   9.5026635e-01
   5.2700000e+02  -1.3702577e-01   9.5109055e-01
   5.2800000e+02  -1.2788976e-01   9.5307401e-01
   5.2900000e+02  -1.1423818e-01   9.5587539e-01
   5.3000000e+02  -1.0233192e-01   9.5311491e-01
   5.3100000e+02  -8.7356886e-02   9.5605089e-01
   5.3200000e+02  -7.4838935e-02   9.5164043e-01
   5.3300000e+02  -6.1431888e-02   9.4835187e-01
   5.3400000e+02  -4.9898054e-02   9.4312812e-01
   5.3500000e+02  -4.0639325e-02   9.3505771e-01
   5.3600000e+02  -3.3135978e-02   9.2473400e-01
   5.3700000e+02  -2.6241740e-02   9.1299966e-01
   5.3800000e+02  -2.0382028e-02   9.0249285e-01
   5.3900000e+02  -1.7421646e-02   8.9049696e-01
   5.4000000e+02  -1.5693773e-02   8.7988342e-01
   5.4100000e+02  -1.3299753e-02   8.6953135e-01
   5.4200000e+02  -1.3998903e-02   8.5843572e-01
   5.4300000e+02  -1.5539331e-02   8.4865059e-01
   5.4400000e+02  -1.8612384e-02   8.3834084e-01
   5.4500000e+02  -2.2364876e-02   8.3206057e-01
   5.4600000e+02  -2.8689655e-02   8.2314625e-01
   5.4700000e+02  -3.4333677e-02   8.1416386e-01
   5.4800000e+02  -3.9079965e-02   8.0592801e-01
   5.4900000e+02  -4.3611006e-02   7.9721095e-01
   5.5000000e+02  -4.7316509e-02   7.8949521e-01
   5.5100000e+02  -5.1553150e-02   7.8411575e-01
   5.5200000e+02  -5.3908225e-02   7.7345930e-01
   5.5300000e+02  -5.6115782e-02   7.6254651e-01
   5.5400000e+02  -5.7412956e-02   7.5164087e-01
   5.5500000e+02  -5.8972288e-02   7.3608905e-01
   5.5600000e+02  -5.9635071e-02   7.2660387e-01
   5.5700000e+02  -5.8077733e-02   7.1066947e-01
   5.5800000e+02  -5.5198041e-02   7.0069776e-01
   5.5900000e+02  -5.1601462e-02   6.8916027e-01
   5.6000000e+02  -4.7633335e-02   6.7742165e-01
   5.6100000e+02  -4.3394532e-02   6.6493844e-01
   5.6200000e+02  -3.8729601e-02   6.5198180e-01
   5.6300000e+02  -3.2926647e-02   6.3998444e-01
   5.6400000e+02  -2.6277195e-02   6.3080254e-01
   5.6500000e+02  -1.8947571e-02   6.2499325e-01
   5.6600000e+02  -6.2786843e-03   6.2184648e-01
   5.6700000e+02   6.3245829e-03   6.2488760e-01
   5.6800000e+02   2.1719794e-02   6.3173467e-01
   5.6900000e+02   3.8688199e-02   6.4256715e-01
   5.7000000e+02   5.6809946e-02   6.5438799e-01
   5.7100000e+02   7.4483410e-02   6.6266132e-01
   5.7200000e+02   8.4670699e-02   6.6691867e-01
   5.7300000e+02   9.1254757e-02   6.6669860e-01
   5.7400000e+02   9.5008374e-02   6.6357308e-01
   5.7500000e+02   9.7372656e-02   6.5884124e-01
   5.7600000e+02   9.8412030e-02   6.5138541e-01
   5.7700000e+02   9.8167839e-02   6.4354575e-01
   5.7800000e+02   9.7495213e-02   6.3260764e-01
   5.7900000e+02   9.5426843e-02   6.2000263e-01
   5.8000000e+02   9.2494228e-02   6.0669377e-01
   5.8100000e+02   8.9410895e-02   5.9134098e-01
   5.8200000e+02   8.6007331e-02   5.7584742e-01
   5.8300000e+02   8.3978732e-02   5.5868761e-01
   5.8400000e+02   8.3491277e-02   5.4169875e-01
   5.8500000e+02   8.2884873e-02   5.2600394e-01
   5.8600000e+02   8.1758558e-02   5.1081632e-01
   5.8700000e+02   8.0495195e-02   4.9371976e-01
   5.8800000e+02   8.0841956e-02   4.7363060e-01
   5.8900000e+02   8.6761228e-02   4.4596293e-01
   5.9000000e+02   8.9642102e-02   4.2590927e-01
   5.9100000e+02   9.2957947e-02   4.0319412e-01
   5.9200000e+02   9.7011728e-02   3.7899428e-01
   5.9300000e+02   1.0023201e-01   3.5314882e-01
   5.9400000e+02   1.0513422e-01   3.2266582e-01
   5.9500000e+02   1.0913849e-01   2.9734615e-01
   5.9600000e+02   1.0976980e-01   2.7530081e-01
   5.9700000e+02   1.1046782e-01   2.5572341e-01
   5.9800000e+02   1.0938678e-01   2.3935628e-01
   5.9900000e+02   1.0900518e-01   2.2486865e-01
   6.0000000e+02   1.1374518e-01   2.1360996e-01
   6.0100000e+02   1.2169269e-01   2.0106799e-01
   6.0200000e+02   1.2549678e-01   1.9156632e-01
   6.0300000e+02   1.2583027e-01   1.8102862e-01
   6.0400000e+02   1.2302337e-01   1.7070040e-01
   6.0500000e+02   1.2318000e-01   1.5628288e-01
   6.0600000e+02   1.2325824e-01   1.3444461e-01
   6.0700000e+02   1.2329928e-01   1.0797174e-01
