   1.0000000e+00   1.7487062e+00   1.3677159e+00
   2.0000000e+00   1.7487955e+00   1.3678112e+00
   3.0000000e+00   1.7487932e+00   1.3680315e+00
   4.0000000e+00   1.7484919e+00   1.3680446e+00
   5.0000000e+00   1.7481455e+00   1.3686138e+00
   6.0000000e+00   1.7480623e+00   1.3689999e+00
   7.0000000e+00   1.7478188e+00   1.3692908e+00
   8.0000000e+00   1.7477786e+00   1.3697329e+00
   9.0000000e+00   1.7472593e+00   1.3702814e+00
   1.0000000e+01   1.7470957e+00   1.3702409e+00
   1.1000000e+01   1.7468541e+00   1.3704361e+00
   1.2000000e+01   1.7464400e+00   1.3704922e+00
   1.3000000e+01   1.7463553e+00   1.3699716e+00
   1.4000000e+01   1.7456387e+00   1.3699376e+00
   1.5000000e+01   1.7451435e+00   1.3697631e+00
   1.6000000e+01   1.7441586e+00   1.3696495e+00
   1.7000000e+01   1.7434002e+00   1.3696536e+00
   1.8000000e+01   1.7428470e+00   1.3692970e+00
   1.9000000e+01   1.7418861e+00   1.3694096e+00
   2.0000000e+01   1.7416004e+00   1.3689641e+00
   2.1000000e+01   1.7413099e+00   1.3685475e+00
   2.2000000e+01   1.7408218e+00   1.3681437e+00
   2.3000000e+01   1.7406072e+00   1.3681155e+00
   2.4000000e+01   1.7402660e+00   1.3676611e+00
   2.5000000e+01   1.7409074e+00   1.3679475e+00
   2.6000000e+01   1.7404687e+00   1.3675435e+00
   2.7000000e+01   1.7404173e+00   1.3676697e+00
   2.8000000e+01   1.7404292e+00   1.3673477e+00
   2.9000000e+01   1.7405466e+00   1.3673306e+00
   3.0000000e+01   1.7407341e+00   1.3671432e+00
   3.1000000e+01   1.7406002e+00   1.3670039e+00
   3.2000000e+01   1.7405801e+00   1.3665940e+00
   3.3000000e+01   1.7405255e+00   1.3662813e+00
   3.4000000e+01   1.7405958e+00   1.3656129e+00
   3.5000000e+01   1.7405181e+00   1.3653124e+00
   3.6000000e+01   1.7406566e+00   1.3645784e+00
   3.7000000e+01   1.7411002e+00   1.3644600e+00
   3.8000000e+01   1.7410101e+00   1.3637268e+00
   3.9000000e+01   1.7411422e+00   1.3626086e+00
   4.0000000e+01   1.7410263e+00   1.3617630e+00
   4.1000000e+01   1.7413780e+00   1.3609767e+00
   4.2000000e+01   1.7411460e+00   1.3597747e+00
   4.3000000e+01   1.7413040e+00   1.3587809e+00
   4.4000000e+01   1.7413408e+00   1.3579788e+00
   4.5000000e+01   1.7415584e+00   1.3567266e+00
   4.6000000e+01   1.7417689e+00   1.3557296e+00
   4.7000000e+01   1.7419544e+00   1.3548040e+00
   4.8000000e+01   1.7418078e+00   1.3534969e+00
   4.9000000e+01   1.7410764e+00   1.3520202e+00
   5.0000000e+01   1.7404280e+00   1.3502652e+00
   5.1000000e+01   1.7406484e+00   1.3486758e+00
   5.2000000e+01   1.7399059e+00   1.3468984e+00
   5.3000000e+01   1.7399617e+00   1.3455951e+00
   5.4000000e+01   1.7398485e+00   1.3440387e+00
   5.5000000e+01   1.7400604e+00   1.3422928e+00
   5.6000000e+01   1.7400723e+00   1.3407465e+00
   5.7000000e+01   1.7410668e+00   1.3386985e+00
   5.8000000e+01   1.7422240e+00   1.3369383e+00
   5.9000000e+01   1.7433067e+00   1.3352832e+00
   6.0000000e+01   1.7439038e+00   1.3329979e+00
   6.1000000e+01   1.7455246e+00   1.3300222e+00
   6.2000000e+01   1.7473824e+00   1.3277320e+00
   6.3000000e+01   1.7486083e+00   1.3243002e+00
   6.4000000e+01   1.7510901e+00   1.3209287e+00
   6.5000000e+01   1.7533246e+00   1.3169016e+00
   6.6000000e+01   1.7564158e+00   1.3127492e+00
   6.7000000e+01   1.7591421e+00   1.3080297e+00
   6.8000000e+01   1.7622811e+00   1.3030346e+00
   6.9000000e+01   1.7641254e+00   1.2977100e+00
   7.0000000e+01   1.7652532e+00   1.2934077e+00
   7.1000000e+01   1.7647897e+00   1.2893672e+00
   7.2000000e+01   1.7628505e+00   1.2860137e+00
   7.3000000e+01   1.7587819e+00   1.2837650e+00
   7.4000000e+01   1.7536686e+00   1.2830801e+00
   7.5000000e+01   1.7459474e+00   1.2840776e+00
   7.6000000e+01   1.7366390e+00   1.2868257e+00
   7.7000000e+01   1.7260656e+00   1.2914226e+00
   7.8000000e+01   1.7150543e+00   1.2975602e+00
   7.9000000e+01   1.7042785e+00   1.3036495e+00
   8.0000000e+01   1.6925636e+00   1.3099001e+00
   8.1000000e+01   1.6806400e+00   1.3158066e+00
   8.2000000e+01   1.6682474e+00   1.3201737e+00
   8.3000000e+01   1.6564117e+00   1.3230635e+00
   8.4000000e+01   1.6449728e+00   1.3247095e+00
   8.5000000e+01   1.6323509e+00   1.3236777e+00
   8.6000000e+01   1.6216602e+00   1.3209970e+00
   8.7000000e+01   1.6101251e+00   1.3165096e+00
   8.8000000e+01   1.5987324e+00   1.3106506e+00
   8.9000000e+01   1.5874779e+00   1.3032701e+00
   9.0000000e+01   1.5759243e+00   1.2937995e+00
   9.1000000e+01   1.5650788e+00   1.2834565e+00
   9.2000000e+01   1.5544826e+00   1.2723518e+00
   9.3000000e+01   1.5449691e+00   1.2599225e+00
   9.4000000e+01   1.5367715e+00   1.2465767e+00
   9.5000000e+01   1.5294290e+00   1.2332246e+00
   9.6000000e+01   1.5223120e+00   1.2205181e+00
   9.7000000e+01   1.5158875e+00   1.2089966e+00
   9.8000000e+01   1.5084150e+00   1.1987696e+00
   9.9000000e+01   1.5005768e+00   1.1907141e+00
   1.0000000e+02   1.4919726e+00   1.1834090e+00
   1.0100000e+02   1.4818779e+00   1.1783049e+00
   1.0200000e+02   1.4711478e+00   1.1737851e+00
   1.0300000e+02   1.4597533e+00   1.1702699e+00
   1.0400000e+02   1.4469463e+00   1.1678413e+00
   1.0500000e+02   1.4332098e+00   1.1663724e+00
   1.0600000e+02   1.4192969e+00   1.1659369e+00
   1.0700000e+02   1.4058115e+00   1.1668320e+00
   1.0800000e+02   1.3924828e+00   1.1685962e+00
   1.0900000e+02   1.3789117e+00   1.1714520e+00
   1.1000000e+02   1.3673938e+00   1.1733263e+00
   1.1100000e+02   1.3566883e+00   1.1748767e+00
   1.1200000e+02   1.3491875e+00   1.1759660e+00
   1.1300000e+02   1.3455718e+00   1.1762251e+00
   1.1400000e+02   1.3470224e+00   1.1757507e+00
   1.1500000e+02   1.3537309e+00   1.1741691e+00
   1.1600000e+02   1.3637317e+00   1.1708558e+00
   1.1700000e+02   1.3755277e+00   1.1664256e+00
   1.1800000e+02   1.3873374e+00   1.1603973e+00
   1.1900000e+02   1.3974672e+00   1.1538439e+00
   1.2000000e+02   1.4048694e+00   1.1481566e+00
   1.2100000e+02   1.4117390e+00   1.1424297e+00
   1.2200000e+02   1.4159348e+00   1.1386362e+00
   1.2300000e+02   1.4186715e+00   1.1350570e+00
   1.2400000e+02   1.4195495e+00   1.1318306e+00
   1.2500000e+02   1.4184068e+00   1.1291613e+00
   1.2600000e+02   1.4164822e+00   1.1272331e+00
   1.2700000e+02   1.4123763e+00   1.1252196e+00
   1.2800000e+02   1.4073782e+00   1.1243497e+00
   1.2900000e+02   1.4007552e+00   1.1248406e+00
   1.3000000e+02   1.3907609e+00   1.1263057e+00
   1.3100000e+02   1.3802427e+00   1.1283688e+00
   1.3200000e+02   1.3680017e+00   1.1318737e+00
   1.3300000e+02   1.3547264e+00   1.1345010e+00
   1.3400000e+02   1.3426071e+00   1.1357773e+00
   1.3500000e+02   1.3310558e+00   1.1362757e+00
   1.3600000e+02   1.3199106e+00   1.1348361e+00
   1.3700000e+02   1.3097971e+00   1.1326293e+00
   1.3800000e+02   1.3000659e+00   1.1280714e+00
   1.3900000e+02   1.2909903e+00   1.1215145e+00
   1.4000000e+02   1.2824305e+00   1.1137672e+00
   1.4100000e+02   1.2749584e+00   1.1046630e+00
   1.4200000e+02   1.2694389e+00   1.0930365e+00
   1.4300000e+02   1.2654875e+00   1.0804471e+00
   1.4400000e+02   1.2638456e+00   1.0664342e+00
   1.4500000e+02   1.2639880e+00   1.0513963e+00
   1.4600000e+02   1.2643823e+00   1.0382402e+00
   1.4700000e+02   1.2659390e+00   1.0259865e+00
   1.4800000e+02   1.2669462e+00   1.0174493e+00
   1.4900000e+02   1.2661008e+00   1.0107019e+00
   1.5000000e+02   1.2639628e+00   1.0064052e+00
   1.5100000e+02   1.2601551e+00   1.0041867e+00
   1.5200000e+02   1.2541959e+00   1.0036801e+00
   1.5300000e+02   1.2464337e+00   1.0058953e+00
   1.5400000e+02   1.2373531e+00   1.0100311e+00
   1.5500000e+02   1.2266934e+00   1.0162699e+00
   1.5600000e+02   1.2164871e+00   1.0218572e+00
   1.5700000e+02   1.2051884e+00   1.0264398e+00
   1.5800000e+02   1.1954743e+00   1.0288363e+00
   1.5900000e+02   1.1875548e+00   1.0285446e+00
   1.6000000e+02   1.1799082e+00   1.0259546e+00
   1.6100000e+02   1.1749523e+00   1.0217493e+00
   1.6200000e+02   1.1697809e+00   1.0164792e+00
   1.6300000e+02   1.1663918e+00   1.0103424e+00
   1.6400000e+02   1.1630150e+00   1.0042509e+00
   1.6500000e+02   1.1610666e+00   9.9792021e-01
   1.6600000e+02   1.1586128e+00   9.9087438e-01
   1.6700000e+02   1.1567324e+00   9.8353113e-01
   1.6800000e+02   1.1548594e+00   9.7630265e-01
   1.6900000e+02   1.1533986e+00   9.6902311e-01
   1.7000000e+02   1.1517096e+00   9.6199603e-01
   1.7100000e+02   1.1500737e+00   9.5479223e-01
   1.7200000e+02   1.1487946e+00   9.4881051e-01
   1.7300000e+02   1.1477043e+00   9.4439028e-01
   1.7400000e+02   1.1468143e+00   9.3988842e-01
   1.7500000e+02   1.1474255e+00   9.3637404e-01
   1.7600000e+02   1.1491099e+00   9.3408005e-01
   1.7700000e+02   1.1511013e+00   9.3168114e-01
   1.7800000e+02   1.1519602e+00   9.2983888e-01
   1.7900000e+02   1.1522726e+00   9.3043974e-01
   1.8000000e+02   1.1507213e+00   9.3321127e-01
   1.8100000e+02   1.1483915e+00   9.3677725e-01
   1.8200000e+02   1.1435264e+00   9.3984913e-01
   1.8300000e+02   1.1395790e+00   9.4330587e-01
   1.8400000e+02   1.1349082e+00   9.4497264e-01
   1.8500000e+02   1.1310517e+00   9.4480549e-01
   1.8600000e+02   1.1285853e+00   9.4222971e-01
   1.8700000e+02   1.1263983e+00   9.3836746e-01
   1.8800000e+02   1.1253697e+00   9.3268154e-01
   1.8900000e+02   1.1265552e+00   9.2616452e-01
   1.9000000e+02   1.1277596e+00   9.1873622e-01
   1.9100000e+02   1.1285553e+00   9.1027869e-01
   1.9200000e+02   1.1281819e+00   9.0308013e-01
   1.9300000e+02   1.1274604e+00   8.9661901e-01
   1.9400000e+02   1.1262059e+00   8.9264691e-01
   1.9500000e+02   1.1242990e+00   8.9069878e-01
   1.9600000e+02   1.1223784e+00   8.8904522e-01
   1.9700000e+02   1.1210069e+00   8.8731431e-01
   1.9800000e+02   1.1201926e+00   8.8457233e-01
   1.9900000e+02   1.1206381e+00   8.8139078e-01
   2.0000000e+02   1.1217500e+00   8.7898739e-01
   2.0100000e+02   1.1235284e+00   8.7707981e-01
   2.0200000e+02   1.1258123e+00   8.7586177e-01
   2.0300000e+02   1.1270669e+00   8.7555428e-01
   2.0400000e+02   1.1282827e+00   8.7650273e-01
   2.0500000e+02   1.1297996e+00   8.7729162e-01
   2.0600000e+02   1.1306122e+00   8.7894074e-01
   2.0700000e+02   1.1307230e+00   8.8069690e-01
   2.0800000e+02   1.1300457e+00   8.8218249e-01
   2.0900000e+02   1.1292920e+00   8.8426817e-01
   2.1000000e+02   1.1282891e+00   8.8566888e-01
   2.1100000e+02   1.1265914e+00   8.8616691e-01
   2.1200000e+02   1.1246034e+00   8.8597266e-01
   2.1300000e+02   1.1221408e+00   8.8505526e-01
   2.1400000e+02   1.1185266e+00   8.8462530e-01
   2.1500000e+02   1.1143352e+00   8.8388110e-01
   2.1600000e+02   1.1098807e+00   8.8339786e-01
   2.1700000e+02   1.1055188e+00   8.8245560e-01
   2.1800000e+02   1.0993505e+00   8.8064392e-01
   2.1900000e+02   1.0945463e+00   8.7766059e-01
   2.2000000e+02   1.0907672e+00   8.7161423e-01
   2.2100000e+02   1.0871214e+00   8.6265933e-01
   2.2200000e+02   1.0846982e+00   8.4995235e-01
   2.2300000e+02   1.0833133e+00   8.3583433e-01
   2.2400000e+02   1.0830973e+00   8.1993580e-01
   2.2500000e+02   1.0827302e+00   8.0620745e-01
   2.2600000e+02   1.0839969e+00   7.9681808e-01
   2.2700000e+02   1.0853921e+00   7.8900572e-01
   2.2800000e+02   1.0875010e+00   7.8430125e-01
   2.2900000e+02   1.0882903e+00   7.7913890e-01
   2.3000000e+02   1.0901845e+00   7.7528156e-01
   2.3100000e+02   1.0929230e+00   7.7094146e-01
   2.3200000e+02   1.0960387e+00   7.6654389e-01
   2.3300000e+02   1.1000944e+00   7.6255831e-01
   2.3400000e+02   1.1044674e+00   7.5888509e-01
   2.3500000e+02   1.1088067e+00   7.5607392e-01
   2.3600000e+02   1.1130241e+00   7.5432327e-01
   2.3700000e+02   1.1165733e+00   7.5244876e-01
   2.3800000e+02   1.1189649e+00   7.4918028e-01
   2.3900000e+02   1.1211293e+00   7.4472331e-01
   2.4000000e+02   1.1233659e+00   7.3854926e-01
   2.4100000e+02   1.1259616e+00   7.3091593e-01
   2.4200000e+02   1.1289215e+00   7.2225939e-01
   2.4300000e+02   1.1328992e+00   7.1208469e-01
   2.4400000e+02   1.1356629e+00   7.0132505e-01
   2.4500000e+02   1.1379484e+00   6.9015974e-01
   2.4600000e+02   1.1400285e+00   6.7973973e-01
   2.4700000e+02   1.1431347e+00   6.6829452e-01
   2.4800000e+02   1.1461972e+00   6.5607745e-01
   2.4900000e+02   1.1512516e+00   6.4242740e-01
   2.5000000e+02   1.1567715e+00   6.2765995e-01
   2.5100000e+02   1.1621382e+00   6.1252415e-01
   2.5200000e+02   1.1668003e+00   6.0111039e-01
   2.5300000e+02   1.1700855e+00   5.9120972e-01
   2.5400000e+02   1.1727273e+00   5.8470533e-01
   2.5500000e+02   1.1735808e+00   5.7995168e-01
   2.5600000e+02   1.1747681e+00   5.7734684e-01
   2.5700000e+02   1.1765820e+00   5.7833259e-01
   2.5800000e+02   1.1778820e+00   5.8118858e-01
   2.5900000e+02   1.1792135e+00   5.8632547e-01
   2.6000000e+02   1.1800138e+00   5.9020417e-01
   2.6100000e+02   1.1809758e+00   5.9656213e-01
   2.6200000e+02   1.1815989e+00   6.0167110e-01
   2.6300000e+02   1.1800788e+00   6.0795947e-01
   2.6400000e+02   1.1764964e+00   6.1427753e-01
   2.6500000e+02   1.1701569e+00   6.1964489e-01
   2.6600000e+02   1.1600296e+00   6.2460857e-01
   2.6700000e+02   1.1468113e+00   6.2919480e-01
   2.6800000e+02   1.1324089e+00   6.3389241e-01
   2.6900000e+02   1.1170395e+00   6.3880311e-01
   2.7000000e+02   1.1024634e+00   6.4337362e-01
   2.7100000e+02   1.0885826e+00   6.4753193e-01
   2.7200000e+02   1.0758699e+00   6.5020604e-01
   2.7300000e+02   1.0654327e+00   6.5062497e-01
   2.7400000e+02   1.0574229e+00   6.4929427e-01
   2.7500000e+02   1.0521201e+00   6.4544640e-01
   2.7600000e+02   1.0484901e+00   6.3819372e-01
   2.7700000e+02   1.0464903e+00   6.2872216e-01
   2.7800000e+02   1.0468823e+00   6.1736068e-01
   2.7900000e+02   1.0473518e+00   6.0229109e-01
   2.8000000e+02   1.0486475e+00   5.8697999e-01
   2.8100000e+02   1.0491917e+00   5.7167268e-01
   2.8200000e+02   1.0496604e+00   5.5777261e-01
   2.8300000e+02   1.0478541e+00   5.4534065e-01
   2.8400000e+02   1.0444124e+00   5.3528772e-01
   2.8500000e+02   1.0391513e+00   5.2833994e-01
   2.8600000e+02   1.0326531e+00   5.2541753e-01
   2.8700000e+02   1.0258496e+00   5.2608675e-01
   2.8800000e+02   1.0174702e+00   5.2950742e-01
   2.8900000e+02   1.0076127e+00   5.3383753e-01
   2.9000000e+02   9.9742597e-01   5.3921347e-01
   2.9100000e+02   9.8885193e-01   5.4319485e-01
   2.9200000e+02   9.8401005e-01   5.4706946e-01
   2.9300000e+02   9.8709804e-01   5.4740881e-01
   2.9400000e+02   9.9352605e-01   5.4464913e-01
   2.9500000e+02   1.0014724e+00   5.3829956e-01
   2.9600000e+02   1.0105252e+00   5.2670208e-01
   2.9700000e+02   1.0190951e+00   5.1404443e-01
   2.9800000e+02   1.0264278e+00   5.0368735e-01
   2.9900000e+02   1.0334915e+00   4.9585031e-01
   3.0000000e+02   1.0407777e+00   4.9184929e-01
   3.0100000e+02   1.0484831e+00   4.8908145e-01
   3.0200000e+02   1.0543796e+00   4.8955096e-01
   3.0300000e+02   1.0581948e+00   4.9200626e-01
   3.0400000e+02   1.0599898e+00   4.9577018e-01
   3.0500000e+02   1.0608546e+00   5.0094126e-01
   3.0600000e+02   1.0597581e+00   5.0709752e-01
   3.0700000e+02   1.0580146e+00   5.1335237e-01
   3.0800000e+02   1.0548395e+00   5.1874655e-01
   3.0900000e+02   1.0509322e+00   5.2381853e-01
   3.1000000e+02   1.0457097e+00   5.2718508e-01
   3.1100000e+02   1.0387541e+00   5.2823898e-01
   3.1200000e+02   1.0315329e+00   5.2710278e-01
   3.1300000e+02   1.0238444e+00   5.2252038e-01
   3.1400000e+02   1.0173666e+00   5.1557390e-01
   3.1500000e+02   1.0116479e+00   5.0672537e-01
   3.1600000e+02   1.0071978e+00   4.9589704e-01
   3.1700000e+02   1.0024444e+00   4.8363802e-01
   3.1800000e+02   9.9751760e-01   4.7117309e-01
   3.1900000e+02   9.9340635e-01   4.5769283e-01
   3.2000000e+02   9.8973539e-01   4.4431320e-01
   3.2100000e+02   9.8701678e-01   4.3125362e-01
   3.2200000e+02   9.8418174e-01   4.1917954e-01
   3.2300000e+02   9.8162522e-01   4.0722612e-01
   3.2400000e+02   9.7895195e-01   3.9647785e-01
   3.2500000e+02   9.7567656e-01   3.8618024e-01
   3.2600000e+02   9.7194229e-01   3.7857286e-01
   3.2700000e+02   9.6733363e-01   3.6948034e-01
   3.2800000e+02   9.6115387e-01   3.6177584e-01
   3.2900000e+02   9.5317076e-01   3.5373174e-01
   3.3000000e+02   9.4259614e-01   3.4604422e-01
   3.3100000e+02   9.3060842e-01   3.3876102e-01
   3.3200000e+02   9.1639370e-01   3.3201511e-01
   3.3300000e+02   8.9958026e-01   3.2535094e-01
   3.3400000e+02   8.8096100e-01   3.1970092e-01
   3.3500000e+02   8.6015457e-01   3.1473642e-01
   3.3600000e+02   8.3539113e-01   3.1027119e-01
   3.3700000e+02   8.0545616e-01   3.0558849e-01
   3.3800000e+02   7.7523010e-01   3.0050360e-01
   3.3900000e+02   7.4443102e-01   2.9409307e-01
   3.4000000e+02   7.1629369e-01   2.8636124e-01
   3.4100000e+02   6.9718222e-01   2.7761596e-01
   3.4200000e+02   6.8473951e-01   2.6448946e-01
   3.4300000e+02   6.7574412e-01   2.4646654e-01
   3.4400000e+02   6.6856747e-01   2.2660118e-01
   3.4500000e+02   6.6184921e-01   2.0782588e-01
   3.4600000e+02   6.5666095e-01   1.9447058e-01
   3.4700000e+02   6.5261199e-01   1.8734202e-01
   3.4800000e+02   6.4906963e-01   1.8629189e-01
   3.4900000e+02   6.4642012e-01   1.8745096e-01
   3.5000000e+02   6.4445156e-01   1.9016506e-01
   3.5100000e+02   6.4261305e-01   1.9222753e-01
   3.5200000e+02   6.4307287e-01   1.9468300e-01
   3.5300000e+02   6.4494384e-01   1.9773764e-01
   3.5400000e+02   6.4631758e-01   2.0189805e-01
   3.5500000e+02   6.4737156e-01   2.0591268e-01
   3.5600000e+02   6.4697220e-01   2.0770363e-01
   3.5700000e+02   6.4319240e-01   2.0684674e-01
   3.5800000e+02   6.3761976e-01   2.0549391e-01
   3.5900000e+02   6.2968122e-01   2.0401174e-01
   3.6000000e+02   6.1220757e-01   2.0466118e-01
   3.6100000e+02   5.8994978e-01   2.1066642e-01
   3.6200000e+02   5.6547540e-01   2.1433924e-01
   3.6300000e+02   5.4190833e-01   2.1526686e-01
   3.6400000e+02   5.0939080e-01   2.1427786e-01
   3.6500000e+02   5.0928244e-01   2.2190289e-01
   3.6600000e+02   4.9885195e-01   2.1651006e-01
   3.6700000e+02   4.9678960e-01   2.0872419e-01
   3.6800000e+02   4.9812569e-01   2.0059448e-01
   3.6900000e+02   5.0216476e-01   1.9630151e-01
   3.7000000e+02   5.1105273e-01   1.9643717e-01
   3.7100000e+02   5.2366388e-01   1.9878862e-01
   3.7200000e+02   5.3507052e-01   1.9969860e-01
   3.7300000e+02   5.4523202e-01   1.9819826e-01
   3.7400000e+02   5.5511629e-01   1.9474723e-01
   3.7500000e+02   5.5737050e-01   1.8796725e-01
   3.7600000e+02   5.5932336e-01   1.8611293e-01
   3.7700000e+02   5.5603777e-01   1.8407865e-01
   3.7800000e+02   5.5188569e-01   1.8315807e-01
   3.7900000e+02   5.5047086e-01   1.8165094e-01
   3.8000000e+02   5.4745164e-01   1.8008755e-01
   3.8100000e+02   5.4303319e-01   1.8325256e-01
   3.8200000e+02   5.3907977e-01   1.9065956e-01
   3.8300000e+02   5.3572480e-01   2.0121058e-01
   3.8400000e+02   5.3199924e-01   2.1516097e-01
   3.8500000e+02   5.2300243e-01   2.3144878e-01
   3.8600000e+02   5.1324224e-01   2.4734637e-01
   3.8700000e+02   5.0318896e-01   2.5849067e-01
   3.8800000e+02   4.8951455e-01   2.6622333e-01
   3.8900000e+02   4.7385163e-01   2.6821740e-01
   3.9000000e+02   4.5555491e-01   2.6625531e-01
   3.9100000e+02   4.3320013e-01   2.6430692e-01
   3.9200000e+02   4.1051265e-01   2.5664238e-01
   3.9300000e+02   3.9199591e-01   2.4749096e-01
   3.9400000e+02   3.7734696e-01   2.3681619e-01
   3.9500000e+02   3.6558253e-01   2.2348935e-01
   3.9600000e+02   3.5335513e-01   2.1094568e-01
   3.9700000e+02   3.3831473e-01   2.0096410e-01
   3.9800000e+02   3.2922940e-01   1.9075385e-01
   3.9900000e+02   3.2209752e-01   1.8588309e-01
   4.0000000e+02   3.1282537e-01   1.8884925e-01
   4.0100000e+02   3.0033008e-01   1.8837018e-01
   4.0200000e+02   2.9244743e-01   1.8579846e-01
   4.0300000e+02   2.7500185e-01   1.8235709e-01
   4.0400000e+02   2.5866399e-01   1.7792865e-01
   4.0500000e+02   2.3800094e-01   1.6319584e-01
   4.0600000e+02   2.1384067e-01   1.3012537e-01
   4.0700000e+02   1.9524763e-01   1.2757198e-01
   4.0800000e+02   1.8760981e-01   1.0534369e-01
