   1.2700000e+02  -2.8889350e+00   2.5403687e+00
   1.2800000e+02  -2.8682843e+00   2.5408398e+00
   1.2900000e+02  -2.8519593e+00   2.5371386e+00
   1.3000000e+02  -2.8357150e+00   2.5307232e+00
   1.3100000e+02  -2.8210194e+00   2.5209446e+00
   1.3200000e+02  -2.8083681e+00   2.5060957e+00
   1.3300000e+02  -2.7963161e+00   2.4883305e+00
   1.3400000e+02  -2.7878826e+00   2.4685317e+00
   1.3500000e+02  -2.7821148e+00   2.4469411e+00
   1.3600000e+02  -2.7774769e+00   2.4260189e+00
   1.3700000e+02  -2.7743540e+00   2.4077280e+00
   1.3800000e+02  -2.7698440e+00   2.3903816e+00
   1.3900000e+02  -2.7644396e+00   2.3759767e+00
   1.4000000e+02  -2.7565514e+00   2.3637836e+00
   1.4100000e+02  -2.7493609e+00   2.3544313e+00
   1.4200000e+02  -2.7397612e+00   2.3481642e+00
   1.4300000e+02  -2.7296052e+00   2.3449365e+00
   1.4400000e+02  -2.7196026e+00   2.3435515e+00
   1.4500000e+02  -2.7075107e+00   2.3442281e+00
   1.4600000e+02  -2.6969621e+00   2.3471166e+00
   1.4700000e+02  -2.6864128e+00   2.3518550e+00
   1.4800000e+02  -2.6765094e+00   2.3587198e+00
   1.4900000e+02  -2.6660510e+00   2.3671512e+00
   1.5000000e+02  -2.6561648e+00   2.3781348e+00
   1.5100000e+02  -2.6466076e+00   2.3901240e+00
   1.5200000e+02  -2.6375508e+00   2.4040355e+00
   1.5300000e+02  -2.6271493e+00   2.4179202e+00
   1.5400000e+02  -2.6165424e+00   2.4312213e+00
   1.5500000e+02  -2.6047260e+00   2.4443763e+00
   1.5600000e+02  -2.5906680e+00   2.4556772e+00
   1.5700000e+02  -2.5777433e+00   2.4643232e+00
   1.5800000e+02  -2.5666026e+00   2.4690285e+00
   1.5900000e+02  -2.5578895e+00   2.4692984e+00
   1.6000000e+02  -2.5517476e+00   2.4656389e+00
   1.6100000e+02  -2.5473314e+00   2.4579434e+00
   1.6200000e+02  -2.5454007e+00   2.4473813e+00
   1.6300000e+02  -2.5438473e+00   2.4330075e+00
   1.6400000e+02  -2.5442041e+00   2.4156407e+00
   1.6500000e+02  -2.5451412e+00   2.3963143e+00
   1.6600000e+02  -2.5474418e+00   2.3739160e+00
   1.6700000e+02  -2.5500351e+00   2.3506147e+00
   1.6800000e+02  -2.5535928e+00   2.3261871e+00
   1.6900000e+02  -2.5576582e+00   2.3031809e+00
   1.7000000e+02  -2.5599088e+00   2.2820013e+00
   1.7100000e+02  -2.5615100e+00   2.2642545e+00
   1.7200000e+02  -2.5615107e+00   2.2481135e+00
   1.7300000e+02  -2.5602005e+00   2.2347506e+00
   1.7400000e+02  -2.5570851e+00   2.2231254e+00
   1.7500000e+02  -2.5515687e+00   2.2131029e+00
   1.7600000e+02  -2.5464252e+00   2.2057976e+00
   1.7700000e+02  -2.5411955e+00   2.2000897e+00
   1.7800000e+02  -2.5358320e+00   2.1960108e+00
   1.7900000e+02  -2.5298863e+00   2.1953299e+00
   1.8000000e+02  -2.5231956e+00   2.1963819e+00
   1.8100000e+02  -2.5176265e+00   2.2017192e+00
   1.8200000e+02  -2.5119019e+00   2.2082029e+00
   1.8300000e+02  -2.5057931e+00   2.2180090e+00
   1.8400000e+02  -2.5005985e+00   2.2290093e+00
   1.8500000e+02  -2.4950168e+00   2.2406785e+00
   1.8600000e+02  -2.4892535e+00   2.2516620e+00
   1.8700000e+02  -2.4832235e+00   2.2617494e+00
   1.8800000e+02  -2.4774739e+00   2.2699098e+00
   1.8900000e+02  -2.4727510e+00   2.2751582e+00
   1.9000000e+02  -2.4691503e+00   2.2768403e+00
   1.9100000e+02  -2.4670101e+00   2.2755251e+00
   1.9200000e+02  -2.4661857e+00   2.2714353e+00
   1.9300000e+02  -2.4652770e+00   2.2651035e+00
   1.9400000e+02  -2.4666913e+00   2.2577820e+00
   1.9500000e+02  -2.4688445e+00   2.2495229e+00
   1.9600000e+02  -2.4716565e+00   2.2402813e+00
   1.9700000e+02  -2.4752673e+00   2.2307097e+00
   1.9800000e+02  -2.4786175e+00   2.2207799e+00
   1.9900000e+02  -2.4815313e+00   2.2105568e+00
   2.0000000e+02  -2.4841447e+00   2.2001469e+00
   2.0100000e+02  -2.4870303e+00   2.1891620e+00
   2.0200000e+02  -2.4899635e+00   2.1782433e+00
   2.0300000e+02  -2.4936158e+00   2.1688504e+00
   2.0400000e+02  -2.4969575e+00   2.1594465e+00
   2.0500000e+02  -2.5019486e+00   2.1497758e+00
   2.0600000e+02  -2.5054599e+00   2.1405772e+00
   2.0700000e+02  -2.5099240e+00   2.1316141e+00
   2.0800000e+02  -2.5147097e+00   2.1229855e+00
   2.0900000e+02  -2.5200999e+00   2.1135365e+00
   2.1000000e+02  -2.5257827e+00   2.1038863e+00
   2.1100000e+02  -2.5316357e+00   2.0940831e+00
   2.1200000e+02  -2.5374605e+00   2.0861833e+00
   2.1300000e+02  -2.5429301e+00   2.0805910e+00
   2.1400000e+02  -2.5479350e+00   2.0772785e+00
   2.1500000e+02  -2.5521437e+00   2.0773492e+00
   2.1600000e+02  -2.5550151e+00   2.0795802e+00
   2.1700000e+02  -2.5571134e+00   2.0841688e+00
   2.1800000e+02  -2.5566052e+00   2.0895536e+00
   2.1900000e+02  -2.5556180e+00   2.0966499e+00
   2.2000000e+02  -2.5541570e+00   2.1042000e+00
   2.2100000e+02  -2.5536792e+00   2.1115729e+00
   2.2200000e+02  -2.5522300e+00   2.1183536e+00
   2.2300000e+02  -2.5521490e+00   2.1243975e+00
   2.2400000e+02  -2.5522710e+00   2.1287318e+00
   2.2500000e+02  -2.5521929e+00   2.1327698e+00
   2.2600000e+02  -2.5525551e+00   2.1361905e+00
   2.2700000e+02  -2.5522693e+00   2.1388289e+00
   2.2800000e+02  -2.5523432e+00   2.1411141e+00
   2.2900000e+02  -2.5520569e+00   2.1442148e+00
   2.3000000e+02  -2.5522858e+00   2.1456684e+00
   2.3100000e+02  -2.5524211e+00   2.1476097e+00
   2.3200000e+02  -2.5522313e+00   2.1498325e+00
   2.3300000e+02  -2.5533881e+00   2.1512391e+00
   2.3400000e+02  -2.5540165e+00   2.1532826e+00
   2.3500000e+02  -2.5547160e+00   2.1547466e+00
   2.3600000e+02  -2.5551672e+00   2.1561143e+00
   2.3700000e+02  -2.5563446e+00   2.1560916e+00
   2.3800000e+02  -2.5565983e+00   2.1551715e+00
   2.3900000e+02  -2.5570504e+00   2.1544469e+00
   2.4000000e+02  -2.5577594e+00   2.1533549e+00
   2.4100000e+02  -2.5578328e+00   2.1551966e+00
   2.4200000e+02  -2.5597241e+00   2.1597041e+00
   2.4300000e+02  -2.5621163e+00   2.1666839e+00
   2.4400000e+02  -2.5635650e+00   2.1768787e+00
   2.4500000e+02  -2.5637469e+00   2.1891250e+00
   2.4600000e+02  -2.5628024e+00   2.2024789e+00
   2.4700000e+02  -2.5607251e+00   2.2153765e+00
   2.4800000e+02  -2.5586191e+00   2.2276481e+00
   2.4900000e+02  -2.5579321e+00   2.2374391e+00
   2.5000000e+02  -2.5572321e+00   2.2444385e+00
   2.5100000e+02  -2.5568038e+00   2.2473963e+00
   2.5200000e+02  -2.5563832e+00   2.2484719e+00
   2.5300000e+02  -2.5556362e+00   2.2470456e+00
   2.5400000e+02  -2.5533148e+00   2.2441143e+00
   2.5500000e+02  -2.5519879e+00   2.2411590e+00
   2.5600000e+02  -2.5497124e+00   2.2379298e+00
   2.5700000e+02  -2.5460580e+00   2.2335146e+00
   2.5800000e+02  -2.5421989e+00   2.2302592e+00
   2.5900000e+02  -2.5377049e+00   2.2258091e+00
   2.6000000e+02  -2.5330988e+00   2.2204160e+00
   2.6100000e+02  -2.5293474e+00   2.2145851e+00
   2.6200000e+02  -2.5261510e+00   2.2080497e+00
   2.6300000e+02  -2.5244837e+00   2.2005125e+00
   2.6400000e+02  -2.5229803e+00   2.1928378e+00
   2.6500000e+02  -2.5214169e+00   2.1847074e+00
   2.6600000e+02  -2.5200320e+00   2.1748497e+00
   2.6700000e+02  -2.5184284e+00   2.1651097e+00
   2.6800000e+02  -2.5162002e+00   2.1556075e+00
   2.6900000e+02  -2.5143191e+00   2.1447254e+00
   2.7000000e+02  -2.5114088e+00   2.1335013e+00
   2.7100000e+02  -2.5087907e+00   2.1223308e+00
   2.7200000e+02  -2.5050084e+00   2.1101362e+00
   2.7300000e+02  -2.5005116e+00   2.0968715e+00
   2.7400000e+02  -2.4942314e+00   2.0834639e+00
   2.7500000e+02  -2.4869441e+00   2.0706940e+00
   2.7600000e+02  -2.4799572e+00   2.0590916e+00
   2.7700000e+02  -2.4739756e+00   2.0515576e+00
   2.7800000e+02  -2.4678471e+00   2.0484145e+00
   2.7900000e+02  -2.4628121e+00   2.0485153e+00
   2.8000000e+02  -2.4582663e+00   2.0514721e+00
   2.8100000e+02  -2.4538880e+00   2.0559892e+00
   2.8200000e+02  -2.4507283e+00   2.0629110e+00
   2.8300000e+02  -2.4480323e+00   2.0707314e+00
   2.8400000e+02  -2.4444476e+00   2.0792612e+00
   2.8500000e+02  -2.4414534e+00   2.0884687e+00
   2.8600000e+02  -2.4377282e+00   2.0973594e+00
   2.8700000e+02  -2.4337394e+00   2.1060179e+00
   2.8800000e+02  -2.4307521e+00   2.1138878e+00
   2.8900000e+02  -2.4279677e+00   2.1196851e+00
   2.9000000e+02  -2.4252967e+00   2.1247724e+00
   2.9100000e+02  -2.4225198e+00   2.1280439e+00
   2.9200000e+02  -2.4191957e+00   2.1301713e+00
   2.9300000e+02  -2.4160275e+00   2.1313857e+00
   2.9400000e+02  -2.4131498e+00   2.1321967e+00
   2.9500000e+02  -2.4116522e+00   2.1313553e+00
   2.9600000e+02  -2.4099727e+00   2.1302258e+00
   2.9700000e+02  -2.4095428e+00   2.1280713e+00
   2.9800000e+02  -2.4098110e+00   2.1261112e+00
   2.9900000e+02  -2.4107782e+00   2.1238626e+00
   3.0000000e+02  -2.4119025e+00   2.1213077e+00
   3.0100000e+02  -2.4121210e+00   2.1187562e+00
   3.0200000e+02  -2.4105870e+00   2.1171511e+00
   3.0300000e+02  -2.4078012e+00   2.1147858e+00
   3.0400000e+02  -2.4041205e+00   2.1109808e+00
   3.0500000e+02  -2.4001560e+00   2.1060967e+00
   3.0600000e+02  -2.3973501e+00   2.1000837e+00
   3.0700000e+02  -2.3969858e+00   2.0927856e+00
   3.0800000e+02  -2.4006956e+00   2.0852916e+00
   3.0900000e+02  -2.4078627e+00   2.0772926e+00
   3.1000000e+02  -2.4153368e+00   2.0685547e+00
   3.1100000e+02  -2.4241660e+00   2.0598366e+00
   3.1200000e+02  -2.4309130e+00   2.0512998e+00
   3.1300000e+02  -2.4358812e+00   2.0442169e+00
   3.1400000e+02  -2.4380144e+00   2.0379979e+00
   3.1500000e+02  -2.4398296e+00   2.0327261e+00
   3.1600000e+02  -2.4399908e+00   2.0275764e+00
   3.1700000e+02  -2.4399143e+00   2.0226719e+00
   3.1800000e+02  -2.4384705e+00   2.0189555e+00
   3.1900000e+02  -2.4369392e+00   2.0170242e+00
   3.2000000e+02  -2.4336767e+00   2.0168921e+00
   3.2100000e+02  -2.4304868e+00   2.0184950e+00
   3.2200000e+02  -2.4261218e+00   2.0221078e+00
   3.2300000e+02  -2.4221119e+00   2.0267905e+00
   3.2400000e+02  -2.4177107e+00   2.0324563e+00
   3.2500000e+02  -2.4140891e+00   2.0388652e+00
   3.2600000e+02  -2.4089438e+00   2.0444693e+00
   3.2700000e+02  -2.4022568e+00   2.0496471e+00
   3.2800000e+02  -2.3947486e+00   2.0546592e+00
   3.2900000e+02  -2.3870406e+00   2.0589828e+00
   3.3000000e+02  -2.3776860e+00   2.0639725e+00
   3.3100000e+02  -2.3675651e+00   2.0682743e+00
   3.3200000e+02  -2.3560546e+00   2.0729376e+00
   3.3300000e+02  -2.3427436e+00   2.0771057e+00
   3.3400000e+02  -2.3289426e+00   2.0806255e+00
   3.3500000e+02  -2.3168455e+00   2.0828641e+00
   3.3600000e+02  -2.3059550e+00   2.0847854e+00
   3.3700000e+02  -2.2952235e+00   2.0845580e+00
   3.3800000e+02  -2.2889804e+00   2.0833260e+00
   3.3900000e+02  -2.2847083e+00   2.0812849e+00
   3.4000000e+02  -2.2825754e+00   2.0777537e+00
   3.4100000e+02  -2.2818019e+00   2.0740283e+00
   3.4200000e+02  -2.2824939e+00   2.0692552e+00
   3.4300000e+02  -2.2840148e+00   2.0645326e+00
   3.4400000e+02  -2.2859535e+00   2.0594212e+00
   3.4500000e+02  -2.2888189e+00   2.0536759e+00
   3.4600000e+02  -2.2918306e+00   2.0471532e+00
   3.4700000e+02  -2.2942701e+00   2.0388076e+00
   3.4800000e+02  -2.2961962e+00   2.0309327e+00
   3.4900000e+02  -2.2982505e+00   2.0223493e+00
   3.5000000e+02  -2.2982515e+00   2.0145106e+00
   3.5100000e+02  -2.2976761e+00   2.0070912e+00
   3.5200000e+02  -2.2965222e+00   2.0004707e+00
   3.5300000e+02  -2.2953979e+00   1.9936463e+00
   3.5400000e+02  -2.2938817e+00   1.9873258e+00
   3.5500000e+02  -2.2927592e+00   1.9812217e+00
   3.5600000e+02  -2.2913030e+00   1.9757785e+00
   3.5700000e+02  -2.2899287e+00   1.9698359e+00
   3.5800000e+02  -2.2888762e+00   1.9642176e+00
   3.5900000e+02  -2.2879882e+00   1.9574295e+00
   3.6000000e+02  -2.2860629e+00   1.9500431e+00
   3.6100000e+02  -2.2854151e+00   1.9419531e+00
   3.6200000e+02  -2.2841252e+00   1.9336731e+00
   3.6300000e+02  -2.2834474e+00   1.9247137e+00
   3.6400000e+02  -2.2829070e+00   1.9153206e+00
   3.6500000e+02  -2.2819700e+00   1.9063157e+00
   3.6600000e+02  -2.2805431e+00   1.8964372e+00
   3.6700000e+02  -2.2786774e+00   1.8869729e+00
   3.6800000e+02  -2.2756235e+00   1.8781470e+00
   3.6900000e+02  -2.2719323e+00   1.8715193e+00
   3.7000000e+02  -2.2674638e+00   1.8674824e+00
   3.7100000e+02  -2.2635633e+00   1.8654364e+00
   3.7200000e+02  -2.2584755e+00   1.8657253e+00
   3.7300000e+02  -2.2538570e+00   1.8669731e+00
   3.7400000e+02  -2.2463248e+00   1.8720009e+00
   3.7500000e+02  -2.2390476e+00   1.8788848e+00
   3.7600000e+02  -2.2313361e+00   1.8876615e+00
   3.7700000e+02  -2.2235788e+00   1.8971297e+00
   3.7800000e+02  -2.2165222e+00   1.9076988e+00
   3.7900000e+02  -2.2089538e+00   1.9182900e+00
   3.8000000e+02  -2.2014841e+00   1.9277533e+00
   3.8100000e+02  -2.1944218e+00   1.9364017e+00
   3.8200000e+02  -2.1863265e+00   1.9440769e+00
   3.8300000e+02  -2.1785184e+00   1.9497362e+00
   3.8400000e+02  -2.1715938e+00   1.9541046e+00
   3.8500000e+02  -2.1660571e+00   1.9580255e+00
   3.8600000e+02  -2.1597977e+00   1.9596199e+00
   3.8700000e+02  -2.1551411e+00   1.9605593e+00
   3.8800000e+02  -2.1501397e+00   1.9597598e+00
   3.8900000e+02  -2.1462990e+00   1.9585570e+00
   3.9000000e+02  -2.1422958e+00   1.9568943e+00
   3.9100000e+02  -2.1384922e+00   1.9564238e+00
   3.9200000e+02  -2.1337730e+00   1.9566494e+00
   3.9300000e+02  -2.1296146e+00   1.9575353e+00
   3.9400000e+02  -2.1241173e+00   1.9575946e+00
   3.9500000e+02  -2.1192911e+00   1.9564888e+00
   3.9600000e+02  -2.1146536e+00   1.9527655e+00
   3.9700000e+02  -2.1113129e+00   1.9469907e+00
   3.9800000e+02  -2.1086901e+00   1.9387918e+00
   3.9900000e+02  -2.1076535e+00   1.9299538e+00
   4.0000000e+02  -2.1068904e+00   1.9176611e+00
   4.0100000e+02  -2.1081966e+00   1.9057031e+00
   4.0200000e+02  -2.1100147e+00   1.8932214e+00
   4.0300000e+02  -2.1121970e+00   1.8799691e+00
   4.0400000e+02  -2.1149066e+00   1.8676208e+00
   4.0500000e+02  -2.1162156e+00   1.8562892e+00
   4.0600000e+02  -2.1178842e+00   1.8453474e+00
   4.0700000e+02  -2.1175585e+00   1.8360334e+00
   4.0800000e+02  -2.1152815e+00   1.8269729e+00
   4.0900000e+02  -2.1126637e+00   1.8195338e+00
   4.1000000e+02  -2.1100536e+00   1.8110262e+00
   4.1100000e+02  -2.1067405e+00   1.8025064e+00
   4.1200000e+02  -2.1036844e+00   1.7932591e+00
   4.1300000e+02  -2.1008995e+00   1.7835505e+00
   4.1400000e+02  -2.0987288e+00   1.7752143e+00
   4.1500000e+02  -2.0952855e+00   1.7677901e+00
   4.1600000e+02  -2.0895864e+00   1.7601209e+00
   4.1700000e+02  -2.0856024e+00   1.7547396e+00
   4.1800000e+02  -2.0786074e+00   1.7509479e+00
   4.1900000e+02  -2.0710077e+00   1.7495140e+00
   4.2000000e+02  -2.0624125e+00   1.7500331e+00
   4.2100000e+02  -2.0523850e+00   1.7527430e+00
   4.2200000e+02  -2.0409912e+00   1.7552317e+00
   4.2300000e+02  -2.0296204e+00   1.7590568e+00
   4.2400000e+02  -2.0178836e+00   1.7636343e+00
   4.2500000e+02  -2.0047587e+00   1.7691413e+00
   4.2600000e+02  -1.9931197e+00   1.7747053e+00
   4.2700000e+02  -1.9827345e+00   1.7803584e+00
   4.2800000e+02  -1.9746992e+00   1.7861682e+00
   4.2900000e+02  -1.9680944e+00   1.7918703e+00
   4.3000000e+02  -1.9624478e+00   1.7982252e+00
   4.3100000e+02  -1.9585286e+00   1.8039614e+00
   4.3200000e+02  -1.9555475e+00   1.8096130e+00
   4.3300000e+02  -1.9542001e+00   1.8165213e+00
   4.3400000e+02  -1.9533538e+00   1.8213287e+00
   4.3500000e+02  -1.9533636e+00   1.8264999e+00
   4.3600000e+02  -1.9537485e+00   1.8306679e+00
   4.3700000e+02  -1.9547214e+00   1.8334412e+00
   4.3800000e+02  -1.9566060e+00   1.8352015e+00
   4.3900000e+02  -1.9586692e+00   1.8359811e+00
   4.4000000e+02  -1.9618218e+00   1.8355291e+00
   4.4100000e+02  -1.9648627e+00   1.8344300e+00
   4.4200000e+02  -1.9694543e+00   1.8331731e+00
   4.4300000e+02  -1.9720589e+00   1.8302664e+00
   4.4400000e+02  -1.9749117e+00   1.8275406e+00
   4.4500000e+02  -1.9795867e+00   1.8231368e+00
   4.4600000e+02  -1.9820173e+00   1.8201064e+00
   4.4700000e+02  -1.9833833e+00   1.8157157e+00
   4.4800000e+02  -1.9860904e+00   1.8113701e+00
   4.4900000e+02  -1.9880832e+00   1.8060107e+00
   4.5000000e+02  -1.9891040e+00   1.8007112e+00
   4.5100000e+02  -1.9913658e+00   1.7957116e+00
   4.5200000e+02  -1.9938702e+00   1.7917023e+00
   4.5300000e+02  -1.9956661e+00   1.7884031e+00
   4.5400000e+02  -1.9977210e+00   1.7853865e+00
   4.5500000e+02  -1.9999530e+00   1.7829987e+00
   4.5600000e+02  -2.0031709e+00   1.7812113e+00
   4.5700000e+02  -2.0082002e+00   1.7794339e+00
   4.5800000e+02  -2.0105599e+00   1.7793274e+00
   4.5900000e+02  -2.0131031e+00   1.7802159e+00
   4.6000000e+02  -2.0159129e+00   1.7806444e+00
   4.6100000e+02  -2.0186379e+00   1.7815118e+00
   4.6200000e+02  -2.0207264e+00   1.7828666e+00
   4.6300000e+02  -2.0219390e+00   1.7837637e+00
   4.6400000e+02  -2.0220950e+00   1.7853316e+00
   4.6500000e+02  -2.0212713e+00   1.7868153e+00
   4.6600000e+02  -2.0205688e+00   1.7885848e+00
   4.6700000e+02  -2.0189817e+00   1.7908655e+00
   4.6800000e+02  -2.0174855e+00   1.7922409e+00
   4.6900000e+02  -2.0136853e+00   1.7938211e+00
   4.7000000e+02  -2.0115686e+00   1.7959965e+00
   4.7100000e+02  -2.0087731e+00   1.7976320e+00
   4.7200000e+02  -2.0049837e+00   1.7998970e+00
   4.7300000e+02  -2.0006570e+00   1.8018698e+00
   4.7400000e+02  -1.9959356e+00   1.8032847e+00
   4.7500000e+02  -1.9885886e+00   1.8048508e+00
   4.7600000e+02  -1.9812922e+00   1.8056893e+00
   4.7700000e+02  -1.9727267e+00   1.8065495e+00
   4.7800000e+02  -1.9639758e+00   1.8070525e+00
   4.7900000e+02  -1.9549751e+00   1.8077770e+00
   4.8000000e+02  -1.9471916e+00   1.8074184e+00
   4.8100000e+02  -1.9392480e+00   1.8078780e+00
   4.8200000e+02  -1.9322222e+00   1.8091686e+00
   4.8300000e+02  -1.9262017e+00   1.8095188e+00
   4.8400000e+02  -1.9206979e+00   1.8092911e+00
   4.8500000e+02  -1.9161801e+00   1.8083237e+00
   4.8600000e+02  -1.9135220e+00   1.8058069e+00
   4.8700000e+02  -1.9121165e+00   1.8024975e+00
   4.8800000e+02  -1.9120332e+00   1.7985532e+00
   4.8900000e+02  -1.9133075e+00   1.7935795e+00
   4.9000000e+02  -1.9160196e+00   1.7870480e+00
   4.9100000e+02  -1.9189284e+00   1.7801277e+00
   4.9200000e+02  -1.9230538e+00   1.7724155e+00
   4.9300000e+02  -1.9275032e+00   1.7645206e+00
   4.9400000e+02  -1.9304512e+00   1.7564790e+00
   4.9500000e+02  -1.9336181e+00   1.7485250e+00
   4.9600000e+02  -1.9359199e+00   1.7396339e+00
   4.9700000e+02  -1.9371110e+00   1.7310915e+00
   4.9800000e+02  -1.9378777e+00   1.7227568e+00
   4.9900000e+02  -1.9374778e+00   1.7146604e+00
   5.0000000e+02  -1.9368479e+00   1.7079424e+00
   5.0100000e+02  -1.9361398e+00   1.7001255e+00
   5.0200000e+02  -1.9346206e+00   1.6926990e+00
   5.0300000e+02  -1.9332259e+00   1.6848098e+00
   5.0400000e+02  -1.9319814e+00   1.6778510e+00
   5.0500000e+02  -1.9299738e+00   1.6706454e+00
   5.0600000e+02  -1.9278145e+00   1.6649944e+00
   5.0700000e+02  -1.9245891e+00   1.6594732e+00
   5.0800000e+02  -1.9210357e+00   1.6553777e+00
   5.0900000e+02  -1.9178329e+00   1.6521002e+00
   5.1000000e+02  -1.9142240e+00   1.6491935e+00
   5.1100000e+02  -1.9103229e+00   1.6469185e+00
   5.1200000e+02  -1.9059467e+00   1.6444574e+00
   5.1300000e+02  -1.9017222e+00   1.6423681e+00
   5.1400000e+02  -1.8975105e+00   1.6404429e+00
   5.1500000e+02  -1.8937687e+00   1.6385007e+00
   5.1600000e+02  -1.8891933e+00   1.6368052e+00
   5.1700000e+02  -1.8816958e+00   1.6320961e+00
   5.1800000e+02  -1.8773052e+00   1.6310547e+00
   5.1900000e+02  -1.8734972e+00   1.6297185e+00
   5.2000000e+02  -1.8702860e+00   1.6293240e+00
   5.2100000e+02  -1.8666996e+00   1.6295290e+00
   5.2200000e+02  -1.8638492e+00   1.6300882e+00
   5.2300000e+02  -1.8619433e+00   1.6305101e+00
   5.2400000e+02  -1.8599223e+00   1.6320864e+00
   5.2500000e+02  -1.8591100e+00   1.6330260e+00
   5.2600000e+02  -1.8580106e+00   1.6342025e+00
   5.2700000e+02  -1.8579525e+00   1.6354282e+00
   5.2800000e+02  -1.8577997e+00   1.6372454e+00
   5.2900000e+02  -1.8571499e+00   1.6376631e+00
   5.3000000e+02  -1.8567860e+00   1.6394032e+00
   5.3100000e+02  -1.8571102e+00   1.6409652e+00
   5.3200000e+02  -1.8571134e+00   1.6427414e+00
   5.3300000e+02  -1.8582430e+00   1.6442649e+00
   5.3400000e+02  -1.8582541e+00   1.6458727e+00
   5.3500000e+02  -1.8590815e+00   1.6473449e+00
   5.3600000e+02  -1.8596869e+00   1.6484411e+00
   5.3700000e+02  -1.8599451e+00   1.6499168e+00
   5.3800000e+02  -1.8605644e+00   1.6511495e+00
   5.3900000e+02  -1.8613256e+00   1.6523958e+00
   5.4000000e+02  -1.8622950e+00   1.6539211e+00
   5.4100000e+02  -1.8628652e+00   1.6549795e+00
   5.4200000e+02  -1.8634974e+00   1.6555616e+00
   5.4300000e+02  -1.8643948e+00   1.6563755e+00
   5.4400000e+02  -1.8653788e+00   1.6570226e+00
   5.4500000e+02  -1.8661854e+00   1.6576455e+00
   5.4600000e+02  -1.8672699e+00   1.6580089e+00
   5.4700000e+02  -1.8686417e+00   1.6580111e+00
   5.4800000e+02  -1.8702371e+00   1.6584136e+00
   5.4900000e+02  -1.8717570e+00   1.6587282e+00
   5.5000000e+02  -1.8732850e+00   1.6584329e+00
   5.5100000e+02  -1.8747932e+00   1.6579465e+00
   5.5200000e+02  -1.8767629e+00   1.6574234e+00
   5.5300000e+02  -1.8784794e+00   1.6572933e+00
   5.5400000e+02  -1.8805457e+00   1.6558705e+00
   5.5500000e+02  -1.8825058e+00   1.6541291e+00
   5.5600000e+02  -1.8839616e+00   1.6519115e+00
   5.5700000e+02  -1.8865863e+00   1.6495246e+00
   5.5800000e+02  -1.8883096e+00   1.6471231e+00
   5.5900000e+02  -1.8896702e+00   1.6446429e+00
   5.6000000e+02  -1.8910258e+00   1.6427756e+00
   5.6100000e+02  -1.8920131e+00   1.6400999e+00
   5.6200000e+02  -1.8930664e+00   1.6381220e+00
   5.6300000e+02  -1.8935489e+00   1.6355133e+00
   5.6400000e+02  -1.8935615e+00   1.6317397e+00
   5.6500000e+02  -1.8910897e+00   1.6263342e+00
   5.6600000e+02  -1.8889397e+00   1.6222881e+00
   5.6700000e+02  -1.8873304e+00   1.6181793e+00
   5.6800000e+02  -1.8853086e+00   1.6145020e+00
   5.6900000e+02  -1.8830682e+00   1.6105247e+00
   5.7000000e+02  -1.8808433e+00   1.6068175e+00
   5.7100000e+02  -1.8782361e+00   1.6027939e+00
   5.7200000e+02  -1.8764058e+00   1.5999725e+00
   5.7300000e+02  -1.8745854e+00   1.5979462e+00
   5.7400000e+02  -1.8742804e+00   1.5974702e+00
   5.7500000e+02  -1.8755529e+00   1.5981605e+00
   5.7600000e+02  -1.8767977e+00   1.6000479e+00
   5.7700000e+02  -1.8770239e+00   1.6032398e+00
   5.7800000e+02  -1.8780320e+00   1.6070559e+00
   5.7900000e+02  -1.8771191e+00   1.6118435e+00
   5.8000000e+02  -1.8749034e+00   1.6169813e+00
   5.8100000e+02  -1.8711991e+00   1.6233916e+00
   5.8200000e+02  -1.8661110e+00   1.6302622e+00
   5.8300000e+02  -1.8599593e+00   1.6375789e+00
   5.8400000e+02  -1.8533892e+00   1.6433418e+00
   5.8500000e+02  -1.8468988e+00   1.6477905e+00
   5.8600000e+02  -1.8399761e+00   1.6505359e+00
   5.8700000e+02  -1.8332638e+00   1.6520418e+00
   5.8800000e+02  -1.8274981e+00   1.6527660e+00
   5.8900000e+02  -1.8220644e+00   1.6538189e+00
   5.9000000e+02  -1.8171677e+00   1.6528229e+00
   5.9100000e+02  -1.8131728e+00   1.6520189e+00
   5.9200000e+02  -1.8092273e+00   1.6516532e+00
   5.9300000e+02  -1.8055816e+00   1.6505686e+00
   5.9400000e+02  -1.8041163e+00   1.6488535e+00
   5.9500000e+02  -1.8026248e+00   1.6473112e+00
   5.9600000e+02  -1.8017791e+00   1.6452424e+00
   5.9700000e+02  -1.8028112e+00   1.6431799e+00
   5.9800000e+02  -1.8043749e+00   1.6408622e+00
   5.9900000e+02  -1.8077012e+00   1.6383535e+00
   6.0000000e+02  -1.8115638e+00   1.6361687e+00
   6.0100000e+02  -1.8168557e+00   1.6335656e+00
   6.0200000e+02  -1.8213073e+00   1.6304943e+00
   6.0300000e+02  -1.8266183e+00   1.6289339e+00
   6.0400000e+02  -1.8310040e+00   1.6269070e+00
   6.0500000e+02  -1.8367437e+00   1.6251987e+00
   6.0600000e+02  -1.8421790e+00   1.6234223e+00
   6.0700000e+02  -1.8467810e+00   1.6214963e+00
   6.0800000e+02  -1.8508485e+00   1.6194553e+00
   6.0900000e+02  -1.8549118e+00   1.6160521e+00
   6.1000000e+02  -1.8572277e+00   1.6127324e+00
   6.1100000e+02  -1.8588989e+00   1.6095042e+00
   6.1200000e+02  -1.8584760e+00   1.6055425e+00
   6.1300000e+02  -1.8559409e+00   1.6006641e+00
   6.1400000e+02  -1.8532206e+00   1.5974151e+00
   6.1500000e+02  -1.8501380e+00   1.5955911e+00
   6.1600000e+02  -1.8464424e+00   1.5944868e+00
   6.1700000e+02  -1.8429329e+00   1.5953829e+00
   6.1800000e+02  -1.8391909e+00   1.5976078e+00
   6.1900000e+02  -1.8338084e+00   1.6016118e+00
   6.2000000e+02  -1.8286872e+00   1.6057880e+00
   6.2100000e+02  -1.8226747e+00   1.6111702e+00
   6.2200000e+02  -1.8151150e+00   1.6164987e+00
   6.2300000e+02  -1.8073982e+00   1.6220813e+00
   6.2400000e+02  -1.7991253e+00   1.6265901e+00
   6.2500000e+02  -1.7903972e+00   1.6309515e+00
   6.2600000e+02  -1.7797139e+00   1.6344271e+00
   6.2700000e+02  -1.7698622e+00   1.6373465e+00
   6.2800000e+02  -1.7591439e+00   1.6402752e+00
   6.2900000e+02  -1.7496877e+00   1.6422219e+00
   6.3000000e+02  -1.7415067e+00   1.6446931e+00
   6.3100000e+02  -1.7334449e+00   1.6465533e+00
   6.3200000e+02  -1.7267902e+00   1.6479698e+00
   6.3300000e+02  -1.7217660e+00   1.6491003e+00
   6.3400000e+02  -1.7173471e+00   1.6492517e+00
   6.3500000e+02  -1.7131275e+00   1.6487152e+00
   6.3600000e+02  -1.7094698e+00   1.6471104e+00
   6.3700000e+02  -1.7067150e+00   1.6447115e+00
   6.3800000e+02  -1.7034376e+00   1.6408074e+00
   6.3900000e+02  -1.7011730e+00   1.6369012e+00
   6.4000000e+02  -1.6984825e+00   1.6319518e+00
   6.4100000e+02  -1.6970711e+00   1.6260701e+00
   6.4200000e+02  -1.6953906e+00   1.6192042e+00
   6.4300000e+02  -1.6948462e+00   1.6118391e+00
   6.4400000e+02  -1.6941212e+00   1.6043468e+00
   6.4500000e+02  -1.6939558e+00   1.5968433e+00
   6.4600000e+02  -1.6932855e+00   1.5893342e+00
   6.4700000e+02  -1.6929153e+00   1.5818051e+00
   6.4800000e+02  -1.6909046e+00   1.5746854e+00
   6.4900000e+02  -1.6908269e+00   1.5673815e+00
   6.5000000e+02  -1.6894040e+00   1.5612624e+00
   6.5100000e+02  -1.6881020e+00   1.5546478e+00
   6.5200000e+02  -1.6869614e+00   1.5482254e+00
   6.5300000e+02  -1.6857073e+00   1.5409413e+00
   6.5400000e+02  -1.6829614e+00   1.5334445e+00
   6.5500000e+02  -1.6802074e+00   1.5247770e+00
   6.5600000e+02  -1.6767024e+00   1.5158019e+00
   6.5700000e+02  -1.6721539e+00   1.5062974e+00
   6.5800000e+02  -1.6667347e+00   1.4967328e+00
   6.5900000e+02  -1.6603992e+00   1.4886096e+00
   6.6000000e+02  -1.6535807e+00   1.4817102e+00
   6.6100000e+02  -1.6452502e+00   1.4751221e+00
   6.6200000e+02  -1.6361737e+00   1.4711079e+00
   6.6300000e+02  -1.6254866e+00   1.4696144e+00
   6.6400000e+02  -1.6136511e+00   1.4709416e+00
   6.6500000e+02  -1.6003954e+00   1.4736565e+00
   6.6600000e+02  -1.5874298e+00   1.4782867e+00
   6.6700000e+02  -1.5754508e+00   1.4834586e+00
   6.6800000e+02  -1.5636770e+00   1.4890087e+00
   6.6900000e+02  -1.5531072e+00   1.4952575e+00
   6.7000000e+02  -1.5420268e+00   1.5003559e+00
   6.7100000e+02  -1.5323246e+00   1.5057625e+00
   6.7200000e+02  -1.5229253e+00   1.5099648e+00
   6.7300000e+02  -1.5137401e+00   1.5136259e+00
   6.7400000e+02  -1.5045248e+00   1.5155105e+00
   6.7500000e+02  -1.4964754e+00   1.5161148e+00
   6.7600000e+02  -1.4895044e+00   1.5152290e+00
   6.7700000e+02  -1.4847706e+00   1.5124112e+00
   6.7800000e+02  -1.4821192e+00   1.5084770e+00
   6.7900000e+02  -1.4810223e+00   1.5027330e+00
   6.8000000e+02  -1.4812062e+00   1.4953063e+00
   6.8100000e+02  -1.4835427e+00   1.4869483e+00
   6.8200000e+02  -1.4873699e+00   1.4779577e+00
   6.8300000e+02  -1.4927144e+00   1.4683204e+00
   6.8400000e+02  -1.4991473e+00   1.4595390e+00
   6.8500000e+02  -1.5071658e+00   1.4509118e+00
   6.8600000e+02  -1.5118671e+00   1.4445603e+00
   6.8700000e+02  -1.5163493e+00   1.4394661e+00
   6.8800000e+02  -1.5202481e+00   1.4362779e+00
   6.8900000e+02  -1.5234402e+00   1.4345562e+00
   6.9000000e+02  -1.5253611e+00   1.4348772e+00
   6.9100000e+02  -1.5262493e+00   1.4365460e+00
   6.9200000e+02  -1.5258142e+00   1.4401731e+00
   6.9300000e+02  -1.5249826e+00   1.4454020e+00
   6.9400000e+02  -1.5228331e+00   1.4517610e+00
   6.9500000e+02  -1.5199258e+00   1.4593377e+00
   6.9600000e+02  -1.5163824e+00   1.4671587e+00
   6.9700000e+02  -1.5122619e+00   1.4748939e+00
   6.9800000e+02  -1.5087494e+00   1.4818420e+00
   6.9900000e+02  -1.5053997e+00   1.4887665e+00
   7.0000000e+02  -1.5032154e+00   1.4951182e+00
   7.0100000e+02  -1.4997724e+00   1.5010208e+00
   7.0200000e+02  -1.4966115e+00   1.5076939e+00
   7.0300000e+02  -1.4926891e+00   1.5149048e+00
   7.0400000e+02  -1.4883209e+00   1.5222412e+00
   7.0500000e+02  -1.4844646e+00   1.5302915e+00
   7.0600000e+02  -1.4813125e+00   1.5381527e+00
   7.0700000e+02  -1.4790224e+00   1.5453165e+00
   7.0800000e+02  -1.4777402e+00   1.5510783e+00
   7.0900000e+02  -1.4778906e+00   1.5564207e+00
   7.1000000e+02  -1.4774215e+00   1.5600187e+00
   7.1100000e+02  -1.4774231e+00   1.5624563e+00
   7.1200000e+02  -1.4783772e+00   1.5644664e+00
   7.1300000e+02  -1.4789633e+00   1.5663438e+00
   7.1400000e+02  -1.4806107e+00   1.5675228e+00
   7.1500000e+02  -1.4825137e+00   1.5685685e+00
   7.1600000e+02  -1.4842774e+00   1.5697732e+00
   7.1700000e+02  -1.4851631e+00   1.5704330e+00
   7.1800000e+02  -1.4852795e+00   1.5715307e+00
   7.1900000e+02  -1.4841830e+00   1.5721217e+00
   7.2000000e+02  -1.4828183e+00   1.5720462e+00
   7.2100000e+02  -1.4799430e+00   1.5713569e+00
   7.2200000e+02  -1.4770901e+00   1.5712589e+00
   7.2300000e+02  -1.4730748e+00   1.5709929e+00
   7.2400000e+02  -1.4691384e+00   1.5701885e+00
   7.2500000e+02  -1.4661960e+00   1.5687902e+00
   7.2600000e+02  -1.4633681e+00   1.5677185e+00
   7.2700000e+02  -1.4607214e+00   1.5659451e+00
   7.2800000e+02  -1.4577966e+00   1.5643716e+00
   7.2900000e+02  -1.4546390e+00   1.5622557e+00
   7.3000000e+02  -1.4515578e+00   1.5603378e+00
   7.3100000e+02  -1.4488425e+00   1.5578465e+00
   7.3200000e+02  -1.4464757e+00   1.5552687e+00
   7.3300000e+02  -1.4446349e+00   1.5522020e+00
   7.3400000e+02  -1.4434236e+00   1.5501384e+00
   7.3500000e+02  -1.4424527e+00   1.5476406e+00
   7.3600000e+02  -1.4415505e+00   1.5451307e+00
   7.3700000e+02  -1.4412137e+00   1.5423584e+00
   7.3800000e+02  -1.4423405e+00   1.5391185e+00
   7.3900000e+02  -1.4420622e+00   1.5360604e+00
   7.4000000e+02  -1.4425816e+00   1.5326413e+00
   7.4100000e+02  -1.4425401e+00   1.5285924e+00
   7.4200000e+02  -1.4418099e+00   1.5246459e+00
   7.4300000e+02  -1.4397292e+00   1.5202674e+00
   7.4400000e+02  -1.4364958e+00   1.5150033e+00
   7.4500000e+02  -1.4312711e+00   1.5102988e+00
   7.4600000e+02  -1.4257252e+00   1.5055119e+00
   7.4700000e+02  -1.4167504e+00   1.4999659e+00
   7.4800000e+02  -1.4092339e+00   1.4930136e+00
   7.4900000e+02  -1.4019556e+00   1.4841113e+00
   7.5000000e+02  -1.3979202e+00   1.4720896e+00
   7.5100000e+02  -1.3953616e+00   1.4582980e+00
   7.5200000e+02  -1.3925514e+00   1.4428419e+00
   7.5300000e+02  -1.3913055e+00   1.4257598e+00
   7.5400000e+02  -1.3897657e+00   1.4079846e+00
   7.5500000e+02  -1.3874000e+00   1.3888477e+00
   7.5600000e+02  -1.3840806e+00   1.3696211e+00
   7.5700000e+02  -1.3826575e+00   1.3478533e+00
   7.5800000e+02  -1.3801247e+00   1.3302400e+00
   7.5900000e+02  -1.3782970e+00   1.3126913e+00
   7.6000000e+02  -1.3757501e+00   1.2960722e+00
   7.6100000e+02  -1.3730139e+00   1.2806098e+00
   7.6200000e+02  -1.3700273e+00   1.2642998e+00
   7.6300000e+02  -1.3662411e+00   1.2482104e+00
   7.6400000e+02  -1.3621607e+00   1.2343716e+00
   7.6500000e+02  -1.3570106e+00   1.2237142e+00
   7.6600000e+02  -1.3519401e+00   1.2141492e+00
   7.6700000e+02  -1.3458862e+00   1.2064917e+00
   7.6800000e+02  -1.3390871e+00   1.2006912e+00
   7.6900000e+02  -1.3295502e+00   1.1939153e+00
   7.7000000e+02  -1.3193913e+00   1.1906428e+00
   7.7100000e+02  -1.3082368e+00   1.1885031e+00
   7.7200000e+02  -1.2964872e+00   1.1885963e+00
   7.7300000e+02  -1.2861325e+00   1.1912355e+00
   7.7400000e+02  -1.2766191e+00   1.1973922e+00
   7.7500000e+02  -1.2671174e+00   1.2057156e+00
   7.7600000e+02  -1.2579148e+00   1.2150890e+00
   7.7700000e+02  -1.2469101e+00   1.2282760e+00
   7.7800000e+02  -1.2346190e+00   1.2395776e+00
   7.7900000e+02  -1.2218396e+00   1.2508640e+00
   7.8000000e+02  -1.2085680e+00   1.2608879e+00
   7.8100000e+02  -1.1944256e+00   1.2718741e+00
   7.8200000e+02  -1.1802132e+00   1.2768865e+00
   7.8300000e+02  -1.1670905e+00   1.2780941e+00
   7.8400000e+02  -1.1540769e+00   1.2759811e+00
   7.8500000e+02  -1.1411927e+00   1.2702293e+00
   7.8600000e+02  -1.1315096e+00   1.2630671e+00
   7.8700000e+02  -1.1232592e+00   1.2538674e+00
   7.8800000e+02  -1.1166038e+00   1.2436208e+00
   7.8900000e+02  -1.1113390e+00   1.2326449e+00
   7.9000000e+02  -1.1069339e+00   1.2201398e+00
   7.9100000e+02  -1.1046275e+00   1.2060801e+00
   7.9200000e+02  -1.1027551e+00   1.1903778e+00
   7.9300000e+02  -1.1015355e+00   1.1721243e+00
   7.9400000e+02  -1.1009216e+00   1.1572621e+00
   7.9500000e+02  -1.1006369e+00   1.1423713e+00
   7.9600000e+02  -1.1011929e+00   1.1302556e+00
   7.9700000e+02  -1.1020628e+00   1.1203064e+00
   7.9800000e+02  -1.1023032e+00   1.1125699e+00
   7.9900000e+02  -1.1037643e+00   1.1071583e+00
   8.0000000e+02  -1.1062158e+00   1.1029970e+00
   8.0100000e+02  -1.1077359e+00   1.1003880e+00
   8.0200000e+02  -1.1080049e+00   1.1003054e+00
   8.0300000e+02  -1.1082169e+00   1.1013501e+00
   8.0400000e+02  -1.1063376e+00   1.1037939e+00
   8.0500000e+02  -1.1058704e+00   1.1080103e+00
   8.0600000e+02  -1.1003704e+00   1.1112438e+00
   8.0700000e+02  -1.0949305e+00   1.1130336e+00
   8.0800000e+02  -1.0903873e+00   1.1133439e+00
   8.0900000e+02  -1.0866076e+00   1.1101816e+00
   8.1000000e+02  -1.0851551e+00   1.1029696e+00
   8.1100000e+02  -1.0866502e+00   1.0937683e+00
   8.1200000e+02  -1.0895426e+00   1.0819555e+00
   8.1300000e+02  -1.0936428e+00   1.0681934e+00
   8.1400000e+02  -1.0975653e+00   1.0536437e+00
   8.1500000e+02  -1.1020455e+00   1.0383108e+00
   8.1600000e+02  -1.1057046e+00   1.0237545e+00
   8.1700000e+02  -1.1097486e+00   1.0076019e+00
   8.1800000e+02  -1.1105915e+00   9.9605585e-01
   8.1900000e+02  -1.1099600e+00   9.8414614e-01
   8.2000000e+02  -1.1089667e+00   9.7537862e-01
   8.2100000e+02  -1.1077310e+00   9.6722190e-01
   8.2200000e+02  -1.1065375e+00   9.5958405e-01
   8.2300000e+02  -1.1055501e+00   9.5213261e-01
   8.2400000e+02  -1.1039960e+00   9.4509374e-01
   8.2500000e+02  -1.1033288e+00   9.3818082e-01
   8.2600000e+02  -1.1023786e+00   9.3108064e-01
   8.2700000e+02  -1.1015496e+00   9.2444473e-01
   8.2800000e+02  -1.1013592e+00   9.1842250e-01
   8.2900000e+02  -1.1007401e+00   9.1352371e-01
   8.3000000e+02  -1.0996771e+00   9.1002005e-01
   8.3100000e+02  -1.0979200e+00   9.0781430e-01
   8.3200000e+02  -1.0955473e+00   9.0736559e-01
   8.3300000e+02  -1.0924626e+00   9.0814062e-01
   8.3400000e+02  -1.0883645e+00   9.1002385e-01
   8.3500000e+02  -1.0817862e+00   9.1396297e-01
   8.3600000e+02  -1.0752783e+00   9.1940485e-01
   8.3700000e+02  -1.0690221e+00   9.2553887e-01
   8.3800000e+02  -1.0613959e+00   9.3275212e-01
   8.3900000e+02  -1.0533852e+00   9.4084585e-01
   8.4000000e+02  -1.0460092e+00   9.4898068e-01
   8.4100000e+02  -1.0358736e+00   9.5730212e-01
   8.4200000e+02  -1.0275629e+00   9.6405577e-01
   8.4300000e+02  -1.0162434e+00   9.7021992e-01
   8.4400000e+02  -1.0054182e+00   9.7472852e-01
   8.4500000e+02  -9.9567586e-01   9.7617187e-01
   8.4600000e+02  -9.8843507e-01   9.7487100e-01
   8.4700000e+02  -9.8427647e-01   9.7141609e-01
   8.4800000e+02  -9.8241525e-01   9.6551770e-01
   8.4900000e+02  -9.8143811e-01   9.5802860e-01
   8.5000000e+02  -9.8114089e-01   9.4845987e-01
   8.5100000e+02  -9.8036400e-01   9.3520798e-01
   8.5200000e+02  -9.8022870e-01   9.2097269e-01
   8.5300000e+02  -9.7853848e-01   9.0293138e-01
   8.5400000e+02  -9.7737916e-01   8.8630866e-01
   8.5500000e+02  -9.7371055e-01   8.6828595e-01
   8.5600000e+02  -9.6989166e-01   8.5020386e-01
   8.5700000e+02  -9.6605970e-01   8.3435962e-01
   8.5800000e+02  -9.6258933e-01   8.2066189e-01
   8.5900000e+02  -9.5825819e-01   8.0898967e-01
   8.6000000e+02  -9.5463620e-01   8.0067083e-01
   8.6100000e+02  -9.5241865e-01   7.9482467e-01
   8.6200000e+02  -9.4977292e-01   7.9184222e-01
   8.6300000e+02  -9.4724505e-01   7.9206433e-01
   8.6400000e+02  -9.4559298e-01   7.9249652e-01
   8.6500000e+02  -9.4488549e-01   7.9404447e-01
   8.6600000e+02  -9.4196111e-01   7.9829246e-01
   8.6700000e+02  -9.3720411e-01   8.0208971e-01
   8.6800000e+02  -9.3342105e-01   8.0519959e-01
   8.6900000e+02  -9.2948740e-01   8.0743443e-01
   8.7000000e+02  -9.2639537e-01   8.0791482e-01
   8.7100000e+02  -9.2418448e-01   8.0585185e-01
   8.7200000e+02  -9.2393040e-01   8.0105571e-01
   8.7300000e+02  -9.2503096e-01   7.9364966e-01
   8.7400000e+02  -9.2751889e-01   7.8493766e-01
   8.7500000e+02  -9.3012964e-01   7.7465278e-01
   8.7600000e+02  -9.3271315e-01   7.6182478e-01
   8.7700000e+02  -9.3432141e-01   7.4824517e-01
   8.7800000e+02  -9.3656482e-01   7.3270020e-01
   8.7900000e+02  -9.3972703e-01   7.1727888e-01
   8.8000000e+02  -9.4024978e-01   7.0050274e-01
   8.8100000e+02  -9.3980010e-01   6.8333445e-01
   8.8200000e+02  -9.3853786e-01   6.6778928e-01
   8.8300000e+02  -9.3480848e-01   6.5415816e-01
   8.8400000e+02  -9.3163422e-01   6.4250047e-01
   8.8500000e+02  -9.2609792e-01   6.3254744e-01
   8.8600000e+02  -9.2010475e-01   6.2507692e-01
   8.8700000e+02  -9.1325700e-01   6.1891548e-01
   8.8800000e+02  -9.0508283e-01   6.1500615e-01
   8.8900000e+02  -8.9431502e-01   6.1231901e-01
   8.9000000e+02  -8.8427074e-01   6.1082381e-01
   8.9100000e+02  -8.7195329e-01   6.0823132e-01
   8.9200000e+02  -8.5763060e-01   6.0543761e-01
   8.9300000e+02  -8.4273651e-01   6.0273685e-01
   8.9400000e+02  -8.2729546e-01   5.9948055e-01
   8.9500000e+02  -8.1347449e-01   5.9442779e-01
   8.9600000e+02  -8.0105928e-01   5.8680348e-01
   8.9700000e+02  -7.8977452e-01   5.7528565e-01
   8.9800000e+02  -7.8332259e-01   5.6279413e-01
   8.9900000e+02  -7.7811630e-01   5.4795554e-01
   9.0000000e+02  -7.7469482e-01   5.3428103e-01
   9.0100000e+02  -7.7152702e-01   5.1919279e-01
   9.0200000e+02  -7.7036694e-01   5.0531957e-01
   9.0300000e+02  -7.7233321e-01   4.9210500e-01
   9.0400000e+02  -7.7505693e-01   4.8084864e-01
   9.0500000e+02  -7.7749171e-01   4.7092989e-01
   9.0600000e+02  -7.8030734e-01   4.6269719e-01
   9.0700000e+02  -7.8220307e-01   4.5666570e-01
   9.0800000e+02  -7.8245768e-01   4.5074361e-01
   9.0900000e+02  -7.8162274e-01   4.4591711e-01
   9.1000000e+02  -7.7980576e-01   4.4219672e-01
   9.1100000e+02  -7.7519155e-01   4.4018208e-01
   9.1200000e+02  -7.6816940e-01   4.3941803e-01
   9.1300000e+02  -7.5907469e-01   4.3999415e-01
   9.1400000e+02  -7.4879841e-01   4.4219713e-01
   9.1500000e+02  -7.3588125e-01   4.4444788e-01
   9.1600000e+02  -7.2150551e-01   4.4766022e-01
   9.1700000e+02  -7.0568880e-01   4.5114994e-01
   9.1800000e+02  -6.8910193e-01   4.5447591e-01
   9.1900000e+02  -6.7165404e-01   4.5548049e-01
   9.2000000e+02  -6.5482286e-01   4.5224414e-01
   9.2100000e+02  -6.4164761e-01   4.4671625e-01
   9.2200000e+02  -6.3118913e-01   4.3779795e-01
   9.2300000e+02  -6.2251302e-01   4.2727362e-01
   9.2400000e+02  -6.1457008e-01   4.1462766e-01
   9.2500000e+02  -6.0591863e-01   3.9941223e-01
   9.2600000e+02  -5.9900375e-01   3.8618724e-01
   9.2700000e+02  -5.9125999e-01   3.7296335e-01
   9.2800000e+02  -5.8215257e-01   3.6137856e-01
   9.2900000e+02  -5.7189212e-01   3.5102201e-01
   9.3000000e+02  -5.6080386e-01   3.4204739e-01
   9.3100000e+02  -5.4841495e-01   3.3633523e-01
   9.3200000e+02  -5.3536754e-01   3.3193219e-01
   9.3300000e+02  -5.2287100e-01   3.3090526e-01
   9.3400000e+02  -5.1059538e-01   3.3113432e-01
   9.3500000e+02  -4.9743716e-01   3.3505422e-01
   9.3600000e+02  -4.8416636e-01   3.3881371e-01
   9.3700000e+02  -4.7051723e-01   3.4475723e-01
   9.3800000e+02  -4.5757915e-01   3.4523961e-01
   9.3900000e+02  -4.4689407e-01   3.4237944e-01
   9.4000000e+02  -4.3607302e-01   3.3393416e-01
   9.4100000e+02  -4.2587958e-01   3.2087402e-01
   9.4200000e+02  -4.1204678e-01   3.0608097e-01
   9.4300000e+02  -3.9604984e-01   2.9057804e-01
   9.4400000e+02  -3.7766044e-01   2.7276095e-01
   9.4500000e+02  -3.5794481e-01   2.5446347e-01
   9.4600000e+02  -3.3343964e-01   2.3031982e-01
   9.4700000e+02  -3.0774495e-01   2.0514247e-01
   9.4800000e+02  -2.8476269e-01   1.7884196e-01
   9.4900000e+02  -2.6339287e-01   1.6325810e-01
   9.5000000e+02  -2.4537531e-01   1.3379212e-01
   9.5100000e+02  -2.2941733e-01   1.0485882e-01
