   1.0000000e+00   2.2702709e+00   2.9670379e+00
   2.0000000e+00   2.2651709e+00   2.9640903e+00
   3.0000000e+00   2.2610856e+00   2.9587813e+00
   4.0000000e+00   2.2591326e+00   2.9546030e+00
   5.0000000e+00   2.2589988e+00   2.9518404e+00
   6.0000000e+00   2.2609834e+00   2.9505050e+00
   7.0000000e+00   2.2639527e+00   2.9500496e+00
   8.0000000e+00   2.2673784e+00   2.9504110e+00
   9.0000000e+00   2.2697504e+00   2.9504192e+00
   1.0000000e+01   2.2721138e+00   2.9496217e+00
   1.1000000e+01   2.2738490e+00   2.9484123e+00
   1.2000000e+01   2.2754801e+00   2.9469761e+00
   1.3000000e+01   2.2776172e+00   2.9450194e+00
   1.4000000e+01   2.2801393e+00   2.9437257e+00
   1.5000000e+01   2.2830795e+00   2.9428856e+00
   1.6000000e+01   2.2855461e+00   2.9417608e+00
   1.7000000e+01   2.2889556e+00   2.9407578e+00
   1.8000000e+01   2.2922232e+00   2.9387634e+00
   1.9000000e+01   2.2966612e+00   2.9356377e+00
   2.0000000e+01   2.3019886e+00   2.9306622e+00
   2.1000000e+01   2.3079717e+00   2.9241050e+00
   2.2000000e+01   2.3141198e+00   2.9156954e+00
   2.3000000e+01   2.3203786e+00   2.9061166e+00
   2.4000000e+01   2.3271949e+00   2.8963394e+00
   2.5000000e+01   2.3347746e+00   2.8863928e+00
   2.6000000e+01   2.3415421e+00   2.8752196e+00
   2.7000000e+01   2.3489644e+00   2.8626418e+00
   2.8000000e+01   2.3561536e+00   2.8507863e+00
   2.9000000e+01   2.3631680e+00   2.8385451e+00
   3.0000000e+01   2.3690618e+00   2.8268537e+00
   3.1000000e+01   2.3747652e+00   2.8144822e+00
   3.2000000e+01   2.3801743e+00   2.8024854e+00
   3.3000000e+01   2.3840813e+00   2.7905929e+00
   3.4000000e+01   2.3869435e+00   2.7791411e+00
   3.5000000e+01   2.3889580e+00   2.7683404e+00
   3.6000000e+01   2.3899983e+00   2.7576211e+00
   3.7000000e+01   2.3904828e+00   2.7474291e+00
   3.8000000e+01   2.3893450e+00   2.7371750e+00
   3.9000000e+01   2.3880282e+00   2.7275211e+00
   4.0000000e+01   2.3857156e+00   2.7194530e+00
   4.1000000e+01   2.3829613e+00   2.7107129e+00
   4.2000000e+01   2.3777323e+00   2.7021108e+00
   4.3000000e+01   2.3711777e+00   2.6933613e+00
   4.4000000e+01   2.3642111e+00   2.6866955e+00
   4.5000000e+01   2.3574330e+00   2.6831515e+00
   4.6000000e+01   2.3524938e+00   2.6834656e+00
   4.7000000e+01   2.3496169e+00   2.6875551e+00
   4.8000000e+01   2.3487400e+00   2.6944539e+00
   4.9000000e+01   2.3487648e+00   2.7037023e+00
   5.0000000e+01   2.3503005e+00   2.7152445e+00
   5.1000000e+01   2.3507284e+00   2.7281235e+00
   5.2000000e+01   2.3519229e+00   2.7410763e+00
   5.3000000e+01   2.3534065e+00   2.7553336e+00
   5.4000000e+01   2.3540104e+00   2.7703041e+00
   5.5000000e+01   2.3543640e+00   2.7848729e+00
   5.6000000e+01   2.3539722e+00   2.8012120e+00
   5.7000000e+01   2.3531727e+00   2.8165927e+00
   5.8000000e+01   2.3522204e+00   2.8314600e+00
   5.9000000e+01   2.3493077e+00   2.8426589e+00
   6.0000000e+01   2.3481886e+00   2.8525579e+00
   6.1000000e+01   2.3466936e+00   2.8621352e+00
   6.2000000e+01   2.3430197e+00   2.8689519e+00
   6.3000000e+01   2.3391563e+00   2.8751445e+00
   6.4000000e+01   2.3349425e+00   2.8801879e+00
   6.5000000e+01   2.3307571e+00   2.8849602e+00
   6.6000000e+01   2.3264771e+00   2.8887100e+00
   6.7000000e+01   2.3228695e+00   2.8913447e+00
   6.8000000e+01   2.3195645e+00   2.8934978e+00
   6.9000000e+01   2.3160958e+00   2.8941167e+00
   7.0000000e+01   2.3130587e+00   2.8939073e+00
   7.1000000e+01   2.3103293e+00   2.8917219e+00
   7.2000000e+01   2.3075508e+00   2.8876190e+00
   7.3000000e+01   2.3039728e+00   2.8819051e+00
   7.4000000e+01   2.2991524e+00   2.8740691e+00
   7.5000000e+01   2.2936736e+00   2.8634070e+00
   7.6000000e+01   2.2858922e+00   2.8504877e+00
   7.7000000e+01   2.2775056e+00   2.8358669e+00
   7.8000000e+01   2.2684185e+00   2.8194867e+00
   7.9000000e+01   2.2594037e+00   2.8013181e+00
   8.0000000e+01   2.2499345e+00   2.7807947e+00
   8.1000000e+01   2.2402031e+00   2.7579977e+00
   8.2000000e+01   2.2299806e+00   2.7330198e+00
   8.3000000e+01   2.2206307e+00   2.7075454e+00
   8.4000000e+01   2.2101451e+00   2.6800793e+00
   8.5000000e+01   2.2000765e+00   2.6522319e+00
   8.6000000e+01   2.1903430e+00   2.6261987e+00
   8.7000000e+01   2.1789929e+00   2.6009910e+00
   8.8000000e+01   2.1666724e+00   2.5770183e+00
   8.9000000e+01   2.1507807e+00   2.5531505e+00
   9.0000000e+01   2.1316449e+00   2.5307180e+00
   9.1000000e+01   2.1103396e+00   2.5095306e+00
   9.2000000e+01   2.0877143e+00   2.4907333e+00
   9.3000000e+01   2.0649886e+00   2.4752158e+00
   9.4000000e+01   2.0404985e+00   2.4619687e+00
   9.5000000e+01   2.0138229e+00   2.4512115e+00
   9.6000000e+01   1.9882589e+00   2.4413353e+00
   9.7000000e+01   1.9621329e+00   2.4318709e+00
   9.8000000e+01   1.9410307e+00   2.4247769e+00
   9.9000000e+01   1.9224244e+00   2.4158920e+00
   1.0000000e+02   1.9061580e+00   2.4058789e+00
   1.0100000e+02   1.8930803e+00   2.3938162e+00
   1.0200000e+02   1.8808885e+00   2.3787891e+00
   1.0300000e+02   1.8702459e+00   2.3618005e+00
   1.0400000e+02   1.8595005e+00   2.3423607e+00
   1.0500000e+02   1.8489999e+00   2.3210177e+00
   1.0600000e+02   1.8394813e+00   2.2991123e+00
   1.0700000e+02   1.8307324e+00   2.2762015e+00
   1.0800000e+02   1.8234602e+00   2.2536115e+00
   1.0900000e+02   1.8194074e+00   2.2318271e+00
   1.1000000e+02   1.8171686e+00   2.2107399e+00
   1.1100000e+02   1.8164876e+00   2.1920458e+00
   1.1200000e+02   1.8174276e+00   2.1764075e+00
   1.1300000e+02   1.8180928e+00   2.1628253e+00
   1.1400000e+02   1.8172009e+00   2.1517555e+00
   1.1500000e+02   1.8144699e+00   2.1421309e+00
   1.1600000e+02   1.8099027e+00   2.1346131e+00
   1.1700000e+02   1.8038073e+00   2.1280768e+00
   1.1800000e+02   1.7951791e+00   2.1232901e+00
   1.1900000e+02   1.7843668e+00   2.1196617e+00
   1.2000000e+02   1.7713383e+00   2.1176441e+00
   1.2100000e+02   1.7564164e+00   2.1173734e+00
   1.2200000e+02   1.7402368e+00   2.1181192e+00
   1.2300000e+02   1.7240855e+00   2.1195427e+00
   1.2400000e+02   1.7092832e+00   2.1216015e+00
   1.2500000e+02   1.6968869e+00   2.1232440e+00
   1.2600000e+02   1.6890563e+00   2.1244585e+00
   1.2700000e+02   1.6842919e+00   2.1246458e+00
   1.2800000e+02   1.6830907e+00   2.1234161e+00
   1.2900000e+02   1.6849897e+00   2.1215724e+00
   1.3000000e+02   1.6876159e+00   2.1195127e+00
   1.3100000e+02   1.6917792e+00   2.1151493e+00
   1.3200000e+02   1.6974614e+00   2.1101171e+00
   1.3300000e+02   1.7040386e+00   2.1035481e+00
   1.3400000e+02   1.7095219e+00   2.0961899e+00
   1.3500000e+02   1.7160435e+00   2.0883809e+00
   1.3600000e+02   1.7212750e+00   2.0801966e+00
   1.3700000e+02   1.7266094e+00   2.0705348e+00
   1.3800000e+02   1.7317903e+00   2.0611591e+00
   1.3900000e+02   1.7368099e+00   2.0506134e+00
   1.4000000e+02   1.7412009e+00   2.0405208e+00
   1.4100000e+02   1.7449537e+00   2.0298021e+00
   1.4200000e+02   1.7481326e+00   2.0194035e+00
   1.4300000e+02   1.7500642e+00   2.0087994e+00
   1.4400000e+02   1.7524494e+00   1.9993095e+00
   1.4500000e+02   1.7547854e+00   1.9895051e+00
   1.4600000e+02   1.7554372e+00   1.9815821e+00
   1.4700000e+02   1.7560759e+00   1.9743985e+00
   1.4800000e+02   1.7559720e+00   1.9684793e+00
   1.4900000e+02   1.7572367e+00   1.9636989e+00
   1.5000000e+02   1.7584542e+00   1.9591445e+00
   1.5100000e+02   1.7600657e+00   1.9551846e+00
   1.5200000e+02   1.7620334e+00   1.9521862e+00
   1.5300000e+02   1.7641187e+00   1.9492306e+00
   1.5400000e+02   1.7661229e+00   1.9465282e+00
   1.5500000e+02   1.7670702e+00   1.9444155e+00
   1.5600000e+02   1.7682328e+00   1.9425599e+00
   1.5700000e+02   1.7691622e+00   1.9414855e+00
   1.5800000e+02   1.7690644e+00   1.9398245e+00
   1.5900000e+02   1.7683588e+00   1.9393403e+00
   1.6000000e+02   1.7665711e+00   1.9393624e+00
   1.6100000e+02   1.7654044e+00   1.9400400e+00
   1.6200000e+02   1.7630552e+00   1.9411008e+00
   1.6300000e+02   1.7601013e+00   1.9425276e+00
   1.6400000e+02   1.7562464e+00   1.9451000e+00
   1.6500000e+02   1.7526499e+00   1.9490312e+00
   1.6600000e+02   1.7488092e+00   1.9534096e+00
   1.6700000e+02   1.7446614e+00   1.9582453e+00
   1.6800000e+02   1.7400542e+00   1.9638205e+00
   1.6900000e+02   1.7354047e+00   1.9694134e+00
   1.7000000e+02   1.7298761e+00   1.9742905e+00
   1.7100000e+02   1.7241593e+00   1.9800987e+00
   1.7200000e+02   1.7187751e+00   1.9851377e+00
   1.7300000e+02   1.7131841e+00   1.9903869e+00
   1.7400000e+02   1.7079300e+00   1.9954468e+00
   1.7500000e+02   1.7032861e+00   1.9999404e+00
   1.7600000e+02   1.6994545e+00   2.0039502e+00
   1.7700000e+02   1.6958197e+00   2.0069650e+00
   1.7800000e+02   1.6922984e+00   2.0095990e+00
   1.7900000e+02   1.6899251e+00   2.0112330e+00
   1.8000000e+02   1.6876510e+00   2.0124348e+00
   1.8100000e+02   1.6859263e+00   2.0126502e+00
   1.8200000e+02   1.6847826e+00   2.0138928e+00
   1.8300000e+02   1.6840820e+00   2.0142157e+00
   1.8400000e+02   1.6835019e+00   2.0135086e+00
   1.8500000e+02   1.6839830e+00   2.0129682e+00
   1.8600000e+02   1.6847038e+00   2.0121538e+00
   1.8700000e+02   1.6865219e+00   2.0105472e+00
   1.8800000e+02   1.6882129e+00   2.0092498e+00
   1.8900000e+02   1.6910692e+00   2.0083712e+00
   1.9000000e+02   1.6934125e+00   2.0069708e+00
   1.9100000e+02   1.6965251e+00   2.0054509e+00
   1.9200000e+02   1.6995178e+00   2.0039686e+00
   1.9300000e+02   1.7040350e+00   2.0014128e+00
   1.9400000e+02   1.7082223e+00   1.9998803e+00
   1.9500000e+02   1.7119703e+00   1.9977592e+00
   1.9600000e+02   1.7171980e+00   1.9954385e+00
   1.9700000e+02   1.7219855e+00   1.9932774e+00
   1.9800000e+02   1.7264588e+00   1.9905097e+00
   1.9900000e+02   1.7318918e+00   1.9873238e+00
   2.0000000e+02   1.7367049e+00   1.9840770e+00
   2.0100000e+02   1.7417577e+00   1.9806878e+00
   2.0200000e+02   1.7463577e+00   1.9768753e+00
   2.0300000e+02   1.7495712e+00   1.9723017e+00
   2.0400000e+02   1.7535753e+00   1.9680699e+00
   2.0500000e+02   1.7579543e+00   1.9634091e+00
   2.0600000e+02   1.7603995e+00   1.9585994e+00
   2.0700000e+02   1.7629676e+00   1.9533587e+00
   2.0800000e+02   1.7651698e+00   1.9480305e+00
   2.0900000e+02   1.7679865e+00   1.9429950e+00
   2.1000000e+02   1.7700990e+00   1.9372747e+00
   2.1100000e+02   1.7720590e+00   1.9315206e+00
   2.1200000e+02   1.7741573e+00   1.9259899e+00
   2.1300000e+02   1.7759712e+00   1.9202489e+00
   2.1400000e+02   1.7777239e+00   1.9145761e+00
   2.1500000e+02   1.7787484e+00   1.9094377e+00
   2.1600000e+02   1.7794697e+00   1.9040058e+00
   2.1700000e+02   1.7801526e+00   1.8994559e+00
   2.1800000e+02   1.7799896e+00   1.8944886e+00
   2.1900000e+02   1.7787624e+00   1.8898551e+00
   2.2000000e+02   1.7776481e+00   1.8860766e+00
   2.2100000e+02   1.7754813e+00   1.8831345e+00
   2.2200000e+02   1.7728802e+00   1.8809448e+00
   2.2300000e+02   1.7688687e+00   1.8799187e+00
   2.2400000e+02   1.7642133e+00   1.8807905e+00
   2.2500000e+02   1.7586541e+00   1.8831437e+00
   2.2600000e+02   1.7516170e+00   1.8869694e+00
   2.2700000e+02   1.7429065e+00   1.8920303e+00
   2.2800000e+02   1.7326356e+00   1.8976721e+00
   2.2900000e+02   1.7216601e+00   1.9044740e+00
   2.3000000e+02   1.7094055e+00   1.9099435e+00
   2.3100000e+02   1.6976866e+00   1.9150322e+00
   2.3200000e+02   1.6851350e+00   1.9195845e+00
   2.3300000e+02   1.6741219e+00   1.9228437e+00
   2.3400000e+02   1.6647707e+00   1.9248739e+00
   2.3500000e+02   1.6568694e+00   1.9258633e+00
   2.3600000e+02   1.6512307e+00   1.9243518e+00
   2.3700000e+02   1.6464459e+00   1.9210817e+00
   2.3800000e+02   1.6426393e+00   1.9168053e+00
   2.3900000e+02   1.6384488e+00   1.9109565e+00
   2.4000000e+02   1.6350385e+00   1.9034343e+00
   2.4100000e+02   1.6329002e+00   1.8947505e+00
   2.4200000e+02   1.6310369e+00   1.8851278e+00
   2.4300000e+02   1.6297262e+00   1.8736494e+00
   2.4400000e+02   1.6307241e+00   1.8622837e+00
   2.4500000e+02   1.6322856e+00   1.8499941e+00
   2.4600000e+02   1.6339657e+00   1.8379319e+00
   2.4700000e+02   1.6361979e+00   1.8254487e+00
   2.4800000e+02   1.6375363e+00   1.8137740e+00
   2.4900000e+02   1.6388720e+00   1.8029495e+00
   2.5000000e+02   1.6390574e+00   1.7925470e+00
   2.5100000e+02   1.6388599e+00   1.7838254e+00
   2.5200000e+02   1.6385851e+00   1.7761331e+00
   2.5300000e+02   1.6378522e+00   1.7690332e+00
   2.5400000e+02   1.6370804e+00   1.7634931e+00
   2.5500000e+02   1.6357134e+00   1.7590170e+00
   2.5600000e+02   1.6343393e+00   1.7555260e+00
   2.5700000e+02   1.6322667e+00   1.7528413e+00
   2.5800000e+02   1.6295542e+00   1.7510235e+00
   2.5900000e+02   1.6257587e+00   1.7502846e+00
   2.6000000e+02   1.6214374e+00   1.7499577e+00
   2.6100000e+02   1.6165877e+00   1.7509841e+00
   2.6200000e+02   1.6108972e+00   1.7525253e+00
   2.6300000e+02   1.6039097e+00   1.7552313e+00
   2.6400000e+02   1.5961904e+00   1.7590155e+00
   2.6500000e+02   1.5886975e+00   1.7636431e+00
   2.6600000e+02   1.5799460e+00   1.7688150e+00
   2.6700000e+02   1.5717381e+00   1.7750862e+00
   2.6800000e+02   1.5625365e+00   1.7810788e+00
   2.6900000e+02   1.5538172e+00   1.7881598e+00
   2.7000000e+02   1.5454332e+00   1.7947295e+00
   2.7100000e+02   1.5374907e+00   1.8015835e+00
   2.7200000e+02   1.5297184e+00   1.8075780e+00
   2.7300000e+02   1.5222510e+00   1.8126242e+00
   2.7400000e+02   1.5159298e+00   1.8172604e+00
   2.7500000e+02   1.5094497e+00   1.8213221e+00
   2.7600000e+02   1.5041358e+00   1.8242747e+00
   2.7700000e+02   1.5001119e+00   1.8262531e+00
   2.7800000e+02   1.4955750e+00   1.8270153e+00
   2.7900000e+02   1.4915018e+00   1.8259355e+00
   2.8000000e+02   1.4877459e+00   1.8241385e+00
   2.8100000e+02   1.4833237e+00   1.8209272e+00
   2.8200000e+02   1.4792492e+00   1.8164949e+00
   2.8300000e+02   1.4752009e+00   1.8115347e+00
   2.8400000e+02   1.4720348e+00   1.8065573e+00
   2.8500000e+02   1.4694494e+00   1.8005377e+00
   2.8600000e+02   1.4676872e+00   1.7940210e+00
   2.8700000e+02   1.4663574e+00   1.7867389e+00
   2.8800000e+02   1.4656058e+00   1.7792590e+00
   2.8900000e+02   1.4648757e+00   1.7704959e+00
   2.9000000e+02   1.4637140e+00   1.7618706e+00
   2.9100000e+02   1.4620104e+00   1.7530637e+00
   2.9200000e+02   1.4607227e+00   1.7429980e+00
   2.9300000e+02   1.4588397e+00   1.7335969e+00
   2.9400000e+02   1.4562680e+00   1.7242324e+00
   2.9500000e+02   1.4539453e+00   1.7153722e+00
   2.9600000e+02   1.4517628e+00   1.7068317e+00
   2.9700000e+02   1.4497939e+00   1.6988603e+00
   2.9800000e+02   1.4476735e+00   1.6920558e+00
   2.9900000e+02   1.4458813e+00   1.6860308e+00
   3.0000000e+02   1.4432266e+00   1.6811169e+00
   3.0100000e+02   1.4408863e+00   1.6760593e+00
   3.0200000e+02   1.4377826e+00   1.6729859e+00
   3.0300000e+02   1.4351276e+00   1.6710200e+00
   3.0400000e+02   1.4314909e+00   1.6692877e+00
   3.0500000e+02   1.4279644e+00   1.6686265e+00
   3.0600000e+02   1.4238021e+00   1.6692563e+00
   3.0700000e+02   1.4194010e+00   1.6707030e+00
   3.0800000e+02   1.4149160e+00   1.6725839e+00
   3.0900000e+02   1.4095863e+00   1.6751623e+00
   3.1000000e+02   1.4034227e+00   1.6789918e+00
   3.1100000e+02   1.3973932e+00   1.6832248e+00
   3.1200000e+02   1.3904956e+00   1.6876134e+00
   3.1300000e+02   1.3834308e+00   1.6923040e+00
   3.1400000e+02   1.3761121e+00   1.6968171e+00
   3.1500000e+02   1.3680010e+00   1.7014373e+00
   3.1600000e+02   1.3603105e+00   1.7062942e+00
   3.1700000e+02   1.3525513e+00   1.7105246e+00
   3.1800000e+02   1.3449801e+00   1.7144958e+00
   3.1900000e+02   1.3372331e+00   1.7180947e+00
   3.2000000e+02   1.3296754e+00   1.7207846e+00
   3.2100000e+02   1.3229425e+00   1.7228982e+00
   3.2200000e+02   1.3165894e+00   1.7253003e+00
   3.2300000e+02   1.3110192e+00   1.7271580e+00
   3.2400000e+02   1.3066974e+00   1.7288871e+00
   3.2500000e+02   1.3032783e+00   1.7297834e+00
   3.2600000e+02   1.3009757e+00   1.7304695e+00
   3.2700000e+02   1.2983892e+00   1.7298331e+00
   3.2800000e+02   1.2961646e+00   1.7286601e+00
   3.2900000e+02   1.2950363e+00   1.7269204e+00
   3.3000000e+02   1.2935172e+00   1.7229334e+00
   3.3100000e+02   1.2927739e+00   1.7186954e+00
   3.3200000e+02   1.2921422e+00   1.7139074e+00
   3.3300000e+02   1.2921519e+00   1.7079964e+00
   3.3400000e+02   1.2921835e+00   1.7012979e+00
   3.3500000e+02   1.2928352e+00   1.6942834e+00
   3.3600000e+02   1.2933591e+00   1.6870603e+00
   3.3700000e+02   1.2951963e+00   1.6803506e+00
   3.3800000e+02   1.2959104e+00   1.6728717e+00
   3.3900000e+02   1.2965687e+00   1.6648697e+00
   3.4000000e+02   1.2973723e+00   1.6573165e+00
   3.4100000e+02   1.2986407e+00   1.6495104e+00
   3.4200000e+02   1.2999078e+00   1.6419913e+00
   3.4300000e+02   1.3011496e+00   1.6343510e+00
   3.4400000e+02   1.3026662e+00   1.6273332e+00
   3.4500000e+02   1.3035551e+00   1.6209036e+00
   3.4600000e+02   1.3045332e+00   1.6141895e+00
   3.4700000e+02   1.3048929e+00   1.6079052e+00
   3.4800000e+02   1.3045801e+00   1.6024422e+00
   3.4900000e+02   1.3025639e+00   1.5964653e+00
   3.5000000e+02   1.3008440e+00   1.5921949e+00
   3.5100000e+02   1.2972631e+00   1.5879325e+00
   3.5200000e+02   1.2921619e+00   1.5851291e+00
   3.5300000e+02   1.2864351e+00   1.5827043e+00
   3.5400000e+02   1.2796018e+00   1.5808507e+00
   3.5500000e+02   1.2716503e+00   1.5796922e+00
   3.5600000e+02   1.2620710e+00   1.5795586e+00
   3.5700000e+02   1.2520113e+00   1.5797897e+00
   3.5800000e+02   1.2399551e+00   1.5807843e+00
   3.5900000e+02   1.2283940e+00   1.5822374e+00
   3.6000000e+02   1.2160214e+00   1.5840898e+00
   3.6100000e+02   1.2033934e+00   1.5853967e+00
   3.6200000e+02   1.1912203e+00   1.5876469e+00
   3.6300000e+02   1.1786840e+00   1.5890798e+00
   3.6400000e+02   1.1660740e+00   1.5912857e+00
   3.6500000e+02   1.1542639e+00   1.5929891e+00
   3.6600000e+02   1.1419100e+00   1.5947967e+00
   3.6700000e+02   1.1306828e+00   1.5959432e+00
   3.6800000e+02   1.1199752e+00   1.5970844e+00
   3.6900000e+02   1.1112138e+00   1.5980578e+00
   3.7000000e+02   1.1030956e+00   1.5991830e+00
   3.7100000e+02   1.0953041e+00   1.6003485e+00
   3.7200000e+02   1.0891442e+00   1.6006341e+00
   3.7300000e+02   1.0836583e+00   1.5992708e+00
   3.7400000e+02   1.0791071e+00   1.5989227e+00
   3.7500000e+02   1.0748989e+00   1.5977351e+00
   3.7600000e+02   1.0721006e+00   1.5958868e+00
   3.7700000e+02   1.0702557e+00   1.5935926e+00
   3.7800000e+02   1.0680792e+00   1.5899071e+00
   3.7900000e+02   1.0670372e+00   1.5856940e+00
   3.8000000e+02   1.0666384e+00   1.5811346e+00
   3.8100000e+02   1.0674762e+00   1.5757093e+00
   3.8200000e+02   1.0694788e+00   1.5699310e+00
   3.8300000e+02   1.0726113e+00   1.5638223e+00
   3.8400000e+02   1.0768235e+00   1.5578525e+00
   3.8500000e+02   1.0808040e+00   1.5501254e+00
   3.8600000e+02   1.0848999e+00   1.5431494e+00
   3.8700000e+02   1.0891878e+00   1.5364852e+00
   3.8800000e+02   1.0928642e+00   1.5292399e+00
   3.8900000e+02   1.0965076e+00   1.5221406e+00
   3.9000000e+02   1.0989933e+00   1.5146030e+00
   3.9100000e+02   1.1009264e+00   1.5078131e+00
   3.9200000e+02   1.1024810e+00   1.5011443e+00
   3.9300000e+02   1.1024567e+00   1.4938009e+00
   3.9400000e+02   1.1026852e+00   1.4864872e+00
   3.9500000e+02   1.1026873e+00   1.4792204e+00
   3.9600000e+02   1.1031455e+00   1.4722743e+00
   3.9700000e+02   1.1013207e+00   1.4618235e+00
   3.9800000e+02   1.1022081e+00   1.4560542e+00
   3.9900000e+02   1.1026495e+00   1.4506540e+00
   4.0000000e+02   1.1024431e+00   1.4460478e+00
   4.0100000e+02   1.1008076e+00   1.4420105e+00
   4.0200000e+02   1.0994836e+00   1.4390540e+00
   4.0300000e+02   1.0970878e+00   1.4367490e+00
   4.0400000e+02   1.0944001e+00   1.4360757e+00
   4.0500000e+02   1.0906637e+00   1.4351068e+00
   4.0600000e+02   1.0867806e+00   1.4355730e+00
   4.0700000e+02   1.0824216e+00   1.4361291e+00
   4.0800000e+02   1.0772103e+00   1.4374372e+00
   4.0900000e+02   1.0719456e+00   1.4365254e+00
   4.1000000e+02   1.0654805e+00   1.4391463e+00
   4.1100000e+02   1.0588386e+00   1.4416071e+00
   4.1200000e+02   1.0506477e+00   1.4440024e+00
   4.1300000e+02   1.0406605e+00   1.4456272e+00
   4.1400000e+02   1.0298247e+00   1.4471777e+00
   4.1500000e+02   1.0177580e+00   1.4485531e+00
   4.1600000e+02   1.0052245e+00   1.4500965e+00
   4.1700000e+02   9.9262367e-01   1.4518674e+00
   4.1800000e+02   9.7955167e-01   1.4529292e+00
   4.1900000e+02   9.6734484e-01   1.4537599e+00
   4.2000000e+02   9.5494953e-01   1.4525036e+00
   4.2100000e+02   9.4533517e-01   1.4514633e+00
   4.2200000e+02   9.3469314e-01   1.4480240e+00
   4.2300000e+02   9.2573765e-01   1.4425469e+00
   4.2400000e+02   9.1750437e-01   1.4366133e+00
   4.2500000e+02   9.1084104e-01   1.4298688e+00
   4.2600000e+02   9.0601896e-01   1.4221121e+00
   4.2700000e+02   9.0167250e-01   1.4130752e+00
   4.2800000e+02   8.9811437e-01   1.4043176e+00
   4.2900000e+02   8.9708551e-01   1.3935441e+00
   4.3000000e+02   8.9775559e-01   1.3807539e+00
   4.3100000e+02   8.9708118e-01   1.3659791e+00
   4.3200000e+02   8.9935737e-01   1.3506993e+00
   4.3300000e+02   9.0397818e-01   1.3357721e+00
   4.3400000e+02   9.0827737e-01   1.3203467e+00
   4.3500000e+02   9.1264288e-01   1.3059215e+00
   4.3600000e+02   9.1715398e-01   1.2889780e+00
   4.3700000e+02   9.1979511e-01   1.2728683e+00
   4.3800000e+02   9.2216907e-01   1.2581148e+00
   4.3900000e+02   9.2218216e-01   1.2452946e+00
   4.4000000e+02   9.2446223e-01   1.2342710e+00
   4.4100000e+02   9.2371136e-01   1.2246458e+00
   4.4200000e+02   9.2212496e-01   1.2156177e+00
   4.4300000e+02   9.2140856e-01   1.2097236e+00
   4.4400000e+02   9.1665700e-01   1.2028235e+00
   4.4500000e+02   9.1205013e-01   1.1990979e+00
   4.4600000e+02   9.0260956e-01   1.1960537e+00
   4.4700000e+02   8.9081270e-01   1.1934195e+00
   4.4800000e+02   8.7867370e-01   1.1918937e+00
   4.4900000e+02   8.6630460e-01   1.1899436e+00
   4.5000000e+02   8.5508900e-01   1.1915452e+00
   4.5100000e+02   8.4488514e-01   1.1906524e+00
   4.5200000e+02   8.3821013e-01   1.1896912e+00
   4.5300000e+02   8.3617907e-01   1.1882750e+00
   4.5400000e+02   8.3980479e-01   1.1860144e+00
   4.5500000e+02   8.4782665e-01   1.1821206e+00
   4.5600000e+02   8.5987442e-01   1.1758006e+00
   4.5700000e+02   8.7359713e-01   1.1700303e+00
   4.5800000e+02   8.8636437e-01   1.1629221e+00
   4.5900000e+02   9.0054269e-01   1.1552273e+00
   4.6000000e+02   9.1307417e-01   1.1501130e+00
   4.6100000e+02   9.2274758e-01   1.1457667e+00
   4.6200000e+02   9.3060226e-01   1.1436646e+00
   4.6300000e+02   9.3640824e-01   1.1432833e+00
   4.6400000e+02   9.4050352e-01   1.1459830e+00
   4.6500000e+02   9.4158559e-01   1.1483989e+00
   4.6600000e+02   9.4043609e-01   1.1519407e+00
   4.6700000e+02   9.3696887e-01   1.1556059e+00
   4.6800000e+02   9.3253623e-01   1.1589850e+00
   4.6900000e+02   9.2579654e-01   1.1632416e+00
   4.7000000e+02   9.1802518e-01   1.1648145e+00
   4.7100000e+02   9.0819493e-01   1.1663887e+00
   4.7200000e+02   8.9774079e-01   1.1671556e+00
   4.7300000e+02   8.8797354e-01   1.1680199e+00
   4.7400000e+02   8.7768462e-01   1.1678727e+00
   4.7500000e+02   8.6937246e-01   1.1688288e+00
   4.7600000e+02   8.6194444e-01   1.1700134e+00
   4.7700000e+02   8.5666151e-01   1.1713443e+00
   4.7800000e+02   8.5230764e-01   1.1728267e+00
   4.7900000e+02   8.4812563e-01   1.1736572e+00
   4.8000000e+02   8.4515164e-01   1.1739328e+00
   4.8100000e+02   8.4193803e-01   1.1743374e+00
   4.8200000e+02   8.4024496e-01   1.1756339e+00
   4.8300000e+02   8.3767643e-01   1.1762754e+00
   4.8400000e+02   8.3548687e-01   1.1757676e+00
   4.8500000e+02   8.3273358e-01   1.1753264e+00
   4.8600000e+02   8.2973721e-01   1.1740548e+00
   4.8700000e+02   8.2649144e-01   1.1720541e+00
   4.8800000e+02   8.2376283e-01   1.1710114e+00
   4.8900000e+02   8.2066754e-01   1.1689152e+00
   4.9000000e+02   8.1800374e-01   1.1669431e+00
   4.9100000e+02   8.1515064e-01   1.1644307e+00
   4.9200000e+02   8.1207330e-01   1.1625399e+00
   4.9300000e+02   8.0798507e-01   1.1586937e+00
   4.9400000e+02   8.0296984e-01   1.1555193e+00
   4.9500000e+02   7.9735337e-01   1.1507842e+00
   4.9600000e+02   7.9008824e-01   1.1460399e+00
   4.9700000e+02   7.8246718e-01   1.1410049e+00
   4.9800000e+02   7.7293286e-01   1.1360612e+00
   4.9900000e+02   7.6337827e-01   1.1306067e+00
   5.0000000e+02   7.5444645e-01   1.1258561e+00
   5.0100000e+02   7.4641040e-01   1.1215200e+00
   5.0200000e+02   7.3822981e-01   1.1177417e+00
   5.0300000e+02   7.3178179e-01   1.1142731e+00
   5.0400000e+02   7.2723499e-01   1.1101480e+00
   5.0500000e+02   7.2315205e-01   1.1046632e+00
   5.0600000e+02   7.2039893e-01   1.0987621e+00
   5.0700000e+02   7.1943676e-01   1.0925597e+00
   5.0800000e+02   7.1967033e-01   1.0851823e+00
   5.0900000e+02   7.2087995e-01   1.0767995e+00
   5.1000000e+02   7.2438763e-01   1.0671940e+00
   5.1100000e+02   7.2923910e-01   1.0568832e+00
   5.1200000e+02   7.3521936e-01   1.0475942e+00
   5.1300000e+02   7.4182670e-01   1.0371039e+00
   5.1400000e+02   7.4961586e-01   1.0268424e+00
   5.1500000e+02   7.5690504e-01   1.0172490e+00
   5.1600000e+02   7.6473690e-01   1.0080061e+00
   5.1700000e+02   7.7271957e-01   9.9903763e-01
   5.1800000e+02   7.7933987e-01   9.9386742e-01
   5.1900000e+02   7.8698714e-01   9.8993393e-01
   5.2000000e+02   7.9310924e-01   9.8788482e-01
   5.2100000e+02   7.9916948e-01   9.8724325e-01
   5.2200000e+02   8.0674545e-01   9.8840947e-01
   5.2300000e+02   8.1264929e-01   9.9033521e-01
   5.2400000e+02   8.1809926e-01   9.9471599e-01
   5.2500000e+02   8.2331537e-01   9.9888257e-01
   5.2600000e+02   8.2809808e-01   1.0043900e+00
   5.2700000e+02   8.3259068e-01   1.0097045e+00
   5.2800000e+02   8.3692049e-01   1.0156899e+00
   5.2900000e+02   8.4087263e-01   1.0209303e+00
   5.3000000e+02   8.4313462e-01   1.0265879e+00
   5.3100000e+02   8.4432184e-01   1.0318057e+00
   5.3200000e+02   8.4501195e-01   1.0370143e+00
   5.3300000e+02   8.4457193e-01   1.0411205e+00
   5.3400000e+02   8.4353981e-01   1.0455130e+00
   5.3500000e+02   8.4225786e-01   1.0494083e+00
   5.3600000e+02   8.3998096e-01   1.0530541e+00
   5.3700000e+02   8.3651239e-01   1.0563844e+00
   5.3800000e+02   8.3180440e-01   1.0596972e+00
   5.3900000e+02   8.2663454e-01   1.0630475e+00
   5.4000000e+02   8.2114556e-01   1.0668552e+00
   5.4100000e+02   8.1495489e-01   1.0709172e+00
   5.4200000e+02   8.0835146e-01   1.0749633e+00
   5.4300000e+02   8.0281514e-01   1.0776129e+00
   5.4400000e+02   7.9650683e-01   1.0807681e+00
   5.4500000e+02   7.9028380e-01   1.0830094e+00
   5.4600000e+02   7.8426564e-01   1.0853330e+00
   5.4700000e+02   7.7819791e-01   1.0872164e+00
   5.4800000e+02   7.7180894e-01   1.0888663e+00
   5.4900000e+02   7.6635178e-01   1.0899856e+00
   5.5000000e+02   7.6019295e-01   1.0915119e+00
   5.5100000e+02   7.5513782e-01   1.0926629e+00
   5.5200000e+02   7.4934832e-01   1.0961858e+00
   5.5300000e+02   7.4373984e-01   1.0990625e+00
   5.5400000e+02   7.3795769e-01   1.1014557e+00
   5.5500000e+02   7.3198644e-01   1.1045865e+00
   5.5600000e+02   7.2656860e-01   1.1075433e+00
   5.5700000e+02   7.2094681e-01   1.1105818e+00
   5.5800000e+02   7.1510523e-01   1.1128319e+00
   5.5900000e+02   7.0938206e-01   1.1145541e+00
   5.6000000e+02   7.0277848e-01   1.1170655e+00
   5.6100000e+02   6.9620755e-01   1.1183014e+00
   5.6200000e+02   6.8875264e-01   1.1200726e+00
   5.6300000e+02   6.8175935e-01   1.1213891e+00
   5.6400000e+02   6.7424099e-01   1.1225118e+00
   5.6500000e+02   6.6962922e-01   1.1262222e+00
   5.6600000e+02   6.6410556e-01   1.1251510e+00
   5.6700000e+02   6.5907539e-01   1.1233189e+00
   5.6800000e+02   6.5536939e-01   1.1203915e+00
   5.6900000e+02   6.5214040e-01   1.1165445e+00
   5.7000000e+02   6.5004726e-01   1.1112598e+00
   5.7100000e+02   6.4885986e-01   1.1034438e+00
   5.7200000e+02   6.4928199e-01   1.0965327e+00
   5.7300000e+02   6.5072507e-01   1.0889146e+00
   5.7400000e+02   6.5333933e-01   1.0798724e+00
   5.7500000e+02   6.5771807e-01   1.0693405e+00
   5.7600000e+02   6.6295299e-01   1.0590814e+00
   5.7700000e+02   6.6916487e-01   1.0464823e+00
   5.7800000e+02   6.7388956e-01   1.0367531e+00
   5.7900000e+02   6.8017086e-01   1.0278918e+00
   5.8000000e+02   6.8668082e-01   1.0198935e+00
   5.8100000e+02   6.9339686e-01   1.0132090e+00
   5.8200000e+02   6.9917477e-01   1.0088782e+00
   5.8300000e+02   7.0351342e-01   1.0058037e+00
   5.8400000e+02   7.0553960e-01   1.0038614e+00
   5.8500000e+02   7.0625674e-01   1.0034266e+00
   5.8600000e+02   7.0557728e-01   1.0039127e+00
   5.8700000e+02   7.0275439e-01   1.0045944e+00
   5.8800000e+02   6.9739145e-01   1.0056180e+00
   5.8900000e+02   6.9149315e-01   1.0077002e+00
   5.9000000e+02   6.8318596e-01   1.0085431e+00
   5.9100000e+02   6.7414823e-01   1.0091366e+00
   5.9200000e+02   6.6431020e-01   1.0106727e+00
   5.9300000e+02   6.5460964e-01   1.0121853e+00
   5.9400000e+02   6.4562074e-01   1.0138012e+00
   5.9500000e+02   6.3831105e-01   1.0154922e+00
   5.9600000e+02   6.3125386e-01   1.0163309e+00
   5.9700000e+02   6.2465134e-01   1.0164107e+00
   5.9800000e+02   6.1997636e-01   1.0149385e+00
   5.9900000e+02   6.1629135e-01   1.0113424e+00
   6.0000000e+02   6.1312837e-01   1.0064625e+00
   6.0100000e+02   6.1050592e-01   9.9847954e-01
   6.0200000e+02   6.0912718e-01   9.9181132e-01
   6.0300000e+02   6.0806793e-01   9.8444301e-01
   6.0400000e+02   6.0728807e-01   9.7558649e-01
   6.0500000e+02   6.0835119e-01   9.6678592e-01
   6.0600000e+02   6.0974053e-01   9.5770502e-01
   6.0700000e+02   6.1199405e-01   9.4900937e-01
   6.0800000e+02   6.1408352e-01   9.4125282e-01
   6.0900000e+02   6.1644157e-01   9.3434209e-01
   6.1000000e+02   6.1774548e-01   9.2759570e-01
   6.1100000e+02   6.1721996e-01   9.2230122e-01
   6.1200000e+02   6.1551763e-01   9.1862510e-01
   6.1300000e+02   6.1446168e-01   9.1524509e-01
   6.1400000e+02   6.0978566e-01   9.1432519e-01
   6.1500000e+02   6.0372218e-01   9.1427067e-01
   6.1600000e+02   5.9640176e-01   9.1606335e-01
   6.1700000e+02   5.8730012e-01   9.1925782e-01
   6.1800000e+02   5.7682361e-01   9.2315924e-01
   6.1900000e+02   5.6477785e-01   9.2777983e-01
   6.2000000e+02   5.5131103e-01   9.3282511e-01
   6.2100000e+02   5.3715391e-01   9.3759833e-01
   6.2200000e+02   5.2280700e-01   9.4200284e-01
   6.2300000e+02   5.0825752e-01   9.4630197e-01
   6.2400000e+02   4.9300039e-01   9.4951834e-01
   6.2500000e+02   4.7773952e-01   9.5286036e-01
   6.2600000e+02   4.6476223e-01   9.5626994e-01
   6.2700000e+02   4.5378932e-01   9.5930508e-01
   6.2800000e+02   4.4240927e-01   9.6277726e-01
   6.2900000e+02   4.3435475e-01   9.6520290e-01
   6.3000000e+02   4.2791978e-01   9.6641979e-01
   6.3100000e+02   4.2419980e-01   9.6781232e-01
   6.3200000e+02   4.2359201e-01   9.6688227e-01
   6.3300000e+02   4.2571563e-01   9.6530404e-01
   6.3400000e+02   4.3045229e-01   9.6205563e-01
   6.3500000e+02   4.3604298e-01   9.5766651e-01
   6.3600000e+02   4.4295339e-01   9.5191758e-01
   6.3700000e+02   4.5141558e-01   9.4590727e-01
   6.3800000e+02   4.5812115e-01   9.3807277e-01
   6.3900000e+02   4.6711008e-01   9.2986862e-01
   6.4000000e+02   4.7585567e-01   9.2302505e-01
   6.4100000e+02   4.8187145e-01   9.1705840e-01
   6.4200000e+02   4.8534863e-01   9.1189617e-01
   6.4300000e+02   4.8667178e-01   9.0758018e-01
   6.4400000e+02   4.8518168e-01   9.0368560e-01
   6.4500000e+02   4.8134839e-01   9.0005245e-01
   6.4600000e+02   4.7475224e-01   8.9789401e-01
   6.4700000e+02   4.6586632e-01   8.9537320e-01
   6.4800000e+02   4.5417421e-01   8.9329618e-01
   6.4900000e+02   4.4327475e-01   8.9164809e-01
   6.5000000e+02   4.3062310e-01   8.8943147e-01
   6.5100000e+02   4.1814443e-01   8.8594408e-01
   6.5200000e+02   4.0737744e-01   8.8152755e-01
   6.5300000e+02   3.9963793e-01   8.7547834e-01
   6.5400000e+02   3.9464257e-01   8.6740334e-01
   6.5500000e+02   3.9264507e-01   8.5792516e-01
   6.5600000e+02   3.9207562e-01   8.4779912e-01
   6.5700000e+02   3.9346551e-01   8.3851680e-01
   6.5800000e+02   3.9578561e-01   8.3129080e-01
   6.5900000e+02   4.0046659e-01   8.2377069e-01
   6.6000000e+02   4.0698503e-01   8.1787814e-01
   6.6100000e+02   4.1360702e-01   8.1132539e-01
   6.6200000e+02   4.1733583e-01   8.0313167e-01
   6.6300000e+02   4.1998462e-01   7.9463179e-01
   6.6400000e+02   4.2202384e-01   7.8726588e-01
   6.6500000e+02   4.2228591e-01   7.7799520e-01
   6.6600000e+02   4.2228469e-01   7.7076440e-01
   6.6700000e+02   4.2051061e-01   7.6279749e-01
   6.6800000e+02   4.1862895e-01   7.5497550e-01
   6.6900000e+02   4.1449666e-01   7.4768013e-01
   6.7000000e+02   4.0860984e-01   7.4065846e-01
   6.7100000e+02   4.0134698e-01   7.3358343e-01
   6.7200000e+02   3.9188805e-01   7.2883093e-01
   6.7300000e+02   3.8203496e-01   7.2231607e-01
   6.7400000e+02   3.7026867e-01   7.1692761e-01
   6.7500000e+02   3.5777735e-01   7.1109995e-01
   6.7600000e+02   3.4575696e-01   7.0685566e-01
   6.7700000e+02   3.3746678e-01   7.0468377e-01
   6.7800000e+02   3.3042103e-01   7.0256485e-01
   6.7900000e+02   3.2915280e-01   7.0111714e-01
   6.8000000e+02   3.3155396e-01   6.9766882e-01
   6.8100000e+02   3.3913546e-01   6.9475467e-01
   6.8200000e+02   3.4729408e-01   6.8753600e-01
   6.8300000e+02   3.6028313e-01   6.8213010e-01
   6.8400000e+02   3.7231948e-01   6.7611458e-01
   6.8500000e+02   3.8243081e-01   6.6510083e-01
   6.8600000e+02   3.9142949e-01   6.5737945e-01
   6.8700000e+02   3.9729715e-01   6.4902843e-01
   6.8800000e+02   4.0343284e-01   6.4411274e-01
   6.8900000e+02   4.0493902e-01   6.3622406e-01
   6.9000000e+02   4.0012877e-01   6.2629927e-01
   6.9100000e+02   3.9665963e-01   6.2102696e-01
   6.9200000e+02   3.9196443e-01   6.1583512e-01
   6.9300000e+02   3.8386159e-01   6.1094707e-01
   6.9400000e+02   3.7352236e-01   6.0481504e-01
   6.9500000e+02   3.6155767e-01   5.9789278e-01
   6.9600000e+02   3.4862372e-01   5.9006404e-01
   6.9700000e+02   3.3848761e-01   5.8616752e-01
   6.9800000e+02   3.2823278e-01   5.7904401e-01
   6.9900000e+02   3.2366821e-01   5.7640189e-01
   7.0000000e+02   3.2153990e-01   5.6990002e-01
   7.0100000e+02   3.2368475e-01   5.5991577e-01
   7.0200000e+02   3.2941404e-01   5.5034639e-01
   7.0300000e+02   3.4081118e-01   5.4024102e-01
   7.0400000e+02   3.5352097e-01   5.3147424e-01
   7.0500000e+02   3.6995776e-01   5.2108770e-01
   7.0600000e+02   3.8345345e-01   5.0999123e-01
   7.0700000e+02   3.9813184e-01   4.9961026e-01
   7.0800000e+02   4.0821740e-01   4.8801346e-01
   7.0900000e+02   4.1877629e-01   4.7454744e-01
   7.1000000e+02   4.2556305e-01   4.6409367e-01
   7.1100000e+02   4.3128743e-01   4.5452040e-01
   7.1200000e+02   4.3475569e-01   4.4510977e-01
   7.1300000e+02   4.3837200e-01   4.3900309e-01
   7.1400000e+02   4.4047976e-01   4.3369248e-01
   7.1500000e+02   4.4116473e-01   4.2881192e-01
   7.1600000e+02   4.3965871e-01   4.2492123e-01
   7.1700000e+02   4.3625815e-01   4.2035963e-01
   7.1800000e+02   4.2987475e-01   4.1592877e-01
   7.1900000e+02   4.2241737e-01   4.1212828e-01
   7.2000000e+02   4.1398179e-01   4.0668406e-01
   7.2100000e+02   4.0001508e-01   3.9992387e-01
   7.2200000e+02   3.8934280e-01   3.9528012e-01
   7.2300000e+02   3.7580074e-01   3.8933496e-01
   7.2400000e+02   3.6272660e-01   3.8144933e-01
   7.2500000e+02   3.5075280e-01   3.7299172e-01
   7.2600000e+02   3.4067043e-01   3.5850430e-01
   7.2700000e+02   3.3210026e-01   3.4209784e-01
   7.2800000e+02   3.2686412e-01   3.2555016e-01
   7.2900000e+02   3.1968037e-01   3.0653459e-01
   7.3000000e+02   3.1492901e-01   2.8637024e-01
   7.3100000e+02   3.1034713e-01   2.6758898e-01
   7.3200000e+02   3.0478343e-01   2.4675414e-01
   7.3300000e+02   2.9755159e-01   2.2224548e-01
   7.3400000e+02   2.8709598e-01   1.9575499e-01
   7.3500000e+02   2.6522354e-01   1.6537979e-01
   7.3600000e+02   2.4255546e-01   1.3474589e-01
   7.3700000e+02   2.2859025e-01   1.0614536e-01
