   3.0000000e+01  -1.1871094e+00   1.7687987e+00
   3.1000000e+01  -1.1871640e+00   1.7685920e+00
   3.2000000e+01  -1.1867386e+00   1.7681860e+00
   3.3000000e+01  -1.1863314e+00   1.7681406e+00
   3.4000000e+01  -1.1857907e+00   1.7681495e+00
   3.5000000e+01  -1.1852058e+00   1.7680951e+00
   3.6000000e+01  -1.1847637e+00   1.7677162e+00
   3.7000000e+01  -1.1841303e+00   1.7677432e+00
   3.8000000e+01  -1.1839644e+00   1.7667519e+00
   3.9000000e+01  -1.1840812e+00   1.7660156e+00
   4.0000000e+01  -1.1842648e+00   1.7651284e+00
   4.1000000e+01  -1.1842236e+00   1.7645067e+00
   4.2000000e+01  -1.1842113e+00   1.7637644e+00
   4.3000000e+01  -1.1840866e+00   1.7632332e+00
   4.4000000e+01  -1.1840136e+00   1.7629375e+00
   4.5000000e+01  -1.1834333e+00   1.7627367e+00
   4.6000000e+01  -1.1827042e+00   1.7623623e+00
   4.7000000e+01  -1.1820692e+00   1.7621404e+00
   4.8000000e+01  -1.1811487e+00   1.7621930e+00
   4.9000000e+01  -1.1807920e+00   1.7630197e+00
   5.0000000e+01  -1.1799216e+00   1.7627676e+00
   5.1000000e+01  -1.1793018e+00   1.7626482e+00
   5.2000000e+01  -1.1787961e+00   1.7627371e+00
   5.3000000e+01  -1.1787399e+00   1.7626405e+00
   5.4000000e+01  -1.1784117e+00   1.7624277e+00
   5.5000000e+01  -1.1785803e+00   1.7623614e+00
   5.6000000e+01  -1.1785378e+00   1.7622346e+00
   5.7000000e+01  -1.1787611e+00   1.7626436e+00
   5.8000000e+01  -1.1788751e+00   1.7630902e+00
   5.9000000e+01  -1.1793461e+00   1.7636395e+00
   6.0000000e+01  -1.1797048e+00   1.7644332e+00
   6.1000000e+01  -1.1802502e+00   1.7649403e+00
   6.2000000e+01  -1.1806317e+00   1.7660600e+00
   6.3000000e+01  -1.1811087e+00   1.7665489e+00
   6.4000000e+01  -1.1813063e+00   1.7670680e+00
   6.5000000e+01  -1.1817167e+00   1.7679599e+00
   6.6000000e+01  -1.1821679e+00   1.7683387e+00
   6.7000000e+01  -1.1826601e+00   1.7684052e+00
   6.8000000e+01  -1.1831022e+00   1.7686633e+00
   6.9000000e+01  -1.1832708e+00   1.7687796e+00
   7.0000000e+01  -1.1836233e+00   1.7690301e+00
   7.1000000e+01  -1.1833909e+00   1.7692670e+00
   7.2000000e+01  -1.1835094e+00   1.7691976e+00
   7.3000000e+01  -1.1838586e+00   1.7688024e+00
   7.4000000e+01  -1.1835292e+00   1.7693802e+00
   7.5000000e+01  -1.1835323e+00   1.7696397e+00
   7.6000000e+01  -1.1828125e+00   1.7702596e+00
   7.7000000e+01  -1.1822535e+00   1.7703787e+00
   7.8000000e+01  -1.1820988e+00   1.7710742e+00
   7.9000000e+01  -1.1812634e+00   1.7711796e+00
   8.0000000e+01  -1.1807258e+00   1.7716728e+00
   8.1000000e+01  -1.1804208e+00   1.7724905e+00
   8.2000000e+01  -1.1803996e+00   1.7729251e+00
   8.3000000e+01  -1.1802584e+00   1.7730156e+00
   8.4000000e+01  -1.1795948e+00   1.7734303e+00
   8.5000000e+01  -1.1796811e+00   1.7725733e+00
   8.6000000e+01  -1.1802811e+00   1.7727711e+00
   8.7000000e+01  -1.1799379e+00   1.7730698e+00
   8.8000000e+01  -1.1801217e+00   1.7728797e+00
   8.9000000e+01  -1.1809039e+00   1.7728151e+00
   9.0000000e+01  -1.1810391e+00   1.7728046e+00
   9.1000000e+01  -1.1808735e+00   1.7727562e+00
   9.2000000e+01  -1.1814962e+00   1.7727202e+00
   9.3000000e+01  -1.1816907e+00   1.7727836e+00
   9.4000000e+01  -1.1815950e+00   1.7728349e+00
   9.5000000e+01  -1.1817986e+00   1.7731594e+00
   9.6000000e+01  -1.1815466e+00   1.7737130e+00
   9.7000000e+01  -1.1814433e+00   1.7736376e+00
   9.8000000e+01  -1.1818719e+00   1.7742548e+00
   9.9000000e+01  -1.1817351e+00   1.7741748e+00
   1.0000000e+02  -1.1821726e+00   1.7743258e+00
   1.0100000e+02  -1.1824187e+00   1.7743711e+00
   1.0200000e+02  -1.1832298e+00   1.7743503e+00
   1.0300000e+02  -1.1835443e+00   1.7745314e+00
   1.0400000e+02  -1.1840623e+00   1.7746085e+00
   1.0500000e+02  -1.1846426e+00   1.7745046e+00
   1.0600000e+02  -1.1850299e+00   1.7744534e+00
   1.0700000e+02  -1.1855525e+00   1.7746437e+00
   1.0800000e+02  -1.1860357e+00   1.7750784e+00
   1.0900000e+02  -1.1863166e+00   1.7746515e+00
   1.1000000e+02  -1.1868513e+00   1.7747437e+00
   1.1100000e+02  -1.1876900e+00   1.7750487e+00
   1.1200000e+02  -1.1881549e+00   1.7752525e+00
   1.1300000e+02  -1.1886685e+00   1.7759121e+00
   1.1400000e+02  -1.1890985e+00   1.7760405e+00
   1.1500000e+02  -1.1896515e+00   1.7761206e+00
   1.1600000e+02  -1.1898505e+00   1.7763078e+00
   1.1700000e+02  -1.1901909e+00   1.7764030e+00
   1.1800000e+02  -1.1905752e+00   1.7764212e+00
   1.1900000e+02  -1.1909643e+00   1.7770521e+00
   1.2000000e+02  -1.1912028e+00   1.7770385e+00
   1.2100000e+02  -1.1913078e+00   1.7773841e+00
   1.2200000e+02  -1.1915964e+00   1.7771956e+00
   1.2300000e+02  -1.1919124e+00   1.7774024e+00
   1.2400000e+02  -1.1922726e+00   1.7776213e+00
   1.2500000e+02  -1.1921360e+00   1.7780498e+00
   1.2600000e+02  -1.1919720e+00   1.7783078e+00
   1.2700000e+02  -1.1914753e+00   1.7784857e+00
   1.2800000e+02  -1.1909724e+00   1.7785821e+00
   1.2900000e+02  -1.1900443e+00   1.7788444e+00
   1.3000000e+02  -1.1891875e+00   1.7790101e+00
   1.3100000e+02  -1.1883854e+00   1.7789298e+00
   1.3200000e+02  -1.1874893e+00   1.7792872e+00
   1.3300000e+02  -1.1872794e+00   1.7785100e+00
   1.3400000e+02  -1.1862646e+00   1.7785761e+00
   1.3500000e+02  -1.1851724e+00   1.7783630e+00
   1.3600000e+02  -1.1846179e+00   1.7784005e+00
   1.3700000e+02  -1.1841379e+00   1.7783626e+00
   1.3800000e+02  -1.1828118e+00   1.7782053e+00
   1.3900000e+02  -1.1825717e+00   1.7777888e+00
   1.4000000e+02  -1.1813988e+00   1.7771245e+00
   1.4100000e+02  -1.1803278e+00   1.7766579e+00
   1.4200000e+02  -1.1794283e+00   1.7756331e+00
   1.4300000e+02  -1.1788906e+00   1.7754399e+00
   1.4400000e+02  -1.1779806e+00   1.7747470e+00
   1.4500000e+02  -1.1770372e+00   1.7739350e+00
   1.4600000e+02  -1.1765026e+00   1.7740314e+00
   1.4700000e+02  -1.1761561e+00   1.7735047e+00
   1.4800000e+02  -1.1763444e+00   1.7733977e+00
   1.4900000e+02  -1.1763778e+00   1.7733615e+00
   1.5000000e+02  -1.1764856e+00   1.7731669e+00
   1.5100000e+02  -1.1765676e+00   1.7730915e+00
   1.5200000e+02  -1.1767163e+00   1.7727022e+00
   1.5300000e+02  -1.1767802e+00   1.7728682e+00
   1.5400000e+02  -1.1768728e+00   1.7727490e+00
   1.5500000e+02  -1.1768575e+00   1.7725257e+00
   1.5600000e+02  -1.1771627e+00   1.7720958e+00
   1.5700000e+02  -1.1771841e+00   1.7724715e+00
   1.5800000e+02  -1.1770867e+00   1.7718921e+00
   1.5900000e+02  -1.1776911e+00   1.7717188e+00
   1.6000000e+02  -1.1780251e+00   1.7712315e+00
   1.6100000e+02  -1.1784701e+00   1.7710777e+00
   1.6200000e+02  -1.1785749e+00   1.7709390e+00
   1.6300000e+02  -1.1789167e+00   1.7711759e+00
   1.6400000e+02  -1.1792023e+00   1.7713329e+00
   1.6500000e+02  -1.1793481e+00   1.7714371e+00
   1.6600000e+02  -1.1794759e+00   1.7720799e+00
   1.6700000e+02  -1.1796750e+00   1.7724768e+00
   1.6800000e+02  -1.1799076e+00   1.7731015e+00
   1.6900000e+02  -1.1794019e+00   1.7735706e+00
   1.7000000e+02  -1.1799047e+00   1.7738891e+00
   1.7100000e+02  -1.1805686e+00   1.7741578e+00
   1.7200000e+02  -1.1798835e+00   1.7740083e+00
   1.7300000e+02  -1.1802694e+00   1.7742634e+00
   1.7400000e+02  -1.1803697e+00   1.7745667e+00
   1.7500000e+02  -1.1802087e+00   1.7745048e+00
   1.7600000e+02  -1.1804168e+00   1.7744445e+00
   1.7700000e+02  -1.1800885e+00   1.7737835e+00
   1.7800000e+02  -1.1794019e+00   1.7734574e+00
   1.7900000e+02  -1.1788549e+00   1.7729337e+00
   1.8000000e+02  -1.1783065e+00   1.7724794e+00
   1.8100000e+02  -1.1778642e+00   1.7713129e+00
   1.8200000e+02  -1.1759149e+00   1.7689828e+00
   1.8300000e+02  -1.1751746e+00   1.7664268e+00
   1.8400000e+02  -1.1737856e+00   1.7628884e+00
   1.8500000e+02  -1.1720790e+00   1.7574278e+00
   1.8600000e+02  -1.1707717e+00   1.7500288e+00
   1.8700000e+02  -1.1692915e+00   1.7414681e+00
   1.8800000e+02  -1.1692118e+00   1.7315755e+00
   1.8900000e+02  -1.1688397e+00   1.7191288e+00
   1.9000000e+02  -1.1695423e+00   1.7055141e+00
   1.9100000e+02  -1.1703344e+00   1.6904434e+00
   1.9200000e+02  -1.1715110e+00   1.6740552e+00
   1.9300000e+02  -1.1723223e+00   1.6561141e+00
   1.9400000e+02  -1.1743985e+00   1.6395041e+00
   1.9500000e+02  -1.1766073e+00   1.6225236e+00
   1.9600000e+02  -1.1780157e+00   1.6059124e+00
   1.9700000e+02  -1.1797220e+00   1.5892624e+00
   1.9800000e+02  -1.1818270e+00   1.5738441e+00
   1.9900000e+02  -1.1828181e+00   1.5588529e+00
   2.0000000e+02  -1.1834623e+00   1.5456046e+00
   2.0100000e+02  -1.1830674e+00   1.5333816e+00
   2.0200000e+02  -1.1816772e+00   1.5220363e+00
   2.0300000e+02  -1.1783701e+00   1.5112955e+00
   2.0400000e+02  -1.1738238e+00   1.5008613e+00
   2.0500000e+02  -1.1667026e+00   1.4904851e+00
   2.0600000e+02  -1.1585921e+00   1.4804458e+00
   2.0700000e+02  -1.1494294e+00   1.4704206e+00
   2.0800000e+02  -1.1380904e+00   1.4601820e+00
   2.0900000e+02  -1.1259736e+00   1.4500237e+00
   2.1000000e+02  -1.1127288e+00   1.4400838e+00
   2.1100000e+02  -1.0988674e+00   1.4314315e+00
   2.1200000e+02  -1.0844009e+00   1.4228745e+00
   2.1300000e+02  -1.0694476e+00   1.4145543e+00
   2.1400000e+02  -1.0548227e+00   1.4060425e+00
   2.1500000e+02  -1.0409849e+00   1.3974199e+00
   2.1600000e+02  -1.0273313e+00   1.3875073e+00
   2.1700000e+02  -1.0135000e+00   1.3768849e+00
   2.1800000e+02  -9.9994907e-01   1.3644639e+00
   2.1900000e+02  -9.8711950e-01   1.3509676e+00
   2.2000000e+02  -9.7517564e-01   1.3366038e+00
   2.2100000e+02  -9.6435891e-01   1.3208647e+00
   2.2200000e+02  -9.5462907e-01   1.3040592e+00
   2.2300000e+02  -9.4655638e-01   1.2863244e+00
   2.2400000e+02  -9.4000047e-01   1.2673582e+00
   2.2500000e+02  -9.3466727e-01   1.2480133e+00
   2.2600000e+02  -9.3150860e-01   1.2277872e+00
   2.2700000e+02  -9.2866886e-01   1.2072223e+00
   2.2800000e+02  -9.2644011e-01   1.1870032e+00
   2.2900000e+02  -9.2526978e-01   1.1662178e+00
   2.3000000e+02  -9.2502850e-01   1.1474780e+00
   2.3100000e+02  -9.2321435e-01   1.1291880e+00
   2.3200000e+02  -9.2253532e-01   1.1131740e+00
   2.3300000e+02  -9.2080016e-01   1.0983019e+00
   2.3400000e+02  -9.1799032e-01   1.0856350e+00
   2.3500000e+02  -9.1501213e-01   1.0747785e+00
   2.3600000e+02  -9.1058921e-01   1.0666364e+00
   2.3700000e+02  -9.0459770e-01   1.0610977e+00
   2.3800000e+02  -8.9733756e-01   1.0586911e+00
   2.3900000e+02  -8.8943879e-01   1.0579480e+00
   2.4000000e+02  -8.7998825e-01   1.0591234e+00
   2.4100000e+02  -8.6991907e-01   1.0611406e+00
   2.4200000e+02  -8.5978078e-01   1.0645679e+00
   2.4300000e+02  -8.5092354e-01   1.0676492e+00
   2.4400000e+02  -8.4319076e-01   1.0710171e+00
   2.4500000e+02  -8.3670019e-01   1.0735241e+00
   2.4600000e+02  -8.3145585e-01   1.0751992e+00
   2.4700000e+02  -8.2745717e-01   1.0761333e+00
   2.4800000e+02  -8.2406122e-01   1.0762904e+00
   2.4900000e+02  -8.2191066e-01   1.0756735e+00
   2.5000000e+02  -8.2027099e-01   1.0740457e+00
   2.5100000e+02  -8.1881987e-01   1.0720410e+00
   2.5200000e+02  -8.1780044e-01   1.0703677e+00
   2.5300000e+02  -8.1669534e-01   1.0690633e+00
   2.5400000e+02  -8.1564334e-01   1.0677014e+00
   2.5500000e+02  -8.1393685e-01   1.0662112e+00
   2.5600000e+02  -8.1232282e-01   1.0657938e+00
   2.5700000e+02  -8.0952148e-01   1.0654536e+00
   2.5800000e+02  -8.0711993e-01   1.0660781e+00
   2.5900000e+02  -8.0420494e-01   1.0670484e+00
   2.6000000e+02  -8.0091676e-01   1.0679562e+00
   2.6100000e+02  -7.9733550e-01   1.0688209e+00
   2.6200000e+02  -7.9459565e-01   1.0700475e+00
   2.6300000e+02  -7.9108936e-01   1.0712820e+00
   2.6400000e+02  -7.8822231e-01   1.0726917e+00
   2.6500000e+02  -7.8488124e-01   1.0738864e+00
   2.6600000e+02  -7.8196450e-01   1.0747263e+00
   2.6700000e+02  -7.7810137e-01   1.0744413e+00
   2.6800000e+02  -7.7417239e-01   1.0727467e+00
   2.6900000e+02  -7.7031006e-01   1.0698340e+00
   2.7000000e+02  -7.6746677e-01   1.0650358e+00
   2.7100000e+02  -7.6485853e-01   1.0581545e+00
   2.7200000e+02  -7.6267632e-01   1.0496213e+00
   2.7300000e+02  -7.6137278e-01   1.0397974e+00
   2.7400000e+02  -7.6030808e-01   1.0283347e+00
   2.7500000e+02  -7.5997051e-01   1.0158755e+00
   2.7600000e+02  -7.6062387e-01   1.0027812e+00
   2.7700000e+02  -7.6057643e-01   9.8914383e-01
   2.7800000e+02  -7.6117526e-01   9.7712094e-01
   2.7900000e+02  -7.6294775e-01   9.6677363e-01
   2.8000000e+02  -7.6341776e-01   9.5788108e-01
   2.8100000e+02  -7.6501725e-01   9.5171842e-01
   2.8200000e+02  -7.6533707e-01   9.4679827e-01
   2.8300000e+02  -7.6557014e-01   9.4312802e-01
   2.8400000e+02  -7.6433205e-01   9.4094347e-01
   2.8500000e+02  -7.6294183e-01   9.4009710e-01
   2.8600000e+02  -7.6178112e-01   9.3988714e-01
   2.8700000e+02  -7.5978413e-01   9.4125496e-01
   2.8800000e+02  -7.5773666e-01   9.4284833e-01
   2.8900000e+02  -7.5573021e-01   9.4492270e-01
   2.9000000e+02  -7.5277630e-01   9.4631879e-01
   2.9100000e+02  -7.4969505e-01   9.4947183e-01
   2.9200000e+02  -7.4579772e-01   9.5152852e-01
   2.9300000e+02  -7.4245774e-01   9.5330812e-01
   2.9400000e+02  -7.3902406e-01   9.5459918e-01
   2.9500000e+02  -7.3547691e-01   9.5544568e-01
   2.9600000e+02  -7.3256285e-01   9.5479869e-01
   2.9700000e+02  -7.2981065e-01   9.5358391e-01
   2.9800000e+02  -7.2733169e-01   9.5086756e-01
   2.9900000e+02  -7.2538948e-01   9.4700889e-01
   3.0000000e+02  -7.2324093e-01   9.4234873e-01
   3.0100000e+02  -7.2111732e-01   9.3797425e-01
   3.0200000e+02  -7.1922571e-01   9.3171650e-01
   3.0300000e+02  -7.1785024e-01   9.2630887e-01
   3.0400000e+02  -7.1590471e-01   9.2099937e-01
   3.0500000e+02  -7.1393028e-01   9.1576834e-01
   3.0600000e+02  -7.1224976e-01   9.1138379e-01
   3.0700000e+02  -7.0995319e-01   9.0731562e-01
   3.0800000e+02  -7.0756249e-01   9.0393930e-01
   3.0900000e+02  -7.0526770e-01   9.0032644e-01
   3.1000000e+02  -7.0143471e-01   8.9656188e-01
   3.1100000e+02  -6.9711739e-01   8.9305893e-01
   3.1200000e+02  -6.9276484e-01   8.8921982e-01
   3.1300000e+02  -6.8755141e-01   8.8682276e-01
   3.1400000e+02  -6.8065906e-01   8.8284359e-01
   3.1500000e+02  -6.7321125e-01   8.7982107e-01
   3.1600000e+02  -6.6519428e-01   8.7730103e-01
   3.1700000e+02  -6.5661464e-01   8.7517591e-01
   3.1800000e+02  -6.4725459e-01   8.7356736e-01
   3.1900000e+02  -6.3741513e-01   8.7299835e-01
   3.2000000e+02  -6.2730665e-01   8.7280811e-01
   3.2100000e+02  -6.1724506e-01   8.7355139e-01
   3.2200000e+02  -6.0797954e-01   8.7462219e-01
   3.2300000e+02  -5.9924745e-01   8.7589105e-01
   3.2400000e+02  -5.9134801e-01   8.7658680e-01
   3.2500000e+02  -5.8246872e-01   8.7556043e-01
   3.2600000e+02  -5.7553887e-01   8.7468360e-01
   3.2700000e+02  -5.6872326e-01   8.7351416e-01
   3.2800000e+02  -5.6314884e-01   8.7171956e-01
   3.2900000e+02  -5.5763755e-01   8.6878786e-01
   3.3000000e+02  -5.5250247e-01   8.6509066e-01
   3.3100000e+02  -5.4776777e-01   8.6060058e-01
   3.3200000e+02  -5.4400268e-01   8.5591730e-01
   3.3300000e+02  -5.4016354e-01   8.5058890e-01
   3.3400000e+02  -5.3710437e-01   8.4412275e-01
   3.3500000e+02  -5.3411268e-01   8.3649439e-01
   3.3600000e+02  -5.3161921e-01   8.2749803e-01
   3.3700000e+02  -5.2911299e-01   8.1814312e-01
   3.3800000e+02  -5.2738773e-01   8.0661579e-01
   3.3900000e+02  -5.2525359e-01   7.9502840e-01
   3.4000000e+02  -5.2277073e-01   7.8214564e-01
   3.4100000e+02  -5.2148381e-01   7.7059614e-01
   3.4200000e+02  -5.1962508e-01   7.5955085e-01
   3.4300000e+02  -5.1740528e-01   7.4925364e-01
   3.4400000e+02  -5.1532866e-01   7.3973551e-01
   3.4500000e+02  -5.1244276e-01   7.3206075e-01
   3.4600000e+02  -5.0896057e-01   7.2618247e-01
   3.4700000e+02  -5.0469785e-01   7.2145536e-01
   3.4800000e+02  -4.9839502e-01   7.1730608e-01
   3.4900000e+02  -4.9047353e-01   7.1506256e-01
   3.5000000e+02  -4.8242771e-01   7.1449530e-01
   3.5100000e+02  -4.7190595e-01   7.1532577e-01
   3.5200000e+02  -4.6011268e-01   7.1737939e-01
   3.5300000e+02  -4.4637375e-01   7.2060097e-01
   3.5400000e+02  -4.3215158e-01   7.2477456e-01
   3.5500000e+02  -4.1640973e-01   7.2985321e-01
   3.5600000e+02  -4.0014685e-01   7.3473362e-01
   3.5700000e+02  -3.8465099e-01   7.3980019e-01
   3.5800000e+02  -3.6863379e-01   7.4384537e-01
   3.5900000e+02  -3.5360383e-01   7.4678067e-01
   3.6000000e+02  -3.3917370e-01   7.4905579e-01
   3.6100000e+02  -3.2559150e-01   7.5439017e-01
   3.6200000e+02  -3.1411121e-01   7.5317452e-01
   3.6300000e+02  -3.0596489e-01   7.5178130e-01
   3.6400000e+02  -2.9744836e-01   7.4853901e-01
   3.6500000e+02  -2.9076496e-01   7.4610201e-01
   3.6600000e+02  -2.8573969e-01   7.4318080e-01
   3.6700000e+02  -2.8104684e-01   7.3833073e-01
   3.6800000e+02  -2.7805636e-01   7.3381337e-01
   3.6900000e+02  -2.7565509e-01   7.2560915e-01
   3.7000000e+02  -2.7370153e-01   7.1755499e-01
   3.7100000e+02  -2.7271062e-01   7.0921056e-01
   3.7200000e+02  -2.7261775e-01   7.0045444e-01
   3.7300000e+02  -2.7498572e-01   6.9154711e-01
   3.7400000e+02  -2.7524026e-01   6.8135261e-01
   3.7500000e+02  -2.7590963e-01   6.7005862e-01
   3.7600000e+02  -2.7734367e-01   6.6054507e-01
   3.7700000e+02  -2.7754122e-01   6.4922785e-01
   3.7800000e+02  -2.7743252e-01   6.3795736e-01
   3.7900000e+02  -2.7543223e-01   6.2598526e-01
   3.8000000e+02  -2.7398959e-01   6.1581923e-01
   3.8100000e+02  -2.7143102e-01   6.0475479e-01
   3.8200000e+02  -2.6621687e-01   5.9386155e-01
   3.8300000e+02  -2.6133252e-01   5.8323322e-01
   3.8400000e+02  -2.5636491e-01   5.7241132e-01
   3.8500000e+02  -2.4910127e-01   5.6094811e-01
   3.8600000e+02  -2.4214210e-01   5.4923098e-01
   3.8700000e+02  -2.3555124e-01   5.3687026e-01
   3.8800000e+02  -2.2987057e-01   5.2404452e-01
   3.8900000e+02  -2.2503102e-01   5.0897122e-01
   3.9000000e+02  -2.1967321e-01   4.9342199e-01
   3.9100000e+02  -2.1454244e-01   4.7805655e-01
   3.9200000e+02  -2.1015374e-01   4.6136937e-01
   3.9300000e+02  -2.0513257e-01   4.4331162e-01
   3.9400000e+02  -2.0143537e-01   4.2535417e-01
   3.9500000e+02  -1.9683908e-01   4.0835166e-01
   3.9600000e+02  -1.9240415e-01   3.9246728e-01
   3.9700000e+02  -1.9011856e-01   3.7720136e-01
   3.9800000e+02  -1.8640952e-01   3.5741262e-01
   3.9900000e+02  -1.8234450e-01   3.3195309e-01
   4.0000000e+02  -1.8168796e-01   3.1771241e-01
   4.0100000e+02  -1.7913655e-01   2.9616150e-01
   4.0200000e+02  -1.7620603e-01   2.7512961e-01
   4.0300000e+02  -1.7571625e-01   2.5421104e-01
   4.0400000e+02  -1.7664734e-01   2.3314330e-01
   4.0500000e+02  -1.7839313e-01   2.1380755e-01
   4.0600000e+02  -1.7870553e-01   1.9723320e-01
   4.0700000e+02  -1.7755342e-01   1.8188296e-01
   4.0800000e+02  -1.7355954e-01   1.6678401e-01
   4.0900000e+02  -1.6806881e-01   1.5191533e-01
   4.1000000e+02  -1.6062471e-01   1.3559683e-01
   4.1100000e+02  -1.5423120e-01   1.1930126e-01
   4.1200000e+02  -1.4979589e-01   1.0304349e-01
