   2.0500000e+02  -2.6167230e+00   1.4161474e+00
   2.0600000e+02  -2.6553709e+00   1.4117676e+00
   2.0700000e+02  -2.6082851e+00   1.4113580e+00
   2.0800000e+02  -2.6007352e+00   1.4069728e+00
   2.0900000e+02  -2.6174068e+00   1.4057981e+00
   2.1000000e+02  -2.6174597e+00   1.3935509e+00
   2.1100000e+02  -2.5964358e+00   1.3488796e+00
   2.1200000e+02  -2.5989305e+00   1.3338256e+00
   2.1300000e+02  -2.6322313e+00   1.3356343e+00
   2.1400000e+02  -2.6051985e+00   1.3139903e+00
   2.1500000e+02  -2.6242214e+00   1.2958972e+00
   2.1600000e+02  -2.6176323e+00   1.2785590e+00
   2.1700000e+02  -2.6092444e+00   1.2608325e+00
   2.1800000e+02  -2.5988820e+00   1.2447741e+00
   2.1900000e+02  -2.5876386e+00   1.2317918e+00
   2.2000000e+02  -2.5761655e+00   1.2200846e+00
   2.2100000e+02  -2.5635086e+00   1.2117844e+00
   2.2200000e+02  -2.5506959e+00   1.2057643e+00
   2.2300000e+02  -2.5361342e+00   1.2028822e+00
   2.2400000e+02  -2.5211284e+00   1.2027027e+00
   2.2500000e+02  -2.5064642e+00   1.2054778e+00
   2.2600000e+02  -2.4920564e+00   1.2107334e+00
   2.2700000e+02  -2.4797311e+00   1.2170630e+00
   2.2800000e+02  -2.4681673e+00   1.2236576e+00
   2.2900000e+02  -2.4564408e+00   1.2297369e+00
   2.3000000e+02  -2.4445327e+00   1.2343011e+00
   2.3100000e+02  -2.4328538e+00   1.2369404e+00
   2.3200000e+02  -2.4196615e+00   1.2381291e+00
   2.3300000e+02  -2.4077706e+00   1.2370061e+00
   2.3400000e+02  -2.3961863e+00   1.2339909e+00
   2.3500000e+02  -2.3848417e+00   1.2294451e+00
   2.3600000e+02  -2.3746161e+00   1.2231882e+00
   2.3700000e+02  -2.3651801e+00   1.2156396e+00
   2.3800000e+02  -2.3574482e+00   1.2060984e+00
   2.3900000e+02  -2.3489153e+00   1.1957700e+00
   2.4000000e+02  -2.3420535e+00   1.1846423e+00
   2.4100000e+02  -2.3353177e+00   1.1747581e+00
   2.4200000e+02  -2.3253435e+00   1.1656334e+00
   2.4300000e+02  -2.3147299e+00   1.1590425e+00
   2.4400000e+02  -2.3033878e+00   1.1545564e+00
   2.4500000e+02  -2.2920293e+00   1.1524477e+00
   2.4600000e+02  -2.2789479e+00   1.1539609e+00
   2.4700000e+02  -2.2653074e+00   1.1577107e+00
   2.4800000e+02  -2.2502946e+00   1.1640169e+00
   2.4900000e+02  -2.2357112e+00   1.1718895e+00
   2.5000000e+02  -2.2217479e+00   1.1797547e+00
   2.5100000e+02  -2.2083244e+00   1.1867971e+00
   2.5200000e+02  -2.1955628e+00   1.1919857e+00
   2.5300000e+02  -2.1825330e+00   1.1945003e+00
   2.5400000e+02  -2.1702206e+00   1.1928086e+00
   2.5500000e+02  -2.1596215e+00   1.1895473e+00
   2.5600000e+02  -2.1484283e+00   1.1836309e+00
   2.5700000e+02  -2.1391319e+00   1.1758839e+00
   2.5800000e+02  -2.1307952e+00   1.1656301e+00
   2.5900000e+02  -2.1237967e+00   1.1538275e+00
   2.6000000e+02  -2.1166801e+00   1.1419284e+00
   2.6100000e+02  -2.1107758e+00   1.1298559e+00
   2.6200000e+02  -2.1054806e+00   1.1193958e+00
   2.6300000e+02  -2.0991657e+00   1.1100831e+00
   2.6400000e+02  -2.0929575e+00   1.1039264e+00
   2.6500000e+02  -2.0862735e+00   1.1003302e+00
   2.6600000e+02  -2.0781729e+00   1.1003312e+00
   2.6700000e+02  -2.0704434e+00   1.1030326e+00
   2.6800000e+02  -2.0605528e+00   1.1087455e+00
   2.6900000e+02  -2.0489896e+00   1.1163051e+00
   2.7000000e+02  -2.0376538e+00   1.1250505e+00
   2.7100000e+02  -2.0265776e+00   1.1338112e+00
   2.7200000e+02  -2.0148295e+00   1.1437304e+00
   2.7300000e+02  -2.0023001e+00   1.1540737e+00
   2.7400000e+02  -1.9878269e+00   1.1648382e+00
   2.7500000e+02  -1.9734445e+00   1.1752322e+00
   2.7600000e+02  -1.9601650e+00   1.1844137e+00
   2.7700000e+02  -1.9482036e+00   1.1928638e+00
   2.7800000e+02  -1.9371115e+00   1.1988178e+00
   2.7900000e+02  -1.9274238e+00   1.2046898e+00
   2.8000000e+02  -1.9194084e+00   1.2089095e+00
   2.8100000e+02  -1.9115954e+00   1.2120476e+00
   2.8200000e+02  -1.9052665e+00   1.2136663e+00
   2.8300000e+02  -1.9000236e+00   1.2149814e+00
   2.8400000e+02  -1.8953847e+00   1.2165092e+00
   2.8500000e+02  -1.8916697e+00   1.2178499e+00
   2.8600000e+02  -1.8890780e+00   1.2189433e+00
   2.8700000e+02  -1.8868938e+00   1.2185814e+00
   2.8800000e+02  -1.8852567e+00   1.2172394e+00
   2.8900000e+02  -1.8829047e+00   1.2145920e+00
   2.9000000e+02  -1.8811786e+00   1.2110051e+00
   2.9100000e+02  -1.8803674e+00   1.2051683e+00
   2.9200000e+02  -1.8809454e+00   1.1974604e+00
   2.9300000e+02  -1.8827400e+00   1.1882176e+00
   2.9400000e+02  -1.8849264e+00   1.1784061e+00
   2.9500000e+02  -1.8868572e+00   1.1677734e+00
   2.9600000e+02  -1.8876197e+00   1.1574057e+00
   2.9700000e+02  -1.8869431e+00   1.1481721e+00
   2.9800000e+02  -1.8849067e+00   1.1399052e+00
   2.9900000e+02  -1.8820523e+00   1.1326968e+00
   3.0000000e+02  -1.8789038e+00   1.1256832e+00
   3.0100000e+02  -1.8753518e+00   1.1201598e+00
   3.0200000e+02  -1.8719578e+00   1.1151877e+00
   3.0300000e+02  -1.8677490e+00   1.1128006e+00
   3.0400000e+02  -1.8612769e+00   1.1138252e+00
   3.0500000e+02  -1.8534956e+00   1.1180072e+00
   3.0600000e+02  -1.8441618e+00   1.1238729e+00
   3.0700000e+02  -1.8346251e+00   1.1301321e+00
   3.0800000e+02  -1.8251578e+00   1.1361200e+00
   3.0900000e+02  -1.8166825e+00   1.1395059e+00
   3.1000000e+02  -1.8107173e+00   1.1415856e+00
   3.1100000e+02  -1.8072434e+00   1.1416072e+00
   3.1200000e+02  -1.8054978e+00   1.1402530e+00
   3.1300000e+02  -1.8061689e+00   1.1376135e+00
   3.1400000e+02  -1.8072539e+00   1.1334455e+00
   3.1500000e+02  -1.8090138e+00   1.1294210e+00
   3.1600000e+02  -1.8091567e+00   1.1245004e+00
   3.1700000e+02  -1.8086892e+00   1.1206929e+00
   3.1800000e+02  -1.8065530e+00   1.1177932e+00
   3.1900000e+02  -1.8018807e+00   1.1151843e+00
   3.2000000e+02  -1.7955738e+00   1.1136123e+00
   3.2100000e+02  -1.7870630e+00   1.1130848e+00
   3.2200000e+02  -1.7770629e+00   1.1136020e+00
   3.2300000e+02  -1.7665267e+00   1.1154730e+00
   3.2400000e+02  -1.7562036e+00   1.1180823e+00
   3.2500000e+02  -1.7469689e+00   1.1215267e+00
   3.2600000e+02  -1.7376942e+00   1.1236896e+00
   3.2700000e+02  -1.7287685e+00   1.1246361e+00
   3.2800000e+02  -1.7213188e+00   1.1235115e+00
   3.2900000e+02  -1.7151025e+00   1.1218168e+00
   3.3000000e+02  -1.7095733e+00   1.1189123e+00
   3.3100000e+02  -1.7043390e+00   1.1156480e+00
   3.3200000e+02  -1.7003900e+00   1.1116645e+00
   3.3300000e+02  -1.6980005e+00   1.1068053e+00
   3.3400000e+02  -1.6962383e+00   1.1008687e+00
   3.3500000e+02  -1.6928569e+00   1.0930857e+00
   3.3600000e+02  -1.6877596e+00   1.0854729e+00
   3.3700000e+02  -1.6813919e+00   1.0798149e+00
   3.3800000e+02  -1.6731800e+00   1.0749284e+00
   3.3900000e+02  -1.6634821e+00   1.0734032e+00
   3.4000000e+02  -1.6523280e+00   1.0751185e+00
   3.4100000e+02  -1.6416614e+00   1.0789660e+00
   3.4200000e+02  -1.6303284e+00   1.0845728e+00
   3.4300000e+02  -1.6190031e+00   1.0914958e+00
   3.4400000e+02  -1.6065231e+00   1.0990981e+00
   3.4500000e+02  -1.5946896e+00   1.1065853e+00
   3.4600000e+02  -1.5838568e+00   1.1128587e+00
   3.4700000e+02  -1.5755769e+00   1.1175094e+00
   3.4800000e+02  -1.5692964e+00   1.1202058e+00
   3.4900000e+02  -1.5654846e+00   1.1202530e+00
   3.5000000e+02  -1.5650176e+00   1.1192250e+00
   3.5100000e+02  -1.5664670e+00   1.1164717e+00
   3.5200000e+02  -1.5710255e+00   1.1120232e+00
   3.5300000e+02  -1.5758837e+00   1.1051111e+00
   3.5400000e+02  -1.5820835e+00   1.0959873e+00
   3.5500000e+02  -1.5876466e+00   1.0858326e+00
   3.5600000e+02  -1.5927858e+00   1.0755673e+00
   3.5700000e+02  -1.5955600e+00   1.0664515e+00
   3.5800000e+02  -1.5975496e+00   1.0585003e+00
   3.5900000e+02  -1.5972305e+00   1.0518017e+00
   3.6000000e+02  -1.5955447e+00   1.0473397e+00
   3.6100000e+02  -1.5925556e+00   1.0461623e+00
   3.6200000e+02  -1.5875775e+00   1.0463566e+00
   3.6300000e+02  -1.5804637e+00   1.0479778e+00
   3.6400000e+02  -1.5722420e+00   1.0523013e+00
   3.6500000e+02  -1.5633004e+00   1.0577647e+00
   3.6600000e+02  -1.5536087e+00   1.0644148e+00
   3.6700000e+02  -1.5436268e+00   1.0711754e+00
   3.6800000e+02  -1.5330972e+00   1.0781221e+00
   3.6900000e+02  -1.5225634e+00   1.0838453e+00
   3.7000000e+02  -1.5118141e+00   1.0892085e+00
   3.7100000e+02  -1.5004378e+00   1.0935583e+00
   3.7200000e+02  -1.4894089e+00   1.0957134e+00
   3.7300000e+02  -1.4793188e+00   1.0969594e+00
   3.7400000e+02  -1.4713836e+00   1.0957455e+00
   3.7500000e+02  -1.4643087e+00   1.0923574e+00
   3.7600000e+02  -1.4595316e+00   1.0879471e+00
   3.7700000e+02  -1.4551855e+00   1.0814297e+00
   3.7800000e+02  -1.4521574e+00   1.0733771e+00
   3.7900000e+02  -1.4495037e+00   1.0639299e+00
   3.8000000e+02  -1.4471252e+00   1.0527408e+00
   3.8100000e+02  -1.4457961e+00   1.0406761e+00
   3.8200000e+02  -1.4456062e+00   1.0269640e+00
   3.8300000e+02  -1.4455519e+00   1.0138956e+00
   3.8400000e+02  -1.4448739e+00   1.0007587e+00
   3.8500000e+02  -1.4444560e+00   9.9006420e-01
   3.8600000e+02  -1.4425856e+00   9.7837734e-01
   3.8700000e+02  -1.4396133e+00   9.6870860e-01
   3.8800000e+02  -1.4355004e+00   9.6106503e-01
   3.8900000e+02  -1.4307856e+00   9.5561115e-01
   3.9000000e+02  -1.4256209e+00   9.5250277e-01
   3.9100000e+02  -1.4204987e+00   9.5200441e-01
   3.9200000e+02  -1.4147195e+00   9.5486976e-01
   3.9300000e+02  -1.4090165e+00   9.5985363e-01
   3.9400000e+02  -1.4037108e+00   9.6729369e-01
   3.9500000e+02  -1.3978670e+00   9.7561864e-01
   3.9600000e+02  -1.3923471e+00   9.8451693e-01
   3.9700000e+02  -1.3862230e+00   9.9507805e-01
   3.9800000e+02  -1.3792112e+00   1.0055670e+00
   3.9900000e+02  -1.3721592e+00   1.0150981e+00
   4.0000000e+02  -1.3658906e+00   1.0227866e+00
   4.0100000e+02  -1.3604842e+00   1.0288895e+00
   4.0200000e+02  -1.3552274e+00   1.0329967e+00
   4.0300000e+02  -1.3507750e+00   1.0349481e+00
   4.0400000e+02  -1.3465912e+00   1.0350360e+00
   4.0500000e+02  -1.3438148e+00   1.0337209e+00
   4.0600000e+02  -1.3416317e+00   1.0305290e+00
   4.0700000e+02  -1.3402371e+00   1.0257973e+00
   4.0800000e+02  -1.3399928e+00   1.0201289e+00
   4.0900000e+02  -1.3413774e+00   1.0129964e+00
   4.1000000e+02  -1.3429206e+00   1.0056683e+00
   4.1100000e+02  -1.3445043e+00   9.9765659e-01
   4.1200000e+02  -1.3448443e+00   9.8980649e-01
   4.1300000e+02  -1.3444548e+00   9.8174238e-01
   4.1400000e+02  -1.3428402e+00   9.7493854e-01
   4.1500000e+02  -1.3400139e+00   9.6851833e-01
   4.1600000e+02  -1.3366032e+00   9.6276394e-01
   4.1700000e+02  -1.3325414e+00   9.5846340e-01
   4.1800000e+02  -1.3282066e+00   9.5626131e-01
   4.1900000e+02  -1.3239151e+00   9.5637148e-01
   4.2000000e+02  -1.3197080e+00   9.5731717e-01
   4.2100000e+02  -1.3152655e+00   9.5817442e-01
   4.2200000e+02  -1.3110077e+00   9.6144288e-01
   4.2300000e+02  -1.3071326e+00   9.6573910e-01
   4.2400000e+02  -1.3026286e+00   9.7060982e-01
   4.2500000e+02  -1.2984479e+00   9.7557689e-01
   4.2600000e+02  -1.2951676e+00   9.8048585e-01
   4.2700000e+02  -1.2916560e+00   9.8540602e-01
   4.2800000e+02  -1.2879448e+00   9.8821725e-01
   4.2900000e+02  -1.2834929e+00   9.8891492e-01
   4.3000000e+02  -1.2789237e+00   9.8555527e-01
   4.3100000e+02  -1.2748771e+00   9.7943166e-01
   4.3200000e+02  -1.2722721e+00   9.7177675e-01
   4.3300000e+02  -1.2702835e+00   9.6246663e-01
   4.3400000e+02  -1.2687560e+00   9.5186555e-01
   4.3500000e+02  -1.2665727e+00   9.4088275e-01
   4.3600000e+02  -1.2647844e+00   9.3207398e-01
   4.3700000e+02  -1.2609019e+00   9.2611107e-01
   4.3800000e+02  -1.2568212e+00   9.2233094e-01
   4.3900000e+02  -1.2505645e+00   9.2109128e-01
   4.4000000e+02  -1.2430517e+00   9.2228095e-01
   4.4100000e+02  -1.2343166e+00   9.2479172e-01
   4.4200000e+02  -1.2245183e+00   9.2770907e-01
   4.4300000e+02  -1.2140551e+00   9.3126891e-01
   4.4400000e+02  -1.2049989e+00   9.3519401e-01
   4.4500000e+02  -1.1966338e+00   9.3850677e-01
   4.4600000e+02  -1.1887257e+00   9.4300999e-01
   4.4700000e+02  -1.1810600e+00   9.4610109e-01
   4.4800000e+02  -1.1738853e+00   9.4986245e-01
   4.4900000e+02  -1.1680650e+00   9.5338046e-01
   4.5000000e+02  -1.1633044e+00   9.5713873e-01
   4.5100000e+02  -1.1596149e+00   9.6055373e-01
   4.5200000e+02  -1.1566377e+00   9.6391823e-01
   4.5300000e+02  -1.1541358e+00   9.6647103e-01
   4.5400000e+02  -1.1522648e+00   9.6837677e-01
   4.5500000e+02  -1.1506125e+00   9.6932215e-01
   4.5600000e+02  -1.1504128e+00   9.6773476e-01
   4.5700000e+02  -1.1506625e+00   9.6592106e-01
   4.5800000e+02  -1.1523523e+00   9.6098628e-01
   4.5900000e+02  -1.1535193e+00   9.5503785e-01
   4.6000000e+02  -1.1559088e+00   9.4884841e-01
   4.6100000e+02  -1.1596040e+00   9.4056160e-01
   4.6200000e+02  -1.1635246e+00   9.3240136e-01
   4.6300000e+02  -1.1672608e+00   9.2450459e-01
   4.6400000e+02  -1.1706375e+00   9.1497029e-01
   4.6500000e+02  -1.1733118e+00   9.0681972e-01
   4.6600000e+02  -1.1746111e+00   8.9840773e-01
   4.6700000e+02  -1.1743509e+00   8.9070639e-01
   4.6800000e+02  -1.1725007e+00   8.8248265e-01
   4.6900000e+02  -1.1688876e+00   8.7331096e-01
   4.7000000e+02  -1.1635913e+00   8.6944653e-01
   4.7100000e+02  -1.1564537e+00   8.6516936e-01
   4.7200000e+02  -1.1497956e+00   8.6219178e-01
   4.7300000e+02  -1.1404018e+00   8.5867380e-01
   4.7400000e+02  -1.1296121e+00   8.5356300e-01
   4.7500000e+02  -1.1203282e+00   8.5050086e-01
   4.7600000e+02  -1.1114722e+00   8.4877491e-01
   4.7700000e+02  -1.1038146e+00   8.4621583e-01
   4.7800000e+02  -1.0983218e+00   8.4370525e-01
   4.7900000e+02  -1.0918844e+00   8.4114910e-01
   4.8000000e+02  -1.0855229e+00   8.3808863e-01
   4.8100000e+02  -1.0784744e+00   8.3612403e-01
   4.8200000e+02  -1.0708166e+00   8.3719119e-01
   4.8300000e+02  -1.0624932e+00   8.3820195e-01
   4.8400000e+02  -1.0528650e+00   8.3917440e-01
   4.8500000e+02  -1.0431669e+00   8.3983561e-01
   4.8600000e+02  -1.0330007e+00   8.4193819e-01
   4.8700000e+02  -1.0228904e+00   8.4415657e-01
   4.8800000e+02  -1.0117182e+00   8.4768035e-01
   4.8900000e+02  -1.0011015e+00   8.5170560e-01
   4.9000000e+02  -9.8893594e-01   8.5688583e-01
   4.9100000e+02  -9.7609332e-01   8.6324689e-01
   4.9200000e+02  -9.6364227e-01   8.7144311e-01
   4.9300000e+02  -9.5148152e-01   8.8108003e-01
   4.9400000e+02  -9.4049415e-01   8.9160039e-01
   4.9500000e+02  -9.3171626e-01   9.0302283e-01
   4.9600000e+02  -9.2344884e-01   9.1639747e-01
   4.9700000e+02  -9.1562049e-01   9.2893092e-01
   4.9800000e+02  -9.0789026e-01   9.4179852e-01
   4.9900000e+02  -9.0076349e-01   9.5167390e-01
   5.0000000e+02  -8.9500265e-01   9.5897076e-01
   5.0100000e+02  -8.9004489e-01   9.6193934e-01
   5.0200000e+02  -8.8549767e-01   9.6094812e-01
   5.0300000e+02  -8.8126890e-01   9.5584311e-01
   5.0400000e+02  -8.7726699e-01   9.4684810e-01
   5.0500000e+02  -8.7379231e-01   9.3607607e-01
   5.0600000e+02  -8.7148068e-01   9.2318338e-01
   5.0700000e+02  -8.7067279e-01   9.0871137e-01
   5.0800000e+02  -8.7106179e-01   8.9432026e-01
   5.0900000e+02  -8.7248503e-01   8.7941192e-01
   5.1000000e+02  -8.7276150e-01   8.6485623e-01
   5.1100000e+02  -8.7243508e-01   8.5335409e-01
   5.1200000e+02  -8.7019373e-01   8.4403734e-01
   5.1300000e+02  -8.6458754e-01   8.3891055e-01
   5.1400000e+02  -8.5641311e-01   8.3732246e-01
   5.1500000e+02  -8.4624657e-01   8.3815488e-01
   5.1600000e+02  -8.3439453e-01   8.4193045e-01
   5.1700000e+02  -8.2212120e-01   8.4899197e-01
   5.1800000e+02  -8.1139551e-01   8.5577327e-01
   5.1900000e+02  -8.0143404e-01   8.6276837e-01
   5.2000000e+02  -7.9162576e-01   8.6753591e-01
   5.2100000e+02  -7.8358236e-01   8.7118164e-01
   5.2200000e+02  -7.7593355e-01   8.7243973e-01
   5.2300000e+02  -7.6852898e-01   8.7136708e-01
   5.2400000e+02  -7.6042444e-01   8.6798956e-01
   5.2500000e+02  -7.5324880e-01   8.6232299e-01
   5.2600000e+02  -7.4584393e-01   8.5512064e-01
   5.2700000e+02  -7.3794699e-01   8.4674811e-01
   5.2800000e+02  -7.3074583e-01   8.3748009e-01
   5.2900000e+02  -7.2389557e-01   8.2635356e-01
   5.3000000e+02  -7.1557681e-01   8.1532115e-01
   5.3100000e+02  -7.0749228e-01   8.0536879e-01
   5.3200000e+02  -6.9900227e-01   7.9555593e-01
   5.3300000e+02  -6.8924466e-01   7.8838391e-01
   5.3400000e+02  -6.7948539e-01   7.8382805e-01
   5.3500000e+02  -6.6982089e-01   7.8109235e-01
   5.3600000e+02  -6.6078991e-01   7.8104401e-01
   5.3700000e+02  -6.5254734e-01   7.8146594e-01
   5.3800000e+02  -6.4516743e-01   7.8121184e-01
   5.3900000e+02  -6.3868013e-01   7.7924627e-01
   5.4000000e+02  -6.3266512e-01   7.7501254e-01
   5.4100000e+02  -6.2597058e-01   7.6957958e-01
   5.4200000e+02  -6.1983907e-01   7.6282682e-01
   5.4300000e+02  -6.1372077e-01   7.5356651e-01
   5.4400000e+02  -6.0831548e-01   7.4175471e-01
   5.4500000e+02  -6.0317620e-01   7.2886755e-01
   5.4600000e+02  -5.9880257e-01   7.1460700e-01
   5.4700000e+02  -5.9417335e-01   6.9832847e-01
   5.4800000e+02  -5.9030357e-01   6.8081838e-01
   5.4900000e+02  -5.8667719e-01   6.6336345e-01
   5.5000000e+02  -5.8274006e-01   6.4727628e-01
   5.5100000e+02  -5.7811031e-01   6.3280826e-01
   5.5200000e+02  -5.7256120e-01   6.1989129e-01
   5.5300000e+02  -5.6591790e-01   6.0881262e-01
   5.5400000e+02  -5.5806900e-01   6.0044160e-01
   5.5500000e+02  -5.4937044e-01   5.9566452e-01
   5.5600000e+02  -5.3790416e-01   5.9351594e-01
   5.5700000e+02  -5.2324591e-01   5.9038113e-01
   5.5800000e+02  -5.0688761e-01   5.8414021e-01
   5.5900000e+02  -4.9116369e-01   5.7540332e-01
   5.6000000e+02  -4.7684559e-01   5.6121837e-01
   5.6100000e+02  -4.6357568e-01   5.4213190e-01
   5.6200000e+02  -4.5208599e-01   5.2136425e-01
   5.6300000e+02  -4.4066302e-01   4.9930299e-01
   5.6400000e+02  -4.2868984e-01   4.7465136e-01
   5.6500000e+02  -4.1631713e-01   4.5123239e-01
   5.6600000e+02  -4.0324582e-01   4.2757054e-01
   5.6700000e+02  -3.8916629e-01   4.0736679e-01
   5.6800000e+02  -3.7347853e-01   3.8573819e-01
   5.6900000e+02  -3.5775502e-01   3.6751127e-01
   5.7000000e+02  -3.3988428e-01   3.5472182e-01
   5.7100000e+02  -3.2442421e-01   3.4100909e-01
   5.7200000e+02  -3.0777890e-01   3.2934967e-01
   5.7300000e+02  -2.9166500e-01   3.1633526e-01
   5.7400000e+02  -2.7458715e-01   3.0033750e-01
   5.7500000e+02  -2.5769025e-01   2.8160815e-01
   5.7600000e+02  -2.4067625e-01   2.6168193e-01
   5.7700000e+02  -2.2206910e-01   2.4073484e-01
   5.7800000e+02  -2.0545646e-01   2.1926003e-01
   5.7900000e+02  -1.8710846e-01   1.9849894e-01
   5.8000000e+02  -1.6633414e-01   1.7665846e-01
   5.8100000e+02  -1.4762910e-01   1.5665482e-01
   5.8200000e+02  -1.3038003e-01   1.3553601e-01
   5.8300000e+02  -1.1858823e-01   1.1639773e-01
