   3.0000000e+01   2.5922518e+00   1.3654531e+00
   3.1000000e+01   2.5919167e+00   1.3657400e+00
   3.2000000e+01   2.5915754e+00   1.3656711e+00
   3.3000000e+01   2.5912335e+00   1.3660499e+00
   3.4000000e+01   2.5908957e+00   1.3659243e+00
   3.5000000e+01   2.5909441e+00   1.3664040e+00
   3.6000000e+01   2.5902906e+00   1.3665053e+00
   3.7000000e+01   2.5910918e+00   1.3654694e+00
   3.8000000e+01   2.5907440e+00   1.3657532e+00
   3.9000000e+01   2.5901876e+00   1.3664552e+00
   4.0000000e+01   2.5894008e+00   1.3665111e+00
   4.1000000e+01   2.5889330e+00   1.3666467e+00
   4.2000000e+01   2.5877564e+00   1.3668272e+00
   4.3000000e+01   2.5864353e+00   1.3670113e+00
   4.4000000e+01   2.5859560e+00   1.3672268e+00
   4.5000000e+01   2.5848802e+00   1.3676244e+00
   4.6000000e+01   2.5836463e+00   1.3675368e+00
   4.7000000e+01   2.5827291e+00   1.3679981e+00
   4.8000000e+01   2.5822488e+00   1.3681138e+00
   4.9000000e+01   2.5828638e+00   1.3677383e+00
   5.0000000e+01   2.5820828e+00   1.3676377e+00
   5.1000000e+01   2.5820027e+00   1.3677700e+00
   5.2000000e+01   2.5815621e+00   1.3679024e+00
   5.3000000e+01   2.5815573e+00   1.3678917e+00
   5.4000000e+01   2.5814673e+00   1.3681114e+00
   5.5000000e+01   2.5816400e+00   1.3681995e+00
   5.6000000e+01   2.5815539e+00   1.3682735e+00
   5.7000000e+01   2.5810830e+00   1.3687357e+00
   5.8000000e+01   2.5799882e+00   1.3694937e+00
   5.9000000e+01   2.5796480e+00   1.3695398e+00
   6.0000000e+01   2.5794613e+00   1.3700589e+00
   6.1000000e+01   2.5795876e+00   1.3702162e+00
   6.2000000e+01   2.5802328e+00   1.3701381e+00
   6.3000000e+01   2.5813680e+00   1.3698981e+00
   6.4000000e+01   2.5826736e+00   1.3695976e+00
   6.5000000e+01   2.5835243e+00   1.3697285e+00
   6.6000000e+01   2.5844316e+00   1.3693546e+00
   6.7000000e+01   2.5853692e+00   1.3692812e+00
   6.8000000e+01   2.5865016e+00   1.3690274e+00
   6.9000000e+01   2.5872535e+00   1.3686129e+00
   7.0000000e+01   2.5882454e+00   1.3681865e+00
   7.1000000e+01   2.5889152e+00   1.3670240e+00
   7.2000000e+01   2.5891358e+00   1.3661244e+00
   7.3000000e+01   2.5885436e+00   1.3653835e+00
   7.4000000e+01   2.5881843e+00   1.3641692e+00
   7.5000000e+01   2.5875055e+00   1.3629580e+00
   7.6000000e+01   2.5865949e+00   1.3620668e+00
   7.7000000e+01   2.5866945e+00   1.3615373e+00
   7.8000000e+01   2.5868080e+00   1.3610752e+00
   7.9000000e+01   2.5874870e+00   1.3599985e+00
   8.0000000e+01   2.5881727e+00   1.3594983e+00
   8.1000000e+01   2.5890779e+00   1.3586474e+00
   8.2000000e+01   2.5897126e+00   1.3581811e+00
   8.3000000e+01   2.5907700e+00   1.3574015e+00
   8.4000000e+01   2.5907256e+00   1.3567668e+00
   8.5000000e+01   2.5907808e+00   1.3568555e+00
   8.6000000e+01   2.5902132e+00   1.3562893e+00
   8.7000000e+01   2.5897660e+00   1.3564250e+00
   8.8000000e+01   2.5894698e+00   1.3565552e+00
   8.9000000e+01   2.5887790e+00   1.3564881e+00
   9.0000000e+01   2.5881236e+00   1.3563303e+00
   9.1000000e+01   2.5878124e+00   1.3562904e+00
   9.2000000e+01   2.5864559e+00   1.3562495e+00
   9.3000000e+01   2.5857341e+00   1.3560322e+00
   9.4000000e+01   2.5848338e+00   1.3562529e+00
   9.5000000e+01   2.5842769e+00   1.3570591e+00
   9.6000000e+01   2.5838942e+00   1.3576637e+00
   9.7000000e+01   2.5835022e+00   1.3579125e+00
   9.8000000e+01   2.5820086e+00   1.3583062e+00
   9.9000000e+01   2.5810532e+00   1.3593934e+00
   1.0000000e+02   2.5797393e+00   1.3601082e+00
   1.0100000e+02   2.5792866e+00   1.3613815e+00
   1.0200000e+02   2.5781814e+00   1.3622868e+00
   1.0300000e+02   2.5780736e+00   1.3625664e+00
   1.0400000e+02   2.5775934e+00   1.3636466e+00
   1.0500000e+02   2.5770105e+00   1.3639821e+00
   1.0600000e+02   2.5767683e+00   1.3647805e+00
   1.0700000e+02   2.5767102e+00   1.3649648e+00
   1.0800000e+02   2.5761865e+00   1.3658520e+00
   1.0900000e+02   2.5773153e+00   1.3656074e+00
   1.1000000e+02   2.5770717e+00   1.3660532e+00
   1.1100000e+02   2.5769837e+00   1.3665044e+00
   1.1200000e+02   2.5772741e+00   1.3671899e+00
   1.1300000e+02   2.5772667e+00   1.3683827e+00
   1.1400000e+02   2.5776677e+00   1.3685434e+00
   1.1500000e+02   2.5777538e+00   1.3687944e+00
   1.1600000e+02   2.5778455e+00   1.3691941e+00
   1.1700000e+02   2.5777747e+00   1.3690764e+00
   1.1800000e+02   2.5773058e+00   1.3694742e+00
   1.1900000e+02   2.5763506e+00   1.3699525e+00
   1.2000000e+02   2.5754506e+00   1.3698724e+00
   1.2100000e+02   2.5748119e+00   1.3692836e+00
   1.2200000e+02   2.5733167e+00   1.3698196e+00
   1.2300000e+02   2.5718117e+00   1.3707404e+00
   1.2400000e+02   2.5706946e+00   1.3715765e+00
   1.2500000e+02   2.5694982e+00   1.3724253e+00
   1.2600000e+02   2.5685572e+00   1.3733265e+00
   1.2700000e+02   2.5682493e+00   1.3742814e+00
   1.2800000e+02   2.5676418e+00   1.3748346e+00
   1.2900000e+02   2.5687107e+00   1.3754076e+00
   1.3000000e+02   2.5701465e+00   1.3756094e+00
   1.3100000e+02   2.5725040e+00   1.3753302e+00
   1.3200000e+02   2.5744560e+00   1.3752276e+00
   1.3300000e+02   2.5767415e+00   1.3754792e+00
   1.3400000e+02   2.5774925e+00   1.3758452e+00
   1.3500000e+02   2.5754594e+00   1.3759221e+00
   1.3600000e+02   2.5730180e+00   1.3767551e+00
   1.3700000e+02   2.5687748e+00   1.3772637e+00
   1.3800000e+02   2.5652424e+00   1.3776724e+00
   1.3900000e+02   2.5637777e+00   1.3772407e+00
   1.4000000e+02   2.5634905e+00   1.3765584e+00
   1.4100000e+02   2.5651397e+00   1.3765569e+00
   1.4200000e+02   2.5657803e+00   1.3763700e+00
   1.4300000e+02   2.5660417e+00   1.3764868e+00
   1.4400000e+02   2.5656517e+00   1.3767232e+00
   1.4500000e+02   2.5646643e+00   1.3770527e+00
   1.4600000e+02   2.5625653e+00   1.3772003e+00
   1.4700000e+02   2.5611659e+00   1.3770979e+00
   1.4800000e+02   2.5593932e+00   1.3774341e+00
   1.4900000e+02   2.5575888e+00   1.3777749e+00
   1.5000000e+02   2.5553306e+00   1.3784735e+00
   1.5100000e+02   2.5541039e+00   1.3788515e+00
   1.5200000e+02   2.5529722e+00   1.3792613e+00
   1.5300000e+02   2.5512811e+00   1.3805793e+00
   1.5400000e+02   2.5493896e+00   1.3823749e+00
   1.5500000e+02   2.5476944e+00   1.3846337e+00
   1.5600000e+02   2.5459583e+00   1.3865264e+00
   1.5700000e+02   2.5452858e+00   1.3878886e+00
   1.5800000e+02   2.5452410e+00   1.3890197e+00
   1.5900000e+02   2.5450108e+00   1.3897486e+00
   1.6000000e+02   2.5455257e+00   1.3898812e+00
   1.6100000e+02   2.5454895e+00   1.3905188e+00
   1.6200000e+02   2.5452812e+00   1.3906255e+00
   1.6300000e+02   2.5451864e+00   1.3912603e+00
   1.6400000e+02   2.5450004e+00   1.3920411e+00
   1.6500000e+02   2.5452474e+00   1.3931908e+00
   1.6600000e+02   2.5455306e+00   1.3944093e+00
   1.6700000e+02   2.5452900e+00   1.3953574e+00
   1.6800000e+02   2.5447987e+00   1.3963325e+00
   1.6900000e+02   2.5449097e+00   1.3974047e+00
   1.7000000e+02   2.5444663e+00   1.3990324e+00
   1.7100000e+02   2.5444545e+00   1.3998966e+00
   1.7200000e+02   2.5444376e+00   1.4012283e+00
   1.7300000e+02   2.5448265e+00   1.4022364e+00
   1.7400000e+02   2.5450653e+00   1.4034719e+00
   1.7500000e+02   2.5455805e+00   1.4038896e+00
   1.7600000e+02   2.5461901e+00   1.4048723e+00
   1.7700000e+02   2.5461394e+00   1.4055743e+00
   1.7800000e+02   2.5458308e+00   1.4068903e+00
   1.7900000e+02   2.5453372e+00   1.4080584e+00
   1.8000000e+02   2.5442819e+00   1.4089377e+00
   1.8100000e+02   2.5428707e+00   1.4092224e+00
   1.8200000e+02   2.5417157e+00   1.4100775e+00
   1.8300000e+02   2.5405663e+00   1.4111042e+00
   1.8400000e+02   2.5385150e+00   1.4113456e+00
   1.8500000e+02   2.5374864e+00   1.4116041e+00
   1.8600000e+02   2.5352399e+00   1.4123028e+00
   1.8700000e+02   2.5335975e+00   1.4126618e+00
   1.8800000e+02   2.5317471e+00   1.4134829e+00
   1.8900000e+02   2.5296680e+00   1.4140873e+00
   1.9000000e+02   2.5280377e+00   1.4146484e+00
   1.9100000e+02   2.5262487e+00   1.4149237e+00
   1.9200000e+02   2.5248644e+00   1.4147256e+00
   1.9300000e+02   2.5245290e+00   1.4126958e+00
   1.9400000e+02   2.5227039e+00   1.4129484e+00
   1.9500000e+02   2.5210361e+00   1.4123562e+00
   1.9600000e+02   2.5200569e+00   1.4127324e+00
   1.9700000e+02   2.5198918e+00   1.4124344e+00
   1.9800000e+02   2.5201900e+00   1.4123597e+00
   1.9900000e+02   2.5207698e+00   1.4120050e+00
   2.0000000e+02   2.5222957e+00   1.4116603e+00
   2.0100000e+02   2.5237470e+00   1.4113541e+00
   2.0200000e+02   2.5248439e+00   1.4102038e+00
   2.0300000e+02   2.5255798e+00   1.4093384e+00
   2.0400000e+02   2.5273864e+00   1.4090123e+00
   2.0500000e+02   2.5305338e+00   1.4076726e+00
   2.0600000e+02   2.5315947e+00   1.4079547e+00
   2.0700000e+02   2.5327866e+00   1.4076449e+00
   2.0800000e+02   2.5344963e+00   1.4082138e+00
   2.0900000e+02   2.5361295e+00   1.4081810e+00
   2.1000000e+02   2.5383631e+00   1.4086574e+00
   2.1100000e+02   2.5403370e+00   1.4098565e+00
   2.1200000e+02   2.5418193e+00   1.4106838e+00
   2.1300000e+02   2.5433132e+00   1.4121853e+00
   2.1400000e+02   2.5441158e+00   1.4132868e+00
   2.1500000e+02   2.5452100e+00   1.4148313e+00
   2.1600000e+02   2.5459928e+00   1.4164875e+00
   2.1700000e+02   2.5464758e+00   1.4197200e+00
   2.1800000e+02   2.5464657e+00   1.4221470e+00
   2.1900000e+02   2.5456781e+00   1.4254765e+00
   2.2000000e+02   2.5449933e+00   1.4296909e+00
   2.2100000e+02   2.5434588e+00   1.4338717e+00
   2.2200000e+02   2.5416645e+00   1.4385067e+00
   2.2300000e+02   2.5398088e+00   1.4435168e+00
   2.2400000e+02   2.5378944e+00   1.4486985e+00
   2.2500000e+02   2.5360806e+00   1.4542500e+00
   2.2600000e+02   2.5333179e+00   1.4593113e+00
   2.2700000e+02   2.5297088e+00   1.4645894e+00
   2.2800000e+02   2.5262011e+00   1.4691835e+00
   2.2900000e+02   2.5233771e+00   1.4724196e+00
   2.3000000e+02   2.5196984e+00   1.4750641e+00
   2.3100000e+02   2.5149296e+00   1.4765159e+00
   2.3200000e+02   2.5092383e+00   1.4765618e+00
   2.3300000e+02   2.5037105e+00   1.4754207e+00
   2.3400000e+02   2.4968943e+00   1.4731542e+00
   2.3500000e+02   2.4894496e+00   1.4691465e+00
   2.3600000e+02   2.4814075e+00   1.4642170e+00
   2.3700000e+02   2.4733431e+00   1.4569698e+00
   2.3800000e+02   2.4646809e+00   1.4483807e+00
   2.3900000e+02   2.4570024e+00   1.4372905e+00
   2.4000000e+02   2.4488409e+00   1.4249383e+00
   2.4100000e+02   2.4415100e+00   1.4121883e+00
   2.4200000e+02   2.4343761e+00   1.3978598e+00
   2.4300000e+02   2.4275176e+00   1.3832823e+00
   2.4400000e+02   2.4192521e+00   1.3696825e+00
   2.4500000e+02   2.4115214e+00   1.3561111e+00
   2.4600000e+02   2.4035429e+00   1.3443447e+00
   2.4700000e+02   2.3959216e+00   1.3335204e+00
   2.4800000e+02   2.3878785e+00   1.3240886e+00
   2.4900000e+02   2.3804115e+00   1.3160594e+00
   2.5000000e+02   2.3719981e+00   1.3092416e+00
   2.5100000e+02   2.3641405e+00   1.3039224e+00
   2.5200000e+02   2.3560384e+00   1.2997096e+00
   2.5300000e+02   2.3458359e+00   1.2976128e+00
   2.5400000e+02   2.3368857e+00   1.2960541e+00
   2.5500000e+02   2.3267577e+00   1.2974711e+00
   2.5600000e+02   2.3158215e+00   1.3007171e+00
   2.5700000e+02   2.3048208e+00   1.3075343e+00
   2.5800000e+02   2.2929486e+00   1.3170401e+00
   2.5900000e+02   2.2807107e+00   1.3294210e+00
   2.6000000e+02   2.2677448e+00   1.3449714e+00
   2.6100000e+02   2.2557865e+00   1.3616059e+00
   2.6200000e+02   2.2428391e+00   1.3790380e+00
   2.6300000e+02   2.2314055e+00   1.3969256e+00
   2.6400000e+02   2.2204762e+00   1.4131109e+00
   2.6500000e+02   2.2086790e+00   1.4283889e+00
   2.6600000e+02   2.1996498e+00   1.4403222e+00
   2.6700000e+02   2.1908691e+00   1.4500400e+00
   2.6800000e+02   2.1822743e+00   1.4571971e+00
   2.6900000e+02   2.1751562e+00   1.4630245e+00
   2.7000000e+02   2.1684629e+00   1.4678249e+00
   2.7100000e+02   2.1626457e+00   1.4705438e+00
   2.7200000e+02   2.1576450e+00   1.4726470e+00
   2.7300000e+02   2.1533871e+00   1.4739947e+00
   2.7400000e+02   2.1490769e+00   1.4742083e+00
   2.7500000e+02   2.1455980e+00   1.4731543e+00
   2.7600000e+02   2.1434132e+00   1.4707797e+00
   2.7700000e+02   2.1415373e+00   1.4660857e+00
   2.7800000e+02   2.1404638e+00   1.4582982e+00
   2.7900000e+02   2.1410163e+00   1.4487205e+00
   2.8000000e+02   2.1417516e+00   1.4371904e+00
   2.8100000e+02   2.1431811e+00   1.4225164e+00
   2.8200000e+02   2.1443339e+00   1.4072656e+00
   2.8300000e+02   2.1460379e+00   1.3901493e+00
   2.8400000e+02   2.1464421e+00   1.3743551e+00
   2.8500000e+02   2.1479328e+00   1.3578808e+00
   2.8600000e+02   2.1486467e+00   1.3430887e+00
   2.8700000e+02   2.1494319e+00   1.3293367e+00
   2.8800000e+02   2.1493899e+00   1.3169953e+00
   2.8900000e+02   2.1493638e+00   1.3065585e+00
   2.9000000e+02   2.1486533e+00   1.2956162e+00
   2.9100000e+02   2.1475718e+00   1.2853085e+00
   2.9200000e+02   2.1457879e+00   1.2761697e+00
   2.9300000e+02   2.1444580e+00   1.2674235e+00
   2.9400000e+02   2.1430947e+00   1.2595212e+00
   2.9500000e+02   2.1409434e+00   1.2528713e+00
   2.9600000e+02   2.1395298e+00   1.2469453e+00
   2.9700000e+02   2.1381532e+00   1.2420233e+00
   2.9800000e+02   2.1369011e+00   1.2372516e+00
   2.9900000e+02   2.1351174e+00   1.2336307e+00
   3.0000000e+02   2.1331876e+00   1.2309980e+00
   3.0100000e+02   2.1306473e+00   1.2293411e+00
   3.0200000e+02   2.1267047e+00   1.2288382e+00
   3.0300000e+02   2.1232124e+00   1.2305670e+00
   3.0400000e+02   2.1189587e+00   1.2319077e+00
   3.0500000e+02   2.1151408e+00   1.2339279e+00
   3.0600000e+02   2.1104783e+00   1.2373317e+00
   3.0700000e+02   2.1060944e+00   1.2413652e+00
   3.0800000e+02   2.1014507e+00   1.2465116e+00
   3.0900000e+02   2.0960828e+00   1.2520882e+00
   3.1000000e+02   2.0910124e+00   1.2566114e+00
   3.1100000e+02   2.0853981e+00   1.2596986e+00
   3.1200000e+02   2.0788248e+00   1.2623022e+00
   3.1300000e+02   2.0728941e+00   1.2619529e+00
   3.1400000e+02   2.0659799e+00   1.2604864e+00
   3.1500000e+02   2.0597309e+00   1.2576612e+00
   3.1600000e+02   2.0528766e+00   1.2513191e+00
   3.1700000e+02   2.0473699e+00   1.2434305e+00
   3.1800000e+02   2.0409446e+00   1.2364971e+00
   3.1900000e+02   2.0330949e+00   1.2304287e+00
   3.2000000e+02   2.0251465e+00   1.2245566e+00
   3.2100000e+02   2.0189062e+00   1.2203144e+00
   3.2200000e+02   2.0155980e+00   1.2155718e+00
   3.2300000e+02   2.0128114e+00   1.2092882e+00
   3.2400000e+02   2.0112929e+00   1.1995291e+00
   3.2500000e+02   2.0121674e+00   1.1911341e+00
   3.2600000e+02   2.0129174e+00   1.1823366e+00
   3.2700000e+02   2.0125623e+00   1.1756080e+00
   3.2800000e+02   2.0119927e+00   1.1714240e+00
   3.2900000e+02   2.0103296e+00   1.1706196e+00
   3.3000000e+02   2.0075646e+00   1.1722601e+00
   3.3100000e+02   2.0040734e+00   1.1753411e+00
   3.3200000e+02   1.9996908e+00   1.1796985e+00
   3.3300000e+02   1.9940097e+00   1.1845111e+00
   3.3400000e+02   1.9859081e+00   1.1915376e+00
   3.3500000e+02   1.9776161e+00   1.1997202e+00
   3.3600000e+02   1.9686226e+00   1.2090412e+00
   3.3700000e+02   1.9589644e+00   1.2203726e+00
   3.3800000e+02   1.9517678e+00   1.2306139e+00
   3.3900000e+02   1.9436883e+00   1.2417938e+00
   3.4000000e+02   1.9361239e+00   1.2526149e+00
   3.4100000e+02   1.9280786e+00   1.2633793e+00
   3.4200000e+02   1.9200414e+00   1.2741562e+00
   3.4300000e+02   1.9114359e+00   1.2850714e+00
   3.4400000e+02   1.9032793e+00   1.2946973e+00
   3.4500000e+02   1.8951164e+00   1.3050847e+00
   3.4600000e+02   1.8872910e+00   1.3146086e+00
   3.4700000e+02   1.8794570e+00   1.3232329e+00
   3.4800000e+02   1.8715596e+00   1.3298479e+00
   3.4900000e+02   1.8616241e+00   1.3355600e+00
   3.5000000e+02   1.8556367e+00   1.3373916e+00
   3.5100000e+02   1.8509253e+00   1.3365326e+00
   3.5200000e+02   1.8476739e+00   1.3329310e+00
   3.5300000e+02   1.8453835e+00   1.3266253e+00
   3.5400000e+02   1.8436953e+00   1.3193698e+00
   3.5500000e+02   1.8434296e+00   1.3103185e+00
   3.5600000e+02   1.8437115e+00   1.3001983e+00
   3.5700000e+02   1.8455296e+00   1.2893893e+00
   3.5800000e+02   1.8482185e+00   1.2785326e+00
   3.5900000e+02   1.8510493e+00   1.2678032e+00
   3.6000000e+02   1.8545334e+00   1.2572031e+00
   3.6100000e+02   1.8579509e+00   1.2475817e+00
   3.6200000e+02   1.8596241e+00   1.2401982e+00
   3.6300000e+02   1.8609560e+00   1.2327062e+00
   3.6400000e+02   1.8628467e+00   1.2261087e+00
   3.6500000e+02   1.8639480e+00   1.2199864e+00
   3.6600000e+02   1.8656275e+00   1.2145533e+00
   3.6700000e+02   1.8671874e+00   1.2095237e+00
   3.6800000e+02   1.8686793e+00   1.2051167e+00
   3.6900000e+02   1.8701094e+00   1.2012883e+00
   3.7000000e+02   1.8706332e+00   1.1990477e+00
   3.7100000e+02   1.8708893e+00   1.1981496e+00
   3.7200000e+02   1.8707351e+00   1.1985630e+00
   3.7300000e+02   1.8716777e+00   1.1985976e+00
   3.7400000e+02   1.8697826e+00   1.2012215e+00
   3.7500000e+02   1.8675357e+00   1.2058504e+00
   3.7600000e+02   1.8652070e+00   1.2119725e+00
   3.7700000e+02   1.8629566e+00   1.2192427e+00
   3.7800000e+02   1.8615169e+00   1.2278716e+00
   3.7900000e+02   1.8612851e+00   1.2369108e+00
   3.8000000e+02   1.8614833e+00   1.2466334e+00
   3.8100000e+02   1.8617746e+00   1.2565314e+00
   3.8200000e+02   1.8618564e+00   1.2670003e+00
   3.8300000e+02   1.8601354e+00   1.2764238e+00
   3.8400000e+02   1.8582502e+00   1.2853953e+00
   3.8500000e+02   1.8549542e+00   1.2957745e+00
   3.8600000e+02   1.8511140e+00   1.3055294e+00
   3.8700000e+02   1.8455343e+00   1.3155820e+00
   3.8800000e+02   1.8406398e+00   1.3252879e+00
   3.8900000e+02   1.8371148e+00   1.3322047e+00
   3.9000000e+02   1.8360523e+00   1.3373156e+00
   3.9100000e+02   1.8350962e+00   1.3414180e+00
   3.9200000e+02   1.8341104e+00   1.3452421e+00
   3.9300000e+02   1.8328808e+00   1.3480941e+00
   3.9400000e+02   1.8309911e+00   1.3499071e+00
   3.9500000e+02   1.8291591e+00   1.3499915e+00
   3.9600000e+02   1.8272452e+00   1.3484329e+00
   3.9700000e+02   1.8257796e+00   1.3446732e+00
   3.9800000e+02   1.8237557e+00   1.3400066e+00
   3.9900000e+02   1.8225923e+00   1.3335323e+00
   4.0000000e+02   1.8223673e+00   1.3262864e+00
   4.0100000e+02   1.8219431e+00   1.3182871e+00
   4.0200000e+02   1.8224931e+00   1.3077793e+00
   4.0300000e+02   1.8233649e+00   1.2961335e+00
   4.0400000e+02   1.8239703e+00   1.2841166e+00
   4.0500000e+02   1.8243879e+00   1.2722166e+00
   4.0600000e+02   1.8243030e+00   1.2601353e+00
   4.0700000e+02   1.8234898e+00   1.2471818e+00
   4.0800000e+02   1.8215040e+00   1.2346771e+00
   4.0900000e+02   1.8187910e+00   1.2223944e+00
   4.1000000e+02   1.8155594e+00   1.2119044e+00
   4.1100000e+02   1.8113913e+00   1.2016488e+00
   4.1200000e+02   1.8076327e+00   1.1923601e+00
   4.1300000e+02   1.8038288e+00   1.1839039e+00
   4.1400000e+02   1.7999397e+00   1.1762195e+00
   4.1500000e+02   1.7965765e+00   1.1692703e+00
   4.1600000e+02   1.7925453e+00   1.1637658e+00
   4.1700000e+02   1.7893974e+00   1.1583935e+00
   4.1800000e+02   1.7859124e+00   1.1541886e+00
   4.1900000e+02   1.7821534e+00   1.1511647e+00
   4.2000000e+02   1.7779806e+00   1.1489192e+00
   4.2100000e+02   1.7739799e+00   1.1472283e+00
   4.2200000e+02   1.7666300e+00   1.1475203e+00
   4.2300000e+02   1.7585857e+00   1.1478769e+00
   4.2400000e+02   1.7501701e+00   1.1494553e+00
   4.2500000e+02   1.7421528e+00   1.1511938e+00
   4.2600000e+02   1.7342968e+00   1.1540062e+00
   4.2700000e+02   1.7266945e+00   1.1582295e+00
   4.2800000e+02   1.7190274e+00   1.1636473e+00
   4.2900000e+02   1.7111428e+00   1.1703346e+00
   4.3000000e+02   1.7032513e+00   1.1791258e+00
   4.3100000e+02   1.6963191e+00   1.1891534e+00
   4.3200000e+02   1.6889338e+00   1.1996065e+00
   4.3300000e+02   1.6820703e+00   1.2128215e+00
   4.3400000e+02   1.6737793e+00   1.2230426e+00
   4.3500000e+02   1.6657303e+00   1.2319598e+00
   4.3600000e+02   1.6571624e+00   1.2400359e+00
   4.3700000e+02   1.6495214e+00   1.2450658e+00
   4.3800000e+02   1.6418009e+00   1.2482821e+00
   4.3900000e+02   1.6343534e+00   1.2493375e+00
   4.4000000e+02   1.6273579e+00   1.2484322e+00
   4.4100000e+02   1.6199202e+00   1.2461275e+00
   4.4200000e+02   1.6136336e+00   1.2424289e+00
   4.4300000e+02   1.6069705e+00   1.2374433e+00
   4.4400000e+02   1.6009401e+00   1.2306123e+00
   4.4500000e+02   1.5969376e+00   1.2226871e+00
   4.4600000e+02   1.5906226e+00   1.2142744e+00
   4.4700000e+02   1.5853197e+00   1.2071675e+00
   4.4800000e+02   1.5798137e+00   1.2006462e+00
   4.4900000e+02   1.5743879e+00   1.1962532e+00
   4.5000000e+02   1.5704183e+00   1.1940064e+00
   4.5100000e+02   1.5683473e+00   1.1939340e+00
   4.5200000e+02   1.5686300e+00   1.1956375e+00
   4.5300000e+02   1.5700236e+00   1.1982028e+00
   4.5400000e+02   1.5732535e+00   1.2024311e+00
   4.5500000e+02   1.5748894e+00   1.2068655e+00
   4.5600000e+02   1.5753283e+00   1.2121401e+00
   4.5700000e+02   1.5748257e+00   1.2185860e+00
   4.5800000e+02   1.5726666e+00   1.2251662e+00
   4.5900000e+02   1.5700566e+00   1.2326599e+00
   4.6000000e+02   1.5665340e+00   1.2405360e+00
   4.6100000e+02   1.5635196e+00   1.2488141e+00
   4.6200000e+02   1.5609887e+00   1.2574945e+00
   4.6300000e+02   1.5576434e+00   1.2667217e+00
   4.6400000e+02   1.5545209e+00   1.2758757e+00
   4.6500000e+02   1.5506879e+00   1.2834704e+00
   4.6600000e+02   1.5475854e+00   1.2911418e+00
   4.6700000e+02   1.5443592e+00   1.2971825e+00
   4.6800000e+02   1.5417181e+00   1.3026108e+00
   4.6900000e+02   1.5384847e+00   1.3075980e+00
   4.7000000e+02   1.5358125e+00   1.3108328e+00
   4.7100000e+02   1.5333475e+00   1.3146687e+00
   4.7200000e+02   1.5310556e+00   1.3178214e+00
   4.7300000e+02   1.5281056e+00   1.3194979e+00
   4.7400000e+02   1.5257517e+00   1.3207538e+00
   4.7500000e+02   1.5222190e+00   1.3210252e+00
   4.7600000e+02   1.5182010e+00   1.3200823e+00
   4.7700000e+02   1.5143082e+00   1.3176805e+00
   4.7800000e+02   1.5106123e+00   1.3135272e+00
   4.7900000e+02   1.5087708e+00   1.3068252e+00
   4.8000000e+02   1.5072391e+00   1.2986346e+00
   4.8100000e+02   1.5067202e+00   1.2890254e+00
   4.8200000e+02   1.5059868e+00   1.2794832e+00
   4.8300000e+02   1.5046839e+00   1.2697592e+00
   4.8400000e+02   1.5027293e+00   1.2608227e+00
   4.8500000e+02   1.5010162e+00   1.2523370e+00
   4.8600000e+02   1.4986392e+00   1.2441948e+00
   4.8700000e+02   1.4965689e+00   1.2362726e+00
   4.8800000e+02   1.4940990e+00   1.2286248e+00
   4.8900000e+02   1.4909658e+00   1.2222508e+00
   4.9000000e+02   1.4873186e+00   1.2167055e+00
   4.9100000e+02   1.4832803e+00   1.2130246e+00
   4.9200000e+02   1.4794928e+00   1.2114207e+00
   4.9300000e+02   1.4758964e+00   1.2115026e+00
   4.9400000e+02   1.4732229e+00   1.2128349e+00
   4.9500000e+02   1.4697428e+00   1.2159995e+00
   4.9600000e+02   1.4661293e+00   1.2203640e+00
   4.9700000e+02   1.4624600e+00   1.2253863e+00
   4.9800000e+02   1.4585122e+00   1.2311568e+00
   4.9900000e+02   1.4540033e+00   1.2371168e+00
   5.0000000e+02   1.4509097e+00   1.2420472e+00
   5.0100000e+02   1.4471040e+00   1.2465342e+00
   5.0200000e+02   1.4436989e+00   1.2506387e+00
   5.0300000e+02   1.4404385e+00   1.2551137e+00
   5.0400000e+02   1.4368288e+00   1.2592879e+00
   5.0500000e+02   1.4345456e+00   1.2620776e+00
   5.0600000e+02   1.4319321e+00   1.2647638e+00
   5.0700000e+02   1.4288566e+00   1.2677516e+00
   5.0800000e+02   1.4259246e+00   1.2709372e+00
   5.0900000e+02   1.4222630e+00   1.2747918e+00
   5.1000000e+02   1.4182605e+00   1.2785655e+00
   5.1100000e+02   1.4148004e+00   1.2824218e+00
   5.1200000e+02   1.4110762e+00   1.2866317e+00
   5.1300000e+02   1.4078976e+00   1.2908711e+00
   5.1400000e+02   1.4042953e+00   1.2941905e+00
   5.1500000e+02   1.4007789e+00   1.2967140e+00
   5.1600000e+02   1.3961091e+00   1.2985944e+00
   5.1700000e+02   1.3909724e+00   1.3002307e+00
   5.1800000e+02   1.3864497e+00   1.3010454e+00
   5.1900000e+02   1.3833349e+00   1.3006801e+00
   5.2000000e+02   1.3804545e+00   1.2993476e+00
   5.2100000e+02   1.3786336e+00   1.2970242e+00
   5.2200000e+02   1.3766871e+00   1.2947316e+00
   5.2300000e+02   1.3749156e+00   1.2909677e+00
   5.2400000e+02   1.3734297e+00   1.2869635e+00
   5.2500000e+02   1.3730541e+00   1.2827041e+00
   5.2600000e+02   1.3732691e+00   1.2780820e+00
   5.2700000e+02   1.3739469e+00   1.2728583e+00
   5.2800000e+02   1.3741809e+00   1.2668588e+00
   5.2900000e+02   1.3740253e+00   1.2599029e+00
   5.3000000e+02   1.3728239e+00   1.2553412e+00
   5.3100000e+02   1.3721006e+00   1.2501914e+00
   5.3200000e+02   1.3713423e+00   1.2454915e+00
   5.3300000e+02   1.3717026e+00   1.2404040e+00
   5.3400000e+02   1.3724412e+00   1.2356784e+00
   5.3500000e+02   1.3735138e+00   1.2309347e+00
   5.3600000e+02   1.3750089e+00   1.2254148e+00
   5.3700000e+02   1.3765241e+00   1.2203203e+00
   5.3800000e+02   1.3778579e+00   1.2154989e+00
   5.3900000e+02   1.3786895e+00   1.2107733e+00
   5.4000000e+02   1.3793572e+00   1.2061359e+00
   5.4100000e+02   1.3806934e+00   1.2023974e+00
   5.4200000e+02   1.3817789e+00   1.1993540e+00
   5.4300000e+02   1.3837520e+00   1.1960567e+00
   5.4400000e+02   1.3856028e+00   1.1927445e+00
   5.4500000e+02   1.3885204e+00   1.1891958e+00
   5.4600000e+02   1.3892608e+00   1.1853769e+00
   5.4700000e+02   1.3905636e+00   1.1807445e+00
   5.4800000e+02   1.3907826e+00   1.1764529e+00
   5.4900000e+02   1.3905526e+00   1.1716006e+00
   5.5000000e+02   1.3892077e+00   1.1675126e+00
   5.5100000e+02   1.3875495e+00   1.1640279e+00
   5.5200000e+02   1.3855928e+00   1.1626308e+00
   5.5300000e+02   1.3851795e+00   1.1619230e+00
   5.5400000e+02   1.3826554e+00   1.1625011e+00
   5.5500000e+02   1.3809768e+00   1.1630255e+00
   5.5600000e+02   1.3790822e+00   1.1635826e+00
   5.5700000e+02   1.3786407e+00   1.1633813e+00
   5.5800000e+02   1.3789785e+00   1.1621017e+00
   5.5900000e+02   1.3809018e+00   1.1591988e+00
   5.6000000e+02   1.3826107e+00   1.1559995e+00
   5.6100000e+02   1.3844546e+00   1.1517607e+00
   5.6200000e+02   1.3855609e+00   1.1478479e+00
   5.6300000e+02   1.3862143e+00   1.1432211e+00
   5.6400000e+02   1.3862281e+00   1.1385424e+00
   5.6500000e+02   1.3875124e+00   1.1329885e+00
   5.6600000e+02   1.3867926e+00   1.1287329e+00
   5.6700000e+02   1.3853127e+00   1.1240013e+00
   5.6800000e+02   1.3825838e+00   1.1205269e+00
   5.6900000e+02   1.3781224e+00   1.1185653e+00
   5.7000000e+02   1.3723634e+00   1.1169087e+00
   5.7100000e+02   1.3650582e+00   1.1171066e+00
   5.7200000e+02   1.3569957e+00   1.1185120e+00
   5.7300000e+02   1.3468455e+00   1.1217720e+00
   5.7400000e+02   1.3365055e+00   1.1273125e+00
   5.7500000e+02   1.3256522e+00   1.1351352e+00
   5.7600000e+02   1.3160867e+00   1.1450496e+00
   5.7700000e+02   1.3068227e+00   1.1566983e+00
   5.7800000e+02   1.3006557e+00   1.1670980e+00
   5.7900000e+02   1.2960083e+00   1.1769850e+00
   5.8000000e+02   1.2914373e+00   1.1860991e+00
   5.8100000e+02   1.2864183e+00   1.1944395e+00
   5.8200000e+02   1.2812889e+00   1.2000559e+00
   5.8300000e+02   1.2755753e+00   1.2017284e+00
   5.8400000e+02   1.2696423e+00   1.1990216e+00
   5.8500000e+02   1.2643377e+00   1.1903212e+00
   5.8600000e+02   1.2597017e+00   1.1771833e+00
   5.8700000e+02   1.2547156e+00   1.1599651e+00
   5.8800000e+02   1.2493739e+00   1.1391970e+00
   5.8900000e+02   1.2448854e+00   1.1163361e+00
   5.9000000e+02   1.2397294e+00   1.0946673e+00
   5.9100000e+02   1.2357423e+00   1.0774420e+00
   5.9200000e+02   1.2307482e+00   1.0667745e+00
   5.9300000e+02   1.2261898e+00   1.0613849e+00
   5.9400000e+02   1.2223101e+00   1.0604477e+00
   5.9500000e+02   1.2179375e+00   1.0618883e+00
   5.9600000e+02   1.2135415e+00   1.0652145e+00
   5.9700000e+02   1.2088905e+00   1.0683762e+00
   5.9800000e+02   1.2049826e+00   1.0716161e+00
   5.9900000e+02   1.2006196e+00   1.0747622e+00
   6.0000000e+02   1.1974683e+00   1.0782163e+00
   6.0100000e+02   1.1945457e+00   1.0821055e+00
   6.0200000e+02   1.1919359e+00   1.0867340e+00
   6.0300000e+02   1.1893345e+00   1.0926757e+00
   6.0400000e+02   1.1866939e+00   1.0993442e+00
   6.0500000e+02   1.1835231e+00   1.1071489e+00
   6.0600000e+02   1.1796842e+00   1.1159580e+00
   6.0700000e+02   1.1763794e+00   1.1248819e+00
   6.0800000e+02   1.1728567e+00   1.1336525e+00
   6.0900000e+02   1.1692526e+00   1.1416530e+00
   6.1000000e+02   1.1654706e+00   1.1485661e+00
   6.1100000e+02   1.1610227e+00   1.1533023e+00
   6.1200000e+02   1.1564677e+00   1.1563095e+00
   6.1300000e+02   1.1525720e+00   1.1563105e+00
   6.1400000e+02   1.1472418e+00   1.1542247e+00
   6.1500000e+02   1.1428133e+00   1.1502508e+00
   6.1600000e+02   1.1380358e+00   1.1428418e+00
   6.1700000e+02   1.1330664e+00   1.1343978e+00
   6.1800000e+02   1.1283227e+00   1.1241162e+00
   6.1900000e+02   1.1234742e+00   1.1116163e+00
   6.2000000e+02   1.1193385e+00   1.0982343e+00
   6.2100000e+02   1.1151248e+00   1.0833687e+00
   6.2200000e+02   1.1110363e+00   1.0683496e+00
   6.2300000e+02   1.1070696e+00   1.0540055e+00
   6.2400000e+02   1.1028661e+00   1.0415199e+00
   6.2500000e+02   1.0988626e+00   1.0308568e+00
   6.2600000e+02   1.0943326e+00   1.0257989e+00
   6.2700000e+02   1.0876658e+00   1.0255583e+00
   6.2800000e+02   1.0822142e+00   1.0281563e+00
   6.2900000e+02   1.0752048e+00   1.0336195e+00
   6.3000000e+02   1.0687570e+00   1.0418787e+00
   6.3100000e+02   1.0615513e+00   1.0527840e+00
   6.3200000e+02   1.0559763e+00   1.0627444e+00
   6.3300000e+02   1.0517795e+00   1.0714908e+00
   6.3400000e+02   1.0493949e+00   1.0787420e+00
   6.3500000e+02   1.0479833e+00   1.0846490e+00
   6.3600000e+02   1.0470708e+00   1.0889716e+00
   6.3700000e+02   1.0472360e+00   1.0934851e+00
   6.3800000e+02   1.0464155e+00   1.0968851e+00
   6.3900000e+02   1.0446101e+00   1.0989641e+00
   6.4000000e+02   1.0433800e+00   1.1017508e+00
   6.4100000e+02   1.0416356e+00   1.1042502e+00
   6.4200000e+02   1.0397957e+00   1.1071373e+00
   6.4300000e+02   1.0381682e+00   1.1093363e+00
   6.4400000e+02   1.0362109e+00   1.1115410e+00
   6.4500000e+02   1.0349973e+00   1.1128576e+00
   6.4600000e+02   1.0337900e+00   1.1137458e+00
   6.4700000e+02   1.0322135e+00   1.1137228e+00
   6.4800000e+02   1.0300178e+00   1.1126109e+00
   6.4900000e+02   1.0283470e+00   1.1113927e+00
   6.5000000e+02   1.0259527e+00   1.1093433e+00
   6.5100000e+02   1.0240569e+00   1.1077415e+00
   6.5200000e+02   1.0221461e+00   1.1052726e+00
   6.5300000e+02   1.0214789e+00   1.1015188e+00
   6.5400000e+02   1.0207789e+00   1.0960049e+00
   6.5500000e+02   1.0209330e+00   1.0893507e+00
   6.5600000e+02   1.0217761e+00   1.0810647e+00
   6.5700000e+02   1.0221936e+00   1.0736970e+00
   6.5800000e+02   1.0230563e+00   1.0648931e+00
   6.5900000e+02   1.0225440e+00   1.0556214e+00
   6.6000000e+02   1.0212411e+00   1.0464822e+00
   6.6100000e+02   1.0206691e+00   1.0371621e+00
   6.6200000e+02   1.0196488e+00   1.0293817e+00
   6.6300000e+02   1.0183546e+00   1.0232134e+00
   6.6400000e+02   1.0169753e+00   1.0181434e+00
   6.6500000e+02   1.0147070e+00   1.0141417e+00
   6.6600000e+02   1.0120446e+00   1.0120458e+00
   6.6700000e+02   1.0080666e+00   1.0108596e+00
   6.6800000e+02   1.0032622e+00   1.0095965e+00
   6.6900000e+02   9.9834205e-01   1.0088535e+00
   6.7000000e+02   9.9288215e-01   1.0082595e+00
   6.7100000e+02   9.8640673e-01   1.0082527e+00
   6.7200000e+02   9.7957130e-01   1.0098891e+00
   6.7300000e+02   9.7331356e-01   1.0150469e+00
   6.7400000e+02   9.6544767e-01   1.0207251e+00
   6.7500000e+02   9.5832194e-01   1.0278347e+00
   6.7600000e+02   9.5007968e-01   1.0366337e+00
   6.7700000e+02   9.4325743e-01   1.0466878e+00
   6.7800000e+02   9.3651417e-01   1.0559739e+00
   6.7900000e+02   9.2947130e-01   1.0650353e+00
   6.8000000e+02   9.2208626e-01   1.0726150e+00
   6.8100000e+02   9.1528248e-01   1.0779915e+00
   6.8200000e+02   9.0816583e-01   1.0811279e+00
   6.8300000e+02   9.0140561e-01   1.0819042e+00
   6.8400000e+02   8.9377401e-01   1.0803961e+00
   6.8500000e+02   8.8419214e-01   1.0781593e+00
   6.8600000e+02   8.7526007e-01   1.0747298e+00
   6.8700000e+02   8.6690282e-01   1.0711288e+00
   6.8800000e+02   8.5929615e-01   1.0659642e+00
   6.8900000e+02   8.5222263e-01   1.0607115e+00
   6.9000000e+02   8.4620706e-01   1.0557048e+00
   6.9100000e+02   8.4080157e-01   1.0497157e+00
   6.9200000e+02   8.3667810e-01   1.0434907e+00
   6.9300000e+02   8.3381601e-01   1.0359252e+00
   6.9400000e+02   8.3216977e-01   1.0274881e+00
   6.9500000e+02   8.3126217e-01   1.0176980e+00
   6.9600000e+02   8.3151670e-01   1.0060276e+00
   6.9700000e+02   8.3054898e-01   9.9253304e-01
   6.9800000e+02   8.2813608e-01   9.7937018e-01
   6.9900000e+02   8.2638067e-01   9.6651500e-01
   7.0000000e+02   8.2432402e-01   9.5330477e-01
   7.0100000e+02   8.2332378e-01   9.4075805e-01
   7.0200000e+02   8.2288442e-01   9.2880261e-01
   7.0300000e+02   8.2254337e-01   9.1707378e-01
   7.0400000e+02   8.2245316e-01   9.0648471e-01
   7.0500000e+02   8.2321805e-01   8.9606654e-01
   7.0600000e+02   8.2430021e-01   8.8496955e-01
   7.0700000e+02   8.2421301e-01   8.7589783e-01
   7.0800000e+02   8.2446165e-01   8.6675840e-01
   7.0900000e+02   8.2416910e-01   8.5765495e-01
   7.1000000e+02   8.2276111e-01   8.5093438e-01
   7.1100000e+02   8.1959336e-01   8.4577062e-01
   7.1200000e+02   8.1474562e-01   8.4231984e-01
   7.1300000e+02   8.0994434e-01   8.4121182e-01
   7.1400000e+02   8.0490280e-01   8.4177743e-01
   7.1500000e+02   7.9992369e-01   8.4419568e-01
   7.1600000e+02   7.9495207e-01   8.4785999e-01
   7.1700000e+02   7.8889155e-01   8.5176782e-01
   7.1800000e+02   7.8231990e-01   8.5481751e-01
   7.1900000e+02   7.7539991e-01   8.5914902e-01
   7.2000000e+02   7.6869781e-01   8.6382756e-01
   7.2100000e+02   7.6289261e-01   8.6880496e-01
   7.2200000e+02   7.5600946e-01   8.7457074e-01
   7.2300000e+02   7.5018308e-01   8.8001787e-01
   7.2400000e+02   7.4334421e-01   8.8503459e-01
   7.2500000e+02   7.3688409e-01   8.8741897e-01
   7.2600000e+02   7.3125922e-01   8.8896062e-01
   7.2700000e+02   7.2422280e-01   8.9025261e-01
   7.2800000e+02   7.1661155e-01   8.9072831e-01
   7.2900000e+02   7.0983326e-01   8.9308821e-01
   7.3000000e+02   7.0492594e-01   8.9315091e-01
   7.3100000e+02   7.0088574e-01   8.9384363e-01
   7.3200000e+02   6.9552084e-01   8.9112975e-01
   7.3300000e+02   6.9090060e-01   8.8546693e-01
   7.3400000e+02   6.8853178e-01   8.7799319e-01
   7.3500000e+02   6.8843684e-01   8.6838507e-01
   7.3600000e+02   6.9094164e-01   8.5711765e-01
   7.3700000e+02   6.9487207e-01   8.4337239e-01
   7.3800000e+02   6.9993012e-01   8.3057635e-01
   7.3900000e+02   7.0463094e-01   8.1934047e-01
   7.4000000e+02   7.0847444e-01   8.1040007e-01
   7.4100000e+02   7.1254165e-01   8.0334713e-01
   7.4200000e+02   7.1362597e-01   7.9724994e-01
   7.4300000e+02   7.1287342e-01   7.9294491e-01
   7.4400000e+02   7.1078913e-01   7.9060338e-01
   7.4500000e+02   7.0615334e-01   7.8495863e-01
   7.4600000e+02   6.9988705e-01   7.8489385e-01
   7.4700000e+02   6.9301656e-01   7.8492529e-01
   7.4800000e+02   6.8333960e-01   7.8281623e-01
   7.4900000e+02   6.7283207e-01   7.7758036e-01
   7.5000000e+02   6.6155720e-01   7.7209652e-01
   7.5100000e+02   6.5260451e-01   7.6371756e-01
   7.5200000e+02   6.4326334e-01   7.5893528e-01
   7.5300000e+02   6.3418630e-01   7.5739716e-01
   7.5400000e+02   6.2845582e-01   7.5690850e-01
   7.5500000e+02   6.2382502e-01   7.5586338e-01
   7.5600000e+02   6.1967091e-01   7.5405930e-01
   7.5700000e+02   6.1572793e-01   7.5040624e-01
   7.5800000e+02   6.1209155e-01   7.4861983e-01
   7.5900000e+02   6.0848628e-01   7.4452367e-01
   7.6000000e+02   6.0492556e-01   7.4026020e-01
   7.6100000e+02   6.0240482e-01   7.3466326e-01
   7.6200000e+02   6.0139442e-01   7.2907861e-01
   7.6300000e+02   6.0262598e-01   7.2335930e-01
   7.6400000e+02   6.0528900e-01   7.1655778e-01
   7.6500000e+02   6.0880723e-01   7.0785117e-01
   7.6600000e+02   6.1199931e-01   6.9911846e-01
   7.6700000e+02   6.1620625e-01   6.8964368e-01
   7.6800000e+02   6.1862309e-01   6.8091687e-01
   7.6900000e+02   6.2241485e-01   6.7386352e-01
   7.7000000e+02   6.2005433e-01   6.6845634e-01
   7.7100000e+02   6.1541397e-01   6.6407583e-01
   7.7200000e+02   6.0779205e-01   6.6056378e-01
   7.7300000e+02   5.9849471e-01   6.5936915e-01
   7.7400000e+02   5.8929339e-01   6.5781662e-01
   7.7500000e+02   5.8134910e-01   6.5788784e-01
   7.7600000e+02   5.7504819e-01   6.5822910e-01
   7.7700000e+02   5.7131597e-01   6.5778567e-01
   7.7800000e+02   5.6925190e-01   6.5646989e-01
   7.7900000e+02   5.6828953e-01   6.5395870e-01
   7.8000000e+02   5.6865787e-01   6.4972833e-01
   7.8100000e+02   5.6918881e-01   6.4170512e-01
   7.8200000e+02   5.7019053e-01   6.3815845e-01
   7.8300000e+02   5.6829854e-01   6.3412088e-01
   7.8400000e+02   5.6491705e-01   6.3170914e-01
   7.8500000e+02   5.5715750e-01   6.3156951e-01
   7.8600000e+02   5.4697824e-01   6.3362112e-01
   7.8700000e+02   5.3461921e-01   6.3754304e-01
   7.8800000e+02   5.2121342e-01   6.4376933e-01
   7.8900000e+02   5.0669439e-01   6.4856896e-01
   7.9000000e+02   4.9135163e-01   6.5315657e-01
   7.9100000e+02   4.7539518e-01   6.5384006e-01
   7.9200000e+02   4.6396852e-01   6.5237369e-01
   7.9300000e+02   4.5042705e-01   6.4317598e-01
   7.9400000e+02   4.4265887e-01   6.3524894e-01
   7.9500000e+02   4.3314499e-01   6.2664068e-01
   7.9600000e+02   4.2824424e-01   6.1783635e-01
   7.9700000e+02   4.2515589e-01   6.0658853e-01
   7.9800000e+02   4.2332475e-01   5.9308900e-01
   7.9900000e+02   4.1722206e-01   5.8412369e-01
   8.0000000e+02   4.0789527e-01   5.7323195e-01
   8.0100000e+02   3.9434197e-01   5.6344577e-01
   8.0200000e+02   3.7819494e-01   5.5129580e-01
   8.0300000e+02   3.6219255e-01   5.4360823e-01
   8.0400000e+02   3.4593622e-01   5.3661311e-01
   8.0500000e+02   3.2982394e-01   5.3253457e-01
   8.0600000e+02   3.1170600e-01   5.2393129e-01
   8.0700000e+02   2.9470607e-01   5.1683553e-01
   8.0800000e+02   2.8266308e-01   5.0734625e-01
   8.0900000e+02   2.7268181e-01   4.9821085e-01
   8.1000000e+02   2.6960036e-01   4.9143062e-01
   8.1100000e+02   2.6703715e-01   4.7934296e-01
   8.1200000e+02   2.6814554e-01   4.6792810e-01
   8.1300000e+02   2.7150399e-01   4.5517785e-01
   8.1400000e+02   2.7331346e-01   4.4185460e-01
   8.1500000e+02   2.7361008e-01   4.2722901e-01
   8.1600000e+02   2.7199978e-01   4.0840409e-01
   8.1700000e+02   2.6901107e-01   3.7755856e-01
   8.1800000e+02   2.6174674e-01   3.5677793e-01
   8.1900000e+02   2.5476948e-01   3.3131643e-01
   8.2000000e+02   2.4865955e-01   3.0583408e-01
   8.2100000e+02   2.4550318e-01   2.8268731e-01
   8.2200000e+02   2.4368088e-01   2.5926800e-01
   8.2300000e+02   2.4136128e-01   2.3317430e-01
   8.2400000e+02   2.3637031e-01   2.0838312e-01
   8.2500000e+02   2.3008506e-01   1.8050801e-01
   8.2600000e+02   2.2365054e-01   1.5111241e-01
   8.2700000e+02   2.1570755e-01   1.1702957e-01
