   8.7700000e+02  -2.9006801e+00   1.9314679e+00
   8.7800000e+02  -2.8962112e+00   1.9347019e+00
   8.7900000e+02  -2.8924145e+00   1.9368347e+00
   8.8000000e+02  -2.8893010e+00   1.9369222e+00
   8.8100000e+02  -2.8867486e+00   1.9353652e+00
   8.8200000e+02  -2.8842777e+00   1.9316355e+00
   8.8300000e+02  -2.8821972e+00   1.9267878e+00
   8.8400000e+02  -2.8799897e+00   1.9192700e+00
   8.8500000e+02  -2.8775332e+00   1.9108032e+00
   8.8600000e+02  -2.8744613e+00   1.9004535e+00
   8.8700000e+02  -2.8740036e+00   1.8870435e+00
   8.8800000e+02  -2.8741869e+00   1.8704147e+00
   8.8900000e+02  -2.8783448e+00   1.8525363e+00
   8.9000000e+02  -2.8793552e+00   1.8354252e+00
   8.9100000e+02  -2.8805197e+00   1.8180335e+00
   8.9200000e+02  -2.8821955e+00   1.8009154e+00
   8.9300000e+02  -2.8836791e+00   1.7839149e+00
   8.9400000e+02  -2.8851775e+00   1.7683017e+00
   8.9500000e+02  -2.8845478e+00   1.7527655e+00
   8.9600000e+02  -2.8857580e+00   1.7386071e+00
   8.9700000e+02  -2.8870494e+00   1.7240828e+00
   8.9800000e+02  -2.8878802e+00   1.7111578e+00
   8.9900000e+02  -2.8894944e+00   1.6996170e+00
   9.0000000e+02  -2.8907713e+00   1.6891213e+00
   9.0100000e+02  -2.8919277e+00   1.6796248e+00
   9.0200000e+02  -2.8930145e+00   1.6709985e+00
   9.0300000e+02  -2.8928946e+00   1.6652087e+00
   9.0400000e+02  -2.8919228e+00   1.6598757e+00
   9.0500000e+02  -2.8905234e+00   1.6557547e+00
   9.0600000e+02  -2.8893310e+00   1.6527221e+00
   9.0700000e+02  -2.8867765e+00   1.6518265e+00
   9.0800000e+02  -2.8840980e+00   1.6521041e+00
   9.0900000e+02  -2.8813127e+00   1.6539521e+00
   9.1000000e+02  -2.8785017e+00   1.6563189e+00
   9.1100000e+02  -2.8728459e+00   1.6591286e+00
   9.1200000e+02  -2.8693824e+00   1.6638024e+00
   9.1300000e+02  -2.8679548e+00   1.6674504e+00
   9.1400000e+02  -2.8641798e+00   1.6739330e+00
   9.1500000e+02  -2.8592556e+00   1.6822619e+00
   9.1600000e+02  -2.8548357e+00   1.6912537e+00
   9.1700000e+02  -2.8508372e+00   1.7007062e+00
   9.1800000e+02  -2.8447694e+00   1.7123827e+00
   9.1900000e+02  -2.8394420e+00   1.7239283e+00
   9.2000000e+02  -2.8338098e+00   1.7360414e+00
   9.2100000e+02  -2.8288841e+00   1.7480055e+00
   9.2200000e+02  -2.8236028e+00   1.7601367e+00
   9.2300000e+02  -2.8188879e+00   1.7731392e+00
   9.2400000e+02  -2.8144937e+00   1.7865301e+00
   9.2500000e+02  -2.8103750e+00   1.7997602e+00
   9.2600000e+02  -2.8061155e+00   1.8112760e+00
   9.2700000e+02  -2.8019260e+00   1.8231495e+00
   9.2800000e+02  -2.7983509e+00   1.8331228e+00
   9.2900000e+02  -2.7956059e+00   1.8413255e+00
   9.3000000e+02  -2.7926151e+00   1.8484877e+00
   9.3100000e+02  -2.7902994e+00   1.8542507e+00
   9.3200000e+02  -2.7877094e+00   1.8594241e+00
   9.3300000e+02  -2.7855339e+00   1.8637608e+00
   9.3400000e+02  -2.7839161e+00   1.8682165e+00
   9.3500000e+02  -2.7818399e+00   1.8709630e+00
   9.3600000e+02  -2.7805452e+00   1.8736252e+00
   9.3700000e+02  -2.7795357e+00   1.8763614e+00
   9.3800000e+02  -2.7782982e+00   1.8773232e+00
   9.3900000e+02  -2.7781352e+00   1.8784988e+00
   9.4000000e+02  -2.7768216e+00   1.8788548e+00
   9.4100000e+02  -2.7745891e+00   1.8773002e+00
   9.4200000e+02  -2.7708256e+00   1.8745668e+00
   9.4300000e+02  -2.7656173e+00   1.8696526e+00
   9.4400000e+02  -2.7590123e+00   1.8628987e+00
   9.4500000e+02  -2.7510045e+00   1.8543981e+00
   9.4600000e+02  -2.7423276e+00   1.8446466e+00
   9.4700000e+02  -2.7330826e+00   1.8334412e+00
   9.4800000e+02  -2.7230395e+00   1.8212619e+00
   9.4900000e+02  -2.7141821e+00   1.8079587e+00
   9.5000000e+02  -2.7068182e+00   1.7941992e+00
   9.5100000e+02  -2.6988207e+00   1.7798097e+00
   9.5200000e+02  -2.6923842e+00   1.7650445e+00
   9.5300000e+02  -2.6860541e+00   1.7513737e+00
   9.5400000e+02  -2.6815558e+00   1.7376795e+00
   9.5500000e+02  -2.6783717e+00   1.7252881e+00
   9.5600000e+02  -2.6744560e+00   1.7143476e+00
   9.5700000e+02  -2.6707690e+00   1.7037831e+00
   9.5800000e+02  -2.6677444e+00   1.6941515e+00
   9.5900000e+02  -2.6634773e+00   1.6854121e+00
   9.6000000e+02  -2.6593557e+00   1.6770148e+00
   9.6100000e+02  -2.6562530e+00   1.6701925e+00
   9.6200000e+02  -2.6516368e+00   1.6639366e+00
   9.6300000e+02  -2.6473643e+00   1.6591287e+00
   9.6400000e+02  -2.6427662e+00   1.6548603e+00
   9.6500000e+02  -2.6379812e+00   1.6516805e+00
   9.6600000e+02  -2.6327167e+00   1.6495542e+00
   9.6700000e+02  -2.6264809e+00   1.6484985e+00
   9.6800000e+02  -2.6184114e+00   1.6479695e+00
   9.6900000e+02  -2.6079285e+00   1.6490444e+00
   9.7000000e+02  -2.5979726e+00   1.6503540e+00
   9.7100000e+02  -2.5861221e+00   1.6528209e+00
   9.7200000e+02  -2.5734553e+00   1.6559330e+00
   9.7300000e+02  -2.5600094e+00   1.6618604e+00
   9.7400000e+02  -2.5465616e+00   1.6672568e+00
   9.7500000e+02  -2.5329524e+00   1.6746349e+00
   9.7600000e+02  -2.5191223e+00   1.6819020e+00
   9.7700000e+02  -2.5049656e+00   1.6898617e+00
   9.7800000e+02  -2.4908107e+00   1.6975543e+00
   9.7900000e+02  -2.4761859e+00   1.7035967e+00
   9.8000000e+02  -2.4625458e+00   1.7098200e+00
   9.8100000e+02  -2.4486582e+00   1.7147498e+00
   9.8200000e+02  -2.4363866e+00   1.7196153e+00
   9.8300000e+02  -2.4243341e+00   1.7239499e+00
   9.8400000e+02  -2.4133496e+00   1.7273418e+00
   9.8500000e+02  -2.4019599e+00   1.7300737e+00
   9.8600000e+02  -2.3929904e+00   1.7319601e+00
   9.8700000e+02  -2.3851671e+00   1.7349901e+00
   9.8800000e+02  -2.3780685e+00   1.7356451e+00
   9.8900000e+02  -2.3717038e+00   1.7373584e+00
   9.9000000e+02  -2.3661509e+00   1.7395961e+00
   9.9100000e+02  -2.3606351e+00   1.7415592e+00
   9.9200000e+02  -2.3549182e+00   1.7432977e+00
   9.9300000e+02  -2.3487782e+00   1.7454781e+00
   9.9400000e+02  -2.3429118e+00   1.7474129e+00
   9.9500000e+02  -2.3372063e+00   1.7488153e+00
   9.9600000e+02  -2.3318037e+00   1.7494434e+00
   9.9700000e+02  -2.3258261e+00   1.7494950e+00
   9.9800000e+02  -2.3220960e+00   1.7472108e+00
   9.9900000e+02  -2.3198968e+00   1.7444851e+00
   1.0000000e+03  -2.3192872e+00   1.7403257e+00
   1.0010000e+03  -2.3199937e+00   1.7351332e+00
   1.0020000e+03  -2.3224296e+00   1.7280889e+00
   1.0030000e+03  -2.3251152e+00   1.7187473e+00
   1.0040000e+03  -2.3289152e+00   1.7085406e+00
   1.0050000e+03  -2.3339150e+00   1.6970064e+00
   1.0060000e+03  -2.3380391e+00   1.6848446e+00
   1.0070000e+03  -2.3407796e+00   1.6728197e+00
   1.0080000e+03  -2.3425953e+00   1.6605552e+00
   1.0090000e+03  -2.3445646e+00   1.6484347e+00
   1.0100000e+03  -2.3447284e+00   1.6378659e+00
   1.0110000e+03  -2.3439382e+00   1.6260692e+00
   1.0120000e+03  -2.3430201e+00   1.6150670e+00
   1.0130000e+03  -2.3417820e+00   1.6043656e+00
   1.0140000e+03  -2.3402426e+00   1.5940215e+00
   1.0150000e+03  -2.3386513e+00   1.5836777e+00
   1.0160000e+03  -2.3362697e+00   1.5729679e+00
   1.0170000e+03  -2.3342766e+00   1.5621373e+00
   1.0180000e+03  -2.3322291e+00   1.5518056e+00
   1.0190000e+03  -2.3306732e+00   1.5421378e+00
   1.0200000e+03  -2.3289131e+00   1.5325666e+00
   1.0210000e+03  -2.3258856e+00   1.5226585e+00
   1.0220000e+03  -2.3223473e+00   1.5129243e+00
   1.0230000e+03  -2.3193546e+00   1.5045278e+00
   1.0240000e+03  -2.3177612e+00   1.4970352e+00
   1.0250000e+03  -2.3181049e+00   1.4903637e+00
   1.0260000e+03  -2.3189623e+00   1.4832378e+00
   1.0270000e+03  -2.3207959e+00   1.4785484e+00
   1.0280000e+03  -2.3219572e+00   1.4753551e+00
   1.0290000e+03  -2.3219890e+00   1.4736075e+00
   1.0300000e+03  -2.3209865e+00   1.4733527e+00
   1.0310000e+03  -2.3194899e+00   1.4735157e+00
   1.0320000e+03  -2.3170296e+00   1.4735991e+00
   1.0330000e+03  -2.3158755e+00   1.4760100e+00
   1.0340000e+03  -2.3133245e+00   1.4772249e+00
   1.0350000e+03  -2.3108508e+00   1.4794092e+00
   1.0360000e+03  -2.3062924e+00   1.4815168e+00
   1.0370000e+03  -2.3019949e+00   1.4850854e+00
   1.0380000e+03  -2.2978109e+00   1.4886197e+00
   1.0390000e+03  -2.2937168e+00   1.4927205e+00
   1.0400000e+03  -2.2894019e+00   1.4966552e+00
   1.0410000e+03  -2.2845050e+00   1.5005345e+00
   1.0420000e+03  -2.2808706e+00   1.5049131e+00
   1.0430000e+03  -2.2780518e+00   1.5102539e+00
   1.0440000e+03  -2.2755230e+00   1.5161391e+00
   1.0450000e+03  -2.2729509e+00   1.5220574e+00
   1.0460000e+03  -2.2709830e+00   1.5271100e+00
   1.0470000e+03  -2.2685202e+00   1.5329130e+00
   1.0480000e+03  -2.2655712e+00   1.5392240e+00
   1.0490000e+03  -2.2637454e+00   1.5450232e+00
   1.0500000e+03  -2.2614751e+00   1.5500172e+00
   1.0510000e+03  -2.2586308e+00   1.5556760e+00
   1.0520000e+03  -2.2563247e+00   1.5611217e+00
   1.0530000e+03  -2.2549997e+00   1.5666308e+00
   1.0540000e+03  -2.2534120e+00   1.5707905e+00
   1.0550000e+03  -2.2520805e+00   1.5750608e+00
   1.0560000e+03  -2.2514409e+00   1.5783870e+00
   1.0570000e+03  -2.2516326e+00   1.5823499e+00
   1.0580000e+03  -2.2509054e+00   1.5849846e+00
   1.0590000e+03  -2.2507779e+00   1.5876213e+00
   1.0600000e+03  -2.2516827e+00   1.5900737e+00
   1.0610000e+03  -2.2524230e+00   1.5919612e+00
   1.0620000e+03  -2.2541307e+00   1.5932244e+00
   1.0630000e+03  -2.2560946e+00   1.5945589e+00
   1.0640000e+03  -2.2582342e+00   1.5953859e+00
   1.0650000e+03  -2.2606466e+00   1.5956824e+00
   1.0660000e+03  -2.2619417e+00   1.5964848e+00
   1.0670000e+03  -2.2635911e+00   1.5963773e+00
   1.0680000e+03  -2.2645685e+00   1.5966090e+00
   1.0690000e+03  -2.2662067e+00   1.5968275e+00
   1.0700000e+03  -2.2659163e+00   1.5967594e+00
   1.0710000e+03  -2.2655409e+00   1.5971347e+00
   1.0720000e+03  -2.2652000e+00   1.5973652e+00
   1.0730000e+03  -2.2644299e+00   1.5974348e+00
   1.0740000e+03  -2.2632143e+00   1.5977123e+00
   1.0750000e+03  -2.2619577e+00   1.5972175e+00
   1.0760000e+03  -2.2608725e+00   1.5970774e+00
   1.0770000e+03  -2.2597786e+00   1.5964788e+00
   1.0780000e+03  -2.2592777e+00   1.5962557e+00
   1.0790000e+03  -2.2588908e+00   1.5959790e+00
   1.0800000e+03  -2.2589542e+00   1.5953559e+00
   1.0810000e+03  -2.2597191e+00   1.5945337e+00
   1.0820000e+03  -2.2594164e+00   1.5943301e+00
   1.0830000e+03  -2.2589061e+00   1.5940902e+00
   1.0840000e+03  -2.2587379e+00   1.5948292e+00
   1.0850000e+03  -2.2581086e+00   1.5948012e+00
   1.0860000e+03  -2.2571279e+00   1.5948163e+00
   1.0870000e+03  -2.2567745e+00   1.5951382e+00
   1.0880000e+03  -2.2562741e+00   1.5956355e+00
   1.0890000e+03  -2.2558201e+00   1.5964221e+00
   1.0900000e+03  -2.2556363e+00   1.5971322e+00
   1.0910000e+03  -2.2554236e+00   1.5984790e+00
   1.0920000e+03  -2.2555269e+00   1.5993821e+00
   1.0930000e+03  -2.2544122e+00   1.6014003e+00
   1.0940000e+03  -2.2550333e+00   1.6027642e+00
   1.0950000e+03  -2.2556025e+00   1.6043794e+00
   1.0960000e+03  -2.2557395e+00   1.6058613e+00
   1.0970000e+03  -2.2566945e+00   1.6074730e+00
   1.0980000e+03  -2.2562581e+00   1.6091719e+00
   1.0990000e+03  -2.2567597e+00   1.6100699e+00
   1.1000000e+03  -2.2564526e+00   1.6120611e+00
   1.1010000e+03  -2.2551943e+00   1.6130116e+00
   1.1020000e+03  -2.2538235e+00   1.6154320e+00
   1.1030000e+03  -2.2523421e+00   1.6164131e+00
   1.1040000e+03  -2.2508010e+00   1.6177401e+00
   1.1050000e+03  -2.2493263e+00   1.6185307e+00
   1.1060000e+03  -2.2476326e+00   1.6197618e+00
   1.1070000e+03  -2.2454636e+00   1.6204147e+00
   1.1080000e+03  -2.2430837e+00   1.6213814e+00
   1.1090000e+03  -2.2404484e+00   1.6219982e+00
   1.1100000e+03  -2.2378766e+00   1.6232027e+00
   1.1110000e+03  -2.2350027e+00   1.6241622e+00
   1.1120000e+03  -2.2327767e+00   1.6250037e+00
   1.1130000e+03  -2.2308032e+00   1.6262332e+00
   1.1140000e+03  -2.2281051e+00   1.6281714e+00
   1.1150000e+03  -2.2246318e+00   1.6303661e+00
   1.1160000e+03  -2.2223568e+00   1.6326386e+00
   1.1170000e+03  -2.2178759e+00   1.6341443e+00
   1.1180000e+03  -2.2142960e+00   1.6367390e+00
   1.1190000e+03  -2.2105738e+00   1.6401297e+00
   1.1200000e+03  -2.2067728e+00   1.6435416e+00
   1.1210000e+03  -2.2036741e+00   1.6466283e+00
   1.1220000e+03  -2.2012585e+00   1.6497218e+00
   1.1230000e+03  -2.1989496e+00   1.6523188e+00
   1.1240000e+03  -2.1965950e+00   1.6538184e+00
   1.1250000e+03  -2.1941553e+00   1.6549420e+00
   1.1260000e+03  -2.1921095e+00   1.6546407e+00
   1.1270000e+03  -2.1897671e+00   1.6533474e+00
   1.1280000e+03  -2.1871625e+00   1.6509372e+00
   1.1290000e+03  -2.1854951e+00   1.6477944e+00
   1.1300000e+03  -2.1816510e+00   1.6436690e+00
   1.1310000e+03  -2.1778426e+00   1.6387297e+00
   1.1320000e+03  -2.1737219e+00   1.6322832e+00
   1.1330000e+03  -2.1702770e+00   1.6253068e+00
   1.1340000e+03  -2.1665876e+00   1.6165388e+00
   1.1350000e+03  -2.1640243e+00   1.6071277e+00
   1.1360000e+03  -2.1614350e+00   1.5960540e+00
   1.1370000e+03  -2.1595411e+00   1.5841822e+00
   1.1380000e+03  -2.1578953e+00   1.5719876e+00
   1.1390000e+03  -2.1548712e+00   1.5586772e+00
   1.1400000e+03  -2.1528440e+00   1.5452299e+00
   1.1410000e+03  -2.1499760e+00   1.5307983e+00
   1.1420000e+03  -2.1451968e+00   1.5182383e+00
   1.1430000e+03  -2.1414492e+00   1.5053709e+00
   1.1440000e+03  -2.1370985e+00   1.4937318e+00
   1.1450000e+03  -2.1334674e+00   1.4818799e+00
   1.1460000e+03  -2.1295025e+00   1.4705192e+00
   1.1470000e+03  -2.1255008e+00   1.4595608e+00
   1.1480000e+03  -2.1211641e+00   1.4494179e+00
   1.1490000e+03  -2.1169622e+00   1.4389418e+00
   1.1500000e+03  -2.1121740e+00   1.4290158e+00
   1.1510000e+03  -2.1072134e+00   1.4200267e+00
   1.1520000e+03  -2.1023446e+00   1.4119339e+00
   1.1530000e+03  -2.0972570e+00   1.4045667e+00
   1.1540000e+03  -2.0928361e+00   1.3988607e+00
   1.1550000e+03  -2.0890454e+00   1.3944111e+00
   1.1560000e+03  -2.0849676e+00   1.3904877e+00
   1.1570000e+03  -2.0814560e+00   1.3877964e+00
   1.1580000e+03  -2.0784481e+00   1.3863541e+00
   1.1590000e+03  -2.0748971e+00   1.3853306e+00
   1.1600000e+03  -2.0717171e+00   1.3861420e+00
   1.1610000e+03  -2.0669857e+00   1.3876054e+00
   1.1620000e+03  -2.0623163e+00   1.3897453e+00
   1.1630000e+03  -2.0568633e+00   1.3942634e+00
   1.1640000e+03  -2.0513174e+00   1.3990580e+00
   1.1650000e+03  -2.0447383e+00   1.4046552e+00
   1.1660000e+03  -2.0383177e+00   1.4116650e+00
   1.1670000e+03  -2.0306029e+00   1.4190487e+00
   1.1680000e+03  -2.0233550e+00   1.4271698e+00
   1.1690000e+03  -2.0159253e+00   1.4357139e+00
   1.1700000e+03  -2.0082761e+00   1.4444561e+00
   1.1710000e+03  -2.0009859e+00   1.4526470e+00
   1.1720000e+03  -1.9933550e+00   1.4616987e+00
   1.1730000e+03  -1.9861410e+00   1.4704559e+00
   1.1740000e+03  -1.9787116e+00   1.4796829e+00
   1.1750000e+03  -1.9715282e+00   1.4875086e+00
   1.1760000e+03  -1.9642176e+00   1.4950673e+00
   1.1770000e+03  -1.9576272e+00   1.5032975e+00
   1.1780000e+03  -1.9508391e+00   1.5101736e+00
   1.1790000e+03  -1.9441993e+00   1.5165987e+00
   1.1800000e+03  -1.9377981e+00   1.5228782e+00
   1.1810000e+03  -1.9314779e+00   1.5280953e+00
   1.1820000e+03  -1.9257125e+00   1.5333744e+00
   1.1830000e+03  -1.9178739e+00   1.5380599e+00
   1.1840000e+03  -1.9109163e+00   1.5420023e+00
   1.1850000e+03  -1.9025312e+00   1.5451801e+00
   1.1860000e+03  -1.8925882e+00   1.5476527e+00
   1.1870000e+03  -1.8826194e+00   1.5497363e+00
   1.1880000e+03  -1.8727446e+00   1.5526569e+00
   1.1890000e+03  -1.8637318e+00   1.5548259e+00
   1.1900000e+03  -1.8545262e+00   1.5565700e+00
   1.1910000e+03  -1.8460936e+00   1.5585735e+00
   1.1920000e+03  -1.8373207e+00   1.5587069e+00
   1.1930000e+03  -1.8295464e+00   1.5583079e+00
   1.1940000e+03  -1.8231462e+00   1.5584816e+00
   1.1950000e+03  -1.8159232e+00   1.5563741e+00
   1.1960000e+03  -1.8083978e+00   1.5534850e+00
   1.1970000e+03  -1.8028944e+00   1.5499788e+00
   1.1980000e+03  -1.7969689e+00   1.5452727e+00
   1.1990000e+03  -1.7921650e+00   1.5399603e+00
   1.2000000e+03  -1.7879884e+00   1.5330566e+00
   1.2010000e+03  -1.7835877e+00   1.5253819e+00
   1.2020000e+03  -1.7810981e+00   1.5171613e+00
   1.2030000e+03  -1.7789966e+00   1.5068842e+00
   1.2040000e+03  -1.7775100e+00   1.4960978e+00
   1.2050000e+03  -1.7758658e+00   1.4839228e+00
   1.2060000e+03  -1.7743296e+00   1.4709421e+00
   1.2070000e+03  -1.7728524e+00   1.4564901e+00
   1.2080000e+03  -1.7717617e+00   1.4427296e+00
   1.2090000e+03  -1.7692218e+00   1.4287434e+00
   1.2100000e+03  -1.7673018e+00   1.4155149e+00
   1.2110000e+03  -1.7645746e+00   1.4025842e+00
   1.2120000e+03  -1.7617729e+00   1.3898597e+00
   1.2130000e+03  -1.7576363e+00   1.3753873e+00
   1.2140000e+03  -1.7554904e+00   1.3640937e+00
   1.2150000e+03  -1.7517701e+00   1.3527686e+00
   1.2160000e+03  -1.7494165e+00   1.3430422e+00
   1.2170000e+03  -1.7462333e+00   1.3336902e+00
   1.2180000e+03  -1.7431384e+00   1.3256911e+00
   1.2190000e+03  -1.7399761e+00   1.3186663e+00
   1.2200000e+03  -1.7375962e+00   1.3132467e+00
   1.2210000e+03  -1.7344417e+00   1.3089405e+00
   1.2220000e+03  -1.7311577e+00   1.3052736e+00
   1.2230000e+03  -1.7277197e+00   1.3025434e+00
   1.2240000e+03  -1.7233031e+00   1.3008804e+00
   1.2250000e+03  -1.7165370e+00   1.2997723e+00
   1.2260000e+03  -1.7108630e+00   1.2996370e+00
   1.2270000e+03  -1.7033560e+00   1.2999771e+00
   1.2280000e+03  -1.6949449e+00   1.3004129e+00
   1.2290000e+03  -1.6859558e+00   1.3022943e+00
   1.2300000e+03  -1.6769821e+00   1.3043162e+00
   1.2310000e+03  -1.6678419e+00   1.3075481e+00
   1.2320000e+03  -1.6596717e+00   1.3119555e+00
   1.2330000e+03  -1.6524961e+00   1.3164859e+00
   1.2340000e+03  -1.6454033e+00   1.3219505e+00
   1.2350000e+03  -1.6389392e+00   1.3284973e+00
   1.2360000e+03  -1.6333216e+00   1.3356360e+00
   1.2370000e+03  -1.6271404e+00   1.3433830e+00
   1.2380000e+03  -1.6219310e+00   1.3508607e+00
   1.2390000e+03  -1.6179039e+00   1.3577565e+00
   1.2400000e+03  -1.6134428e+00   1.3649847e+00
   1.2410000e+03  -1.6094186e+00   1.3715017e+00
   1.2420000e+03  -1.6063504e+00   1.3785395e+00
   1.2430000e+03  -1.6033362e+00   1.3846146e+00
   1.2440000e+03  -1.6003979e+00   1.3917341e+00
   1.2450000e+03  -1.5981803e+00   1.3978317e+00
   1.2460000e+03  -1.5952255e+00   1.4047078e+00
   1.2470000e+03  -1.5935322e+00   1.4117285e+00
   1.2480000e+03  -1.5904803e+00   1.4174787e+00
   1.2490000e+03  -1.5889164e+00   1.4228007e+00
   1.2500000e+03  -1.5870450e+00   1.4292588e+00
   1.2510000e+03  -1.5849632e+00   1.4342332e+00
   1.2520000e+03  -1.5832920e+00   1.4386280e+00
   1.2530000e+03  -1.5821410e+00   1.4421478e+00
   1.2540000e+03  -1.5811981e+00   1.4451568e+00
   1.2550000e+03  -1.5812073e+00   1.4471431e+00
   1.2560000e+03  -1.5820890e+00   1.4495136e+00
   1.2570000e+03  -1.5831726e+00   1.4513567e+00
   1.2580000e+03  -1.5847644e+00   1.4541238e+00
   1.2590000e+03  -1.5844121e+00   1.4575946e+00
   1.2600000e+03  -1.5839773e+00   1.4616832e+00
   1.2610000e+03  -1.5847395e+00   1.4649351e+00
   1.2620000e+03  -1.5851409e+00   1.4685843e+00
   1.2630000e+03  -1.5857584e+00   1.4714639e+00
   1.2640000e+03  -1.5871935e+00   1.4739378e+00
   1.2650000e+03  -1.5886813e+00   1.4746433e+00
   1.2660000e+03  -1.5909054e+00   1.4742421e+00
   1.2670000e+03  -1.5931753e+00   1.4724873e+00
   1.2680000e+03  -1.5953279e+00   1.4697365e+00
   1.2690000e+03  -1.5966893e+00   1.4651219e+00
   1.2700000e+03  -1.5986583e+00   1.4595489e+00
   1.2710000e+03  -1.6001245e+00   1.4528546e+00
   1.2720000e+03  -1.6013018e+00   1.4453702e+00
   1.2730000e+03  -1.6032829e+00   1.4371430e+00
   1.2740000e+03  -1.6053168e+00   1.4289621e+00
   1.2750000e+03  -1.6061590e+00   1.4194613e+00
   1.2760000e+03  -1.6060053e+00   1.4088524e+00
   1.2770000e+03  -1.6045429e+00   1.3978860e+00
   1.2780000e+03  -1.6014891e+00   1.3862419e+00
   1.2790000e+03  -1.5981944e+00   1.3751407e+00
   1.2800000e+03  -1.5945751e+00   1.3627678e+00
   1.2810000e+03  -1.5912297e+00   1.3514725e+00
   1.2820000e+03  -1.5880159e+00   1.3401282e+00
   1.2830000e+03  -1.5845477e+00   1.3300934e+00
   1.2840000e+03  -1.5798038e+00   1.3182931e+00
   1.2850000e+03  -1.5739172e+00   1.3072950e+00
   1.2860000e+03  -1.5690783e+00   1.2972465e+00
   1.2870000e+03  -1.5639020e+00   1.2867265e+00
   1.2880000e+03  -1.5587778e+00   1.2774367e+00
   1.2890000e+03  -1.5526096e+00   1.2666536e+00
   1.2900000e+03  -1.5463769e+00   1.2579605e+00
   1.2910000e+03  -1.5408005e+00   1.2505380e+00
   1.2920000e+03  -1.5332347e+00   1.2415699e+00
   1.2930000e+03  -1.5261130e+00   1.2349689e+00
   1.2940000e+03  -1.5188487e+00   1.2299461e+00
   1.2950000e+03  -1.5108318e+00   1.2247916e+00
   1.2960000e+03  -1.5013584e+00   1.2204475e+00
   1.2970000e+03  -1.4901722e+00   1.2165345e+00
   1.2980000e+03  -1.4805886e+00   1.2140911e+00
   1.2990000e+03  -1.4702740e+00   1.2126051e+00
   1.3000000e+03  -1.4591617e+00   1.2120582e+00
   1.3010000e+03  -1.4476237e+00   1.2132910e+00
   1.3020000e+03  -1.4368190e+00   1.2153140e+00
   1.3030000e+03  -1.4261155e+00   1.2183416e+00
   1.3040000e+03  -1.4154944e+00   1.2217103e+00
   1.3050000e+03  -1.4047922e+00   1.2246120e+00
   1.3060000e+03  -1.3941423e+00   1.2289949e+00
   1.3070000e+03  -1.3835625e+00   1.2346207e+00
   1.3080000e+03  -1.3731399e+00   1.2401826e+00
   1.3090000e+03  -1.3613054e+00   1.2455663e+00
   1.3100000e+03  -1.3509686e+00   1.2504412e+00
   1.3110000e+03  -1.3402655e+00   1.2548215e+00
   1.3120000e+03  -1.3298970e+00   1.2593297e+00
   1.3130000e+03  -1.3203226e+00   1.2635698e+00
   1.3140000e+03  -1.3105847e+00   1.2671983e+00
   1.3150000e+03  -1.3017044e+00   1.2700219e+00
   1.3160000e+03  -1.2931605e+00   1.2729422e+00
   1.3170000e+03  -1.2848925e+00   1.2757689e+00
   1.3180000e+03  -1.2770933e+00   1.2781023e+00
   1.3190000e+03  -1.2698622e+00   1.2802658e+00
   1.3200000e+03  -1.2638509e+00   1.2820218e+00
   1.3210000e+03  -1.2572806e+00   1.2820827e+00
   1.3220000e+03  -1.2531396e+00   1.2838179e+00
   1.3230000e+03  -1.2483249e+00   1.2838889e+00
   1.3240000e+03  -1.2421704e+00   1.2828523e+00
   1.3250000e+03  -1.2358730e+00   1.2815063e+00
   1.3260000e+03  -1.2279423e+00   1.2786727e+00
   1.3270000e+03  -1.2196110e+00   1.2748004e+00
   1.3280000e+03  -1.2121146e+00   1.2708291e+00
   1.3290000e+03  -1.2054429e+00   1.2664293e+00
   1.3300000e+03  -1.2003801e+00   1.2610396e+00
   1.3310000e+03  -1.1972017e+00   1.2555432e+00
   1.3320000e+03  -1.1958549e+00   1.2491935e+00
   1.3330000e+03  -1.1958940e+00   1.2420382e+00
   1.3340000e+03  -1.1971794e+00   1.2346355e+00
   1.3350000e+03  -1.1992402e+00   1.2258342e+00
   1.3360000e+03  -1.2021501e+00   1.2165260e+00
   1.3370000e+03  -1.2050910e+00   1.2068596e+00
   1.3380000e+03  -1.2072157e+00   1.1972961e+00
   1.3390000e+03  -1.2090320e+00   1.1878597e+00
   1.3400000e+03  -1.2099168e+00   1.1792967e+00
   1.3410000e+03  -1.2113055e+00   1.1720988e+00
   1.3420000e+03  -1.2114911e+00   1.1645580e+00
   1.3430000e+03  -1.2115171e+00   1.1570823e+00
   1.3440000e+03  -1.2110279e+00   1.1500180e+00
   1.3450000e+03  -1.2112792e+00   1.1422636e+00
   1.3460000e+03  -1.2099913e+00   1.1354010e+00
   1.3470000e+03  -1.2077919e+00   1.1282947e+00
   1.3480000e+03  -1.2051540e+00   1.1209823e+00
   1.3490000e+03  -1.2032932e+00   1.1150153e+00
   1.3500000e+03  -1.2002308e+00   1.1099199e+00
   1.3510000e+03  -1.1985161e+00   1.1064617e+00
   1.3520000e+03  -1.1960983e+00   1.1031392e+00
   1.3530000e+03  -1.1937435e+00   1.1012651e+00
   1.3540000e+03  -1.1908595e+00   1.0998228e+00
   1.3550000e+03  -1.1887079e+00   1.0993678e+00
   1.3560000e+03  -1.1854865e+00   1.0991619e+00
   1.3570000e+03  -1.1824443e+00   1.1006748e+00
   1.3580000e+03  -1.1787067e+00   1.1015893e+00
   1.3590000e+03  -1.1753404e+00   1.1028822e+00
   1.3600000e+03  -1.1725303e+00   1.1055199e+00
   1.3610000e+03  -1.1684410e+00   1.1092865e+00
   1.3620000e+03  -1.1657346e+00   1.1128359e+00
   1.3630000e+03  -1.1617551e+00   1.1175517e+00
   1.3640000e+03  -1.1579162e+00   1.1234981e+00
   1.3650000e+03  -1.1534997e+00   1.1296804e+00
   1.3660000e+03  -1.1490138e+00   1.1359212e+00
   1.3670000e+03  -1.1438041e+00   1.1421061e+00
   1.3680000e+03  -1.1384112e+00   1.1483575e+00
   1.3690000e+03  -1.1326669e+00   1.1546333e+00
   1.3700000e+03  -1.1251094e+00   1.1601837e+00
   1.3710000e+03  -1.1181169e+00   1.1651976e+00
   1.3720000e+03  -1.1101319e+00   1.1699734e+00
   1.3730000e+03  -1.1021696e+00   1.1747196e+00
   1.3740000e+03  -1.0941789e+00   1.1782739e+00
   1.3750000e+03  -1.0859218e+00   1.1800160e+00
   1.3760000e+03  -1.0778902e+00   1.1808168e+00
   1.3770000e+03  -1.0704730e+00   1.1789040e+00
   1.3780000e+03  -1.0633601e+00   1.1754833e+00
   1.3790000e+03  -1.0570116e+00   1.1702601e+00
   1.3800000e+03  -1.0522744e+00   1.1630868e+00
   1.3810000e+03  -1.0475468e+00   1.1548929e+00
   1.3820000e+03  -1.0450966e+00   1.1436198e+00
   1.3830000e+03  -1.0436897e+00   1.1306885e+00
   1.3840000e+03  -1.0440518e+00   1.1169729e+00
   1.3850000e+03  -1.0461605e+00   1.1015452e+00
   1.3860000e+03  -1.0495650e+00   1.0851740e+00
   1.3870000e+03  -1.0524931e+00   1.0684727e+00
   1.3880000e+03  -1.0563350e+00   1.0509808e+00
   1.3890000e+03  -1.0598262e+00   1.0341384e+00
   1.3900000e+03  -1.0637524e+00   1.0156450e+00
   1.3910000e+03  -1.0667084e+00   9.9744584e-01
   1.3920000e+03  -1.0693179e+00   9.7839692e-01
   1.3930000e+03  -1.0712775e+00   9.5885188e-01
   1.3940000e+03  -1.0717308e+00   9.4234492e-01
   1.3950000e+03  -1.0729009e+00   9.2651796e-01
   1.3960000e+03  -1.0725164e+00   9.1195116e-01
   1.3970000e+03  -1.0728042e+00   8.9876751e-01
   1.3980000e+03  -1.0729654e+00   8.8824651e-01
   1.3990000e+03  -1.0725481e+00   8.7879588e-01
   1.4000000e+03  -1.0724966e+00   8.7181627e-01
   1.4010000e+03  -1.0714522e+00   8.6608447e-01
   1.4020000e+03  -1.0690551e+00   8.6219711e-01
   1.4030000e+03  -1.0655376e+00   8.5947987e-01
   1.4040000e+03  -1.0607854e+00   8.5712477e-01
   1.4050000e+03  -1.0544206e+00   8.5508956e-01
   1.4060000e+03  -1.0471485e+00   8.5298862e-01
   1.4070000e+03  -1.0390971e+00   8.5180580e-01
   1.4080000e+03  -1.0309381e+00   8.5112230e-01
   1.4090000e+03  -1.0217551e+00   8.5186894e-01
   1.4100000e+03  -1.0126145e+00   8.5364022e-01
   1.4110000e+03  -1.0031596e+00   8.5680752e-01
   1.4120000e+03  -9.9386284e-01   8.6098474e-01
   1.4130000e+03  -9.8428555e-01   8.6590054e-01
   1.4140000e+03  -9.7363155e-01   8.7122744e-01
   1.4150000e+03  -9.6359522e-01   8.7662616e-01
   1.4160000e+03  -9.5380490e-01   8.8244541e-01
   1.4170000e+03  -9.4365421e-01   8.8790246e-01
   1.4180000e+03  -9.3413207e-01   8.9284051e-01
   1.4190000e+03  -9.2495156e-01   8.9847608e-01
   1.4200000e+03  -9.1544830e-01   9.0296327e-01
   1.4210000e+03  -9.0612523e-01   9.0875604e-01
   1.4220000e+03  -8.9704939e-01   9.1370145e-01
   1.4230000e+03  -8.8733218e-01   9.1886313e-01
   1.4240000e+03  -8.7811410e-01   9.2297852e-01
   1.4250000e+03  -8.6820570e-01   9.2704844e-01
   1.4260000e+03  -8.5972752e-01   9.2952429e-01
   1.4270000e+03  -8.5204341e-01   9.3162901e-01
   1.4280000e+03  -8.4457046e-01   9.3240943e-01
   1.4290000e+03  -8.3854824e-01   9.3227192e-01
   1.4300000e+03  -8.3158767e-01   9.3041908e-01
   1.4310000e+03  -8.2524015e-01   9.2681856e-01
   1.4320000e+03  -8.1898244e-01   9.2269377e-01
   1.4330000e+03  -8.1309621e-01   9.1750627e-01
   1.4340000e+03  -8.0854336e-01   9.1276689e-01
   1.4350000e+03  -8.0406637e-01   9.0754251e-01
   1.4360000e+03  -8.0023091e-01   9.0096808e-01
   1.4370000e+03  -7.9715242e-01   8.9382586e-01
   1.4380000e+03  -7.9583350e-01   8.8630017e-01
   1.4390000e+03  -7.9457866e-01   8.7729065e-01
   1.4400000e+03  -7.9433586e-01   8.6752833e-01
   1.4410000e+03  -7.9465710e-01   8.5798400e-01
   1.4420000e+03  -7.9564824e-01   8.4649942e-01
   1.4430000e+03  -7.9641671e-01   8.3524859e-01
   1.4440000e+03  -7.9720071e-01   8.2404886e-01
   1.4450000e+03  -7.9712069e-01   8.1293222e-01
   1.4460000e+03  -7.9689565e-01   8.0228133e-01
   1.4470000e+03  -7.9651457e-01   7.9177646e-01
   1.4480000e+03  -7.9530461e-01   7.8200263e-01
   1.4490000e+03  -7.9429050e-01   7.7255893e-01
   1.4500000e+03  -7.9308803e-01   7.6294622e-01
   1.4510000e+03  -7.9224363e-01   7.5399394e-01
   1.4520000e+03  -7.9066940e-01   7.4552131e-01
   1.4530000e+03  -7.8882096e-01   7.3713369e-01
   1.4540000e+03  -7.8726376e-01   7.2903691e-01
   1.4550000e+03  -7.8509582e-01   7.2189952e-01
   1.4560000e+03  -7.8175972e-01   7.1537479e-01
   1.4570000e+03  -7.7824130e-01   7.0980378e-01
   1.4580000e+03  -7.7532885e-01   7.0416013e-01
   1.4590000e+03  -7.7241925e-01   6.9857070e-01
   1.4600000e+03  -7.6965954e-01   6.9338121e-01
   1.4610000e+03  -7.6636350e-01   6.8906681e-01
   1.4620000e+03  -7.6240993e-01   6.8487622e-01
   1.4630000e+03  -7.5822720e-01   6.8162200e-01
   1.4640000e+03  -7.5322580e-01   6.7907714e-01
   1.4650000e+03  -7.4726623e-01   6.7655100e-01
   1.4660000e+03  -7.4038130e-01   6.7500347e-01
   1.4670000e+03  -7.3315670e-01   6.7453404e-01
   1.4680000e+03  -7.2512810e-01   6.7429062e-01
   1.4690000e+03  -7.1724832e-01   6.7532988e-01
   1.4700000e+03  -7.0976493e-01   6.7701434e-01
   1.4710000e+03  -7.0242907e-01   6.7954382e-01
   1.4720000e+03  -6.9611280e-01   6.8190666e-01
   1.4730000e+03  -6.9055491e-01   6.8388071e-01
   1.4740000e+03  -6.8583224e-01   6.8593813e-01
   1.4750000e+03  -6.8154986e-01   6.8807122e-01
   1.4760000e+03  -6.7870715e-01   6.8995320e-01
   1.4770000e+03  -6.7581941e-01   6.9088013e-01
   1.4780000e+03  -6.7425343e-01   6.9461295e-01
   1.4790000e+03  -6.7276059e-01   6.9822531e-01
   1.4800000e+03  -6.7132766e-01   7.0250517e-01
   1.4810000e+03  -6.6931750e-01   7.0760021e-01
   1.4820000e+03  -6.6782813e-01   7.1398620e-01
   1.4830000e+03  -6.6688397e-01   7.2207395e-01
   1.4840000e+03  -6.6470705e-01   7.2941950e-01
   1.4850000e+03  -6.6244813e-01   7.3508476e-01
   1.4860000e+03  -6.5934003e-01   7.4114955e-01
   1.4870000e+03  -6.5531715e-01   7.4297498e-01
   1.4880000e+03  -6.4899684e-01   7.4273968e-01
   1.4890000e+03  -6.4093779e-01   7.4071790e-01
   1.4900000e+03  -6.3214219e-01   7.3544091e-01
   1.4910000e+03  -6.2249058e-01   7.2634704e-01
   1.4920000e+03  -6.1308091e-01   7.1572910e-01
   1.4930000e+03  -6.0400287e-01   7.0284700e-01
   1.4940000e+03  -5.9449622e-01   6.8815559e-01
   1.4950000e+03  -5.8588977e-01   6.7310593e-01
   1.4960000e+03  -5.7894689e-01   6.5768331e-01
   1.4970000e+03  -5.7092853e-01   6.4192127e-01
   1.4980000e+03  -5.6475332e-01   6.2694453e-01
   1.4990000e+03  -5.5825958e-01   6.1277819e-01
   1.5000000e+03  -5.5229659e-01   5.9952213e-01
   1.5010000e+03  -5.4588136e-01   5.8781389e-01
   1.5020000e+03  -5.3930501e-01   5.7735843e-01
   1.5030000e+03  -5.3255444e-01   5.6904322e-01
   1.5040000e+03  -5.2559745e-01   5.6094331e-01
   1.5050000e+03  -5.1815085e-01   5.5431172e-01
   1.5060000e+03  -5.0917141e-01   5.4813841e-01
   1.5070000e+03  -4.9976648e-01   5.4331199e-01
   1.5080000e+03  -4.8960713e-01   5.3912440e-01
   1.5090000e+03  -4.7808541e-01   5.3575681e-01
   1.5100000e+03  -4.6543187e-01   5.3303494e-01
   1.5110000e+03  -4.5192139e-01   5.3116641e-01
   1.5120000e+03  -4.3816698e-01   5.3054371e-01
   1.5130000e+03  -4.2433252e-01   5.3234726e-01
   1.5140000e+03  -4.0998116e-01   5.3069321e-01
   1.5150000e+03  -3.9464916e-01   5.2946907e-01
   1.5160000e+03  -3.7898483e-01   5.2795800e-01
   1.5170000e+03  -3.6288307e-01   5.2577511e-01
   1.5180000e+03  -3.4550990e-01   5.2288212e-01
   1.5190000e+03  -3.2836563e-01   5.1901275e-01
   1.5200000e+03  -3.1435298e-01   5.1511509e-01
   1.5210000e+03  -3.0084912e-01   5.1142526e-01
   1.5220000e+03  -2.8798930e-01   5.0626274e-01
   1.5230000e+03  -2.7641709e-01   5.0035409e-01
   1.5240000e+03  -2.6416930e-01   4.9089421e-01
   1.5250000e+03  -2.5146644e-01   4.7969011e-01
   1.5260000e+03  -2.4057320e-01   4.6870149e-01
   1.5270000e+03  -2.2927507e-01   4.5381580e-01
   1.5280000e+03  -2.2006261e-01   4.3641857e-01
   1.5290000e+03  -2.1118974e-01   4.1603336e-01
   1.5300000e+03  -2.0523735e-01   3.9419017e-01
   1.5310000e+03  -1.9977132e-01   3.6948663e-01
   1.5320000e+03  -1.9507689e-01   3.4411551e-01
   1.5330000e+03  -1.9199177e-01   3.1836967e-01
   1.5340000e+03  -1.8864186e-01   3.0040789e-01
   1.5350000e+03  -1.8324478e-01   2.7558408e-01
   1.5360000e+03  -1.7126688e-01   2.4317045e-01
   1.5370000e+03  -1.5919934e-01   2.1435573e-01
   1.5380000e+03  -1.4969539e-01   1.9235441e-01
   1.5390000e+03  -1.3991434e-01   1.7578249e-01
   1.5400000e+03  -1.3419400e-01   1.5894344e-01
   1.5410000e+03  -1.3056230e-01   1.4052333e-01
   1.5420000e+03  -1.2708953e-01   1.1359791e-01
