   4.0400000e+02   2.7631099e+00   2.5828762e+00
   4.0500000e+02   2.7595590e+00   2.5871089e+00
   4.0600000e+02   2.7558867e+00   2.5907996e+00
   4.0700000e+02   2.7527418e+00   2.5939777e+00
   4.0800000e+02   2.7495000e+00   2.5975545e+00
   4.0900000e+02   2.7461681e+00   2.6005525e+00
   4.1000000e+02   2.7416870e+00   2.6035086e+00
   4.1100000e+02   2.7379519e+00   2.6064228e+00
   4.1200000e+02   2.7325027e+00   2.6092478e+00
   4.1300000e+02   2.7273919e+00   2.6117927e+00
   4.1400000e+02   2.7219556e+00   2.6146977e+00
   4.1500000e+02   2.7165286e+00   2.6181044e+00
   4.1600000e+02   2.7105122e+00   2.6214619e+00
   4.1700000e+02   2.7046387e+00   2.6248826e+00
   4.1800000e+02   2.6989137e+00   2.6290613e+00
   4.1900000e+02   2.6932157e+00   2.6329945e+00
   4.2000000e+02   2.6869635e+00   2.6375689e+00
   4.2100000e+02   2.6797745e+00   2.6403315e+00
   4.2200000e+02   2.6722471e+00   2.6442981e+00
   4.2300000e+02   2.6646616e+00   2.6480398e+00
   4.2400000e+02   2.6570658e+00   2.6524199e+00
   4.2500000e+02   2.6490541e+00   2.6562836e+00
   4.2600000e+02   2.6415549e+00   2.6600114e+00
   4.2700000e+02   2.6339284e+00   2.6637187e+00
   4.2800000e+02   2.6258875e+00   2.6668743e+00
   4.2900000e+02   2.6180297e+00   2.6696015e+00
   4.3000000e+02   2.6107509e+00   2.6735514e+00
   4.3100000e+02   2.6046490e+00   2.6761491e+00
   4.3200000e+02   2.6001184e+00   2.6771731e+00
   4.3300000e+02   2.5982450e+00   2.6763534e+00
   4.3400000e+02   2.5971108e+00   2.6739728e+00
   4.3500000e+02   2.5951224e+00   2.6685525e+00
   4.3600000e+02   2.5942708e+00   2.6613921e+00
   4.3700000e+02   2.5947435e+00   2.6530522e+00
   4.3800000e+02   2.5962697e+00   2.6441279e+00
   4.3900000e+02   2.5989259e+00   2.6342237e+00
   4.4000000e+02   2.6031140e+00   2.6239870e+00
   4.4100000e+02   2.6078158e+00   2.6133097e+00
   4.4200000e+02   2.6127036e+00   2.6021725e+00
   4.4300000e+02   2.6178168e+00   2.5915838e+00
   4.4400000e+02   2.6222587e+00   2.5798132e+00
   4.4500000e+02   2.6271247e+00   2.5693745e+00
   4.4600000e+02   2.6310869e+00   2.5583188e+00
   4.4700000e+02   2.6351187e+00   2.5478728e+00
   4.4800000e+02   2.6380551e+00   2.5376338e+00
   4.4900000e+02   2.6408119e+00   2.5272948e+00
   4.5000000e+02   2.6433640e+00   2.5177643e+00
   4.5100000e+02   2.6450348e+00   2.5078337e+00
   4.5200000e+02   2.6466206e+00   2.4986068e+00
   4.5300000e+02   2.6474878e+00   2.4889988e+00
   4.5400000e+02   2.6482625e+00   2.4801667e+00
   4.5500000e+02   2.6487721e+00   2.4714897e+00
   4.5600000e+02   2.6485377e+00   2.4629122e+00
   4.5700000e+02   2.6478079e+00   2.4548710e+00
   4.5800000e+02   2.6467582e+00   2.4478864e+00
   4.5900000e+02   2.6455731e+00   2.4416215e+00
   4.6000000e+02   2.6447152e+00   2.4366284e+00
   4.6100000e+02   2.6441654e+00   2.4324635e+00
   4.6200000e+02   2.6443392e+00   2.4305400e+00
   4.6300000e+02   2.6460306e+00   2.4298083e+00
   4.6400000e+02   2.6474449e+00   2.4300403e+00
   4.6500000e+02   2.6492712e+00   2.4314875e+00
   4.6600000e+02   2.6509408e+00   2.4331748e+00
   4.6700000e+02   2.6516787e+00   2.4352534e+00
   4.6800000e+02   2.6520725e+00   2.4373365e+00
   4.6900000e+02   2.6520150e+00   2.4384410e+00
   4.7000000e+02   2.6513137e+00   2.4398672e+00
   4.7100000e+02   2.6508331e+00   2.4412139e+00
   4.7200000e+02   2.6489491e+00   2.4421591e+00
   4.7300000e+02   2.6479043e+00   2.4423890e+00
   4.7400000e+02   2.6475046e+00   2.4419434e+00
   4.7500000e+02   2.6466199e+00   2.4409683e+00
   4.7600000e+02   2.6456418e+00   2.4395768e+00
   4.7700000e+02   2.6439175e+00   2.4378088e+00
   4.7800000e+02   2.6428121e+00   2.4356190e+00
   4.7900000e+02   2.6399770e+00   2.4331451e+00
   4.8000000e+02   2.6360753e+00   2.4300458e+00
   4.8100000e+02   2.6327866e+00   2.4273405e+00
   4.8200000e+02   2.6284007e+00   2.4253944e+00
   4.8300000e+02   2.6238208e+00   2.4248590e+00
   4.8400000e+02   2.6192518e+00   2.4255159e+00
   4.8500000e+02   2.6147589e+00   2.4270502e+00
   4.8600000e+02   2.6086479e+00   2.4286861e+00
   4.8700000e+02   2.6019458e+00   2.4307347e+00
   4.8800000e+02   2.5939030e+00   2.4335916e+00
   4.8900000e+02   2.5859650e+00   2.4376394e+00
   4.9000000e+02   2.5767959e+00   2.4426422e+00
   4.9100000e+02   2.5668031e+00   2.4473965e+00
   4.9200000e+02   2.5564299e+00   2.4531228e+00
   4.9300000e+02   2.5456246e+00   2.4588902e+00
   4.9400000e+02   2.5353186e+00   2.4644632e+00
   4.9500000e+02   2.5251100e+00   2.4692078e+00
   4.9600000e+02   2.5155241e+00   2.4736842e+00
   4.9700000e+02   2.5063977e+00   2.4776297e+00
   4.9800000e+02   2.4978892e+00   2.4806172e+00
   4.9900000e+02   2.4906485e+00   2.4835354e+00
   5.0000000e+02   2.4838955e+00   2.4862444e+00
   5.0100000e+02   2.4775201e+00   2.4885421e+00
   5.0200000e+02   2.4710090e+00   2.4913668e+00
   5.0300000e+02   2.4644054e+00   2.4935066e+00
   5.0400000e+02   2.4570237e+00   2.4956894e+00
   5.0500000e+02   2.4502845e+00   2.4975388e+00
   5.0600000e+02   2.4427739e+00   2.4992637e+00
   5.0700000e+02   2.4354264e+00   2.5005095e+00
   5.0800000e+02   2.4299218e+00   2.5016780e+00
   5.0900000e+02   2.4256141e+00   2.5016772e+00
   5.1000000e+02   2.4218261e+00   2.5009553e+00
   5.1100000e+02   2.4187224e+00   2.5001817e+00
   5.1200000e+02   2.4160724e+00   2.4982826e+00
   5.1300000e+02   2.4138422e+00   2.4958304e+00
   5.1400000e+02   2.4111720e+00   2.4920001e+00
   5.1500000e+02   2.4080894e+00   2.4872958e+00
   5.1600000e+02   2.4054694e+00   2.4816909e+00
   5.1700000e+02   2.4031462e+00   2.4748525e+00
   5.1800000e+02   2.4022543e+00   2.4671643e+00
   5.1900000e+02   2.4020161e+00   2.4583827e+00
   5.2000000e+02   2.4037823e+00   2.4481963e+00
   5.2100000e+02   2.4059903e+00   2.4369620e+00
   5.2200000e+02   2.4074665e+00   2.4251299e+00
   5.2300000e+02   2.4088858e+00   2.4122170e+00
   5.2400000e+02   2.4095974e+00   2.3986782e+00
   5.2500000e+02   2.4102376e+00   2.3855699e+00
   5.2600000e+02   2.4112122e+00   2.3719628e+00
   5.2700000e+02   2.4123839e+00   2.3593875e+00
   5.2800000e+02   2.4143018e+00   2.3470446e+00
   5.2900000e+02   2.4151320e+00   2.3355158e+00
   5.3000000e+02   2.4159788e+00   2.3242793e+00
   5.3100000e+02   2.4160938e+00   2.3137984e+00
   5.3200000e+02   2.4147635e+00   2.3045523e+00
   5.3300000e+02   2.4136371e+00   2.2968686e+00
   5.3400000e+02   2.4123301e+00   2.2917890e+00
   5.3500000e+02   2.4114043e+00   2.2874020e+00
   5.3600000e+02   2.4101186e+00   2.2847255e+00
   5.3700000e+02   2.4084546e+00   2.2818949e+00
   5.3800000e+02   2.4052898e+00   2.2793007e+00
   5.3900000e+02   2.4003530e+00   2.2764739e+00
   5.4000000e+02   2.3933176e+00   2.2743822e+00
   5.4100000e+02   2.3849970e+00   2.2720647e+00
   5.4200000e+02   2.3766645e+00   2.2706069e+00
   5.4300000e+02   2.3678912e+00   2.2713482e+00
   5.4400000e+02   2.3592198e+00   2.2729890e+00
   5.4500000e+02   2.3510481e+00   2.2754091e+00
   5.4600000e+02   2.3429298e+00   2.2794962e+00
   5.4700000e+02   2.3358071e+00   2.2844177e+00
   5.4800000e+02   2.3286456e+00   2.2909272e+00
   5.4900000e+02   2.3211587e+00   2.2971966e+00
   5.5000000e+02   2.3126538e+00   2.3038101e+00
   5.5100000e+02   2.3041248e+00   2.3103982e+00
   5.5200000e+02   2.2957502e+00   2.3166393e+00
   5.5300000e+02   2.2873979e+00   2.3227833e+00
   5.5400000e+02   2.2793719e+00   2.3282711e+00
   5.5500000e+02   2.2715447e+00   2.3333358e+00
   5.5600000e+02   2.2641150e+00   2.3383310e+00
   5.5700000e+02   2.2563431e+00   2.3426576e+00
   5.5800000e+02   2.2480514e+00   2.3464857e+00
   5.5900000e+02   2.2391341e+00   2.3494659e+00
   5.6000000e+02   2.2300639e+00   2.3519888e+00
   5.6100000e+02   2.2223538e+00   2.3545765e+00
   5.6200000e+02   2.2159962e+00   2.3582233e+00
   5.6300000e+02   2.2110413e+00   2.3622121e+00
   5.6400000e+02   2.2073409e+00   2.3665252e+00
   5.6500000e+02   2.2051290e+00   2.3704363e+00
   5.6600000e+02   2.2034973e+00   2.3735259e+00
   5.6700000e+02   2.2016533e+00   2.3752831e+00
   5.6800000e+02   2.2005616e+00   2.3770154e+00
   5.6900000e+02   2.1989396e+00   2.3768747e+00
   5.7000000e+02   2.1971799e+00   2.3753181e+00
   5.7100000e+02   2.1947564e+00   2.3734492e+00
   5.7200000e+02   2.1918984e+00   2.3698491e+00
   5.7300000e+02   2.1888776e+00   2.3649791e+00
   5.7400000e+02   2.1864617e+00   2.3600330e+00
   5.7500000e+02   2.1844171e+00   2.3541728e+00
   5.7600000e+02   2.1830722e+00   2.3475156e+00
   5.7700000e+02   2.1825254e+00   2.3396021e+00
   5.7800000e+02   2.1826180e+00   2.3320622e+00
   5.7900000e+02   2.1842805e+00   2.3222623e+00
   5.8000000e+02   2.1860452e+00   2.3123491e+00
   5.8100000e+02   2.1880616e+00   2.3010427e+00
   5.8200000e+02   2.1898162e+00   2.2892646e+00
   5.8300000e+02   2.1907961e+00   2.2773417e+00
   5.8400000e+02   2.1918088e+00   2.2656446e+00
   5.8500000e+02   2.1920079e+00   2.2536194e+00
   5.8600000e+02   2.1920384e+00   2.2421671e+00
   5.8700000e+02   2.1911579e+00   2.2311108e+00
   5.8800000e+02   2.1900040e+00   2.2204327e+00
   5.8900000e+02   2.1889402e+00   2.2104787e+00
   5.9000000e+02   2.1871593e+00   2.2008835e+00
   5.9100000e+02   2.1846669e+00   2.1926613e+00
   5.9200000e+02   2.1813876e+00   2.1846496e+00
   5.9300000e+02   2.1788232e+00   2.1780548e+00
   5.9400000e+02   2.1755942e+00   2.1726356e+00
   5.9500000e+02   2.1717996e+00   2.1669624e+00
   5.9600000e+02   2.1680571e+00   2.1627049e+00
   5.9700000e+02   2.1635150e+00   2.1580060e+00
   5.9800000e+02   2.1584952e+00   2.1542302e+00
   5.9900000e+02   2.1531026e+00   2.1513869e+00
   6.0000000e+02   2.1470642e+00   2.1489819e+00
   6.0100000e+02   2.1394228e+00   2.1468640e+00
   6.0200000e+02   2.1319760e+00   2.1457544e+00
   6.0300000e+02   2.1245344e+00   2.1462787e+00
   6.0400000e+02   2.1166324e+00   2.1478211e+00
   6.0500000e+02   2.1088679e+00   2.1505475e+00
   6.0600000e+02   2.1010141e+00   2.1547189e+00
   6.0700000e+02   2.0930851e+00   2.1590266e+00
   6.0800000e+02   2.0847469e+00   2.1641232e+00
   6.0900000e+02   2.0762959e+00   2.1689563e+00
   6.1000000e+02   2.0670784e+00   2.1744071e+00
   6.1100000e+02   2.0584940e+00   2.1799259e+00
   6.1200000e+02   2.0506952e+00   2.1858199e+00
   6.1300000e+02   2.0432339e+00   2.1914468e+00
   6.1400000e+02   2.0355657e+00   2.1964927e+00
   6.1500000e+02   2.0282360e+00   2.2009195e+00
   6.1600000e+02   2.0204132e+00   2.2051666e+00
   6.1700000e+02   2.0129527e+00   2.2089151e+00
   6.1800000e+02   2.0052320e+00   2.2128875e+00
   6.1900000e+02   1.9979587e+00   2.2166393e+00
   6.2000000e+02   1.9914363e+00   2.2207787e+00
   6.2100000e+02   1.9861083e+00   2.2251300e+00
   6.2200000e+02   1.9815457e+00   2.2298431e+00
   6.2300000e+02   1.9773737e+00   2.2347197e+00
   6.2400000e+02   1.9740131e+00   2.2391068e+00
   6.2500000e+02   1.9714511e+00   2.2421373e+00
   6.2600000e+02   1.9684982e+00   2.2461272e+00
   6.2700000e+02   1.9647569e+00   2.2478635e+00
   6.2800000e+02   1.9616663e+00   2.2496474e+00
   6.2900000e+02   1.9589074e+00   2.2514774e+00
   6.3000000e+02   1.9570823e+00   2.2528797e+00
   6.3100000e+02   1.9551656e+00   2.2540134e+00
   6.3200000e+02   1.9540935e+00   2.2554854e+00
   6.3300000e+02   1.9536151e+00   2.2563802e+00
   6.3400000e+02   1.9532610e+00   2.2569785e+00
   6.3500000e+02   1.9536509e+00   2.2574790e+00
   6.3600000e+02   1.9540887e+00   2.2576399e+00
   6.3700000e+02   1.9552833e+00   2.2574866e+00
   6.3800000e+02   1.9557349e+00   2.2570670e+00
   6.3900000e+02   1.9565092e+00   2.2570744e+00
   6.4000000e+02   1.9566522e+00   2.2562463e+00
   6.4100000e+02   1.9566157e+00   2.2553090e+00
   6.4200000e+02   1.9561985e+00   2.2549425e+00
   6.4300000e+02   1.9555206e+00   2.2541052e+00
   6.4400000e+02   1.9542915e+00   2.2533975e+00
   6.4500000e+02   1.9533909e+00   2.2524935e+00
   6.4600000e+02   1.9521374e+00   2.2512935e+00
   6.4700000e+02   1.9501400e+00   2.2502038e+00
   6.4800000e+02   1.9482675e+00   2.2491925e+00
   6.4900000e+02   1.9473984e+00   2.2491389e+00
   6.5000000e+02   1.9454726e+00   2.2477267e+00
   6.5100000e+02   1.9433987e+00   2.2467724e+00
   6.5200000e+02   1.9405303e+00   2.2456994e+00
   6.5300000e+02   1.9380027e+00   2.2449560e+00
   6.5400000e+02   1.9351967e+00   2.2443954e+00
   6.5500000e+02   1.9322078e+00   2.2435841e+00
   6.5600000e+02   1.9290768e+00   2.2431544e+00
   6.5700000e+02   1.9253019e+00   2.2430716e+00
   6.5800000e+02   1.9213848e+00   2.2430414e+00
   6.5900000e+02   1.9174265e+00   2.2430444e+00
   6.6000000e+02   1.9129242e+00   2.2428589e+00
   6.6100000e+02   1.9091266e+00   2.2428446e+00
   6.6200000e+02   1.9042431e+00   2.2419826e+00
   6.6300000e+02   1.8998805e+00   2.2411919e+00
   6.6400000e+02   1.8966099e+00   2.2404742e+00
   6.6500000e+02   1.8936046e+00   2.2396848e+00
   6.6600000e+02   1.8905958e+00   2.2382012e+00
   6.6700000e+02   1.8873707e+00   2.2356525e+00
   6.6800000e+02   1.8845843e+00   2.2314987e+00
   6.6900000e+02   1.8824712e+00   2.2264080e+00
   6.7000000e+02   1.8813158e+00   2.2201475e+00
   6.7100000e+02   1.8823160e+00   2.2137170e+00
   6.7200000e+02   1.8851589e+00   2.2072136e+00
   6.7300000e+02   1.8883155e+00   2.2000283e+00
   6.7400000e+02   1.8922187e+00   2.1927689e+00
   6.7500000e+02   1.8961181e+00   2.1858305e+00
   6.7600000e+02   1.8987260e+00   2.1776333e+00
   6.7700000e+02   1.9011189e+00   2.1704016e+00
   6.7800000e+02   1.9032879e+00   2.1626104e+00
   6.7900000e+02   1.9051978e+00   2.1550189e+00
   6.8000000e+02   1.9076871e+00   2.1477391e+00
   6.8100000e+02   1.9115261e+00   2.1408439e+00
   6.8200000e+02   1.9167537e+00   2.1343059e+00
   6.8300000e+02   1.9225154e+00   2.1278763e+00
   6.8400000e+02   1.9285768e+00   2.1218493e+00
   6.8500000e+02   1.9356276e+00   2.1155017e+00
   6.8600000e+02   1.9398757e+00   2.1086628e+00
   6.8700000e+02   1.9423861e+00   2.1021577e+00
   6.8800000e+02   1.9438904e+00   2.0956911e+00
   6.8900000e+02   1.9436984e+00   2.0895301e+00
   6.9000000e+02   1.9424628e+00   2.0837747e+00
   6.9100000e+02   1.9404289e+00   2.0787912e+00
   6.9200000e+02   1.9379073e+00   2.0740969e+00
   6.9300000e+02   1.9343206e+00   2.0697658e+00
   6.9400000e+02   1.9304887e+00   2.0661753e+00
   6.9500000e+02   1.9264022e+00   2.0619832e+00
   6.9600000e+02   1.9221434e+00   2.0576086e+00
   6.9700000e+02   1.9173997e+00   2.0536982e+00
   6.9800000e+02   1.9128430e+00   2.0510985e+00
   6.9900000e+02   1.9085415e+00   2.0494140e+00
   7.0000000e+02   1.9034584e+00   2.0499156e+00
   7.0100000e+02   1.8987228e+00   2.0511072e+00
   7.0200000e+02   1.8939203e+00   2.0529433e+00
   7.0300000e+02   1.8882298e+00   2.0552492e+00
   7.0400000e+02   1.8818780e+00   2.0579115e+00
   7.0500000e+02   1.8749446e+00   2.0610657e+00
   7.0600000e+02   1.8675034e+00   2.0652730e+00
   7.0700000e+02   1.8598146e+00   2.0695125e+00
   7.0800000e+02   1.8516902e+00   2.0740585e+00
   7.0900000e+02   1.8425345e+00   2.0785153e+00
   7.1000000e+02   1.8344903e+00   2.0830499e+00
   7.1100000e+02   1.8254411e+00   2.0865332e+00
   7.1200000e+02   1.8176619e+00   2.0896148e+00
   7.1300000e+02   1.8109173e+00   2.0924704e+00
   7.1400000e+02   1.8052789e+00   2.0953906e+00
   7.1500000e+02   1.8008260e+00   2.0977739e+00
   7.1600000e+02   1.7970839e+00   2.0998010e+00
   7.1700000e+02   1.7940776e+00   2.1020238e+00
   7.1800000e+02   1.7909335e+00   2.1032917e+00
   7.1900000e+02   1.7888180e+00   2.1041682e+00
   7.2000000e+02   1.7867330e+00   2.1040496e+00
   7.2100000e+02   1.7860829e+00   2.1026280e+00
   7.2200000e+02   1.7866968e+00   2.1001671e+00
   7.2300000e+02   1.7887960e+00   2.0974413e+00
   7.2400000e+02   1.7914314e+00   2.0937038e+00
   7.2500000e+02   1.7943895e+00   2.0893124e+00
   7.2600000e+02   1.7972574e+00   2.0851121e+00
   7.2700000e+02   1.7996881e+00   2.0805196e+00
   7.2800000e+02   1.8020369e+00   2.0767412e+00
   7.2900000e+02   1.8040493e+00   2.0735891e+00
   7.3000000e+02   1.8064418e+00   2.0702164e+00
   7.3100000e+02   1.8085670e+00   2.0677757e+00
   7.3200000e+02   1.8108291e+00   2.0646181e+00
   7.3300000e+02   1.8141604e+00   2.0617862e+00
   7.3400000e+02   1.8165271e+00   2.0601104e+00
   7.3500000e+02   1.8190359e+00   2.0583165e+00
   7.3600000e+02   1.8207662e+00   2.0573557e+00
   7.3700000e+02   1.8224691e+00   2.0569997e+00
   7.3800000e+02   1.8244341e+00   2.0572159e+00
   7.3900000e+02   1.8263379e+00   2.0580717e+00
   7.4000000e+02   1.8284178e+00   2.0587807e+00
   7.4100000e+02   1.8297954e+00   2.0586865e+00
   7.4200000e+02   1.8315831e+00   2.0585450e+00
   7.4300000e+02   1.8329576e+00   2.0584523e+00
   7.4400000e+02   1.8343420e+00   2.0584904e+00
   7.4500000e+02   1.8364012e+00   2.0584197e+00
   7.4600000e+02   1.8379476e+00   2.0582455e+00
   7.4700000e+02   1.8393052e+00   2.0571937e+00
   7.4800000e+02   1.8411866e+00   2.0566756e+00
   7.4900000e+02   1.8419485e+00   2.0552722e+00
   7.5000000e+02   1.8427235e+00   2.0540877e+00
   7.5100000e+02   1.8437354e+00   2.0528706e+00
   7.5200000e+02   1.8443085e+00   2.0519453e+00
   7.5300000e+02   1.8454162e+00   2.0506296e+00
   7.5400000e+02   1.8459805e+00   2.0498700e+00
   7.5500000e+02   1.8466540e+00   2.0493189e+00
   7.5600000e+02   1.8471233e+00   2.0483629e+00
   7.5700000e+02   1.8468009e+00   2.0478359e+00
   7.5800000e+02   1.8474264e+00   2.0468226e+00
   7.5900000e+02   1.8475657e+00   2.0463078e+00
   7.6000000e+02   1.8479609e+00   2.0454230e+00
   7.6100000e+02   1.8478296e+00   2.0450775e+00
   7.6200000e+02   1.8478960e+00   2.0440503e+00
   7.6300000e+02   1.8479126e+00   2.0429879e+00
   7.6400000e+02   1.8477383e+00   2.0422365e+00
   7.6500000e+02   1.8482739e+00   2.0411880e+00
   7.6600000e+02   1.8494630e+00   2.0405260e+00
   7.6700000e+02   1.8508329e+00   2.0392658e+00
   7.6800000e+02   1.8523730e+00   2.0378890e+00
   7.6900000e+02   1.8535933e+00   2.0372682e+00
   7.7000000e+02   1.8548459e+00   2.0355910e+00
   7.7100000e+02   1.8563005e+00   2.0335725e+00
   7.7200000e+02   1.8578907e+00   2.0303368e+00
   7.7300000e+02   1.8594737e+00   2.0276802e+00
   7.7400000e+02   1.8616277e+00   2.0247578e+00
   7.7500000e+02   1.8640968e+00   2.0224290e+00
   7.7600000e+02   1.8667304e+00   2.0200687e+00
   7.7700000e+02   1.8695790e+00   2.0170052e+00
   7.7800000e+02   1.8718415e+00   2.0142986e+00
   7.7900000e+02   1.8743571e+00   2.0111442e+00
   7.8000000e+02   1.8762405e+00   2.0079498e+00
   7.8100000e+02   1.8778742e+00   2.0041740e+00
   7.8200000e+02   1.8782648e+00   2.0014663e+00
   7.8300000e+02   1.8771926e+00   1.9989658e+00
   7.8400000e+02   1.8747386e+00   1.9961956e+00
   7.8500000e+02   1.8706095e+00   1.9945564e+00
   7.8600000e+02   1.8661795e+00   1.9932083e+00
   7.8700000e+02   1.8597655e+00   1.9930921e+00
   7.8800000e+02   1.8519525e+00   1.9941347e+00
   7.8900000e+02   1.8434515e+00   1.9955066e+00
   7.9000000e+02   1.8342561e+00   1.9969449e+00
   7.9100000e+02   1.8238396e+00   1.9991925e+00
   7.9200000e+02   1.8131721e+00   2.0024417e+00
   7.9300000e+02   1.8025836e+00   2.0056131e+00
   7.9400000e+02   1.7907400e+00   2.0089325e+00
   7.9500000e+02   1.7799386e+00   2.0120568e+00
   7.9600000e+02   1.7681715e+00   2.0151112e+00
   7.9700000e+02   1.7573806e+00   2.0172948e+00
   7.9800000e+02   1.7463648e+00   2.0196020e+00
   7.9900000e+02   1.7365024e+00   2.0223797e+00
   8.0000000e+02   1.7277303e+00   2.0259768e+00
   8.0100000e+02   1.7190000e+00   2.0299684e+00
   8.0200000e+02   1.7109377e+00   2.0331736e+00
   8.0300000e+02   1.7024513e+00   2.0358020e+00
   8.0400000e+02   1.6931661e+00   2.0372472e+00
   8.0500000e+02   1.6837354e+00   2.0372137e+00
   8.0600000e+02   1.6758948e+00   2.0361077e+00
   8.0700000e+02   1.6713394e+00   2.0347534e+00
   8.0800000e+02   1.6689787e+00   2.0322144e+00
   8.0900000e+02   1.6694148e+00   2.0289612e+00
   8.1000000e+02   1.6709671e+00   2.0252620e+00
   8.1100000e+02   1.6732648e+00   2.0207379e+00
   8.1200000e+02   1.6758685e+00   2.0147217e+00
   8.1300000e+02   1.6782998e+00   2.0080267e+00
   8.1400000e+02   1.6805937e+00   2.0010627e+00
   8.1500000e+02   1.6828743e+00   1.9946599e+00
   8.1600000e+02   1.6848655e+00   1.9882761e+00
   8.1700000e+02   1.6885407e+00   1.9825152e+00
   8.1800000e+02   1.6919008e+00   1.9781613e+00
   8.1900000e+02   1.6952405e+00   1.9734552e+00
   8.2000000e+02   1.7002780e+00   1.9697800e+00
   8.2100000e+02   1.7038186e+00   1.9661511e+00
   8.2200000e+02   1.7072113e+00   1.9624004e+00
   8.2300000e+02   1.7094698e+00   1.9583360e+00
   8.2400000e+02   1.7108708e+00   1.9542635e+00
   8.2500000e+02   1.7111603e+00   1.9504390e+00
   8.2600000e+02   1.7112514e+00   1.9461498e+00
   8.2700000e+02   1.7117331e+00   1.9419161e+00
   8.2800000e+02   1.7127335e+00   1.9385210e+00
   8.2900000e+02   1.7133342e+00   1.9357395e+00
   8.3000000e+02   1.7144756e+00   1.9324827e+00
   8.3100000e+02   1.7148664e+00   1.9296113e+00
   8.3200000e+02   1.7151782e+00   1.9273012e+00
   8.3300000e+02   1.7152243e+00   1.9247963e+00
   8.3400000e+02   1.7149573e+00   1.9231405e+00
   8.3500000e+02   1.7144681e+00   1.9214692e+00
   8.3600000e+02   1.7139490e+00   1.9202378e+00
   8.3700000e+02   1.7135131e+00   1.9189838e+00
   8.3800000e+02   1.7137443e+00   1.9180178e+00
   8.3900000e+02   1.7138315e+00   1.9167814e+00
   8.4000000e+02   1.7139697e+00   1.9156119e+00
   8.4100000e+02   1.7148097e+00   1.9143026e+00
   8.4200000e+02   1.7147171e+00   1.9125714e+00
   8.4300000e+02   1.7155683e+00   1.9114532e+00
   8.4400000e+02   1.7161258e+00   1.9099931e+00
   8.4500000e+02   1.7167436e+00   1.9086333e+00
   8.4600000e+02   1.7174029e+00   1.9071203e+00
   8.4700000e+02   1.7189155e+00   1.9056300e+00
   8.4800000e+02   1.7202437e+00   1.9045247e+00
   8.4900000e+02   1.7208157e+00   1.9024956e+00
   8.5000000e+02   1.7224060e+00   1.9012163e+00
   8.5100000e+02   1.7235973e+00   1.8993399e+00
   8.5200000e+02   1.7253630e+00   1.8976450e+00
   8.5300000e+02   1.7258097e+00   1.8943199e+00
   8.5400000e+02   1.7265166e+00   1.8924488e+00
   8.5500000e+02   1.7257533e+00   1.8899517e+00
   8.5600000e+02   1.7242286e+00   1.8880438e+00
   8.5700000e+02   1.7220405e+00   1.8860848e+00
   8.5800000e+02   1.7188840e+00   1.8844460e+00
   8.5900000e+02   1.7154136e+00   1.8841890e+00
   8.6000000e+02   1.7122464e+00   1.8852219e+00
   8.6100000e+02   1.7099889e+00   1.8868583e+00
   8.6200000e+02   1.7090482e+00   1.8899621e+00
   8.6300000e+02   1.7083038e+00   1.8933150e+00
   8.6400000e+02   1.7069841e+00   1.8974801e+00
   8.6500000e+02   1.7058048e+00   1.9016104e+00
   8.6600000e+02   1.7037577e+00   1.9059289e+00
   8.6700000e+02   1.7010232e+00   1.9103370e+00
   8.6800000e+02   1.6977361e+00   1.9142677e+00
   8.6900000e+02   1.6936276e+00   1.9182195e+00
   8.7000000e+02   1.6901194e+00   1.9221373e+00
   8.7100000e+02   1.6866864e+00   1.9256318e+00
   8.7200000e+02   1.6841507e+00   1.9290187e+00
   8.7300000e+02   1.6823554e+00   1.9316954e+00
   8.7400000e+02   1.6808713e+00   1.9350174e+00
   8.7500000e+02   1.6798504e+00   1.9378578e+00
   8.7600000e+02   1.6782689e+00   1.9401238e+00
   8.7700000e+02   1.6767108e+00   1.9424869e+00
   8.7800000e+02   1.6750130e+00   1.9442641e+00
   8.7900000e+02   1.6711013e+00   1.9456258e+00
   8.8000000e+02   1.6671927e+00   1.9474561e+00
   8.8100000e+02   1.6635328e+00   1.9494718e+00
   8.8200000e+02   1.6603502e+00   1.9518554e+00
   8.8300000e+02   1.6567219e+00   1.9545640e+00
   8.8400000e+02   1.6535705e+00   1.9575495e+00
   8.8500000e+02   1.6502546e+00   1.9612442e+00
   8.8600000e+02   1.6465610e+00   1.9645664e+00
   8.8700000e+02   1.6419908e+00   1.9681731e+00
   8.8800000e+02   1.6366987e+00   1.9716006e+00
   8.8900000e+02   1.6292080e+00   1.9738917e+00
   8.9000000e+02   1.6226061e+00   1.9765015e+00
   8.9100000e+02   1.6156643e+00   1.9786828e+00
   8.9200000e+02   1.6091596e+00   1.9803357e+00
   8.9300000e+02   1.6037437e+00   1.9814361e+00
   8.9400000e+02   1.5993755e+00   1.9822494e+00
   8.9500000e+02   1.5948735e+00   1.9822330e+00
   8.9600000e+02   1.5907549e+00   1.9814991e+00
   8.9700000e+02   1.5867563e+00   1.9799501e+00
   8.9800000e+02   1.5822203e+00   1.9770950e+00
   8.9900000e+02   1.5785726e+00   1.9732009e+00
   9.0000000e+02   1.5756548e+00   1.9689101e+00
   9.0100000e+02   1.5734089e+00   1.9630661e+00
   9.0200000e+02   1.5731055e+00   1.9568642e+00
   9.0300000e+02   1.5736475e+00   1.9497382e+00
   9.0400000e+02   1.5751829e+00   1.9426203e+00
   9.0500000e+02   1.5764722e+00   1.9343109e+00
   9.0600000e+02   1.5787124e+00   1.9261365e+00
   9.0700000e+02   1.5797679e+00   1.9170221e+00
   9.0800000e+02   1.5813246e+00   1.9083616e+00
   9.0900000e+02   1.5819205e+00   1.8993693e+00
   9.1000000e+02   1.5820271e+00   1.8905749e+00
   9.1100000e+02   1.5813197e+00   1.8829190e+00
   9.1200000e+02   1.5811773e+00   1.8754565e+00
   9.1300000e+02   1.5804623e+00   1.8682586e+00
   9.1400000e+02   1.5792235e+00   1.8610163e+00
   9.1500000e+02   1.5768839e+00   1.8543913e+00
   9.1600000e+02   1.5750603e+00   1.8482928e+00
   9.1700000e+02   1.5721907e+00   1.8423844e+00
   9.1800000e+02   1.5696544e+00   1.8373326e+00
   9.1900000e+02   1.5673042e+00   1.8335916e+00
   9.2000000e+02   1.5654099e+00   1.8307420e+00
   9.2100000e+02   1.5641543e+00   1.8288337e+00
   9.2200000e+02   1.5635432e+00   1.8276380e+00
   9.2300000e+02   1.5630721e+00   1.8266151e+00
   9.2400000e+02   1.5623925e+00   1.8261252e+00
   9.2500000e+02   1.5625305e+00   1.8257527e+00
   9.2600000e+02   1.5613436e+00   1.8249473e+00
   9.2700000e+02   1.5608122e+00   1.8251650e+00
   9.2800000e+02   1.5595202e+00   1.8252047e+00
   9.2900000e+02   1.5592887e+00   1.8258453e+00
   9.3000000e+02   1.5594824e+00   1.8259772e+00
   9.3100000e+02   1.5598791e+00   1.8262502e+00
   9.3200000e+02   1.5604935e+00   1.8261281e+00
   9.3300000e+02   1.5617162e+00   1.8257701e+00
   9.3400000e+02   1.5623198e+00   1.8254965e+00
   9.3500000e+02   1.5632239e+00   1.8245430e+00
   9.3600000e+02   1.5641022e+00   1.8238999e+00
   9.3700000e+02   1.5645588e+00   1.8223583e+00
   9.3800000e+02   1.5659973e+00   1.8208129e+00
   9.3900000e+02   1.5669299e+00   1.8206485e+00
   9.4000000e+02   1.5676839e+00   1.8201690e+00
   9.4100000e+02   1.5686611e+00   1.8199259e+00
   9.4200000e+02   1.5695847e+00   1.8199933e+00
   9.4300000e+02   1.5704390e+00   1.8198153e+00
   9.4400000e+02   1.5712656e+00   1.8196220e+00
   9.4500000e+02   1.5722507e+00   1.8195501e+00
   9.4600000e+02   1.5732018e+00   1.8192540e+00
   9.4700000e+02   1.5745862e+00   1.8189082e+00
   9.4800000e+02   1.5762474e+00   1.8185278e+00
   9.4900000e+02   1.5777722e+00   1.8186412e+00
   9.5000000e+02   1.5787262e+00   1.8179754e+00
   9.5100000e+02   1.5796158e+00   1.8175201e+00
   9.5200000e+02   1.5798201e+00   1.8173309e+00
   9.5300000e+02   1.5799397e+00   1.8169386e+00
   9.5400000e+02   1.5799841e+00   1.8166690e+00
   9.5500000e+02   1.5798380e+00   1.8166795e+00
   9.5600000e+02   1.5799518e+00   1.8166280e+00
   9.5700000e+02   1.5802094e+00   1.8159465e+00
   9.5800000e+02   1.5802721e+00   1.8155284e+00
   9.5900000e+02   1.5809415e+00   1.8145306e+00
   9.6000000e+02   1.5820703e+00   1.8131240e+00
   9.6100000e+02   1.5828286e+00   1.8117369e+00
   9.6200000e+02   1.5838799e+00   1.8094227e+00
   9.6300000e+02   1.5846145e+00   1.8070280e+00
   9.6400000e+02   1.5854640e+00   1.8039804e+00
   9.6500000e+02   1.5859158e+00   1.8015809e+00
   9.6600000e+02   1.5866021e+00   1.8001481e+00
   9.6700000e+02   1.5862531e+00   1.7977965e+00
   9.6800000e+02   1.5863585e+00   1.7968118e+00
   9.6900000e+02   1.5850583e+00   1.7949900e+00
   9.7000000e+02   1.5838032e+00   1.7939908e+00
   9.7100000e+02   1.5820626e+00   1.7932989e+00
   9.7200000e+02   1.5785128e+00   1.7923939e+00
   9.7300000e+02   1.5742763e+00   1.7915355e+00
   9.7400000e+02   1.5692414e+00   1.7911705e+00
   9.7500000e+02   1.5633010e+00   1.7912201e+00
   9.7600000e+02   1.5564705e+00   1.7914176e+00
   9.7700000e+02   1.5499535e+00   1.7925059e+00
   9.7800000e+02   1.5429449e+00   1.7939935e+00
   9.7900000e+02   1.5356767e+00   1.7958474e+00
   9.8000000e+02   1.5281895e+00   1.7986109e+00
   9.8100000e+02   1.5202297e+00   1.8019053e+00
   9.8200000e+02   1.5117979e+00   1.8057153e+00
   9.8300000e+02   1.5029872e+00   1.8092156e+00
   9.8400000e+02   1.4932783e+00   1.8129313e+00
   9.8500000e+02   1.4823530e+00   1.8148851e+00
   9.8600000e+02   1.4725549e+00   1.8176447e+00
   9.8700000e+02   1.4628094e+00   1.8199635e+00
   9.8800000e+02   1.4547386e+00   1.8211937e+00
   9.8900000e+02   1.4475396e+00   1.8223200e+00
   9.9000000e+02   1.4418231e+00   1.8215362e+00
   9.9100000e+02   1.4370153e+00   1.8201842e+00
   9.9200000e+02   1.4336719e+00   1.8184037e+00
   9.9300000e+02   1.4314815e+00   1.8159448e+00
   9.9400000e+02   1.4300936e+00   1.8133912e+00
   9.9500000e+02   1.4292643e+00   1.8100740e+00
   9.9600000e+02   1.4295433e+00   1.8059678e+00
   9.9700000e+02   1.4308398e+00   1.8025430e+00
   9.9800000e+02   1.4325322e+00   1.7976069e+00
   9.9900000e+02   1.4342417e+00   1.7928962e+00
   1.0000000e+03   1.4365916e+00   1.7878633e+00
   1.0010000e+03   1.4383093e+00   1.7828664e+00
   1.0020000e+03   1.4405420e+00   1.7781297e+00
   1.0030000e+03   1.4427946e+00   1.7727741e+00
   1.0040000e+03   1.4454200e+00   1.7677937e+00
   1.0050000e+03   1.4482281e+00   1.7627602e+00
   1.0060000e+03   1.4523269e+00   1.7581672e+00
   1.0070000e+03   1.4564982e+00   1.7537207e+00
   1.0080000e+03   1.4601138e+00   1.7491769e+00
   1.0090000e+03   1.4647598e+00   1.7441533e+00
   1.0100000e+03   1.4675380e+00   1.7395045e+00
   1.0110000e+03   1.4702016e+00   1.7350492e+00
   1.0120000e+03   1.4724194e+00   1.7303651e+00
   1.0130000e+03   1.4738113e+00   1.7256717e+00
   1.0140000e+03   1.4751221e+00   1.7213793e+00
   1.0150000e+03   1.4758460e+00   1.7163211e+00
   1.0160000e+03   1.4764320e+00   1.7119726e+00
   1.0170000e+03   1.4772972e+00   1.7076331e+00
   1.0180000e+03   1.4779940e+00   1.7035554e+00
   1.0190000e+03   1.4786800e+00   1.7000574e+00
   1.0200000e+03   1.4797003e+00   1.6967303e+00
   1.0210000e+03   1.4796798e+00   1.6929403e+00
   1.0220000e+03   1.4810821e+00   1.6898446e+00
   1.0230000e+03   1.4811197e+00   1.6872396e+00
   1.0240000e+03   1.4822182e+00   1.6851171e+00
   1.0250000e+03   1.4829274e+00   1.6827647e+00
   1.0260000e+03   1.4836764e+00   1.6808557e+00
   1.0270000e+03   1.4847428e+00   1.6791524e+00
   1.0280000e+03   1.4860194e+00   1.6771720e+00
   1.0290000e+03   1.4873970e+00   1.6760650e+00
   1.0300000e+03   1.4890556e+00   1.6740571e+00
   1.0310000e+03   1.4906572e+00   1.6730165e+00
   1.0320000e+03   1.4920303e+00   1.6719411e+00
   1.0330000e+03   1.4936808e+00   1.6715014e+00
   1.0340000e+03   1.4947751e+00   1.6701369e+00
   1.0350000e+03   1.4962559e+00   1.6687965e+00
   1.0360000e+03   1.4976459e+00   1.6680737e+00
   1.0370000e+03   1.4982845e+00   1.6671424e+00
   1.0380000e+03   1.4997729e+00   1.6662364e+00
   1.0390000e+03   1.5004793e+00   1.6648705e+00
   1.0400000e+03   1.5012885e+00   1.6632714e+00
   1.0410000e+03   1.5019245e+00   1.6617436e+00
   1.0420000e+03   1.5026850e+00   1.6597221e+00
   1.0430000e+03   1.5032479e+00   1.6570739e+00
   1.0440000e+03   1.5040013e+00   1.6543831e+00
   1.0450000e+03   1.5041833e+00   1.6502242e+00
   1.0460000e+03   1.5053069e+00   1.6470986e+00
   1.0470000e+03   1.5057247e+00   1.6441022e+00
   1.0480000e+03   1.5062765e+00   1.6404167e+00
   1.0490000e+03   1.5062929e+00   1.6368693e+00
   1.0500000e+03   1.5063437e+00   1.6327042e+00
   1.0510000e+03   1.5062669e+00   1.6290010e+00
   1.0520000e+03   1.5064157e+00   1.6253066e+00
   1.0530000e+03   1.5061768e+00   1.6211886e+00
   1.0540000e+03   1.5061036e+00   1.6172627e+00
   1.0550000e+03   1.5052932e+00   1.6143065e+00
   1.0560000e+03   1.5034813e+00   1.6110908e+00
   1.0570000e+03   1.5005230e+00   1.6083957e+00
   1.0580000e+03   1.4974875e+00   1.6065637e+00
   1.0590000e+03   1.4940154e+00   1.6058949e+00
   1.0600000e+03   1.4902595e+00   1.6055020e+00
   1.0610000e+03   1.4862573e+00   1.6065066e+00
   1.0620000e+03   1.4814471e+00   1.6077965e+00
   1.0630000e+03   1.4763803e+00   1.6102491e+00
   1.0640000e+03   1.4702806e+00   1.6131519e+00
   1.0650000e+03   1.4632677e+00   1.6168846e+00
   1.0660000e+03   1.4562157e+00   1.6211602e+00
   1.0670000e+03   1.4485552e+00   1.6256235e+00
   1.0680000e+03   1.4398164e+00   1.6301217e+00
   1.0690000e+03   1.4294005e+00   1.6333691e+00
   1.0700000e+03   1.4197746e+00   1.6382236e+00
   1.0710000e+03   1.4118093e+00   1.6425725e+00
   1.0720000e+03   1.4034959e+00   1.6457425e+00
   1.0730000e+03   1.3959626e+00   1.6497769e+00
   1.0740000e+03   1.3896770e+00   1.6524139e+00
   1.0750000e+03   1.3843472e+00   1.6544225e+00
   1.0760000e+03   1.3812636e+00   1.6566641e+00
   1.0770000e+03   1.3795027e+00   1.6571793e+00
   1.0780000e+03   1.3792381e+00   1.6570448e+00
   1.0790000e+03   1.3799777e+00   1.6556152e+00
   1.0800000e+03   1.3809362e+00   1.6539389e+00
   1.0810000e+03   1.3827802e+00   1.6527354e+00
   1.0820000e+03   1.3827745e+00   1.6493142e+00
   1.0830000e+03   1.3834086e+00   1.6455266e+00
   1.0840000e+03   1.3841076e+00   1.6408434e+00
   1.0850000e+03   1.3847337e+00   1.6358910e+00
   1.0860000e+03   1.3862432e+00   1.6301105e+00
   1.0870000e+03   1.3875000e+00   1.6231713e+00
   1.0880000e+03   1.3884840e+00   1.6155515e+00
   1.0890000e+03   1.3898007e+00   1.6077511e+00
   1.0900000e+03   1.3910344e+00   1.5992517e+00
   1.0910000e+03   1.3924578e+00   1.5899727e+00
   1.0920000e+03   1.3934891e+00   1.5802324e+00
   1.0930000e+03   1.3963876e+00   1.5710522e+00
   1.0940000e+03   1.3975005e+00   1.5610173e+00
   1.0950000e+03   1.3985481e+00   1.5501439e+00
   1.0960000e+03   1.3995523e+00   1.5393034e+00
   1.0970000e+03   1.4009477e+00   1.5285010e+00
   1.0980000e+03   1.4021571e+00   1.5178467e+00
   1.0990000e+03   1.4042827e+00   1.5072265e+00
   1.1000000e+03   1.4061449e+00   1.4964275e+00
   1.1010000e+03   1.4081329e+00   1.4860391e+00
   1.1020000e+03   1.4101969e+00   1.4756317e+00
   1.1030000e+03   1.4118686e+00   1.4651940e+00
   1.1040000e+03   1.4141647e+00   1.4552917e+00
   1.1050000e+03   1.4167161e+00   1.4453637e+00
   1.1060000e+03   1.4187294e+00   1.4361204e+00
   1.1070000e+03   1.4205914e+00   1.4270842e+00
   1.1080000e+03   1.4219005e+00   1.4184150e+00
   1.1090000e+03   1.4233756e+00   1.4097585e+00
   1.1100000e+03   1.4253273e+00   1.4012426e+00
   1.1110000e+03   1.4264307e+00   1.3929447e+00
   1.1120000e+03   1.4265970e+00   1.3847201e+00
   1.1130000e+03   1.4267789e+00   1.3776899e+00
   1.1140000e+03   1.4260849e+00   1.3712192e+00
   1.1150000e+03   1.4245381e+00   1.3652930e+00
   1.1160000e+03   1.4226973e+00   1.3604732e+00
   1.1170000e+03   1.4203330e+00   1.3556397e+00
   1.1180000e+03   1.4188424e+00   1.3536980e+00
   1.1190000e+03   1.4160663e+00   1.3520069e+00
   1.1200000e+03   1.4125143e+00   1.3527428e+00
   1.1210000e+03   1.4095034e+00   1.3544690e+00
   1.1220000e+03   1.4056796e+00   1.3583039e+00
   1.1230000e+03   1.4014380e+00   1.3638643e+00
   1.1240000e+03   1.3965295e+00   1.3711535e+00
   1.1250000e+03   1.3915162e+00   1.3802438e+00
   1.1260000e+03   1.3861586e+00   1.3898681e+00
   1.1270000e+03   1.3805414e+00   1.3999050e+00
   1.1280000e+03   1.3746443e+00   1.4099699e+00
   1.1290000e+03   1.3675544e+00   1.4206702e+00
   1.1300000e+03   1.3607750e+00   1.4296444e+00
   1.1310000e+03   1.3528854e+00   1.4381567e+00
   1.1320000e+03   1.3442596e+00   1.4459490e+00
   1.1330000e+03   1.3366192e+00   1.4528286e+00
   1.1340000e+03   1.3281850e+00   1.4579874e+00
   1.1350000e+03   1.3207400e+00   1.4621497e+00
   1.1360000e+03   1.3132285e+00   1.4658910e+00
   1.1370000e+03   1.3061141e+00   1.4680250e+00
   1.1380000e+03   1.3001419e+00   1.4691599e+00
   1.1390000e+03   1.2943801e+00   1.4693295e+00
   1.1400000e+03   1.2892003e+00   1.4680614e+00
   1.1410000e+03   1.2841889e+00   1.4644447e+00
   1.1420000e+03   1.2808141e+00   1.4610353e+00
   1.1430000e+03   1.2785027e+00   1.4565034e+00
   1.1440000e+03   1.2768091e+00   1.4507260e+00
   1.1450000e+03   1.2762633e+00   1.4436396e+00
   1.1460000e+03   1.2767202e+00   1.4353080e+00
   1.1470000e+03   1.2783110e+00   1.4252873e+00
   1.1480000e+03   1.2807938e+00   1.4147466e+00
   1.1490000e+03   1.2840970e+00   1.4037554e+00
   1.1500000e+03   1.2877121e+00   1.3925066e+00
   1.1510000e+03   1.2916919e+00   1.3812814e+00
   1.1520000e+03   1.2952460e+00   1.3698470e+00
   1.1530000e+03   1.2993433e+00   1.3591407e+00
   1.1540000e+03   1.3030186e+00   1.3479651e+00
   1.1550000e+03   1.3058636e+00   1.3375184e+00
   1.1560000e+03   1.3088808e+00   1.3270943e+00
   1.1570000e+03   1.3120527e+00   1.3174178e+00
   1.1580000e+03   1.3149852e+00   1.3074322e+00
   1.1590000e+03   1.3178767e+00   1.2972351e+00
   1.1600000e+03   1.3194943e+00   1.2871258e+00
   1.1610000e+03   1.3218625e+00   1.2772341e+00
   1.1620000e+03   1.3230530e+00   1.2674105e+00
   1.1630000e+03   1.3237067e+00   1.2587676e+00
   1.1640000e+03   1.3241179e+00   1.2514182e+00
   1.1650000e+03   1.3236976e+00   1.2441668e+00
   1.1660000e+03   1.3230144e+00   1.2399361e+00
   1.1670000e+03   1.3222650e+00   1.2379592e+00
   1.1680000e+03   1.3211501e+00   1.2372999e+00
   1.1690000e+03   1.3196869e+00   1.2382609e+00
   1.1700000e+03   1.3182223e+00   1.2400397e+00
   1.1710000e+03   1.3155578e+00   1.2431524e+00
   1.1720000e+03   1.3126554e+00   1.2470488e+00
   1.1730000e+03   1.3093747e+00   1.2512959e+00
   1.1740000e+03   1.3062186e+00   1.2558587e+00
   1.1750000e+03   1.3018884e+00   1.2607901e+00
   1.1760000e+03   1.2973297e+00   1.2657095e+00
   1.1770000e+03   1.2939131e+00   1.2705550e+00
   1.1780000e+03   1.2899780e+00   1.2752791e+00
   1.1790000e+03   1.2866570e+00   1.2796768e+00
   1.1800000e+03   1.2829326e+00   1.2833565e+00
   1.1810000e+03   1.2805572e+00   1.2864715e+00
   1.1820000e+03   1.2772476e+00   1.2886191e+00
   1.1830000e+03   1.2749924e+00   1.2905620e+00
   1.1840000e+03   1.2723437e+00   1.2914829e+00
   1.1850000e+03   1.2710861e+00   1.2923101e+00
   1.1860000e+03   1.2703960e+00   1.2923380e+00
   1.1870000e+03   1.2705612e+00   1.2912539e+00
   1.1880000e+03   1.2721165e+00   1.2894420e+00
   1.1890000e+03   1.2736632e+00   1.2869943e+00
   1.1900000e+03   1.2756708e+00   1.2832192e+00
   1.1910000e+03   1.2780894e+00   1.2789870e+00
   1.1920000e+03   1.2808275e+00   1.2747126e+00
   1.1930000e+03   1.2840772e+00   1.2696293e+00
   1.1940000e+03   1.2876988e+00   1.2644474e+00
   1.1950000e+03   1.2920159e+00   1.2584330e+00
   1.1960000e+03   1.2960255e+00   1.2522948e+00
   1.1970000e+03   1.2996893e+00   1.2452410e+00
   1.1980000e+03   1.3033982e+00   1.2381969e+00
   1.1990000e+03   1.3066570e+00   1.2320077e+00
   1.2000000e+03   1.3093959e+00   1.2256412e+00
   1.2010000e+03   1.3113687e+00   1.2187543e+00
   1.2020000e+03   1.3131121e+00   1.2140339e+00
   1.2030000e+03   1.3132036e+00   1.2085166e+00
   1.2040000e+03   1.3127101e+00   1.2037330e+00
   1.2050000e+03   1.3119454e+00   1.1991745e+00
   1.2060000e+03   1.3104633e+00   1.1959685e+00
   1.2070000e+03   1.3091740e+00   1.1938844e+00
   1.2080000e+03   1.3071158e+00   1.1926305e+00
   1.2090000e+03   1.3053133e+00   1.1924588e+00
   1.2100000e+03   1.3022081e+00   1.1932391e+00
   1.2110000e+03   1.2986827e+00   1.1944859e+00
   1.2120000e+03   1.2943368e+00   1.1970174e+00
   1.2130000e+03   1.2910414e+00   1.2001989e+00
   1.2140000e+03   1.2848591e+00   1.2042832e+00
   1.2150000e+03   1.2776115e+00   1.2080543e+00
   1.2160000e+03   1.2702630e+00   1.2126384e+00
   1.2170000e+03   1.2621183e+00   1.2170020e+00
   1.2180000e+03   1.2530400e+00   1.2208730e+00
   1.2190000e+03   1.2437959e+00   1.2251586e+00
   1.2200000e+03   1.2337464e+00   1.2286634e+00
   1.2210000e+03   1.2240098e+00   1.2319544e+00
   1.2220000e+03   1.2139282e+00   1.2346208e+00
   1.2230000e+03   1.2041486e+00   1.2375004e+00
   1.2240000e+03   1.1940141e+00   1.2390776e+00
   1.2250000e+03   1.1842561e+00   1.2413127e+00
   1.2260000e+03   1.1770667e+00   1.2438886e+00
   1.2270000e+03   1.1706140e+00   1.2470562e+00
   1.2280000e+03   1.1654566e+00   1.2504174e+00
   1.2290000e+03   1.1601173e+00   1.2532342e+00
   1.2300000e+03   1.1553647e+00   1.2556950e+00
   1.2310000e+03   1.1512722e+00   1.2581459e+00
   1.2320000e+03   1.1461400e+00   1.2595516e+00
   1.2330000e+03   1.1423328e+00   1.2601138e+00
   1.2340000e+03   1.1386964e+00   1.2596771e+00
   1.2350000e+03   1.1352415e+00   1.2577094e+00
   1.2360000e+03   1.1319178e+00   1.2557307e+00
   1.2370000e+03   1.1299712e+00   1.2525545e+00
   1.2380000e+03   1.1272892e+00   1.2484474e+00
   1.2390000e+03   1.1258619e+00   1.2438389e+00
   1.2400000e+03   1.1241909e+00   1.2388211e+00
   1.2410000e+03   1.1237250e+00   1.2326015e+00
   1.2420000e+03   1.1250440e+00   1.2252882e+00
   1.2430000e+03   1.1268183e+00   1.2171832e+00
   1.2440000e+03   1.1288074e+00   1.2096471e+00
   1.2450000e+03   1.1307467e+00   1.2007988e+00
   1.2460000e+03   1.1334998e+00   1.1919255e+00
   1.2470000e+03   1.1357624e+00   1.1824991e+00
   1.2480000e+03   1.1386290e+00   1.1734433e+00
   1.2490000e+03   1.1425155e+00   1.1643539e+00
   1.2500000e+03   1.1450471e+00   1.1549337e+00
   1.2510000e+03   1.1474712e+00   1.1455416e+00
   1.2520000e+03   1.1496362e+00   1.1364083e+00
   1.2530000e+03   1.1516809e+00   1.1270669e+00
   1.2540000e+03   1.1541407e+00   1.1181029e+00
   1.2550000e+03   1.1558655e+00   1.1091211e+00
   1.2560000e+03   1.1577008e+00   1.0997319e+00
   1.2570000e+03   1.1595766e+00   1.0913943e+00
   1.2580000e+03   1.1610958e+00   1.0824951e+00
   1.2590000e+03   1.1625818e+00   1.0747118e+00
   1.2600000e+03   1.1635029e+00   1.0665680e+00
   1.2610000e+03   1.1638666e+00   1.0577394e+00
   1.2620000e+03   1.1642405e+00   1.0511726e+00
   1.2630000e+03   1.1635278e+00   1.0446132e+00
   1.2640000e+03   1.1628518e+00   1.0384050e+00
   1.2650000e+03   1.1622243e+00   1.0336483e+00
   1.2660000e+03   1.1605234e+00   1.0286143e+00
   1.2670000e+03   1.1593677e+00   1.0250664e+00
   1.2680000e+03   1.1574843e+00   1.0219825e+00
   1.2690000e+03   1.1551178e+00   1.0198575e+00
   1.2700000e+03   1.1520296e+00   1.0179420e+00
   1.2710000e+03   1.1486274e+00   1.0170421e+00
   1.2720000e+03   1.1449460e+00   1.0172441e+00
   1.2730000e+03   1.1415422e+00   1.0180966e+00
   1.2740000e+03   1.1373027e+00   1.0208037e+00
   1.2750000e+03   1.1326140e+00   1.0249220e+00
   1.2760000e+03   1.1283658e+00   1.0294517e+00
   1.2770000e+03   1.1238136e+00   1.0339746e+00
   1.2780000e+03   1.1187738e+00   1.0387202e+00
   1.2790000e+03   1.1116522e+00   1.0439774e+00
   1.2800000e+03   1.1043180e+00   1.0487375e+00
   1.2810000e+03   1.0969274e+00   1.0531062e+00
   1.2820000e+03   1.0896643e+00   1.0571782e+00
   1.2830000e+03   1.0831386e+00   1.0609965e+00
   1.2840000e+03   1.0774360e+00   1.0647412e+00
   1.2850000e+03   1.0719364e+00   1.0674139e+00
   1.2860000e+03   1.0665927e+00   1.0712077e+00
   1.2870000e+03   1.0612492e+00   1.0755249e+00
   1.2880000e+03   1.0564120e+00   1.0789477e+00
   1.2890000e+03   1.0516949e+00   1.0821593e+00
   1.2900000e+03   1.0475431e+00   1.0855969e+00
   1.2910000e+03   1.0441374e+00   1.0881487e+00
   1.2920000e+03   1.0408374e+00   1.0901762e+00
   1.2930000e+03   1.0375036e+00   1.0915436e+00
   1.2940000e+03   1.0346816e+00   1.0915528e+00
   1.2950000e+03   1.0322118e+00   1.0905086e+00
   1.2960000e+03   1.0290631e+00   1.0885361e+00
   1.2970000e+03   1.0262288e+00   1.0870452e+00
   1.2980000e+03   1.0234200e+00   1.0821075e+00
   1.2990000e+03   1.0201585e+00   1.0767430e+00
   1.3000000e+03   1.0186525e+00   1.0699289e+00
   1.3010000e+03   1.0178930e+00   1.0627422e+00
   1.3020000e+03   1.0179871e+00   1.0542767e+00
   1.3030000e+03   1.0192427e+00   1.0447654e+00
   1.3040000e+03   1.0218276e+00   1.0345449e+00
   1.3050000e+03   1.0250111e+00   1.0243159e+00
   1.3060000e+03   1.0286157e+00   1.0129064e+00
   1.3070000e+03   1.0316440e+00   1.0007383e+00
   1.3080000e+03   1.0341402e+00   9.8879911e-01
   1.3090000e+03   1.0371642e+00   9.7543083e-01
   1.3100000e+03   1.0387752e+00   9.6432656e-01
   1.3110000e+03   1.0401111e+00   9.5336890e-01
   1.3120000e+03   1.0404693e+00   9.4181369e-01
   1.3130000e+03   1.0399803e+00   9.3103421e-01
   1.3140000e+03   1.0394252e+00   9.2019145e-01
   1.3150000e+03   1.0384523e+00   9.0998639e-01
   1.3160000e+03   1.0376814e+00   9.0026305e-01
   1.3170000e+03   1.0371209e+00   8.9086371e-01
   1.3180000e+03   1.0357812e+00   8.8218645e-01
   1.3190000e+03   1.0349339e+00   8.7400056e-01
   1.3200000e+03   1.0335782e+00   8.6650549e-01
   1.3210000e+03   1.0323708e+00   8.5893007e-01
   1.3220000e+03   1.0299540e+00   8.5366914e-01
   1.3230000e+03   1.0281830e+00   8.4921222e-01
   1.3240000e+03   1.0256965e+00   8.4512772e-01
   1.3250000e+03   1.0239672e+00   8.4233872e-01
   1.3260000e+03   1.0222397e+00   8.4008254e-01
   1.3270000e+03   1.0197911e+00   8.3840246e-01
   1.3280000e+03   1.0164560e+00   8.3693953e-01
   1.3290000e+03   1.0131979e+00   8.3617911e-01
   1.3300000e+03   1.0092040e+00   8.3654138e-01
   1.3310000e+03   1.0048127e+00   8.3762065e-01
   1.3320000e+03   9.9999960e-01   8.3975848e-01
   1.3330000e+03   9.9422781e-01   8.4180070e-01
   1.3340000e+03   9.9004134e-01   8.4595047e-01
   1.3350000e+03   9.8494256e-01   8.4989787e-01
   1.3360000e+03   9.8071994e-01   8.5452480e-01
   1.3370000e+03   9.7615760e-01   8.5848513e-01
   1.3380000e+03   9.7158705e-01   8.6269231e-01
   1.3390000e+03   9.6665244e-01   8.6782465e-01
   1.3400000e+03   9.6149404e-01   8.7160108e-01
   1.3410000e+03   9.5585347e-01   8.7496969e-01
   1.3420000e+03   9.5049822e-01   8.7825000e-01
   1.3430000e+03   9.4449268e-01   8.8102476e-01
   1.3440000e+03   9.3922643e-01   8.8375778e-01
   1.3450000e+03   9.3394846e-01   8.8619778e-01
   1.3460000e+03   9.2938714e-01   8.8782292e-01
   1.3470000e+03   9.2521320e-01   8.8884713e-01
   1.3480000e+03   9.2233490e-01   8.8889191e-01
   1.3490000e+03   9.2008265e-01   8.8753423e-01
   1.3500000e+03   9.1860179e-01   8.8519804e-01
   1.3510000e+03   9.1747333e-01   8.8116935e-01
   1.3520000e+03   9.1674195e-01   8.7566001e-01
   1.3530000e+03   9.1572827e-01   8.6847410e-01
   1.3540000e+03   9.1554715e-01   8.6029014e-01
   1.3550000e+03   9.1568197e-01   8.5119355e-01
   1.3560000e+03   9.1633093e-01   8.4106766e-01
   1.3570000e+03   9.1754510e-01   8.3103770e-01
   1.3580000e+03   9.1885486e-01   8.2054127e-01
   1.3590000e+03   9.1976414e-01   8.1131411e-01
   1.3600000e+03   9.2107027e-01   8.0059578e-01
   1.3610000e+03   9.2101646e-01   7.9004185e-01
   1.3620000e+03   9.2132274e-01   7.7930674e-01
   1.3630000e+03   9.2161087e-01   7.6927171e-01
   1.3640000e+03   9.2137537e-01   7.5951128e-01
   1.3650000e+03   9.2091599e-01   7.5022614e-01
   1.3660000e+03   9.1971173e-01   7.4163352e-01
   1.3670000e+03   9.1796959e-01   7.3422509e-01
   1.3680000e+03   9.1606402e-01   7.2786551e-01
   1.3690000e+03   9.1315596e-01   7.2000284e-01
   1.3700000e+03   9.1055861e-01   7.1660100e-01
   1.3710000e+03   9.0652216e-01   7.1377830e-01
   1.3720000e+03   9.0260819e-01   7.1253129e-01
   1.3730000e+03   8.9694744e-01   7.1149261e-01
   1.3740000e+03   8.9093565e-01   7.1228893e-01
   1.3750000e+03   8.8381256e-01   7.1394047e-01
   1.3760000e+03   8.7585479e-01   7.1651238e-01
   1.3770000e+03   8.6889851e-01   7.2128216e-01
   1.3780000e+03   8.6018893e-01   7.2587291e-01
   1.3790000e+03   8.5133579e-01   7.3096767e-01
   1.3800000e+03   8.4157500e-01   7.3546401e-01
   1.3810000e+03   8.3216012e-01   7.4102985e-01
   1.3820000e+03   8.2177685e-01   7.4545519e-01
   1.3830000e+03   8.1144737e-01   7.5083874e-01
   1.3840000e+03   8.0140574e-01   7.5513077e-01
   1.3850000e+03   7.9060875e-01   7.5918664e-01
   1.3860000e+03   7.8005885e-01   7.6271795e-01
   1.3870000e+03   7.7039667e-01   7.6583445e-01
   1.3880000e+03   7.6201031e-01   7.6912974e-01
   1.3890000e+03   7.5432857e-01   7.7135736e-01
   1.3900000e+03   7.4852726e-01   7.7322899e-01
   1.3910000e+03   7.4353059e-01   7.7310586e-01
   1.3920000e+03   7.3930452e-01   7.7216142e-01
   1.3930000e+03   7.3612143e-01   7.7009711e-01
   1.3940000e+03   7.3423738e-01   7.6762059e-01
   1.3950000e+03   7.3282313e-01   7.6333745e-01
   1.3960000e+03   7.3184489e-01   7.5881088e-01
   1.3970000e+03   7.3046704e-01   7.5202392e-01
   1.3980000e+03   7.2970579e-01   7.4496194e-01
   1.3990000e+03   7.2927265e-01   7.3670135e-01
   1.4000000e+03   7.2894166e-01   7.2660480e-01
   1.4010000e+03   7.2989289e-01   7.1593602e-01
   1.4020000e+03   7.3110308e-01   7.0477499e-01
   1.4030000e+03   7.3175686e-01   6.9275429e-01
   1.4040000e+03   7.3295160e-01   6.8095816e-01
   1.4050000e+03   7.4148463e-01   6.7542476e-01
   1.4060000e+03   7.4200865e-01   6.6442280e-01
   1.4070000e+03   7.4238814e-01   6.5299669e-01
   1.4080000e+03   7.4270021e-01   6.4312141e-01
   1.4090000e+03   7.4359805e-01   6.3327505e-01
   1.4100000e+03   7.4409622e-01   6.2306222e-01
   1.4110000e+03   7.4483310e-01   6.1470271e-01
   1.4120000e+03   7.4561420e-01   6.0699302e-01
   1.4130000e+03   7.4503810e-01   5.9922350e-01
   1.4140000e+03   7.4387629e-01   5.9273298e-01
   1.4150000e+03   7.4218634e-01   5.8629768e-01
   1.4160000e+03   7.3954900e-01   5.8183654e-01
   1.4170000e+03   7.3941547e-01   5.7971183e-01
   1.4180000e+03   7.3392707e-01   5.7472398e-01
   1.4190000e+03   7.2814716e-01   5.7256632e-01
   1.4200000e+03   7.2100705e-01   5.7284225e-01
   1.4210000e+03   7.1384838e-01   5.7301897e-01
   1.4220000e+03   7.0390505e-01   5.7306724e-01
   1.4230000e+03   6.9378019e-01   5.7584386e-01
   1.4240000e+03   6.8254087e-01   5.8062939e-01
   1.4250000e+03   6.6997966e-01   5.8426572e-01
   1.4260000e+03   6.5562569e-01   5.8911529e-01
   1.4270000e+03   6.4101180e-01   5.9282416e-01
   1.4280000e+03   6.2621391e-01   5.9779613e-01
   1.4290000e+03   6.1125049e-01   5.9967397e-01
   1.4300000e+03   5.9867606e-01   6.0019126e-01
   1.4310000e+03   5.8638453e-01   5.9742999e-01
   1.4320000e+03   5.7605318e-01   5.9628320e-01
   1.4330000e+03   5.6803843e-01   5.9223051e-01
   1.4340000e+03   5.6232453e-01   5.8835550e-01
   1.4350000e+03   5.5804943e-01   5.8397405e-01
   1.4360000e+03   5.5452237e-01   5.7760229e-01
   1.4370000e+03   5.5256175e-01   5.7019050e-01
   1.4380000e+03   5.5119861e-01   5.6099171e-01
   1.4390000e+03   5.4998463e-01   5.4701386e-01
   1.4400000e+03   5.4995790e-01   5.3351343e-01
   1.4410000e+03   5.4976125e-01   5.1572847e-01
   1.4420000e+03   5.4852622e-01   5.0098007e-01
   1.4430000e+03   5.4573256e-01   4.8340206e-01
   1.4440000e+03   5.4251992e-01   4.6722572e-01
   1.4450000e+03   5.3793292e-01   4.5045079e-01
   1.4460000e+03   5.3462401e-01   4.3708403e-01
   1.4470000e+03   5.2930732e-01   4.2415264e-01
   1.4480000e+03   5.2192834e-01   4.1050322e-01
   1.4490000e+03   5.1220088e-01   3.9714244e-01
   1.4500000e+03   5.0146578e-01   3.8517033e-01
   1.4510000e+03   4.8959729e-01   3.7463092e-01
   1.4520000e+03   4.7731958e-01   3.6559827e-01
   1.4530000e+03   4.6505564e-01   3.6076172e-01
   1.4540000e+03   4.4908054e-01   3.5368158e-01
   1.4550000e+03   4.3239863e-01   3.4785014e-01
   1.4560000e+03   4.1496206e-01   3.4323555e-01
   1.4570000e+03   3.9787596e-01   3.3835456e-01
   1.4580000e+03   3.7878027e-01   3.3477103e-01
   1.4590000e+03   3.5853815e-01   3.3039991e-01
   1.4600000e+03   3.3536153e-01   3.2182834e-01
   1.4610000e+03   3.1524793e-01   3.1116522e-01
   1.4620000e+03   2.9625552e-01   2.9832878e-01
   1.4630000e+03   2.8169194e-01   2.8348299e-01
   1.4640000e+03   2.7565780e-01   2.7066944e-01
   1.4650000e+03   2.6495451e-01   2.5305068e-01
   1.4660000e+03   2.5226320e-01   2.2945539e-01
   1.4670000e+03   2.3790561e-01   2.0605007e-01
   1.4680000e+03   2.2148252e-01   1.8230486e-01
   1.4690000e+03   2.0005078e-01   1.5714661e-01
   1.4700000e+03   1.8034968e-01   1.2881654e-01
