   9.9600000e+02   2.4687776e+00   3.1617105e+00
   9.9700000e+02   2.4722164e+00   3.1492299e+00
   9.9800000e+02   2.4750994e+00   3.1362231e+00
   9.9900000e+02   2.4767388e+00   3.1224891e+00
   1.0000000e+03   2.4758826e+00   3.1095664e+00
   1.0010000e+03   2.4731714e+00   3.0963948e+00
   1.0020000e+03   2.4691429e+00   3.0846083e+00
   1.0030000e+03   2.4640272e+00   3.0736461e+00
   1.0040000e+03   2.4596615e+00   3.0648705e+00
   1.0050000e+03   2.4558814e+00   3.0582846e+00
   1.0060000e+03   2.4507298e+00   3.0529448e+00
   1.0070000e+03   2.4448997e+00   3.0479839e+00
   1.0080000e+03   2.4374078e+00   3.0424160e+00
   1.0090000e+03   2.4283759e+00   3.0359343e+00
   1.0100000e+03   2.4173979e+00   3.0299097e+00
   1.0110000e+03   2.4056990e+00   3.0253344e+00
   1.0120000e+03   2.3939302e+00   3.0218421e+00
   1.0130000e+03   2.3819847e+00   3.0195883e+00
   1.0140000e+03   2.3711456e+00   3.0188309e+00
   1.0150000e+03   2.3589078e+00   3.0183940e+00
   1.0160000e+03   2.3465428e+00   3.0182717e+00
   1.0170000e+03   2.3344973e+00   3.0187226e+00
   1.0180000e+03   2.3214121e+00   3.0190931e+00
   1.0190000e+03   2.3084437e+00   3.0192916e+00
   1.0200000e+03   2.2943216e+00   3.0180587e+00
   1.0210000e+03   2.2790937e+00   3.0142993e+00
   1.0220000e+03   2.2647275e+00   3.0094681e+00
   1.0230000e+03   2.2526059e+00   3.0045844e+00
   1.0240000e+03   2.2434694e+00   2.9981279e+00
   1.0250000e+03   2.2372653e+00   2.9912682e+00
   1.0260000e+03   2.2326725e+00   2.9834278e+00
   1.0270000e+03   2.2288769e+00   2.9751335e+00
   1.0280000e+03   2.2252213e+00   2.9665177e+00
   1.0290000e+03   2.2235651e+00   2.9574006e+00
   1.0300000e+03   2.2225459e+00   2.9471392e+00
   1.0310000e+03   2.2228724e+00   2.9364348e+00
   1.0320000e+03   2.2238596e+00   2.9252299e+00
   1.0330000e+03   2.2272990e+00   2.9131037e+00
   1.0340000e+03   2.2303906e+00   2.9015061e+00
   1.0350000e+03   2.2346817e+00   2.8898958e+00
   1.0360000e+03   2.2388514e+00   2.8784762e+00
   1.0370000e+03   2.2430176e+00   2.8680668e+00
   1.0380000e+03   2.2463921e+00   2.8575216e+00
   1.0390000e+03   2.2497586e+00   2.8466308e+00
   1.0400000e+03   2.2514769e+00   2.8361370e+00
   1.0410000e+03   2.2531838e+00   2.8258816e+00
   1.0420000e+03   2.2554569e+00   2.8160027e+00
   1.0430000e+03   2.2575075e+00   2.8064685e+00
   1.0440000e+03   2.2597525e+00   2.7977750e+00
   1.0450000e+03   2.2621218e+00   2.7893823e+00
   1.0460000e+03   2.2638560e+00   2.7807178e+00
   1.0470000e+03   2.2662588e+00   2.7724779e+00
   1.0480000e+03   2.2681441e+00   2.7646860e+00
   1.0490000e+03   2.2700608e+00   2.7577088e+00
   1.0500000e+03   2.2721444e+00   2.7516970e+00
   1.0510000e+03   2.2754820e+00   2.7461330e+00
   1.0520000e+03   2.2795757e+00   2.7410811e+00
   1.0530000e+03   2.2837620e+00   2.7353152e+00
   1.0540000e+03   2.2867988e+00   2.7292125e+00
   1.0550000e+03   2.2890523e+00   2.7228500e+00
   1.0560000e+03   2.2895658e+00   2.7160396e+00
   1.0570000e+03   2.2887370e+00   2.7101319e+00
   1.0580000e+03   2.2859107e+00   2.7039323e+00
   1.0590000e+03   2.2825719e+00   2.6978338e+00
   1.0600000e+03   2.2778049e+00   2.6935580e+00
   1.0610000e+03   2.2732777e+00   2.6889724e+00
   1.0620000e+03   2.2676624e+00   2.6856673e+00
   1.0630000e+03   2.2610208e+00   2.6820225e+00
   1.0640000e+03   2.2537471e+00   2.6787571e+00
   1.0650000e+03   2.2458494e+00   2.6750187e+00
   1.0660000e+03   2.2377482e+00   2.6719534e+00
   1.0670000e+03   2.2282059e+00   2.6687348e+00
   1.0680000e+03   2.2175467e+00   2.6666935e+00
   1.0690000e+03   2.2070189e+00   2.6656585e+00
   1.0700000e+03   2.1976040e+00   2.6648788e+00
   1.0710000e+03   2.1908473e+00   2.6650432e+00
   1.0720000e+03   2.1835339e+00   2.6645080e+00
   1.0730000e+03   2.1755517e+00   2.6630146e+00
   1.0740000e+03   2.1657733e+00   2.6590264e+00
   1.0750000e+03   2.1536460e+00   2.6536465e+00
   1.0760000e+03   2.1418076e+00   2.6485329e+00
   1.0770000e+03   2.1319989e+00   2.6438795e+00
   1.0780000e+03   2.1235615e+00   2.6402491e+00
   1.0790000e+03   2.1175415e+00   2.6374034e+00
   1.0800000e+03   2.1106237e+00   2.6342855e+00
   1.0810000e+03   2.1020598e+00   2.6295442e+00
   1.0820000e+03   2.0919855e+00   2.6234165e+00
   1.0830000e+03   2.0815579e+00   2.6160789e+00
   1.0840000e+03   2.0705219e+00   2.6067764e+00
   1.0850000e+03   2.0607326e+00   2.5977500e+00
   1.0860000e+03   2.0535738e+00   2.5893886e+00
   1.0870000e+03   2.0506282e+00   2.5812727e+00
   1.0880000e+03   2.0518092e+00   2.5746442e+00
   1.0890000e+03   2.0569486e+00   2.5670932e+00
   1.0900000e+03   2.0632900e+00   2.5597184e+00
   1.0910000e+03   2.0686155e+00   2.5495706e+00
   1.0920000e+03   2.0726181e+00   2.5373653e+00
   1.0930000e+03   2.0765352e+00   2.5227474e+00
   1.0940000e+03   2.0806444e+00   2.5090918e+00
   1.0950000e+03   2.0873186e+00   2.4955188e+00
   1.0960000e+03   2.0967799e+00   2.4840805e+00
   1.0970000e+03   2.1068586e+00   2.4738336e+00
   1.0980000e+03   2.1156394e+00   2.4646168e+00
   1.0990000e+03   2.1217640e+00   2.4542076e+00
   1.1000000e+03   2.1256492e+00   2.4437892e+00
   1.1010000e+03   2.1279441e+00   2.4334196e+00
   1.1020000e+03   2.1305432e+00   2.4243420e+00
   1.1030000e+03   2.1342328e+00   2.4173131e+00
   1.1040000e+03   2.1391133e+00   2.4117903e+00
   1.1050000e+03   2.1461038e+00   2.4072102e+00
   1.1060000e+03   2.1511857e+00   2.4039148e+00
   1.1070000e+03   2.1558618e+00   2.3998668e+00
   1.1080000e+03   2.1580728e+00   2.3957766e+00
   1.1090000e+03   2.1583885e+00   2.3911139e+00
   1.1100000e+03   2.1577286e+00   2.3871932e+00
   1.1110000e+03   2.1569298e+00   2.3851033e+00
   1.1120000e+03   2.1558816e+00   2.3849746e+00
   1.1130000e+03   2.1541245e+00   2.3860682e+00
   1.1140000e+03   2.1516614e+00   2.3873368e+00
   1.1150000e+03   2.1476779e+00   2.3880482e+00
   1.1160000e+03   2.1410367e+00   2.3877534e+00
   1.1170000e+03   2.1338100e+00   2.3859886e+00
   1.1180000e+03   2.1242913e+00   2.3877010e+00
   1.1190000e+03   2.1158391e+00   2.3903153e+00
   1.1200000e+03   2.1078611e+00   2.3951503e+00
   1.1210000e+03   2.0995251e+00   2.4011131e+00
   1.1220000e+03   2.0900604e+00   2.4064494e+00
   1.1230000e+03   2.0801090e+00   2.4102566e+00
   1.1240000e+03   2.0691188e+00   2.4125703e+00
   1.1250000e+03   2.0572962e+00   2.4144957e+00
   1.1260000e+03   2.0456117e+00   2.4165795e+00
   1.1270000e+03   2.0342476e+00   2.4196141e+00
   1.1280000e+03   2.0230326e+00   2.4230757e+00
   1.1290000e+03   2.0120887e+00   2.4258244e+00
   1.1300000e+03   2.0008061e+00   2.4278129e+00
   1.1310000e+03   1.9885959e+00   2.4287333e+00
   1.1320000e+03   1.9753385e+00   2.4288874e+00
   1.1330000e+03   1.9624010e+00   2.4292703e+00
   1.1340000e+03   1.9501687e+00   2.4290637e+00
   1.1350000e+03   1.9388164e+00   2.4292944e+00
   1.1360000e+03   1.9282725e+00   2.4294367e+00
   1.1370000e+03   1.9195278e+00   2.4289364e+00
   1.1380000e+03   1.9133229e+00   2.4283161e+00
   1.1390000e+03   1.9098206e+00   2.4266996e+00
   1.1400000e+03   1.9079696e+00   2.4246558e+00
   1.1410000e+03   1.9085452e+00   2.4222360e+00
   1.1420000e+03   1.9076466e+00   2.4187014e+00
   1.1430000e+03   1.9075986e+00   2.4153057e+00
   1.1440000e+03   1.9085179e+00   2.4114075e+00
   1.1450000e+03   1.9116125e+00   2.4058821e+00
   1.1460000e+03   1.9163960e+00   2.3996654e+00
   1.1470000e+03   1.9232652e+00   2.3927706e+00
   1.1480000e+03   1.9306715e+00   2.3862024e+00
   1.1490000e+03   1.9375381e+00   2.3795631e+00
   1.1500000e+03   1.9437183e+00   2.3716666e+00
   1.1510000e+03   1.9505609e+00   2.3626305e+00
   1.1520000e+03   1.9566418e+00   2.3535950e+00
   1.1530000e+03   1.9628052e+00   2.3447673e+00
   1.1540000e+03   1.9680637e+00   2.3369490e+00
   1.1550000e+03   1.9732951e+00   2.3285906e+00
   1.1560000e+03   1.9774716e+00   2.3212394e+00
   1.1570000e+03   1.9805941e+00   2.3131800e+00
   1.1580000e+03   1.9844882e+00   2.3049333e+00
   1.1590000e+03   1.9881217e+00   2.2966698e+00
   1.1600000e+03   1.9922469e+00   2.2889521e+00
   1.1610000e+03   1.9975085e+00   2.2805762e+00
   1.1620000e+03   2.0029285e+00   2.2721340e+00
   1.1630000e+03   2.0081896e+00   2.2634496e+00
   1.1640000e+03   2.0130901e+00   2.2556883e+00
   1.1650000e+03   2.0182366e+00   2.2487804e+00
   1.1660000e+03   2.0204463e+00   2.2429734e+00
   1.1670000e+03   2.0223172e+00   2.2380624e+00
   1.1680000e+03   2.0237855e+00   2.2335227e+00
   1.1690000e+03   2.0248690e+00   2.2303271e+00
   1.1700000e+03   2.0263508e+00   2.2275697e+00
   1.1710000e+03   2.0268395e+00   2.2252414e+00
   1.1720000e+03   2.0261611e+00   2.2231598e+00
   1.1730000e+03   2.0243723e+00   2.2202765e+00
   1.1740000e+03   2.0209981e+00   2.2183057e+00
   1.1750000e+03   2.0163048e+00   2.2156848e+00
   1.1760000e+03   2.0097576e+00   2.2130530e+00
   1.1770000e+03   2.0027178e+00   2.2085462e+00
   1.1780000e+03   1.9948412e+00   2.2055720e+00
   1.1790000e+03   1.9866806e+00   2.2034960e+00
   1.1800000e+03   1.9778059e+00   2.2021954e+00
   1.1810000e+03   1.9677713e+00   2.2022542e+00
   1.1820000e+03   1.9561147e+00   2.2033849e+00
   1.1830000e+03   1.9448298e+00   2.2064958e+00
   1.1840000e+03   1.9332774e+00   2.2115132e+00
   1.1850000e+03   1.9216246e+00   2.2188134e+00
   1.1860000e+03   1.9094118e+00   2.2265497e+00
   1.1870000e+03   1.8969731e+00   2.2344131e+00
   1.1880000e+03   1.8849915e+00   2.2415638e+00
   1.1890000e+03   1.8733939e+00   2.2477824e+00
   1.1900000e+03   1.8595248e+00   2.2543244e+00
   1.1910000e+03   1.8460808e+00   2.2599194e+00
   1.1920000e+03   1.8317537e+00   2.2650843e+00
   1.1930000e+03   1.8178605e+00   2.2698140e+00
   1.1940000e+03   1.8040271e+00   2.2748356e+00
   1.1950000e+03   1.7917363e+00   2.2800308e+00
   1.1960000e+03   1.7809773e+00   2.2842645e+00
   1.1970000e+03   1.7717155e+00   2.2885333e+00
   1.1980000e+03   1.7655402e+00   2.2922056e+00
   1.1990000e+03   1.7612104e+00   2.2967458e+00
   1.2000000e+03   1.7583330e+00   2.2999704e+00
   1.2010000e+03   1.7583622e+00   2.3026892e+00
   1.2020000e+03   1.7569967e+00   2.3042227e+00
   1.2030000e+03   1.7573469e+00   2.3054661e+00
   1.2040000e+03   1.7581417e+00   2.3052500e+00
   1.2050000e+03   1.7602406e+00   2.3029902e+00
   1.2060000e+03   1.7628279e+00   2.3001398e+00
   1.2070000e+03   1.7662271e+00   2.2958865e+00
   1.2080000e+03   1.7705062e+00   2.2910324e+00
   1.2090000e+03   1.7747704e+00   2.2853018e+00
   1.2100000e+03   1.7792981e+00   2.2778778e+00
   1.2110000e+03   1.7840947e+00   2.2704900e+00
   1.2120000e+03   1.7887914e+00   2.2621797e+00
   1.2130000e+03   1.7961335e+00   2.2535908e+00
   1.2140000e+03   1.8011562e+00   2.2431976e+00
   1.2150000e+03   1.8078744e+00   2.2323535e+00
   1.2160000e+03   1.8145464e+00   2.2204895e+00
   1.2170000e+03   1.8218349e+00   2.2085385e+00
   1.2180000e+03   1.8288203e+00   2.1951769e+00
   1.2190000e+03   1.8354069e+00   2.1823516e+00
   1.2200000e+03   1.8406806e+00   2.1687915e+00
   1.2210000e+03   1.8459396e+00   2.1559111e+00
   1.2220000e+03   1.8502432e+00   2.1430189e+00
   1.2230000e+03   1.8546799e+00   2.1306990e+00
   1.2240000e+03   1.8589803e+00   2.1186903e+00
   1.2250000e+03   1.8639378e+00   2.1062095e+00
   1.2260000e+03   1.8663194e+00   2.0956728e+00
   1.2270000e+03   1.8682856e+00   2.0860684e+00
   1.2280000e+03   1.8702557e+00   2.0763820e+00
   1.2290000e+03   1.8714787e+00   2.0677484e+00
   1.2300000e+03   1.8726594e+00   2.0596683e+00
   1.2310000e+03   1.8732944e+00   2.0518221e+00
   1.2320000e+03   1.8739144e+00   2.0453383e+00
   1.2330000e+03   1.8743814e+00   2.0393225e+00
   1.2340000e+03   1.8741611e+00   2.0339993e+00
   1.2350000e+03   1.8739877e+00   2.0296859e+00
   1.2360000e+03   1.8731097e+00   2.0265318e+00
   1.2370000e+03   1.8718404e+00   2.0230893e+00
   1.2380000e+03   1.8694414e+00   2.0212002e+00
   1.2390000e+03   1.8659303e+00   2.0199554e+00
   1.2400000e+03   1.8612029e+00   2.0196069e+00
   1.2410000e+03   1.8552057e+00   2.0192531e+00
   1.2420000e+03   1.8474833e+00   2.0201983e+00
   1.2430000e+03   1.8393396e+00   2.0210389e+00
   1.2440000e+03   1.8298532e+00   2.0231609e+00
   1.2450000e+03   1.8200137e+00   2.0263345e+00
   1.2460000e+03   1.8099588e+00   2.0305037e+00
   1.2470000e+03   1.7989707e+00   2.0355520e+00
   1.2480000e+03   1.7879778e+00   2.0403930e+00
   1.2490000e+03   1.7773418e+00   2.0460196e+00
   1.2500000e+03   1.7662886e+00   2.0505915e+00
   1.2510000e+03   1.7550309e+00   2.0548554e+00
   1.2520000e+03   1.7439974e+00   2.0595142e+00
   1.2530000e+03   1.7334585e+00   2.0642315e+00
   1.2540000e+03   1.7229575e+00   2.0687131e+00
   1.2550000e+03   1.7127656e+00   2.0733468e+00
   1.2560000e+03   1.7031659e+00   2.0775053e+00
   1.2570000e+03   1.6940176e+00   2.0812017e+00
   1.2580000e+03   1.6848662e+00   2.0846838e+00
   1.2590000e+03   1.6769231e+00   2.0887781e+00
   1.2600000e+03   1.6683822e+00   2.0919594e+00
   1.2610000e+03   1.6601188e+00   2.0950457e+00
   1.2620000e+03   1.6526213e+00   2.0981313e+00
   1.2630000e+03   1.6461613e+00   2.1010229e+00
   1.2640000e+03   1.6397866e+00   2.1037583e+00
   1.2650000e+03   1.6340559e+00   2.1062682e+00
   1.2660000e+03   1.6289290e+00   2.1090560e+00
   1.2670000e+03   1.6239970e+00   2.1114621e+00
   1.2680000e+03   1.6208055e+00   2.1135585e+00
   1.2690000e+03   1.6179102e+00   2.1157438e+00
   1.2700000e+03   1.6158109e+00   2.1175314e+00
   1.2710000e+03   1.6144251e+00   2.1195383e+00
   1.2720000e+03   1.6132987e+00   2.1213110e+00
   1.2730000e+03   1.6124616e+00   2.1226311e+00
   1.2740000e+03   1.6117131e+00   2.1233278e+00
   1.2750000e+03   1.6116001e+00   2.1227145e+00
   1.2760000e+03   1.6121109e+00   2.1213857e+00
   1.2770000e+03   1.6134582e+00   2.1198505e+00
   1.2780000e+03   1.6148061e+00   2.1171819e+00
   1.2790000e+03   1.6165133e+00   2.1137742e+00
   1.2800000e+03   1.6184254e+00   2.1094872e+00
   1.2810000e+03   1.6211459e+00   2.1043290e+00
   1.2820000e+03   1.6247744e+00   2.0985502e+00
   1.2830000e+03   1.6290679e+00   2.0916159e+00
   1.2840000e+03   1.6342195e+00   2.0841167e+00
   1.2850000e+03   1.6410206e+00   2.0767711e+00
   1.2860000e+03   1.6472835e+00   2.0687694e+00
   1.2870000e+03   1.6544987e+00   2.0593637e+00
   1.2880000e+03   1.6611225e+00   2.0498887e+00
   1.2890000e+03   1.6685674e+00   2.0397206e+00
   1.2900000e+03   1.6756788e+00   2.0296251e+00
   1.2910000e+03   1.6820557e+00   2.0196543e+00
   1.2920000e+03   1.6877433e+00   2.0095217e+00
   1.2930000e+03   1.6922265e+00   1.9999090e+00
   1.2940000e+03   1.6967977e+00   1.9897953e+00
   1.2950000e+03   1.7008976e+00   1.9806619e+00
   1.2960000e+03   1.7048700e+00   1.9718935e+00
   1.2970000e+03   1.7100103e+00   1.9640590e+00
   1.2980000e+03   1.7135064e+00   1.9552054e+00
   1.2990000e+03   1.7159595e+00   1.9465905e+00
   1.3000000e+03   1.7185093e+00   1.9381093e+00
   1.3010000e+03   1.7209240e+00   1.9295381e+00
   1.3020000e+03   1.7224413e+00   1.9217191e+00
   1.3030000e+03   1.7244121e+00   1.9134883e+00
   1.3040000e+03   1.7259500e+00   1.9060957e+00
   1.3050000e+03   1.7276219e+00   1.8991933e+00
   1.3060000e+03   1.7285335e+00   1.8932304e+00
   1.3070000e+03   1.7291151e+00   1.8882592e+00
   1.3080000e+03   1.7296417e+00   1.8835185e+00
   1.3090000e+03   1.7298265e+00   1.8780992e+00
   1.3100000e+03   1.7284824e+00   1.8750477e+00
   1.3110000e+03   1.7268450e+00   1.8718623e+00
   1.3120000e+03   1.7236277e+00   1.8699644e+00
   1.3130000e+03   1.7201814e+00   1.8684123e+00
   1.3140000e+03   1.7147719e+00   1.8682715e+00
   1.3150000e+03   1.7088619e+00   1.8682165e+00
   1.3160000e+03   1.7021437e+00   1.8685397e+00
   1.3170000e+03   1.6945320e+00   1.8696124e+00
   1.3180000e+03   1.6858305e+00   1.8719089e+00
   1.3190000e+03   1.6765014e+00   1.8746380e+00
   1.3200000e+03   1.6664233e+00   1.8776840e+00
   1.3210000e+03   1.6553735e+00   1.8800399e+00
   1.3220000e+03   1.6444105e+00   1.8836781e+00
   1.3230000e+03   1.6325895e+00   1.8867914e+00
   1.3240000e+03   1.6213481e+00   1.8901249e+00
   1.3250000e+03   1.6091773e+00   1.8931351e+00
   1.3260000e+03   1.5975493e+00   1.8955425e+00
   1.3270000e+03   1.5861178e+00   1.8984801e+00
   1.3280000e+03   1.5742013e+00   1.9005969e+00
   1.3290000e+03   1.5628707e+00   1.9027143e+00
   1.3300000e+03   1.5512182e+00   1.9041218e+00
   1.3310000e+03   1.5403023e+00   1.9059106e+00
   1.3320000e+03   1.5294266e+00   1.9069525e+00
   1.3330000e+03   1.5185001e+00   1.9079443e+00
   1.3340000e+03   1.5085417e+00   1.9079380e+00
   1.3350000e+03   1.4987557e+00   1.9077246e+00
   1.3360000e+03   1.4892650e+00   1.9064837e+00
   1.3370000e+03   1.4806121e+00   1.9052005e+00
   1.3380000e+03   1.4722078e+00   1.9037710e+00
   1.3390000e+03   1.4651388e+00   1.9024103e+00
   1.3400000e+03   1.4590988e+00   1.9005836e+00
   1.3410000e+03   1.4547825e+00   1.8990516e+00
   1.3420000e+03   1.4515120e+00   1.8976620e+00
   1.3430000e+03   1.4486641e+00   1.8959447e+00
   1.3440000e+03   1.4468683e+00   1.8936825e+00
   1.3450000e+03   1.4460577e+00   1.8902003e+00
   1.3460000e+03   1.4451137e+00   1.8866499e+00
   1.3470000e+03   1.4457415e+00   1.8816381e+00
   1.3480000e+03   1.4468890e+00   1.8767874e+00
   1.3490000e+03   1.4492631e+00   1.8711783e+00
   1.3500000e+03   1.4531431e+00   1.8649185e+00
   1.3510000e+03   1.4582489e+00   1.8578243e+00
   1.3520000e+03   1.4634598e+00   1.8507221e+00
   1.3530000e+03   1.4680656e+00   1.8429635e+00
   1.3540000e+03   1.4724282e+00   1.8346305e+00
   1.3550000e+03   1.4753245e+00   1.8263367e+00
   1.3560000e+03   1.4773139e+00   1.8179723e+00
   1.3570000e+03   1.4771956e+00   1.8093656e+00
   1.3580000e+03   1.4766804e+00   1.8025644e+00
   1.3590000e+03   1.4764690e+00   1.7954518e+00
   1.3600000e+03   1.4754514e+00   1.7878303e+00
   1.3610000e+03   1.4744468e+00   1.7809688e+00
   1.3620000e+03   1.4736777e+00   1.7751110e+00
   1.3630000e+03   1.4722562e+00   1.7701642e+00
   1.3640000e+03   1.4710959e+00   1.7662574e+00
   1.3650000e+03   1.4690652e+00   1.7630134e+00
   1.3660000e+03   1.4679732e+00   1.7609880e+00
   1.3670000e+03   1.4660201e+00   1.7597055e+00
   1.3680000e+03   1.4641975e+00   1.7591753e+00
   1.3690000e+03   1.4609440e+00   1.7600461e+00
   1.3700000e+03   1.4588631e+00   1.7607976e+00
   1.3710000e+03   1.4560716e+00   1.7627732e+00
   1.3720000e+03   1.4531626e+00   1.7654478e+00
   1.3730000e+03   1.4494315e+00   1.7693749e+00
   1.3740000e+03   1.4455464e+00   1.7737875e+00
   1.3750000e+03   1.4415360e+00   1.7778729e+00
   1.3760000e+03   1.4368096e+00   1.7826357e+00
   1.3770000e+03   1.4319553e+00   1.7874812e+00
   1.3780000e+03   1.4272599e+00   1.7930512e+00
   1.3790000e+03   1.4219127e+00   1.7982104e+00
   1.3800000e+03   1.4153813e+00   1.8031008e+00
   1.3810000e+03   1.4094307e+00   1.8096264e+00
   1.3820000e+03   1.4040582e+00   1.8138434e+00
   1.3830000e+03   1.3988962e+00   1.8182493e+00
   1.3840000e+03   1.3944704e+00   1.8219067e+00
   1.3850000e+03   1.3896004e+00   1.8261217e+00
   1.3860000e+03   1.3858815e+00   1.8303691e+00
   1.3870000e+03   1.3825754e+00   1.8337439e+00
   1.3880000e+03   1.3792124e+00   1.8382060e+00
   1.3890000e+03   1.3769371e+00   1.8424042e+00
   1.3900000e+03   1.3743320e+00   1.8469242e+00
   1.3910000e+03   1.3718908e+00   1.8514623e+00
   1.3920000e+03   1.3688196e+00   1.8557834e+00
   1.3930000e+03   1.3661712e+00   1.8604587e+00
   1.3940000e+03   1.3631130e+00   1.8648794e+00
   1.3950000e+03   1.3593484e+00   1.8689527e+00
   1.3960000e+03   1.3564079e+00   1.8726245e+00
   1.3970000e+03   1.3527711e+00   1.8768867e+00
   1.3980000e+03   1.3488808e+00   1.8809125e+00
   1.3990000e+03   1.3442306e+00   1.8844003e+00
   1.4000000e+03   1.3399443e+00   1.8876011e+00
   1.4010000e+03   1.3355637e+00   1.8908318e+00
   1.4020000e+03   1.3315530e+00   1.8936681e+00
   1.4030000e+03   1.3279730e+00   1.8961208e+00
   1.4040000e+03   1.3253518e+00   1.8977823e+00
   1.4050000e+03   1.3239434e+00   1.8991640e+00
   1.4060000e+03   1.3219021e+00   1.9001775e+00
   1.4070000e+03   1.3207309e+00   1.9006190e+00
   1.4080000e+03   1.3194166e+00   1.8990825e+00
   1.4090000e+03   1.3180398e+00   1.8964226e+00
   1.4100000e+03   1.3174444e+00   1.8918767e+00
   1.4110000e+03   1.3164081e+00   1.8864747e+00
   1.4120000e+03   1.3158230e+00   1.8799938e+00
   1.4130000e+03   1.3156895e+00   1.8727107e+00
   1.4140000e+03   1.3160161e+00   1.8640055e+00
   1.4150000e+03   1.3172407e+00   1.8544850e+00
   1.4160000e+03   1.3194802e+00   1.8447764e+00
   1.4170000e+03   1.3229832e+00   1.8343762e+00
   1.4180000e+03   1.3255187e+00   1.8239252e+00
   1.4190000e+03   1.3287412e+00   1.8137253e+00
   1.4200000e+03   1.3300337e+00   1.8038837e+00
   1.4210000e+03   1.3305943e+00   1.7954962e+00
   1.4220000e+03   1.3293464e+00   1.7873330e+00
   1.4230000e+03   1.3280764e+00   1.7797627e+00
   1.4240000e+03   1.3260821e+00   1.7743618e+00
   1.4250000e+03   1.3245768e+00   1.7686951e+00
   1.4260000e+03   1.3226929e+00   1.7631751e+00
   1.4270000e+03   1.3220011e+00   1.7581711e+00
   1.4280000e+03   1.3203777e+00   1.7537051e+00
   1.4290000e+03   1.3187959e+00   1.7496867e+00
   1.4300000e+03   1.3188791e+00   1.7449113e+00
   1.4310000e+03   1.3195584e+00   1.7413998e+00
   1.4320000e+03   1.3201095e+00   1.7383916e+00
   1.4330000e+03   1.3209128e+00   1.7363886e+00
   1.4340000e+03   1.3215053e+00   1.7344416e+00
   1.4350000e+03   1.3221957e+00   1.7333260e+00
   1.4360000e+03   1.3225165e+00   1.7327984e+00
   1.4370000e+03   1.3234591e+00   1.7322694e+00
   1.4380000e+03   1.3231535e+00   1.7326367e+00
   1.4390000e+03   1.3217344e+00   1.7331718e+00
   1.4400000e+03   1.3199151e+00   1.7338761e+00
   1.4410000e+03   1.3169793e+00   1.7353573e+00
   1.4420000e+03   1.3137995e+00   1.7370501e+00
   1.4430000e+03   1.3094866e+00   1.7390269e+00
   1.4440000e+03   1.3046444e+00   1.7413360e+00
   1.4450000e+03   1.2991860e+00   1.7442539e+00
   1.4460000e+03   1.2938993e+00   1.7475329e+00
   1.4470000e+03   1.2877067e+00   1.7516004e+00
   1.4480000e+03   1.2808526e+00   1.7555601e+00
   1.4490000e+03   1.2744454e+00   1.7600696e+00
   1.4500000e+03   1.2674624e+00   1.7641902e+00
   1.4510000e+03   1.2606819e+00   1.7683694e+00
   1.4520000e+03   1.2535102e+00   1.7716142e+00
   1.4530000e+03   1.2454201e+00   1.7753933e+00
   1.4540000e+03   1.2370612e+00   1.7780826e+00
   1.4550000e+03   1.2288989e+00   1.7806357e+00
   1.4560000e+03   1.2208277e+00   1.7824741e+00
   1.4570000e+03   1.2139004e+00   1.7832508e+00
   1.4580000e+03   1.2072453e+00   1.7838523e+00
   1.4590000e+03   1.2021738e+00   1.7831901e+00
   1.4600000e+03   1.1974742e+00   1.7818334e+00
   1.4610000e+03   1.1938034e+00   1.7801192e+00
   1.4620000e+03   1.1911911e+00   1.7772290e+00
   1.4630000e+03   1.1899396e+00   1.7749449e+00
   1.4640000e+03   1.1899098e+00   1.7721826e+00
   1.4650000e+03   1.1906883e+00   1.7674948e+00
   1.4660000e+03   1.1907668e+00   1.7650526e+00
   1.4670000e+03   1.1912337e+00   1.7620079e+00
   1.4680000e+03   1.1922853e+00   1.7576177e+00
   1.4690000e+03   1.1940483e+00   1.7518244e+00
   1.4700000e+03   1.1975329e+00   1.7443894e+00
   1.4710000e+03   1.2011766e+00   1.7363681e+00
   1.4720000e+03   1.2038427e+00   1.7275278e+00
   1.4730000e+03   1.2065385e+00   1.7175875e+00
   1.4740000e+03   1.2081410e+00   1.7075639e+00
   1.4750000e+03   1.2084291e+00   1.6971672e+00
   1.4760000e+03   1.2080660e+00   1.6857449e+00
   1.4770000e+03   1.2088482e+00   1.6744521e+00
   1.4780000e+03   1.2092068e+00   1.6652755e+00
   1.4790000e+03   1.2101631e+00   1.6567088e+00
   1.4800000e+03   1.2107441e+00   1.6498974e+00
   1.4810000e+03   1.2115200e+00   1.6440405e+00
   1.4820000e+03   1.2117610e+00   1.6409270e+00
   1.4830000e+03   1.2113542e+00   1.6381991e+00
   1.4840000e+03   1.2116048e+00   1.6370629e+00
   1.4850000e+03   1.2131462e+00   1.6361315e+00
   1.4860000e+03   1.2155657e+00   1.6351027e+00
   1.4870000e+03   1.2200326e+00   1.6337010e+00
   1.4880000e+03   1.2248138e+00   1.6326526e+00
   1.4890000e+03   1.2299153e+00   1.6321250e+00
   1.4900000e+03   1.2342462e+00   1.6310903e+00
   1.4910000e+03   1.2367149e+00   1.6309965e+00
   1.4920000e+03   1.2393987e+00   1.6309978e+00
   1.4930000e+03   1.2411187e+00   1.6312580e+00
   1.4940000e+03   1.2415116e+00   1.6320752e+00
   1.4950000e+03   1.2392475e+00   1.6336676e+00
   1.4960000e+03   1.2354264e+00   1.6356599e+00
   1.4970000e+03   1.2301933e+00   1.6385745e+00
   1.4980000e+03   1.2233144e+00   1.6415714e+00
   1.4990000e+03   1.2157424e+00   1.6456560e+00
   1.5000000e+03   1.2072508e+00   1.6505427e+00
   1.5010000e+03   1.1984347e+00   1.6558564e+00
   1.5020000e+03   1.1875345e+00   1.6621852e+00
   1.5030000e+03   1.1755789e+00   1.6678172e+00
   1.5040000e+03   1.1628074e+00   1.6730484e+00
   1.5050000e+03   1.1492266e+00   1.6778153e+00
   1.5060000e+03   1.1359542e+00   1.6820029e+00
   1.5070000e+03   1.1226078e+00   1.6857430e+00
   1.5080000e+03   1.1095220e+00   1.6895019e+00
   1.5090000e+03   1.0980198e+00   1.6915950e+00
   1.5100000e+03   1.0875513e+00   1.6914885e+00
   1.5110000e+03   1.0796421e+00   1.6894995e+00
   1.5120000e+03   1.0733155e+00   1.6842626e+00
   1.5130000e+03   1.0674495e+00   1.6764166e+00
   1.5140000e+03   1.0629051e+00   1.6684033e+00
   1.5150000e+03   1.0586114e+00   1.6586819e+00
   1.5160000e+03   1.0539928e+00   1.6471080e+00
   1.5170000e+03   1.0503730e+00   1.6336100e+00
   1.5180000e+03   1.0477578e+00   1.6193767e+00
   1.5190000e+03   1.0464226e+00   1.6036261e+00
   1.5200000e+03   1.0462370e+00   1.5865718e+00
   1.5210000e+03   1.0465987e+00   1.5694968e+00
   1.5220000e+03   1.0473290e+00   1.5517853e+00
   1.5230000e+03   1.0475556e+00   1.5350150e+00
   1.5240000e+03   1.0465077e+00   1.5195180e+00
   1.5250000e+03   1.0463228e+00   1.5027783e+00
   1.5260000e+03   1.0450538e+00   1.4899204e+00
   1.5270000e+03   1.0441297e+00   1.4777152e+00
   1.5280000e+03   1.0422627e+00   1.4666130e+00
   1.5290000e+03   1.0404449e+00   1.4556298e+00
   1.5300000e+03   1.0377375e+00   1.4455974e+00
   1.5310000e+03   1.0351049e+00   1.4365522e+00
   1.5320000e+03   1.0323234e+00   1.4287090e+00
   1.5330000e+03   1.0297019e+00   1.4217215e+00
   1.5340000e+03   1.0269839e+00   1.4152823e+00
   1.5350000e+03   1.0243165e+00   1.4096039e+00
   1.5360000e+03   1.0209601e+00   1.4053749e+00
   1.5370000e+03   1.0165025e+00   1.3996699e+00
   1.5380000e+03   1.0126153e+00   1.3961577e+00
   1.5390000e+03   1.0071301e+00   1.3937872e+00
   1.5400000e+03   1.0006723e+00   1.3920452e+00
   1.5410000e+03   9.9321906e-01   1.3904667e+00
   1.5420000e+03   9.8460605e-01   1.3893555e+00
   1.5430000e+03   9.7403931e-01   1.3883114e+00
   1.5440000e+03   9.6303514e-01   1.3876635e+00
   1.5450000e+03   9.5036319e-01   1.3883152e+00
   1.5460000e+03   9.3650387e-01   1.3894578e+00
   1.5470000e+03   9.2258791e-01   1.3918179e+00
   1.5480000e+03   9.0779417e-01   1.3942995e+00
   1.5490000e+03   8.9240658e-01   1.3978330e+00
   1.5500000e+03   8.7799858e-01   1.3997012e+00
   1.5510000e+03   8.6417783e-01   1.4011544e+00
   1.5520000e+03   8.5248533e-01   1.4015990e+00
   1.5530000e+03   8.4032767e-01   1.4006411e+00
   1.5540000e+03   8.3087065e-01   1.3995958e+00
   1.5550000e+03   8.2208499e-01   1.3970606e+00
   1.5560000e+03   8.1518214e-01   1.3945572e+00
   1.5570000e+03   8.1002777e-01   1.3914884e+00
   1.5580000e+03   8.0597241e-01   1.3876879e+00
   1.5590000e+03   8.0271918e-01   1.3822601e+00
   1.5600000e+03   8.0037256e-01   1.3760887e+00
   1.5610000e+03   7.9807847e-01   1.3667267e+00
   1.5620000e+03   7.9683475e-01   1.3576462e+00
   1.5630000e+03   7.9590078e-01   1.3465387e+00
   1.5640000e+03   7.9629080e-01   1.3343464e+00
   1.5650000e+03   7.9762214e-01   1.3202787e+00
   1.5660000e+03   7.9979129e-01   1.3056481e+00
   1.5670000e+03   8.0337160e-01   1.2900770e+00
   1.5680000e+03   8.0666137e-01   1.2737602e+00
   1.5690000e+03   8.1039559e-01   1.2565023e+00
   1.5700000e+03   8.1522163e-01   1.2407549e+00
   1.5710000e+03   8.1942548e-01   1.2244189e+00
   1.5720000e+03   8.2225484e-01   1.2090923e+00
   1.5730000e+03   8.2383137e-01   1.1926125e+00
   1.5740000e+03   8.2404878e-01   1.1784905e+00
   1.5750000e+03   8.2322419e-01   1.1657384e+00
   1.5760000e+03   8.2153342e-01   1.1542038e+00
   1.5770000e+03   8.1909200e-01   1.1447526e+00
   1.5780000e+03   8.1510817e-01   1.1365837e+00
   1.5790000e+03   8.1074667e-01   1.1292301e+00
   1.5800000e+03   8.0554848e-01   1.1216579e+00
   1.5810000e+03   7.9977562e-01   1.1149578e+00
   1.5820000e+03   7.9348937e-01   1.1083889e+00
   1.5830000e+03   7.8610666e-01   1.1025138e+00
   1.5840000e+03   7.7795110e-01   1.0980904e+00
   1.5850000e+03   7.6817901e-01   1.0937487e+00
   1.5860000e+03   7.5840702e-01   1.0908081e+00
   1.5870000e+03   7.4740461e-01   1.0881867e+00
   1.5880000e+03   7.3684514e-01   1.0857240e+00
   1.5890000e+03   7.2562454e-01   1.0831224e+00
   1.5900000e+03   7.1449653e-01   1.0809450e+00
   1.5910000e+03   7.0325512e-01   1.0787117e+00
   1.5920000e+03   6.9239394e-01   1.0762489e+00
   1.5930000e+03   6.8155906e-01   1.0740518e+00
   1.5940000e+03   6.7082992e-01   1.0718194e+00
   1.5950000e+03   6.6104739e-01   1.0694799e+00
   1.5960000e+03   6.5150335e-01   1.0670989e+00
   1.5970000e+03   6.4295411e-01   1.0644914e+00
   1.5980000e+03   6.3544801e-01   1.0603698e+00
   1.5990000e+03   6.2790311e-01   1.0550588e+00
   1.6000000e+03   6.2184921e-01   1.0479165e+00
   1.6010000e+03   6.1608697e-01   1.0403242e+00
   1.6020000e+03   6.1004040e-01   1.0311405e+00
   1.6030000e+03   6.0387612e-01   1.0196707e+00
   1.6040000e+03   5.9809416e-01   1.0060472e+00
   1.6050000e+03   5.9260165e-01   9.9115705e-01
   1.6060000e+03   5.8832331e-01   9.7457199e-01
   1.6070000e+03   5.8402406e-01   9.5645616e-01
   1.6080000e+03   5.8077886e-01   9.3732904e-01
   1.6090000e+03   5.7827919e-01   9.1733885e-01
   1.6100000e+03   5.7579593e-01   8.9777669e-01
   1.6110000e+03   5.7352091e-01   8.7662814e-01
   1.6120000e+03   5.7089853e-01   8.5572930e-01
   1.6130000e+03   5.6843237e-01   8.3452568e-01
   1.6140000e+03   5.6572915e-01   8.1451705e-01
   1.6150000e+03   5.6314469e-01   7.9548185e-01
   1.6160000e+03   5.5972937e-01   7.7826849e-01
   1.6170000e+03   5.5576028e-01   7.6220401e-01
   1.6180000e+03   5.5155405e-01   7.4798297e-01
   1.6190000e+03   5.4692148e-01   7.3559347e-01
   1.6200000e+03   5.4182372e-01   7.2485906e-01
   1.6210000e+03   5.3637842e-01   7.1494532e-01
   1.6220000e+03   5.2988563e-01   7.0712243e-01
   1.6230000e+03   5.2296554e-01   7.0001206e-01
   1.6240000e+03   5.1529643e-01   6.9443375e-01
   1.6250000e+03   5.0593073e-01   6.8885735e-01
   1.6260000e+03   4.9600381e-01   6.8439354e-01
   1.6270000e+03   4.8514933e-01   6.8029344e-01
   1.6280000e+03   4.7361271e-01   6.7696161e-01
   1.6290000e+03   4.6086301e-01   6.7409439e-01
   1.6300000e+03   4.4742360e-01   6.7017603e-01
   1.6310000e+03   4.3363023e-01   6.6563658e-01
   1.6320000e+03   4.2031424e-01   6.6202713e-01
   1.6330000e+03   4.0651145e-01   6.5771184e-01
   1.6340000e+03   3.9505805e-01   6.5330553e-01
   1.6350000e+03   3.8462040e-01   6.4781423e-01
   1.6360000e+03   3.7557883e-01   6.4187178e-01
   1.6370000e+03   3.6802724e-01   6.3413960e-01
   1.6380000e+03   3.6125545e-01   6.2631161e-01
   1.6390000e+03   3.5576354e-01   6.1721643e-01
   1.6400000e+03   3.5022925e-01   6.0570183e-01
   1.6410000e+03   3.4503596e-01   5.9190981e-01
   1.6420000e+03   3.4020860e-01   5.7497182e-01
   1.6430000e+03   3.3551763e-01   5.5544231e-01
   1.6440000e+03   3.3124460e-01   5.3320202e-01
   1.6450000e+03   3.2626636e-01   5.0948211e-01
   1.6460000e+03   3.2159723e-01   4.8369128e-01
   1.6470000e+03   3.1806367e-01   4.5959150e-01
   1.6480000e+03   3.1363907e-01   4.3278980e-01
   1.6490000e+03   3.0797120e-01   4.0365177e-01
   1.6500000e+03   3.0109429e-01   3.7552856e-01
   1.6510000e+03   2.9374470e-01   3.4836310e-01
   1.6520000e+03   2.8654459e-01   3.2198843e-01
   1.6530000e+03   2.7964842e-01   2.9862258e-01
   1.6540000e+03   2.7261112e-01   2.7663266e-01
   1.6550000e+03   2.6492150e-01   2.5637391e-01
   1.6560000e+03   2.5696166e-01   2.3757493e-01
   1.6570000e+03   2.4766091e-01   2.1498244e-01
   1.6580000e+03   2.3715678e-01   1.9850275e-01
   1.6590000e+03   2.2635265e-01   1.8193256e-01
   1.6600000e+03   2.1578933e-01   1.6708789e-01
   1.6610000e+03   2.0284007e-01   1.5352098e-01
   1.6620000e+03   1.8591780e-01   1.3819853e-01
