   2.5700000e+02  -1.5846745e+00   3.1528907e+00
   2.5800000e+02  -1.5852307e+00   3.1380837e+00
   2.5900000e+02  -1.5869353e+00   3.1231359e+00
   2.6000000e+02  -1.5884367e+00   3.1076496e+00
   2.6100000e+02  -1.5899640e+00   3.0927059e+00
   2.6200000e+02  -1.5907662e+00   3.0784572e+00
   2.6300000e+02  -1.5904283e+00   3.0646592e+00
   2.6400000e+02  -1.5888816e+00   3.0522395e+00
   2.6500000e+02  -1.5875258e+00   3.0405599e+00
   2.6600000e+02  -1.5849099e+00   3.0303579e+00
   2.6700000e+02  -1.5819136e+00   3.0214761e+00
   2.6800000e+02  -1.5780399e+00   3.0134596e+00
   2.6900000e+02  -1.5734709e+00   3.0071009e+00
   2.7000000e+02  -1.5685612e+00   3.0032780e+00
   2.7100000e+02  -1.5628032e+00   3.0006088e+00
   2.7200000e+02  -1.5571243e+00   2.9992909e+00
   2.7300000e+02  -1.5513982e+00   2.9984034e+00
   2.7400000e+02  -1.5456765e+00   2.9981797e+00
   2.7500000e+02  -1.5398332e+00   2.9977038e+00
   2.7600000e+02  -1.5350149e+00   2.9976456e+00
   2.7700000e+02  -1.5309837e+00   2.9982296e+00
   2.7800000e+02  -1.5264377e+00   2.9978128e+00
   2.7900000e+02  -1.5219090e+00   2.9987981e+00
   2.8000000e+02  -1.5181033e+00   3.0003480e+00
   2.8100000e+02  -1.5134491e+00   3.0024060e+00
   2.8200000e+02  -1.5084684e+00   3.0040059e+00
   2.8300000e+02  -1.5030078e+00   3.0062416e+00
   2.8400000e+02  -1.4962172e+00   3.0078810e+00
   2.8500000e+02  -1.4890112e+00   3.0101185e+00
   2.8600000e+02  -1.4811519e+00   3.0113405e+00
   2.8700000e+02  -1.4730997e+00   3.0129546e+00
   2.8800000e+02  -1.4652421e+00   3.0148910e+00
   2.8900000e+02  -1.4571574e+00   3.0171778e+00
   2.9000000e+02  -1.4493787e+00   3.0189423e+00
   2.9100000e+02  -1.4422250e+00   3.0211833e+00
   2.9200000e+02  -1.4358903e+00   3.0235117e+00
   2.9300000e+02  -1.4306140e+00   3.0258457e+00
   2.9400000e+02  -1.4258134e+00   3.0290021e+00
   2.9500000e+02  -1.4213466e+00   3.0322476e+00
   2.9600000e+02  -1.4167925e+00   3.0348169e+00
   2.9700000e+02  -1.4124720e+00   3.0372521e+00
   2.9800000e+02  -1.4081704e+00   3.0398822e+00
   2.9900000e+02  -1.4040724e+00   3.0424545e+00
   3.0000000e+02  -1.3996126e+00   3.0448091e+00
   3.0100000e+02  -1.3938744e+00   3.0468915e+00
   3.0200000e+02  -1.3883992e+00   3.0477065e+00
   3.0300000e+02  -1.3813468e+00   3.0479954e+00
   3.0400000e+02  -1.3750945e+00   3.0480944e+00
   3.0500000e+02  -1.3683414e+00   3.0480880e+00
   3.0600000e+02  -1.3624563e+00   3.0472978e+00
   3.0700000e+02  -1.3569817e+00   3.0464458e+00
   3.0800000e+02  -1.3525687e+00   3.0457859e+00
   3.0900000e+02  -1.3487007e+00   3.0449211e+00
   3.1000000e+02  -1.3452285e+00   3.0436129e+00
   3.1100000e+02  -1.3434749e+00   3.0424365e+00
   3.1200000e+02  -1.3419157e+00   3.0414212e+00
   3.1300000e+02  -1.3407039e+00   3.0400629e+00
   3.1400000e+02  -1.3399200e+00   3.0386350e+00
   3.1500000e+02  -1.3402260e+00   3.0372458e+00
   3.1600000e+02  -1.3398616e+00   3.0354864e+00
   3.1700000e+02  -1.3399691e+00   3.0337879e+00
   3.1800000e+02  -1.3394739e+00   3.0312482e+00
   3.1900000e+02  -1.3395520e+00   3.0288131e+00
   3.2000000e+02  -1.3399725e+00   3.0256419e+00
   3.2100000e+02  -1.3402308e+00   3.0228076e+00
   3.2200000e+02  -1.3413795e+00   3.0182012e+00
   3.2300000e+02  -1.3431205e+00   3.0132560e+00
   3.2400000e+02  -1.3463719e+00   3.0072531e+00
   3.2500000e+02  -1.3500643e+00   3.0003931e+00
   3.2600000e+02  -1.3545248e+00   2.9927815e+00
   3.2700000e+02  -1.3596031e+00   2.9836556e+00
   3.2800000e+02  -1.3661316e+00   2.9745831e+00
   3.2900000e+02  -1.3737224e+00   2.9643830e+00
   3.3000000e+02  -1.3813802e+00   2.9538561e+00
   3.3100000e+02  -1.3893051e+00   2.9436601e+00
   3.3200000e+02  -1.3981151e+00   2.9328340e+00
   3.3300000e+02  -1.4053704e+00   2.9216017e+00
   3.3400000e+02  -1.4123382e+00   2.9104985e+00
   3.3500000e+02  -1.4197622e+00   2.8990676e+00
   3.3600000e+02  -1.4255210e+00   2.8869156e+00
   3.3700000e+02  -1.4311904e+00   2.8742225e+00
   3.3800000e+02  -1.4352381e+00   2.8623627e+00
   3.3900000e+02  -1.4378035e+00   2.8530575e+00
   3.4000000e+02  -1.4397192e+00   2.8462825e+00
   3.4100000e+02  -1.4420592e+00   2.8421233e+00
   3.4200000e+02  -1.4450655e+00   2.8396305e+00
   3.4300000e+02  -1.4475324e+00   2.8382371e+00
   3.4400000e+02  -1.4502658e+00   2.8373694e+00
   3.4500000e+02  -1.4531307e+00   2.8370248e+00
   3.4600000e+02  -1.4568365e+00   2.8371970e+00
   3.4700000e+02  -1.4601605e+00   2.8380471e+00
   3.4800000e+02  -1.4624336e+00   2.8388779e+00
   3.4900000e+02  -1.4653811e+00   2.8406548e+00
   3.5000000e+02  -1.4661586e+00   2.8407269e+00
   3.5100000e+02  -1.4666744e+00   2.8406456e+00
   3.5200000e+02  -1.4681963e+00   2.8384475e+00
   3.5300000e+02  -1.4673631e+00   2.8390559e+00
   3.5400000e+02  -1.4659550e+00   2.8370459e+00
   3.5500000e+02  -1.4650196e+00   2.8336110e+00
   3.5600000e+02  -1.4630479e+00   2.8308548e+00
   3.5700000e+02  -1.4603053e+00   2.8276652e+00
   3.5800000e+02  -1.4565097e+00   2.8245545e+00
   3.5900000e+02  -1.4529514e+00   2.8206051e+00
   3.6000000e+02  -1.4493117e+00   2.8175240e+00
   3.6100000e+02  -1.4456210e+00   2.8143162e+00
   3.6200000e+02  -1.4409069e+00   2.8119642e+00
   3.6300000e+02  -1.4371696e+00   2.8097057e+00
   3.6400000e+02  -1.4326582e+00   2.8070784e+00
   3.6500000e+02  -1.4279854e+00   2.8050772e+00
   3.6600000e+02  -1.4222903e+00   2.8030287e+00
   3.6700000e+02  -1.4163401e+00   2.8011144e+00
   3.6800000e+02  -1.4084773e+00   2.7995168e+00
   3.6900000e+02  -1.4002901e+00   2.7981186e+00
   3.7000000e+02  -1.3903126e+00   2.7972411e+00
   3.7100000e+02  -1.3809017e+00   2.7971995e+00
   3.7200000e+02  -1.3699227e+00   2.7959637e+00
   3.7300000e+02  -1.3586389e+00   2.7953332e+00
   3.7400000e+02  -1.3484900e+00   2.7940396e+00
   3.7500000e+02  -1.3379188e+00   2.7923580e+00
   3.7600000e+02  -1.3290106e+00   2.7911160e+00
   3.7700000e+02  -1.3202640e+00   2.7893636e+00
   3.7800000e+02  -1.3122219e+00   2.7878988e+00
   3.7900000e+02  -1.3045148e+00   2.7865191e+00
   3.8000000e+02  -1.2974880e+00   2.7859766e+00
   3.8100000e+02  -1.2916949e+00   2.7851229e+00
   3.8200000e+02  -1.2863624e+00   2.7843335e+00
   3.8300000e+02  -1.2823309e+00   2.7837955e+00
   3.8400000e+02  -1.2789280e+00   2.7833945e+00
   3.8500000e+02  -1.2767981e+00   2.7836861e+00
   3.8600000e+02  -1.2749089e+00   2.7825643e+00
   3.8700000e+02  -1.2742312e+00   2.7827592e+00
   3.8800000e+02  -1.2738650e+00   2.7825481e+00
   3.8900000e+02  -1.2743117e+00   2.7822601e+00
   3.9000000e+02  -1.2753996e+00   2.7813490e+00
   3.9100000e+02  -1.2767529e+00   2.7804153e+00
   3.9200000e+02  -1.2780465e+00   2.7801286e+00
   3.9300000e+02  -1.2794801e+00   2.7800043e+00
   3.9400000e+02  -1.2804801e+00   2.7793881e+00
   3.9500000e+02  -1.2819967e+00   2.7795660e+00
   3.9600000e+02  -1.2835692e+00   2.7794153e+00
   3.9700000e+02  -1.2857465e+00   2.7804432e+00
   3.9800000e+02  -1.2879165e+00   2.7806210e+00
   3.9900000e+02  -1.2902025e+00   2.7805407e+00
   4.0000000e+02  -1.2925936e+00   2.7802038e+00
   4.0100000e+02  -1.2949019e+00   2.7802440e+00
   4.0200000e+02  -1.2970027e+00   2.7791830e+00
   4.0300000e+02  -1.2989062e+00   2.7791596e+00
   4.0400000e+02  -1.3007116e+00   2.7784103e+00
   4.0500000e+02  -1.3019606e+00   2.7782042e+00
   4.0600000e+02  -1.3028147e+00   2.7780852e+00
   4.0700000e+02  -1.3024568e+00   2.7773377e+00
   4.0800000e+02  -1.3019889e+00   2.7772218e+00
   4.0900000e+02  -1.3011919e+00   2.7763357e+00
   4.1000000e+02  -1.2984653e+00   2.7756634e+00
   4.1100000e+02  -1.2974200e+00   2.7761650e+00
   4.1200000e+02  -1.2948633e+00   2.7764247e+00
   4.1300000e+02  -1.2923495e+00   2.7766786e+00
   4.1400000e+02  -1.2896742e+00   2.7769695e+00
   4.1500000e+02  -1.2867592e+00   2.7772177e+00
   4.1600000e+02  -1.2836806e+00   2.7774084e+00
   4.1700000e+02  -1.2796061e+00   2.7772192e+00
   4.1800000e+02  -1.2750750e+00   2.7771474e+00
   4.1900000e+02  -1.2705760e+00   2.7767941e+00
   4.2000000e+02  -1.2653589e+00   2.7762396e+00
   4.2100000e+02  -1.2595589e+00   2.7746596e+00
   4.2200000e+02  -1.2550275e+00   2.7740416e+00
   4.2300000e+02  -1.2511006e+00   2.7734430e+00
   4.2400000e+02  -1.2483942e+00   2.7730931e+00
   4.2500000e+02  -1.2470838e+00   2.7718861e+00
   4.2600000e+02  -1.2460835e+00   2.7712110e+00
   4.2700000e+02  -1.2448468e+00   2.7691412e+00
   4.2800000e+02  -1.2440839e+00   2.7679181e+00
   4.2900000e+02  -1.2439329e+00   2.7653424e+00
   4.3000000e+02  -1.2437567e+00   2.7614756e+00
   4.3100000e+02  -1.2438764e+00   2.7573720e+00
   4.3200000e+02  -1.2441713e+00   2.7518100e+00
   4.3300000e+02  -1.2462312e+00   2.7449142e+00
   4.3400000e+02  -1.2479559e+00   2.7370855e+00
   4.3500000e+02  -1.2510471e+00   2.7287581e+00
   4.3600000e+02  -1.2549156e+00   2.7193546e+00
   4.3700000e+02  -1.2591860e+00   2.7102665e+00
   4.3800000e+02  -1.2636464e+00   2.7007439e+00
   4.3900000e+02  -1.2684376e+00   2.6903970e+00
   4.4000000e+02  -1.2726941e+00   2.6802958e+00
   4.4100000e+02  -1.2774991e+00   2.6702416e+00
   4.4200000e+02  -1.2820543e+00   2.6606689e+00
   4.4300000e+02  -1.2865205e+00   2.6514021e+00
   4.4400000e+02  -1.2917512e+00   2.6426181e+00
   4.4500000e+02  -1.2979011e+00   2.6346260e+00
   4.4600000e+02  -1.3029712e+00   2.6270976e+00
   4.4700000e+02  -1.3082167e+00   2.6194689e+00
   4.4800000e+02  -1.3131920e+00   2.6117312e+00
   4.4900000e+02  -1.3172824e+00   2.6046983e+00
   4.5000000e+02  -1.3200166e+00   2.5984252e+00
   4.5100000e+02  -1.3216226e+00   2.5943854e+00
   4.5200000e+02  -1.3204174e+00   2.5926008e+00
   4.5300000e+02  -1.3163283e+00   2.5923477e+00
   4.5400000e+02  -1.3091841e+00   2.5953131e+00
   4.5500000e+02  -1.3004528e+00   2.6009037e+00
   4.5600000e+02  -1.2891652e+00   2.6078108e+00
   4.5700000e+02  -1.2763150e+00   2.6157438e+00
   4.5800000e+02  -1.2643654e+00   2.6226217e+00
   4.5900000e+02  -1.2527092e+00   2.6295032e+00
   4.6000000e+02  -1.2422604e+00   2.6355699e+00
   4.6100000e+02  -1.2328572e+00   2.6411550e+00
   4.6200000e+02  -1.2241640e+00   2.6460044e+00
   4.6300000e+02  -1.2168561e+00   2.6512843e+00
   4.6400000e+02  -1.2094160e+00   2.6562096e+00
   4.6500000e+02  -1.2031784e+00   2.6614276e+00
   4.6600000e+02  -1.1972665e+00   2.6659912e+00
   4.6700000e+02  -1.1915472e+00   2.6703174e+00
   4.6800000e+02  -1.1869961e+00   2.6738266e+00
   4.6900000e+02  -1.1819435e+00   2.6774638e+00
   4.7000000e+02  -1.1787203e+00   2.6793150e+00
   4.7100000e+02  -1.1774532e+00   2.6813916e+00
   4.7200000e+02  -1.1772098e+00   2.6822246e+00
   4.7300000e+02  -1.1784266e+00   2.6825599e+00
   4.7400000e+02  -1.1797157e+00   2.6819455e+00
   4.7500000e+02  -1.1815103e+00   2.6807930e+00
   4.7600000e+02  -1.1835440e+00   2.6793789e+00
   4.7700000e+02  -1.1865285e+00   2.6778091e+00
   4.7800000e+02  -1.1897032e+00   2.6751278e+00
   4.7900000e+02  -1.1935302e+00   2.6722573e+00
   4.8000000e+02  -1.1972177e+00   2.6686429e+00
   4.8100000e+02  -1.2017688e+00   2.6639591e+00
   4.8200000e+02  -1.2057662e+00   2.6598634e+00
   4.8300000e+02  -1.2092872e+00   2.6549977e+00
   4.8400000e+02  -1.2130973e+00   2.6502996e+00
   4.8500000e+02  -1.2165627e+00   2.6446819e+00
   4.8600000e+02  -1.2206751e+00   2.6394966e+00
   4.8700000e+02  -1.2248947e+00   2.6332805e+00
   4.8800000e+02  -1.2290880e+00   2.6272074e+00
   4.8900000e+02  -1.2332704e+00   2.6210237e+00
   4.9000000e+02  -1.2376186e+00   2.6139374e+00
   4.9100000e+02  -1.2420622e+00   2.6069356e+00
   4.9200000e+02  -1.2455902e+00   2.6004441e+00
   4.9300000e+02  -1.2482261e+00   2.5935166e+00
   4.9400000e+02  -1.2512543e+00   2.5866571e+00
   4.9500000e+02  -1.2539358e+00   2.5787485e+00
   4.9600000e+02  -1.2553991e+00   2.5723598e+00
   4.9700000e+02  -1.2565628e+00   2.5665969e+00
   4.9800000e+02  -1.2563539e+00   2.5614631e+00
   4.9900000e+02  -1.2552475e+00   2.5577048e+00
   5.0000000e+02  -1.2527308e+00   2.5551900e+00
   5.0100000e+02  -1.2490093e+00   2.5544449e+00
   5.0200000e+02  -1.2443140e+00   2.5553067e+00
   5.0300000e+02  -1.2385962e+00   2.5574838e+00
   5.0400000e+02  -1.2322089e+00   2.5614423e+00
   5.0500000e+02  -1.2246242e+00   2.5672297e+00
   5.0600000e+02  -1.2177678e+00   2.5729346e+00
   5.0700000e+02  -1.2116768e+00   2.5789943e+00
   5.0800000e+02  -1.2062465e+00   2.5852353e+00
   5.0900000e+02  -1.2017674e+00   2.5913130e+00
   5.1000000e+02  -1.1976702e+00   2.5961299e+00
   5.1100000e+02  -1.1940979e+00   2.6002938e+00
   5.1200000e+02  -1.1911941e+00   2.6038632e+00
   5.1300000e+02  -1.1884055e+00   2.6067621e+00
   5.1400000e+02  -1.1863874e+00   2.6096697e+00
   5.1500000e+02  -1.1849467e+00   2.6129799e+00
   5.1600000e+02  -1.1838730e+00   2.6165639e+00
   5.1700000e+02  -1.1839825e+00   2.6205401e+00
   5.1800000e+02  -1.1818748e+00   2.6243011e+00
   5.1900000e+02  -1.1800976e+00   2.6286670e+00
   5.2000000e+02  -1.1777863e+00   2.6324697e+00
   5.2100000e+02  -1.1751688e+00   2.6373312e+00
   5.2200000e+02  -1.1710660e+00   2.6419311e+00
   5.2300000e+02  -1.1671100e+00   2.6468798e+00
   5.2400000e+02  -1.1626065e+00   2.6515858e+00
   5.2500000e+02  -1.1576987e+00   2.6563110e+00
   5.2600000e+02  -1.1528215e+00   2.6610230e+00
   5.2700000e+02  -1.1477036e+00   2.6661667e+00
   5.2800000e+02  -1.1427321e+00   2.6702146e+00
   5.2900000e+02  -1.1381416e+00   2.6737526e+00
   5.3000000e+02  -1.1345329e+00   2.6759513e+00
   5.3100000e+02  -1.1321545e+00   2.6783452e+00
   5.3200000e+02  -1.1309578e+00   2.6798338e+00
   5.3300000e+02  -1.1307304e+00   2.6810938e+00
   5.3400000e+02  -1.1317494e+00   2.6813288e+00
   5.3500000e+02  -1.1329002e+00   2.6797943e+00
   5.3600000e+02  -1.1349118e+00   2.6776475e+00
   5.3700000e+02  -1.1378960e+00   2.6733607e+00
   5.3800000e+02  -1.1422563e+00   2.6677613e+00
   5.3900000e+02  -1.1473742e+00   2.6607139e+00
   5.4000000e+02  -1.1533210e+00   2.6521128e+00
   5.4100000e+02  -1.1598822e+00   2.6416658e+00
   5.4200000e+02  -1.1664768e+00   2.6310407e+00
   5.4300000e+02  -1.1725534e+00   2.6207556e+00
   5.4400000e+02  -1.1790400e+00   2.6095854e+00
   5.4500000e+02  -1.1853576e+00   2.5988466e+00
   5.4600000e+02  -1.1918394e+00   2.5887866e+00
   5.4700000e+02  -1.1982138e+00   2.5795967e+00
   5.4800000e+02  -1.2046515e+00   2.5707340e+00
   5.4900000e+02  -1.2116295e+00   2.5625698e+00
   5.5000000e+02  -1.2172855e+00   2.5547983e+00
   5.5100000e+02  -1.2232111e+00   2.5475066e+00
   5.5200000e+02  -1.2284316e+00   2.5406987e+00
   5.5300000e+02  -1.2339947e+00   2.5340886e+00
   5.5400000e+02  -1.2389218e+00   2.5287090e+00
   5.5500000e+02  -1.2437287e+00   2.5232622e+00
   5.5600000e+02  -1.2477885e+00   2.5182078e+00
   5.5700000e+02  -1.2519540e+00   2.5135030e+00
   5.5800000e+02  -1.2550428e+00   2.5088399e+00
   5.5900000e+02  -1.2577957e+00   2.5036626e+00
   5.6000000e+02  -1.2604346e+00   2.4991128e+00
   5.6100000e+02  -1.2628525e+00   2.4945000e+00
   5.6200000e+02  -1.2646841e+00   2.4905441e+00
   5.6300000e+02  -1.2660159e+00   2.4868666e+00
   5.6400000e+02  -1.2667809e+00   2.4841069e+00
   5.6500000e+02  -1.2671388e+00   2.4815790e+00
   5.6600000e+02  -1.2655597e+00   2.4789204e+00
   5.6700000e+02  -1.2638269e+00   2.4766176e+00
   5.6800000e+02  -1.2616638e+00   2.4744220e+00
   5.6900000e+02  -1.2585013e+00   2.4728435e+00
   5.7000000e+02  -1.2544872e+00   2.4717978e+00
   5.7100000e+02  -1.2503409e+00   2.4710595e+00
   5.7200000e+02  -1.2453899e+00   2.4701340e+00
   5.7300000e+02  -1.2403599e+00   2.4697905e+00
   5.7400000e+02  -1.2351265e+00   2.4691491e+00
   5.7500000e+02  -1.2298536e+00   2.4687304e+00
   5.7600000e+02  -1.2246423e+00   2.4680454e+00
   5.7700000e+02  -1.2173102e+00   2.4680936e+00
   5.7800000e+02  -1.2120115e+00   2.4673084e+00
   5.7900000e+02  -1.2061515e+00   2.4661192e+00
   5.8000000e+02  -1.2004342e+00   2.4653902e+00
   5.8100000e+02  -1.1945407e+00   2.4642270e+00
   5.8200000e+02  -1.1888031e+00   2.4637847e+00
   5.8300000e+02  -1.1833754e+00   2.4630862e+00
   5.8400000e+02  -1.1774686e+00   2.4619145e+00
   5.8500000e+02  -1.1712579e+00   2.4610191e+00
   5.8600000e+02  -1.1651761e+00   2.4605699e+00
   5.8700000e+02  -1.1594124e+00   2.4593237e+00
   5.8800000e+02  -1.1533551e+00   2.4585977e+00
   5.8900000e+02  -1.1475593e+00   2.4587942e+00
   5.9000000e+02  -1.1417821e+00   2.4578682e+00
   5.9100000e+02  -1.1357080e+00   2.4573790e+00
   5.9200000e+02  -1.1298002e+00   2.4576300e+00
   5.9300000e+02  -1.1240092e+00   2.4576952e+00
   5.9400000e+02  -1.1177021e+00   2.4580932e+00
   5.9500000e+02  -1.1112925e+00   2.4581653e+00
   5.9600000e+02  -1.1048990e+00   2.4582966e+00
   5.9700000e+02  -1.0991358e+00   2.4582443e+00
   5.9800000e+02  -1.0931196e+00   2.4582290e+00
   5.9900000e+02  -1.0881954e+00   2.4577199e+00
   6.0000000e+02  -1.0834487e+00   2.4570451e+00
   6.0100000e+02  -1.0800256e+00   2.4565498e+00
   6.0200000e+02  -1.0783107e+00   2.4548574e+00
   6.0300000e+02  -1.0766571e+00   2.4533046e+00
   6.0400000e+02  -1.0755907e+00   2.4504822e+00
   6.0500000e+02  -1.0745199e+00   2.4468982e+00
   6.0600000e+02  -1.0740254e+00   2.4423520e+00
   6.0700000e+02  -1.0744013e+00   2.4382759e+00
   6.0800000e+02  -1.0759145e+00   2.4338469e+00
   6.0900000e+02  -1.0776085e+00   2.4290343e+00
   6.1000000e+02  -1.0808979e+00   2.4233075e+00
   6.1100000e+02  -1.0853255e+00   2.4174065e+00
   6.1200000e+02  -1.0897421e+00   2.4104975e+00
   6.1300000e+02  -1.0957295e+00   2.4044939e+00
   6.1400000e+02  -1.1005509e+00   2.3972190e+00
   6.1500000e+02  -1.1054406e+00   2.3893983e+00
   6.1600000e+02  -1.1102888e+00   2.3821529e+00
   6.1700000e+02  -1.1156449e+00   2.3745221e+00
   6.1800000e+02  -1.1211504e+00   2.3668892e+00
   6.1900000e+02  -1.1266898e+00   2.3592399e+00
   6.2000000e+02  -1.1320593e+00   2.3506838e+00
   6.2100000e+02  -1.1373668e+00   2.3432718e+00
   6.2200000e+02  -1.1415748e+00   2.3354475e+00
   6.2300000e+02  -1.1460296e+00   2.3281237e+00
   6.2400000e+02  -1.1493424e+00   2.3213044e+00
   6.2500000e+02  -1.1515012e+00   2.3159110e+00
   6.2600000e+02  -1.1511839e+00   2.3124910e+00
   6.2700000e+02  -1.1497535e+00   2.3105332e+00
   6.2800000e+02  -1.1483059e+00   2.3084362e+00
   6.2900000e+02  -1.1470365e+00   2.3073261e+00
   6.3000000e+02  -1.1452020e+00   2.3057634e+00
   6.3100000e+02  -1.1440651e+00   2.3042818e+00
   6.3200000e+02  -1.1430208e+00   2.3023090e+00
   6.3300000e+02  -1.1429314e+00   2.2996345e+00
   6.3400000e+02  -1.1434514e+00   2.2961409e+00
   6.3500000e+02  -1.1443951e+00   2.2920936e+00
   6.3600000e+02  -1.1451027e+00   2.2873531e+00
   6.3700000e+02  -1.1459590e+00   2.2829868e+00
   6.3800000e+02  -1.1457179e+00   2.2784295e+00
   6.3900000e+02  -1.1443477e+00   2.2732670e+00
   6.4000000e+02  -1.1431027e+00   2.2686904e+00
   6.4100000e+02  -1.1409719e+00   2.2644726e+00
   6.4200000e+02  -1.1373959e+00   2.2604412e+00
   6.4300000e+02  -1.1329571e+00   2.2572375e+00
   6.4400000e+02  -1.1271850e+00   2.2548797e+00
   6.4500000e+02  -1.1202870e+00   2.2535422e+00
   6.4600000e+02  -1.1126364e+00   2.2526139e+00
   6.4700000e+02  -1.1034361e+00   2.2529208e+00
   6.4800000e+02  -1.0935953e+00   2.2538079e+00
   6.4900000e+02  -1.0827662e+00   2.2555659e+00
   6.5000000e+02  -1.0714439e+00   2.2577110e+00
   6.5100000e+02  -1.0590540e+00   2.2603308e+00
   6.5200000e+02  -1.0453909e+00   2.2640261e+00
   6.5300000e+02  -1.0322042e+00   2.2679269e+00
   6.5400000e+02  -1.0194345e+00   2.2720451e+00
   6.5500000e+02  -1.0063700e+00   2.2761791e+00
   6.5600000e+02  -9.9380756e-01   2.2796347e+00
   6.5700000e+02  -9.8269083e-01   2.2823646e+00
   6.5800000e+02  -9.7179640e-01   2.2843337e+00
   6.5900000e+02  -9.6141383e-01   2.2856532e+00
   6.6000000e+02  -9.5187345e-01   2.2858935e+00
   6.6100000e+02  -9.4422365e-01   2.2847385e+00
   6.6200000e+02  -9.3695301e-01   2.2834775e+00
   6.6300000e+02  -9.3098118e-01   2.2817926e+00
   6.6400000e+02  -9.2571964e-01   2.2793863e+00
   6.6500000e+02  -9.2071995e-01   2.2761758e+00
   6.6600000e+02  -9.1604844e-01   2.2720511e+00
   6.6700000e+02  -9.1220237e-01   2.2667086e+00
   6.6800000e+02  -9.0874184e-01   2.2610081e+00
   6.6900000e+02  -9.0699647e-01   2.2546643e+00
   6.7000000e+02  -9.0637236e-01   2.2474720e+00
   6.7100000e+02  -9.0695558e-01   2.2400053e+00
   6.7200000e+02  -9.0805947e-01   2.2324586e+00
   6.7300000e+02  -9.0999604e-01   2.2242756e+00
   6.7400000e+02  -9.1214883e-01   2.2152073e+00
   6.7500000e+02  -9.1388373e-01   2.2059107e+00
   6.7600000e+02  -9.1674363e-01   2.1959831e+00
   6.7700000e+02  -9.1982783e-01   2.1859961e+00
   6.7800000e+02  -9.2272515e-01   2.1769087e+00
   6.7900000e+02  -9.2552405e-01   2.1683573e+00
   6.8000000e+02  -9.2837853e-01   2.1609215e+00
   6.8100000e+02  -9.3084217e-01   2.1531864e+00
   6.8200000e+02  -9.3328426e-01   2.1466601e+00
   6.8300000e+02  -9.3539350e-01   2.1408804e+00
   6.8400000e+02  -9.3705985e-01   2.1361154e+00
   6.8500000e+02  -9.3834249e-01   2.1316952e+00
   6.8600000e+02  -9.3962051e-01   2.1279798e+00
   6.8700000e+02  -9.4016700e-01   2.1248168e+00
   6.8800000e+02  -9.4064629e-01   2.1213097e+00
   6.8900000e+02  -9.4122558e-01   2.1186372e+00
   6.9000000e+02  -9.4186041e-01   2.1156948e+00
   6.9100000e+02  -9.4228094e-01   2.1130839e+00
   6.9200000e+02  -9.4362051e-01   2.1105683e+00
   6.9300000e+02  -9.4492236e-01   2.1081010e+00
   6.9400000e+02  -9.4603494e-01   2.1055835e+00
   6.9500000e+02  -9.4708611e-01   2.1034098e+00
   6.9600000e+02  -9.4833579e-01   2.1004868e+00
   6.9700000e+02  -9.5024754e-01   2.0978335e+00
   6.9800000e+02  -9.5161846e-01   2.0949288e+00
   6.9900000e+02  -9.5284043e-01   2.0925171e+00
   7.0000000e+02  -9.5490382e-01   2.0899033e+00
   7.0100000e+02  -9.5660434e-01   2.0875227e+00
   7.0200000e+02  -9.5820613e-01   2.0849307e+00
   7.0300000e+02  -9.5989387e-01   2.0821035e+00
   7.0400000e+02  -9.6104705e-01   2.0800599e+00
   7.0500000e+02  -9.6214057e-01   2.0776405e+00
   7.0600000e+02  -9.6296748e-01   2.0760067e+00
   7.0700000e+02  -9.6309601e-01   2.0750263e+00
   7.0800000e+02  -9.6267885e-01   2.0745550e+00
   7.0900000e+02  -9.6275909e-01   2.0754421e+00
   7.1000000e+02  -9.6072885e-01   2.0772655e+00
   7.1100000e+02  -9.5876647e-01   2.0806549e+00
   7.1200000e+02  -9.5497782e-01   2.0845947e+00
   7.1300000e+02  -9.5083985e-01   2.0903578e+00
   7.1400000e+02  -9.4583360e-01   2.0971422e+00
   7.1500000e+02  -9.4009570e-01   2.1042195e+00
   7.1600000e+02  -9.3431876e-01   2.1120058e+00
   7.1700000e+02  -9.2843175e-01   2.1205281e+00
   7.1800000e+02  -9.2211497e-01   2.1287359e+00
   7.1900000e+02  -9.1571159e-01   2.1364216e+00
   7.2000000e+02  -9.1051496e-01   2.1441941e+00
   7.2100000e+02  -9.0490202e-01   2.1531760e+00
   7.2200000e+02  -9.0055481e-01   2.1592423e+00
   7.2300000e+02  -8.9564313e-01   2.1658402e+00
   7.2400000e+02  -8.9146925e-01   2.1712657e+00
   7.2500000e+02  -8.8747899e-01   2.1768456e+00
   7.2600000e+02  -8.8387701e-01   2.1813171e+00
   7.2700000e+02  -8.8144558e-01   2.1855602e+00
   7.2800000e+02  -8.7923475e-01   2.1888908e+00
   7.2900000e+02  -8.7714803e-01   2.1922141e+00
   7.3000000e+02  -8.7553528e-01   2.1950238e+00
   7.3100000e+02  -8.7342998e-01   2.1973526e+00
   7.3200000e+02  -8.7124297e-01   2.1996360e+00
   7.3300000e+02  -8.6949766e-01   2.2026401e+00
   7.3400000e+02  -8.6683945e-01   2.2044758e+00
   7.3500000e+02  -8.6431707e-01   2.2061413e+00
   7.3600000e+02  -8.6050895e-01   2.2083972e+00
   7.3700000e+02  -8.5671955e-01   2.2101234e+00
   7.3800000e+02  -8.5230341e-01   2.2121788e+00
   7.3900000e+02  -8.4759924e-01   2.2145144e+00
   7.4000000e+02  -8.4293389e-01   2.2172243e+00
   7.4100000e+02  -8.3783698e-01   2.2195077e+00
   7.4200000e+02  -8.3368388e-01   2.2225643e+00
   7.4300000e+02  -8.2876674e-01   2.2252677e+00
   7.4400000e+02  -8.2431795e-01   2.2277005e+00
   7.4500000e+02  -8.2031598e-01   2.2304510e+00
   7.4600000e+02  -8.1614873e-01   2.2321449e+00
   7.4700000e+02  -8.1325037e-01   2.2340662e+00
   7.4800000e+02  -8.1128079e-01   2.2348122e+00
   7.4900000e+02  -8.1045977e-01   2.2346943e+00
   7.5000000e+02  -8.1179142e-01   2.2339379e+00
   7.5100000e+02  -8.1390451e-01   2.2324089e+00
   7.5200000e+02  -8.1668216e-01   2.2298505e+00
   7.5300000e+02  -8.2054281e-01   2.2268128e+00
   7.5400000e+02  -8.2478296e-01   2.2229852e+00
   7.5500000e+02  -8.2953256e-01   2.2183030e+00
   7.5600000e+02  -8.3438217e-01   2.2128650e+00
   7.5700000e+02  -8.3976918e-01   2.2068592e+00
   7.5800000e+02  -8.4607640e-01   2.1996104e+00
   7.5900000e+02  -8.5233637e-01   2.1919286e+00
   7.6000000e+02  -8.5824286e-01   2.1841829e+00
   7.6100000e+02  -8.6411214e-01   2.1757296e+00
   7.6200000e+02  -8.6939247e-01   2.1674700e+00
   7.6300000e+02  -8.7544351e-01   2.1578285e+00
   7.6400000e+02  -8.8095258e-01   2.1476129e+00
   7.6500000e+02  -8.8629798e-01   2.1377247e+00
   7.6600000e+02  -8.9110234e-01   2.1269609e+00
   7.6700000e+02  -8.9600115e-01   2.1170860e+00
   7.6800000e+02  -9.0077340e-01   2.1080634e+00
   7.6900000e+02  -9.0519868e-01   2.0984461e+00
   7.7000000e+02  -9.0904637e-01   2.0896485e+00
   7.7100000e+02  -9.1260347e-01   2.0814555e+00
   7.7200000e+02  -9.1529354e-01   2.0739475e+00
   7.7300000e+02  -9.1755958e-01   2.0669758e+00
   7.7400000e+02  -9.1926384e-01   2.0615326e+00
   7.7500000e+02  -9.2101185e-01   2.0568919e+00
   7.7600000e+02  -9.2246076e-01   2.0525086e+00
   7.7700000e+02  -9.2326905e-01   2.0486900e+00
   7.7800000e+02  -9.2348913e-01   2.0451027e+00
   7.7900000e+02  -9.2330044e-01   2.0423383e+00
   7.8000000e+02  -9.2173528e-01   2.0408944e+00
   7.8100000e+02  -9.1917995e-01   2.0400115e+00
   7.8200000e+02  -9.1554051e-01   2.0405627e+00
   7.8300000e+02  -9.1099985e-01   2.0423520e+00
   7.8400000e+02  -9.0663900e-01   2.0458847e+00
   7.8500000e+02  -9.0053514e-01   2.0510207e+00
   7.8600000e+02  -8.9338096e-01   2.0574428e+00
   7.8700000e+02  -8.8584365e-01   2.0650706e+00
   7.8800000e+02  -8.7701225e-01   2.0734321e+00
   7.8900000e+02  -8.6699253e-01   2.0831896e+00
   7.9000000e+02  -8.5611403e-01   2.0930512e+00
   7.9100000e+02  -8.4466422e-01   2.1039388e+00
   7.9200000e+02  -8.3211070e-01   2.1136331e+00
   7.9300000e+02  -8.1988158e-01   2.1246520e+00
   7.9400000e+02  -8.0830742e-01   2.1322517e+00
   7.9500000e+02  -7.9828414e-01   2.1393487e+00
   7.9600000e+02  -7.9080511e-01   2.1448710e+00
   7.9700000e+02  -7.8624610e-01   2.1480320e+00
   7.9800000e+02  -7.8360086e-01   2.1499353e+00
   7.9900000e+02  -7.8283580e-01   2.1513863e+00
   8.0000000e+02  -7.8373025e-01   2.1514391e+00
   8.0100000e+02  -7.8496186e-01   2.1507248e+00
   8.0200000e+02  -7.8639723e-01   2.1489748e+00
   8.0300000e+02  -7.8831324e-01   2.1464142e+00
   8.0400000e+02  -7.8997614e-01   2.1424115e+00
   8.0500000e+02  -7.9288614e-01   2.1378334e+00
   8.0600000e+02  -7.9431781e-01   2.1327704e+00
   8.0700000e+02  -7.9753910e-01   2.1261874e+00
   8.0800000e+02  -8.0130964e-01   2.1199657e+00
   8.0900000e+02  -8.0551118e-01   2.1128567e+00
   8.1000000e+02  -8.1095549e-01   2.1059910e+00
   8.1100000e+02  -8.1623814e-01   2.0988929e+00
   8.1200000e+02  -8.2164995e-01   2.0920016e+00
   8.1300000e+02  -8.2693408e-01   2.0853649e+00
   8.1400000e+02  -8.3220481e-01   2.0785956e+00
   8.1500000e+02  -8.3742592e-01   2.0717343e+00
   8.1600000e+02  -8.4308741e-01   2.0649550e+00
   8.1700000e+02  -8.4852699e-01   2.0569919e+00
   8.1800000e+02  -8.5406271e-01   2.0504115e+00
   8.1900000e+02  -8.5896882e-01   2.0430070e+00
   8.2000000e+02  -8.6463625e-01   2.0359096e+00
   8.2100000e+02  -8.7059262e-01   2.0285457e+00
   8.2200000e+02  -8.7688137e-01   2.0205385e+00
   8.2300000e+02  -8.8313766e-01   2.0126578e+00
   8.2400000e+02  -8.8956279e-01   2.0038290e+00
   8.2500000e+02  -8.9592587e-01   1.9956242e+00
   8.2600000e+02  -9.0177796e-01   1.9870418e+00
   8.2700000e+02  -9.0653448e-01   1.9788348e+00
   8.2800000e+02  -9.1152363e-01   1.9712251e+00
   8.2900000e+02  -9.1579701e-01   1.9629617e+00
   8.3000000e+02  -9.1994440e-01   1.9566819e+00
   8.3100000e+02  -9.2329008e-01   1.9516448e+00
   8.3200000e+02  -9.2589176e-01   1.9467410e+00
   8.3300000e+02  -9.2868025e-01   1.9423755e+00
   8.3400000e+02  -9.3126128e-01   1.9391689e+00
   8.3500000e+02  -9.3326341e-01   1.9364637e+00
   8.3600000e+02  -9.3449287e-01   1.9342280e+00
   8.3700000e+02  -9.3496906e-01   1.9322418e+00
   8.3800000e+02  -9.3511083e-01   1.9317626e+00
   8.3900000e+02  -9.3406494e-01   1.9314299e+00
   8.4000000e+02  -9.3273272e-01   1.9322697e+00
   8.4100000e+02  -9.3064388e-01   1.9329882e+00
   8.4200000e+02  -9.2819864e-01   1.9343258e+00
   8.4300000e+02  -9.2492299e-01   1.9357651e+00
   8.4400000e+02  -9.2022354e-01   1.9368428e+00
   8.4500000e+02  -9.1569419e-01   1.9383019e+00
   8.4600000e+02  -9.1026629e-01   1.9394255e+00
   8.4700000e+02  -9.0301032e-01   1.9407101e+00
   8.4800000e+02  -8.9507050e-01   1.9425350e+00
   8.4900000e+02  -8.8592947e-01   1.9444899e+00
   8.5000000e+02  -8.7551972e-01   1.9466936e+00
   8.5100000e+02  -8.6397174e-01   1.9491222e+00
   8.5200000e+02  -8.5180764e-01   1.9519646e+00
   8.5300000e+02  -8.3704766e-01   1.9549068e+00
   8.5400000e+02  -8.2401998e-01   1.9574499e+00
   8.5500000e+02  -8.0976455e-01   1.9599511e+00
   8.5600000e+02  -7.9542134e-01   1.9613282e+00
   8.5700000e+02  -7.8119799e-01   1.9623711e+00
   8.5800000e+02  -7.6769384e-01   1.9630202e+00
   8.5900000e+02  -7.5533268e-01   1.9631913e+00
   8.6000000e+02  -7.4450248e-01   1.9634213e+00
   8.6100000e+02  -7.3420267e-01   1.9628625e+00
   8.6200000e+02  -7.2491663e-01   1.9621663e+00
   8.6300000e+02  -7.1616334e-01   1.9603861e+00
   8.6400000e+02  -7.0865545e-01   1.9581464e+00
   8.6500000e+02  -7.0147776e-01   1.9547987e+00
   8.6600000e+02  -6.9670021e-01   1.9501986e+00
   8.6700000e+02  -6.9360731e-01   1.9443274e+00
   8.6800000e+02  -6.9171275e-01   1.9366233e+00
   8.6900000e+02  -6.9072579e-01   1.9276431e+00
   8.7000000e+02  -6.9073404e-01   1.9174441e+00
   8.7100000e+02  -6.9191319e-01   1.9069797e+00
   8.7200000e+02  -6.9318872e-01   1.8956198e+00
   8.7300000e+02  -6.9525823e-01   1.8842288e+00
   8.7400000e+02  -6.9856517e-01   1.8725587e+00
   8.7500000e+02  -7.0224960e-01   1.8604296e+00
   8.7600000e+02  -7.0597962e-01   1.8476968e+00
   8.7700000e+02  -7.0953802e-01   1.8343105e+00
   8.7800000e+02  -7.1274909e-01   1.8224296e+00
   8.7900000e+02  -7.1588055e-01   1.8099043e+00
   8.8000000e+02  -7.1897341e-01   1.7974211e+00
   8.8100000e+02  -7.2084934e-01   1.7858891e+00
   8.8200000e+02  -7.2343653e-01   1.7744761e+00
   8.8300000e+02  -7.2533465e-01   1.7633475e+00
   8.8400000e+02  -7.2742948e-01   1.7528210e+00
   8.8500000e+02  -7.2963048e-01   1.7437277e+00
   8.8600000e+02  -7.3203403e-01   1.7340712e+00
   8.8700000e+02  -7.3440478e-01   1.7261324e+00
   8.8800000e+02  -7.3748064e-01   1.7180203e+00
   8.8900000e+02  -7.4033793e-01   1.7110282e+00
   8.9000000e+02  -7.4248598e-01   1.7059271e+00
   8.9100000e+02  -7.4343867e-01   1.7019100e+00
   8.9200000e+02  -7.4421018e-01   1.6993474e+00
   8.9300000e+02  -7.4423296e-01   1.6979140e+00
   8.9400000e+02  -7.4372436e-01   1.6973856e+00
   8.9500000e+02  -7.4244884e-01   1.6987528e+00
   8.9600000e+02  -7.4085787e-01   1.7004709e+00
   8.9700000e+02  -7.3764441e-01   1.7031587e+00
   8.9800000e+02  -7.3305468e-01   1.7063764e+00
   8.9900000e+02  -7.2684597e-01   1.7098937e+00
   9.0000000e+02  -7.1939278e-01   1.7147509e+00
   9.0100000e+02  -7.1055821e-01   1.7186141e+00
   9.0200000e+02  -7.0092492e-01   1.7238320e+00
   9.0300000e+02  -6.9046753e-01   1.7292513e+00
   9.0400000e+02  -6.7800680e-01   1.7351202e+00
   9.0500000e+02  -6.6521590e-01   1.7404045e+00
   9.0600000e+02  -6.5156109e-01   1.7451857e+00
   9.0700000e+02  -6.3856996e-01   1.7493961e+00
   9.0800000e+02  -6.2652852e-01   1.7516091e+00
   9.0900000e+02  -6.1676299e-01   1.7523849e+00
   9.1000000e+02  -6.0831706e-01   1.7512751e+00
   9.1100000e+02  -6.0192300e-01   1.7489344e+00
   9.1200000e+02  -5.9711175e-01   1.7450695e+00
   9.1300000e+02  -5.9362243e-01   1.7399301e+00
   9.1400000e+02  -5.9216634e-01   1.7333657e+00
   9.1500000e+02  -5.9238175e-01   1.7260385e+00
   9.1600000e+02  -5.9343076e-01   1.7183952e+00
   9.1700000e+02  -5.9554854e-01   1.7102041e+00
   9.1800000e+02  -5.9900504e-01   1.7005258e+00
   9.1900000e+02  -6.0231279e-01   1.6899504e+00
   9.2000000e+02  -6.0668206e-01   1.6798261e+00
   9.2100000e+02  -6.1153122e-01   1.6693071e+00
   9.2200000e+02  -6.1616539e-01   1.6588043e+00
   9.2300000e+02  -6.2009613e-01   1.6481642e+00
   9.2400000e+02  -6.2286939e-01   1.6382691e+00
   9.2500000e+02  -6.2589629e-01   1.6284880e+00
   9.2600000e+02  -6.2946331e-01   1.6187455e+00
   9.2700000e+02  -6.3308211e-01   1.6088159e+00
   9.2800000e+02  -6.3639212e-01   1.5993241e+00
   9.2900000e+02  -6.3956968e-01   1.5902580e+00
   9.3000000e+02  -6.4194250e-01   1.5810473e+00
   9.3100000e+02  -6.4391295e-01   1.5720578e+00
   9.3200000e+02  -6.4618823e-01   1.5632470e+00
   9.3300000e+02  -6.4813950e-01   1.5546693e+00
   9.3400000e+02  -6.4975466e-01   1.5463038e+00
   9.3500000e+02  -6.5142470e-01   1.5374005e+00
   9.3600000e+02  -6.5275032e-01   1.5299244e+00
   9.3700000e+02  -6.5375910e-01   1.5206535e+00
   9.3800000e+02  -6.5337668e-01   1.5128664e+00
   9.3900000e+02  -6.5228815e-01   1.5057676e+00
   9.4000000e+02  -6.5054756e-01   1.4996766e+00
   9.4100000e+02  -6.4873600e-01   1.4938686e+00
   9.4200000e+02  -6.4486906e-01   1.4900964e+00
   9.4300000e+02  -6.4066837e-01   1.4871662e+00
   9.4400000e+02  -6.3496029e-01   1.4857655e+00
   9.4500000e+02  -6.2840566e-01   1.4856514e+00
   9.4600000e+02  -6.2120265e-01   1.4861625e+00
   9.4700000e+02  -6.1306031e-01   1.4874632e+00
   9.4800000e+02  -6.0486614e-01   1.4905042e+00
   9.4900000e+02  -5.9443402e-01   1.4938084e+00
   9.5000000e+02  -5.8489274e-01   1.4962987e+00
   9.5100000e+02  -5.7537780e-01   1.4989800e+00
   9.5200000e+02  -5.6579915e-01   1.5012394e+00
   9.5300000e+02  -5.5617304e-01   1.5035815e+00
   9.5400000e+02  -5.4740265e-01   1.5048796e+00
   9.5500000e+02  -5.3991582e-01   1.5048402e+00
   9.5600000e+02  -5.3337582e-01   1.5043397e+00
   9.5700000e+02  -5.2784445e-01   1.5030166e+00
   9.5800000e+02  -5.2334749e-01   1.5003353e+00
   9.5900000e+02  -5.2049655e-01   1.4961749e+00
   9.6000000e+02  -5.1820981e-01   1.4907558e+00
   9.6100000e+02  -5.1734108e-01   1.4847081e+00
   9.6200000e+02  -5.1788178e-01   1.4773212e+00
   9.6300000e+02  -5.1985328e-01   1.4683826e+00
   9.6400000e+02  -5.2337901e-01   1.4583843e+00
   9.6500000e+02  -5.2907500e-01   1.4458679e+00
   9.6600000e+02  -5.3484745e-01   1.4329800e+00
   9.6700000e+02  -5.4093948e-01   1.4191751e+00
   9.6800000e+02  -5.4773660e-01   1.4050323e+00
   9.6900000e+02  -5.5422669e-01   1.3917963e+00
   9.7000000e+02  -5.6004192e-01   1.3793653e+00
   9.7100000e+02  -5.6440598e-01   1.3691140e+00
   9.7200000e+02  -5.6853619e-01   1.3596921e+00
   9.7300000e+02  -5.7188221e-01   1.3511079e+00
   9.7400000e+02  -5.7424549e-01   1.3442130e+00
   9.7500000e+02  -5.7669464e-01   1.3375978e+00
   9.7600000e+02  -5.7887484e-01   1.3317555e+00
   9.7700000e+02  -5.8080145e-01   1.3263622e+00
   9.7800000e+02  -5.8240382e-01   1.3198539e+00
   9.7900000e+02  -5.8355411e-01   1.3133051e+00
   9.8000000e+02  -5.8442445e-01   1.3064881e+00
   9.8100000e+02  -5.8452249e-01   1.3000801e+00
   9.8200000e+02  -5.8418848e-01   1.2932050e+00
   9.8300000e+02  -5.8333586e-01   1.2876069e+00
   9.8400000e+02  -5.8190117e-01   1.2833387e+00
   9.8500000e+02  -5.7928796e-01   1.2798813e+00
   9.8600000e+02  -5.7717401e-01   1.2787308e+00
   9.8700000e+02  -5.7451789e-01   1.2783422e+00
   9.8800000e+02  -5.7160507e-01   1.2795591e+00
   9.8900000e+02  -5.6740638e-01   1.2819968e+00
   9.9000000e+02  -5.6317008e-01   1.2858210e+00
   9.9100000e+02  -5.5810910e-01   1.2899640e+00
   9.9200000e+02  -5.5172771e-01   1.2943537e+00
   9.9300000e+02  -5.4488714e-01   1.2987210e+00
   9.9400000e+02  -5.3702758e-01   1.3037234e+00
   9.9500000e+02  -5.2814597e-01   1.3082336e+00
   9.9600000e+02  -5.1758466e-01   1.3130357e+00
   9.9700000e+02  -5.0452522e-01   1.3188822e+00
   9.9800000e+02  -4.9191368e-01   1.3227448e+00
   9.9900000e+02  -4.7822268e-01   1.3273654e+00
   1.0000000e+03  -4.6440435e-01   1.3312396e+00
   1.0010000e+03  -4.5009409e-01   1.3343634e+00
   1.0020000e+03  -4.3668192e-01   1.3367975e+00
   1.0030000e+03  -4.2509518e-01   1.3385083e+00
   1.0040000e+03  -4.1652390e-01   1.3382496e+00
   1.0050000e+03  -4.1108050e-01   1.3359642e+00
   1.0060000e+03  -4.0830831e-01   1.3318169e+00
   1.0070000e+03  -4.0782601e-01   1.3262263e+00
   1.0080000e+03  -4.0883708e-01   1.3192337e+00
   1.0090000e+03  -4.1109914e-01   1.3109684e+00
   1.0100000e+03  -4.1332053e-01   1.3030113e+00
   1.0110000e+03  -4.1654888e-01   1.2941581e+00
   1.0120000e+03  -4.2023701e-01   1.2851803e+00
   1.0130000e+03  -4.2515388e-01   1.2752287e+00
   1.0140000e+03  -4.3014697e-01   1.2648904e+00
   1.0150000e+03  -4.3584401e-01   1.2546724e+00
   1.0160000e+03  -4.4181340e-01   1.2439391e+00
   1.0170000e+03  -4.4702619e-01   1.2328359e+00
   1.0180000e+03  -4.5210659e-01   1.2222382e+00
   1.0190000e+03  -4.5743177e-01   1.2116284e+00
   1.0200000e+03  -4.6318400e-01   1.2011103e+00
   1.0210000e+03  -4.6971224e-01   1.1900095e+00
   1.0220000e+03  -4.7463660e-01   1.1800733e+00
   1.0230000e+03  -4.7993564e-01   1.1711461e+00
   1.0240000e+03  -4.8458580e-01   1.1633574e+00
   1.0250000e+03  -4.8893360e-01   1.1554960e+00
   1.0260000e+03  -4.9177001e-01   1.1488049e+00
   1.0270000e+03  -4.9379145e-01   1.1430528e+00
   1.0280000e+03  -4.9547786e-01   1.1377218e+00
   1.0290000e+03  -4.9693928e-01   1.1327739e+00
   1.0300000e+03  -4.9729213e-01   1.1283253e+00
   1.0310000e+03  -4.9708358e-01   1.1243616e+00
   1.0320000e+03  -4.9646187e-01   1.1204950e+00
   1.0330000e+03  -4.9478492e-01   1.1177162e+00
   1.0340000e+03  -4.9257508e-01   1.1143978e+00
   1.0350000e+03  -4.8851802e-01   1.1104209e+00
   1.0360000e+03  -4.8446059e-01   1.1067382e+00
   1.0370000e+03  -4.7929970e-01   1.1031173e+00
   1.0380000e+03  -4.7312510e-01   1.1001073e+00
   1.0390000e+03  -4.6581424e-01   1.0970202e+00
   1.0400000e+03  -4.5744383e-01   1.0940657e+00
   1.0410000e+03  -4.4831069e-01   1.0914184e+00
   1.0420000e+03  -4.3843177e-01   1.0888653e+00
   1.0430000e+03  -4.2800671e-01   1.0859337e+00
   1.0440000e+03  -4.1690282e-01   1.0827068e+00
   1.0450000e+03  -4.0446997e-01   1.0785166e+00
   1.0460000e+03  -3.9331112e-01   1.0740979e+00
   1.0470000e+03  -3.8051658e-01   1.0694345e+00
   1.0480000e+03  -3.6889760e-01   1.0648327e+00
   1.0490000e+03  -3.5799765e-01   1.0601465e+00
   1.0500000e+03  -3.4885793e-01   1.0550988e+00
   1.0510000e+03  -3.4141458e-01   1.0501154e+00
   1.0520000e+03  -3.3667369e-01   1.0438396e+00
   1.0530000e+03  -3.3398073e-01   1.0369573e+00
   1.0540000e+03  -3.3306072e-01   1.0288226e+00
   1.0550000e+03  -3.3450287e-01   1.0209747e+00
   1.0560000e+03  -3.3738192e-01   1.0123256e+00
   1.0570000e+03  -3.4190431e-01   1.0031269e+00
   1.0580000e+03  -3.4745737e-01   9.9445321e-01
   1.0590000e+03  -3.5471848e-01   9.8445741e-01
   1.0600000e+03  -3.6217394e-01   9.7534218e-01
   1.0610000e+03  -3.6958216e-01   9.6619836e-01
   1.0620000e+03  -3.7645180e-01   9.5698423e-01
   1.0630000e+03  -3.8383035e-01   9.4891375e-01
   1.0640000e+03  -3.8966798e-01   9.4165141e-01
   1.0650000e+03  -3.9463055e-01   9.3422301e-01
   1.0660000e+03  -3.9809252e-01   9.2855129e-01
   1.0670000e+03  -4.0068759e-01   9.2304661e-01
   1.0680000e+03  -4.0230187e-01   9.1818711e-01
   1.0690000e+03  -4.0236966e-01   9.1201227e-01
   1.0700000e+03  -4.0068548e-01   9.0784050e-01
   1.0710000e+03  -3.9846014e-01   9.0458589e-01
   1.0720000e+03  -3.9416247e-01   9.0065198e-01
   1.0730000e+03  -3.8923670e-01   8.9729959e-01
   1.0740000e+03  -3.8301950e-01   8.9340879e-01
   1.0750000e+03  -3.7547860e-01   8.9052097e-01
   1.0760000e+03  -3.6698376e-01   8.8737242e-01
   1.0770000e+03  -3.5683239e-01   8.8401689e-01
   1.0780000e+03  -3.4617345e-01   8.8040127e-01
   1.0790000e+03  -3.3389739e-01   8.7651621e-01
   1.0800000e+03  -3.2189521e-01   8.7194922e-01
   1.0810000e+03  -3.0785964e-01   8.6729894e-01
   1.0820000e+03  -2.9677800e-01   8.6342376e-01
   1.0830000e+03  -2.8490145e-01   8.5861656e-01
   1.0840000e+03  -2.7427664e-01   8.5315355e-01
   1.0850000e+03  -2.6380160e-01   8.4693741e-01
   1.0860000e+03  -2.5410979e-01   8.4113888e-01
   1.0870000e+03  -2.4625593e-01   8.3632942e-01
   1.0880000e+03  -2.3983402e-01   8.3141075e-01
   1.0890000e+03  -2.3468431e-01   8.2632254e-01
   1.0900000e+03  -2.3106624e-01   8.2091626e-01
   1.0910000e+03  -2.2878387e-01   8.1521778e-01
   1.0920000e+03  -2.2782040e-01   8.0961016e-01
   1.0930000e+03  -2.2830037e-01   8.0886328e-01
   1.0940000e+03  -2.2989879e-01   8.0255500e-01
   1.0950000e+03  -2.3251799e-01   7.9625890e-01
   1.0960000e+03  -2.3492384e-01   7.8934282e-01
   1.0970000e+03  -2.3802828e-01   7.8209665e-01
   1.0980000e+03  -2.4176010e-01   7.7332642e-01
   1.0990000e+03  -2.4567207e-01   7.6427287e-01
   1.1000000e+03  -2.4991572e-01   7.5421281e-01
   1.1010000e+03  -2.5411004e-01   7.4431473e-01
   1.1020000e+03  -2.5647892e-01   7.3400288e-01
   1.1030000e+03  -2.5746179e-01   7.2394084e-01
   1.1040000e+03  -2.5785843e-01   7.1355623e-01
   1.1050000e+03  -2.5589743e-01   7.0471330e-01
   1.1060000e+03  -2.5193077e-01   6.9510051e-01
   1.1070000e+03  -2.4669312e-01   6.8597596e-01
   1.1080000e+03  -2.4023441e-01   6.7864316e-01
   1.1090000e+03  -2.3294028e-01   6.7215079e-01
   1.1100000e+03  -2.2396211e-01   6.6740427e-01
   1.1110000e+03  -2.1431846e-01   6.6253913e-01
   1.1120000e+03  -2.0454559e-01   6.5854751e-01
   1.1130000e+03  -1.9494046e-01   6.5384459e-01
   1.1140000e+03  -1.8495160e-01   6.4715690e-01
   1.1150000e+03  -1.7731006e-01   6.3749966e-01
   1.1160000e+03  -1.6960131e-01   6.2802279e-01
   1.1170000e+03  -1.6340219e-01   6.1036197e-01
   1.1180000e+03  -1.5960143e-01   5.9839988e-01
   1.1190000e+03  -1.5672935e-01   5.8446655e-01
   1.1200000e+03  -1.5618778e-01   5.6955092e-01
   1.1210000e+03  -1.5696962e-01   5.5535124e-01
   1.1220000e+03  -1.5928491e-01   5.3938856e-01
   1.1230000e+03  -1.6048107e-01   5.2251626e-01
   1.1240000e+03  -1.5962652e-01   5.0665182e-01
   1.1250000e+03  -1.5797291e-01   4.9107526e-01
   1.1260000e+03  -1.5523297e-01   4.7589963e-01
   1.1270000e+03  -1.5331344e-01   4.6216921e-01
   1.1280000e+03  -1.4995938e-01   4.4989250e-01
   1.1290000e+03  -1.4418236e-01   4.3650584e-01
   1.1300000e+03  -1.4053855e-01   4.2735709e-01
   1.1310000e+03  -1.3278597e-01   4.1580223e-01
   1.1320000e+03  -1.2319857e-01   4.0256104e-01
   1.1330000e+03  -1.1262022e-01   3.8757502e-01
   1.1340000e+03  -9.9782289e-02   3.7068375e-01
   1.1350000e+03  -8.6862896e-02   3.5216669e-01
   1.1360000e+03  -7.3147944e-02   3.3117241e-01
   1.1370000e+03  -5.7676097e-02   3.0789103e-01
   1.1380000e+03  -4.0141313e-02   2.8171698e-01
   1.1390000e+03  -2.0701420e-02   2.6071572e-01
   1.1400000e+03   1.5999764e-03   2.3459838e-01
   1.1410000e+03   3.5877697e-02   2.0762781e-01
   1.1420000e+03   5.4835846e-02   1.7776725e-01
   1.1430000e+03   7.0678718e-02   1.4972917e-01
   1.1440000e+03   7.9008954e-02   1.2054582e-01
