   8.3500000e+02   2.1507601e-01   3.1493884e+00
   8.3600000e+02   2.0590395e-01   3.1464895e+00
   8.3700000e+02   1.9797768e-01   3.1428114e+00
   8.3800000e+02   1.9093133e-01   3.1392613e+00
   8.3900000e+02   1.8502579e-01   3.1347451e+00
   8.4000000e+02   1.8022639e-01   3.1301477e+00
   8.4100000e+02   1.7629211e-01   3.1244693e+00
   8.4200000e+02   1.7421935e-01   3.1175699e+00
   8.4300000e+02   1.7325067e-01   3.1097158e+00
   8.4400000e+02   1.7452880e-01   3.0998773e+00
   8.4500000e+02   1.7676061e-01   3.0898029e+00
   8.4600000e+02   1.7988314e-01   3.0790744e+00
   8.4700000e+02   1.8438526e-01   3.0680609e+00
   8.4800000e+02   1.8873846e-01   3.0568987e+00
   8.4900000e+02   1.9380188e-01   3.0450083e+00
   8.5000000e+02   1.9904818e-01   3.0333896e+00
   8.5100000e+02   2.0478882e-01   3.0220782e+00
   8.5200000e+02   2.1109643e-01   3.0111456e+00
   8.5300000e+02   2.1660071e-01   3.0001286e+00
   8.5400000e+02   2.2194871e-01   2.9898223e+00
   8.5500000e+02   2.2669870e-01   2.9807144e+00
   8.5600000e+02   2.2985365e-01   2.9729454e+00
   8.5700000e+02   2.3268447e-01   2.9663894e+00
   8.5800000e+02   2.3441524e-01   2.9614203e+00
   8.5900000e+02   2.3465596e-01   2.9579334e+00
   8.6000000e+02   2.3421187e-01   2.9550498e+00
   8.6100000e+02   2.3262737e-01   2.9531264e+00
   8.6200000e+02   2.2958248e-01   2.9515671e+00
   8.6300000e+02   2.2597329e-01   2.9503708e+00
   8.6400000e+02   2.2103345e-01   2.9501479e+00
   8.6500000e+02   2.1569383e-01   2.9493915e+00
   8.6600000e+02   2.0995450e-01   2.9497035e+00
   8.6700000e+02   2.0362564e-01   2.9497815e+00
   8.6800000e+02   1.9807808e-01   2.9507368e+00
   8.6900000e+02   1.9278321e-01   2.9518692e+00
   8.7000000e+02   1.8860668e-01   2.9531911e+00
   8.7100000e+02   1.8428999e-01   2.9547154e+00
   8.7200000e+02   1.8040453e-01   2.9566380e+00
   8.7300000e+02   1.7688843e-01   2.9581137e+00
   8.7400000e+02   1.7353680e-01   2.9603984e+00
   8.7500000e+02   1.7068241e-01   2.9619028e+00
   8.7600000e+02   1.6788696e-01   2.9634378e+00
   8.7700000e+02   1.6564430e-01   2.9639398e+00
   8.7800000e+02   1.6188109e-01   2.9639628e+00
   8.7900000e+02   1.5932277e-01   2.9635248e+00
   8.8000000e+02   1.5721497e-01   2.9632794e+00
   8.8100000e+02   1.5416222e-01   2.9635077e+00
   8.8200000e+02   1.5181200e-01   2.9637600e+00
   8.8300000e+02   1.5022072e-01   2.9633891e+00
   8.8400000e+02   1.4826294e-01   2.9623735e+00
   8.8500000e+02   1.4583245e-01   2.9603705e+00
   8.8600000e+02   1.4262918e-01   2.9566186e+00
   8.8700000e+02   1.3940437e-01   2.9524468e+00
   8.8800000e+02   1.3566407e-01   2.9477754e+00
   8.8900000e+02   1.3308464e-01   2.9413282e+00
   8.9000000e+02   1.2947750e-01   2.9352535e+00
   8.9100000e+02   1.2607909e-01   2.9279701e+00
   8.9200000e+02   1.2226253e-01   2.9204803e+00
   8.9300000e+02   1.1978481e-01   2.9134042e+00
   8.9400000e+02   1.1820529e-01   2.9059089e+00
   8.9500000e+02   1.1686588e-01   2.8995405e+00
   8.9600000e+02   1.1615496e-01   2.8933849e+00
   8.9700000e+02   1.1605791e-01   2.8879272e+00
   8.9800000e+02   1.1650465e-01   2.8827018e+00
   8.9900000e+02   1.1701231e-01   2.8779194e+00
   9.0000000e+02   1.1793256e-01   2.8735454e+00
   9.0100000e+02   1.1787832e-01   2.8685016e+00
   9.0200000e+02   1.1870032e-01   2.8653350e+00
   9.0300000e+02   1.1930213e-01   2.8623491e+00
   9.0400000e+02   1.2041542e-01   2.8604476e+00
   9.0500000e+02   1.2316202e-01   2.8585831e+00
   9.0600000e+02   1.2635119e-01   2.8569913e+00
   9.0700000e+02   1.2999460e-01   2.8553150e+00
   9.0800000e+02   1.3387667e-01   2.8537911e+00
   9.0900000e+02   1.3682329e-01   2.8526354e+00
   9.1000000e+02   1.3839212e-01   2.8517986e+00
   9.1100000e+02   1.3916308e-01   2.8514820e+00
   9.1200000e+02   1.3801098e-01   2.8512222e+00
   9.1300000e+02   1.3534901e-01   2.8506565e+00
   9.1400000e+02   1.3141593e-01   2.8487264e+00
   9.1500000e+02   1.2606409e-01   2.8479965e+00
   9.1600000e+02   1.2100100e-01   2.8462553e+00
   9.1700000e+02   1.1634070e-01   2.8454887e+00
   9.1800000e+02   1.1220394e-01   2.8444493e+00
   9.1900000e+02   1.0918438e-01   2.8422353e+00
   9.2000000e+02   1.0814654e-01   2.8385789e+00
   9.2100000e+02   1.0985749e-01   2.8339369e+00
   9.2200000e+02   1.1412354e-01   2.8280358e+00
   9.2300000e+02   1.2083358e-01   2.8202733e+00
   9.2400000e+02   1.2861800e-01   2.8114867e+00
   9.2500000e+02   1.3758995e-01   2.8005686e+00
   9.2600000e+02   1.4883246e-01   2.7898363e+00
   9.2700000e+02   1.6138603e-01   2.7795195e+00
   9.2800000e+02   1.7463507e-01   2.7685307e+00
   9.2900000e+02   1.8731061e-01   2.7580187e+00
   9.3000000e+02   1.9922891e-01   2.7481178e+00
   9.3100000e+02   2.1027136e-01   2.7381477e+00
   9.3200000e+02   2.2009495e-01   2.7306224e+00
   9.3300000e+02   2.2878408e-01   2.7243536e+00
   9.3400000e+02   2.3545857e-01   2.7199215e+00
   9.3500000e+02   2.4037826e-01   2.7174142e+00
   9.3600000e+02   2.4352125e-01   2.7163505e+00
   9.3700000e+02   2.4541691e-01   2.7174137e+00
   9.3800000e+02   2.4505139e-01   2.7207536e+00
   9.3900000e+02   2.4377626e-01   2.7251870e+00
   9.4000000e+02   2.4180948e-01   2.7311150e+00
   9.4100000e+02   2.3916638e-01   2.7387154e+00
   9.4200000e+02   2.3729238e-01   2.7469020e+00
   9.4300000e+02   2.3462114e-01   2.7557924e+00
   9.4400000e+02   2.3284342e-01   2.7638601e+00
   9.4500000e+02   2.3086392e-01   2.7713503e+00
   9.4600000e+02   2.2898088e-01   2.7770293e+00
   9.4700000e+02   2.2654531e-01   2.7809365e+00
   9.4800000e+02   2.2274263e-01   2.7824631e+00
   9.4900000e+02   2.1901334e-01   2.7818314e+00
   9.5000000e+02   2.1698219e-01   2.7793843e+00
   9.5100000e+02   2.1622654e-01   2.7760379e+00
   9.5200000e+02   2.1678457e-01   2.7711808e+00
   9.5300000e+02   2.1913537e-01   2.7643529e+00
   9.5400000e+02   2.2268403e-01   2.7554658e+00
   9.5500000e+02   2.2706155e-01   2.7450598e+00
   9.5600000e+02   2.3238241e-01   2.7339958e+00
   9.5700000e+02   2.3677251e-01   2.7214871e+00
   9.5800000e+02   2.4003356e-01   2.7089123e+00
   9.5900000e+02   2.4207112e-01   2.6965333e+00
   9.6000000e+02   2.4275222e-01   2.6859323e+00
   9.6100000e+02   2.4200360e-01   2.6765171e+00
   9.6200000e+02   2.3955801e-01   2.6699369e+00
   9.6300000e+02   2.3684687e-01   2.6660281e+00
   9.6400000e+02   2.3422681e-01   2.6633378e+00
   9.6500000e+02   2.3159996e-01   2.6610627e+00
   9.6600000e+02   2.2923527e-01   2.6594987e+00
   9.6700000e+02   2.2743752e-01   2.6587324e+00
   9.6800000e+02   2.2512413e-01   2.6581033e+00
   9.6900000e+02   2.2367602e-01   2.6570786e+00
   9.7000000e+02   2.2167311e-01   2.6562363e+00
   9.7100000e+02   2.2035086e-01   2.6546044e+00
   9.7200000e+02   2.1961672e-01   2.6528508e+00
   9.7300000e+02   2.1887158e-01   2.6507821e+00
   9.7400000e+02   2.1959966e-01   2.6494457e+00
   9.7500000e+02   2.2065865e-01   2.6485203e+00
   9.7600000e+02   2.2093708e-01   2.6481087e+00
   9.7700000e+02   2.2073623e-01   2.6479418e+00
   9.7800000e+02   2.1890346e-01   2.6478271e+00
   9.7900000e+02   2.1630987e-01   2.6472523e+00
   9.8000000e+02   2.1277035e-01   2.6475319e+00
   9.8100000e+02   2.1040112e-01   2.6476936e+00
   9.8200000e+02   2.0883801e-01   2.6494317e+00
   9.8300000e+02   2.0786555e-01   2.6518280e+00
   9.8400000e+02   2.0735596e-01   2.6541100e+00
   9.8500000e+02   2.0749833e-01   2.6566610e+00
   9.8600000e+02   2.0642989e-01   2.6573275e+00
   9.8700000e+02   2.0586917e-01   2.6565103e+00
   9.8800000e+02   2.0470038e-01   2.6544440e+00
   9.8900000e+02   2.0363744e-01   2.6514631e+00
   9.9000000e+02   2.0127862e-01   2.6471023e+00
   9.9100000e+02   1.9798309e-01   2.6413760e+00
   9.9200000e+02   1.9306016e-01   2.6352742e+00
   9.9300000e+02   1.8777538e-01   2.6288637e+00
   9.9400000e+02   1.8117529e-01   2.6228946e+00
   9.9500000e+02   1.7416111e-01   2.6181429e+00
   9.9600000e+02   1.6689558e-01   2.6132902e+00
   9.9700000e+02   1.6053421e-01   2.6075491e+00
   9.9800000e+02   1.5321731e-01   2.6015369e+00
   9.9900000e+02   1.4642116e-01   2.5955397e+00
   1.0000000e+03   1.4123418e-01   2.5897326e+00
   1.0010000e+03   1.3656810e-01   2.5828433e+00
   1.0020000e+03   1.3359329e-01   2.5772182e+00
   1.0030000e+03   1.3172392e-01   2.5720485e+00
   1.0040000e+03   1.3083908e-01   2.5671025e+00
   1.0050000e+03   1.3098310e-01   2.5598754e+00
   1.0060000e+03   1.3197876e-01   2.5511116e+00
   1.0070000e+03   1.3355896e-01   2.5404864e+00
   1.0080000e+03   1.3474668e-01   2.5291336e+00
   1.0090000e+03   1.3590532e-01   2.5155829e+00
   1.0100000e+03   1.3760499e-01   2.5037338e+00
   1.0110000e+03   1.3892085e-01   2.4923592e+00
   1.0120000e+03   1.3834536e-01   2.4821253e+00
   1.0130000e+03   1.3675521e-01   2.4726231e+00
   1.0140000e+03   1.3428415e-01   2.4633344e+00
   1.0150000e+03   1.3187277e-01   2.4548292e+00
   1.0160000e+03   1.2899264e-01   2.4475480e+00
   1.0170000e+03   1.2632047e-01   2.4420060e+00
   1.0180000e+03   1.2342368e-01   2.4379896e+00
   1.0190000e+03   1.2119081e-01   2.4353133e+00
   1.0200000e+03   1.1937043e-01   2.4342805e+00
   1.0210000e+03   1.1804524e-01   2.4367743e+00
   1.0220000e+03   1.1689029e-01   2.4413721e+00
   1.0230000e+03   1.1495253e-01   2.4466552e+00
   1.0240000e+03   1.1220278e-01   2.4539590e+00
   1.0250000e+03   1.0858930e-01   2.4606088e+00
   1.0260000e+03   1.0327712e-01   2.4681582e+00
   1.0270000e+03   9.5969177e-02   2.4763808e+00
   1.0280000e+03   8.7787075e-02   2.4866724e+00
   1.0290000e+03   8.0343490e-02   2.4981522e+00
   1.0300000e+03   7.3165624e-02   2.5088813e+00
   1.0310000e+03   6.6020709e-02   2.5175122e+00
   1.0320000e+03   5.7848311e-02   2.5215133e+00
   1.0330000e+03   4.9942628e-02   2.5201832e+00
   1.0340000e+03   4.1197211e-02   2.5140992e+00
   1.0350000e+03   3.2595903e-02   2.5054846e+00
   1.0360000e+03   2.4787471e-02   2.4962490e+00
   1.0370000e+03   1.8300451e-02   2.4861632e+00
   1.0380000e+03   1.4048552e-02   2.4741005e+00
   1.0390000e+03   1.0872049e-02   2.4606565e+00
   1.0400000e+03   1.0328076e-02   2.4460392e+00
   1.0410000e+03   1.2215643e-02   2.4294169e+00
   1.0420000e+03   1.6040818e-02   2.4120315e+00
   1.0430000e+03   2.1335637e-02   2.3914064e+00
   1.0440000e+03   2.7565650e-02   2.3686421e+00
   1.0450000e+03   3.4504301e-02   2.3422857e+00
   1.0460000e+03   4.1433157e-02   2.3158984e+00
   1.0470000e+03   4.7373650e-02   2.2888285e+00
   1.0480000e+03   5.3017805e-02   2.2634503e+00
   1.0490000e+03   5.7989781e-02   2.2405914e+00
   1.0500000e+03   5.9825675e-02   2.2191958e+00
   1.0510000e+03   6.1043875e-02   2.1998180e+00
   1.0520000e+03   6.1605730e-02   2.1837721e+00
   1.0530000e+03   6.0801949e-02   2.1694885e+00
   1.0540000e+03   5.9714628e-02   2.1572939e+00
   1.0550000e+03   5.9750199e-02   2.1506986e+00
   1.0560000e+03   6.1047738e-02   2.1473465e+00
   1.0570000e+03   6.2904115e-02   2.1459148e+00
   1.0580000e+03   6.4609416e-02   2.1473446e+00
   1.0590000e+03   6.6406163e-02   2.1476464e+00
   1.0600000e+03   6.7829485e-02   2.1471529e+00
   1.0610000e+03   6.9803513e-02   2.1465631e+00
   1.0620000e+03   7.1529082e-02   2.1454312e+00
   1.0630000e+03   7.3639672e-02   2.1437225e+00
   1.0640000e+03   7.6055110e-02   2.1402023e+00
   1.0650000e+03   7.9600084e-02   2.1351886e+00
   1.0660000e+03   8.2963097e-02   2.1305802e+00
   1.0670000e+03   8.7060839e-02   2.1272250e+00
   1.0680000e+03   9.1473950e-02   2.1263245e+00
   1.0690000e+03   9.6653807e-02   2.1275251e+00
   1.0700000e+03   1.0241487e-01   2.1293570e+00
   1.0710000e+03   1.0920713e-01   2.1317586e+00
   1.0720000e+03   1.1631755e-01   2.1351500e+00
   1.0730000e+03   1.2361458e-01   2.1378941e+00
   1.0740000e+03   1.3193591e-01   2.1387669e+00
   1.0750000e+03   1.4028979e-01   2.1379500e+00
   1.0760000e+03   1.4915199e-01   2.1359061e+00
   1.0770000e+03   1.5887082e-01   2.1338779e+00
   1.0780000e+03   1.6889505e-01   2.1310880e+00
   1.0790000e+03   1.7829346e-01   2.1283943e+00
   1.0800000e+03   1.8678185e-01   2.1264021e+00
   1.0810000e+03   1.9365419e-01   2.1250973e+00
   1.0820000e+03   2.0049614e-01   2.1255516e+00
   1.0830000e+03   2.0739360e-01   2.1277848e+00
   1.0840000e+03   2.1308989e-01   2.1298397e+00
   1.0850000e+03   2.1919807e-01   2.1329283e+00
   1.0860000e+03   2.2483314e-01   2.1373135e+00
   1.0870000e+03   2.2975840e-01   2.1402797e+00
   1.0880000e+03   2.3416803e-01   2.1419758e+00
   1.0890000e+03   2.3909157e-01   2.1420215e+00
   1.0900000e+03   2.4467866e-01   2.1412482e+00
   1.0910000e+03   2.5010722e-01   2.1397052e+00
   1.0920000e+03   2.5546246e-01   2.1386155e+00
   1.0930000e+03   2.6034550e-01   2.1381839e+00
   1.0940000e+03   2.6286688e-01   2.1369852e+00
   1.0950000e+03   2.6380316e-01   2.1365190e+00
   1.0960000e+03   2.6379620e-01   2.1372631e+00
   1.0970000e+03   2.6216062e-01   2.1389490e+00
   1.0980000e+03   2.6075898e-01   2.1413430e+00
   1.0990000e+03   2.5864398e-01   2.1442502e+00
   1.1000000e+03   2.5832707e-01   2.1473095e+00
   1.1010000e+03   2.5742863e-01   2.1480304e+00
   1.1020000e+03   2.5783733e-01   2.1468662e+00
   1.1030000e+03   2.5769680e-01   2.1442419e+00
   1.1040000e+03   2.5680029e-01   2.1415283e+00
   1.1050000e+03   2.5547248e-01   2.1399336e+00
   1.1060000e+03   2.5229363e-01   2.1397535e+00
   1.1070000e+03   2.4696917e-01   2.1416581e+00
   1.1080000e+03   2.3922507e-01   2.1455298e+00
   1.1090000e+03   2.2955111e-01   2.1517834e+00
   1.1100000e+03   2.1951653e-01   2.1608737e+00
   1.1110000e+03   2.0858600e-01   2.1717085e+00
   1.1120000e+03   1.9726623e-01   2.1833302e+00
   1.1130000e+03   1.8591885e-01   2.1940127e+00
   1.1140000e+03   1.7474032e-01   2.2049524e+00
   1.1150000e+03   1.6480084e-01   2.2159450e+00
   1.1160000e+03   1.5544050e-01   2.2262924e+00
   1.1170000e+03   1.4631645e-01   2.2341901e+00
   1.1180000e+03   1.3857361e-01   2.2383257e+00
   1.1190000e+03   1.3166304e-01   2.2394220e+00
   1.1200000e+03   1.2585896e-01   2.2377261e+00
   1.1210000e+03   1.2025103e-01   2.2337698e+00
   1.1220000e+03   1.1448162e-01   2.2285326e+00
   1.1230000e+03   1.0845255e-01   2.2211634e+00
   1.1240000e+03   1.0231948e-01   2.2125923e+00
   1.1250000e+03   9.6846730e-02   2.2020831e+00
   1.1260000e+03   9.2347452e-02   2.1898112e+00
   1.1270000e+03   8.8902937e-02   2.1758840e+00
   1.1280000e+03   8.7260980e-02   2.1601124e+00
   1.1290000e+03   8.6224183e-02   2.1440281e+00
   1.1300000e+03   8.7686896e-02   2.1274616e+00
   1.1310000e+03   8.9672524e-02   2.1127747e+00
   1.1320000e+03   9.1876652e-02   2.0988209e+00
   1.1330000e+03   9.5112502e-02   2.0878239e+00
   1.1340000e+03   9.7355848e-02   2.0785149e+00
   1.1350000e+03   9.9910137e-02   2.0722036e+00
   1.1360000e+03   1.0285371e-01   2.0692134e+00
   1.1370000e+03   1.0668149e-01   2.0691755e+00
   1.1380000e+03   1.1043484e-01   2.0713189e+00
   1.1390000e+03   1.1454528e-01   2.0745886e+00
   1.1400000e+03   1.1774314e-01   2.0796526e+00
   1.1410000e+03   1.2095117e-01   2.0834792e+00
   1.1420000e+03   1.2265488e-01   2.0882088e+00
   1.1430000e+03   1.2411156e-01   2.0921780e+00
   1.1440000e+03   1.2548538e-01   2.0957860e+00
   1.1450000e+03   1.2660597e-01   2.0982542e+00
   1.1460000e+03   1.2805729e-01   2.0998839e+00
   1.1470000e+03   1.3023085e-01   2.1012445e+00
   1.1480000e+03   1.3278170e-01   2.1015015e+00
   1.1490000e+03   1.3521387e-01   2.1022117e+00
   1.1500000e+03   1.3618383e-01   2.1040973e+00
   1.1510000e+03   1.3657389e-01   2.1081931e+00
   1.1520000e+03   1.3574092e-01   2.1133079e+00
   1.1530000e+03   1.3504008e-01   2.1177256e+00
   1.1540000e+03   1.3311200e-01   2.1204880e+00
   1.1550000e+03   1.3219588e-01   2.1213550e+00
   1.1560000e+03   1.3238857e-01   2.1214967e+00
   1.1570000e+03   1.3436405e-01   2.1237293e+00
   1.1580000e+03   1.3774710e-01   2.1267969e+00
   1.1590000e+03   1.4279066e-01   2.1307057e+00
   1.1600000e+03   1.4852249e-01   2.1351287e+00
   1.1610000e+03   1.5586341e-01   2.1393088e+00
   1.1620000e+03   1.6405941e-01   2.1430920e+00
   1.1630000e+03   1.7245012e-01   2.1470670e+00
   1.1640000e+03   1.8059124e-01   2.1533001e+00
   1.1650000e+03   1.8766778e-01   2.1606101e+00
   1.1660000e+03   1.9148164e-01   2.1664514e+00
   1.1670000e+03   1.9367045e-01   2.1709738e+00
   1.1680000e+03   1.9519157e-01   2.1741973e+00
   1.1690000e+03   1.9687772e-01   2.1764733e+00
   1.1700000e+03   1.9810403e-01   2.1777156e+00
   1.1710000e+03   1.9902110e-01   2.1780281e+00
   1.1720000e+03   1.9997855e-01   2.1779263e+00
   1.1730000e+03   2.0105799e-01   2.1779014e+00
   1.1740000e+03   2.0141381e-01   2.1786489e+00
   1.1750000e+03   2.0201958e-01   2.1794584e+00
   1.1760000e+03   2.0245381e-01   2.1803717e+00
   1.1770000e+03   2.0309423e-01   2.1811903e+00
   1.1780000e+03   2.0364740e-01   2.1821037e+00
   1.1790000e+03   2.0467506e-01   2.1833399e+00
   1.1800000e+03   2.0426723e-01   2.1835972e+00
   1.1810000e+03   2.0408860e-01   2.1821974e+00
   1.1820000e+03   2.0269646e-01   2.1807455e+00
   1.1830000e+03   2.0132188e-01   2.1785193e+00
   1.1840000e+03   1.9856381e-01   2.1763524e+00
   1.1850000e+03   1.9526823e-01   2.1740151e+00
   1.1860000e+03   1.9125569e-01   2.1709376e+00
   1.1870000e+03   1.8735234e-01   2.1665317e+00
   1.1880000e+03   1.8433240e-01   2.1614501e+00
   1.1890000e+03   1.8195101e-01   2.1565997e+00
   1.1900000e+03   1.7787143e-01   2.1537654e+00
   1.1910000e+03   1.7377808e-01   2.1529059e+00
   1.1920000e+03   1.6762281e-01   2.1550067e+00
   1.1930000e+03   1.6042465e-01   2.1600563e+00
   1.1940000e+03   1.5270282e-01   2.1680162e+00
   1.1950000e+03   1.4397484e-01   2.1775051e+00
   1.1960000e+03   1.3438103e-01   2.1863509e+00
   1.1970000e+03   1.2577285e-01   2.1947850e+00
   1.1980000e+03   1.1743514e-01   2.2024288e+00
   1.1990000e+03   1.1030519e-01   2.2083695e+00
   1.2000000e+03   1.0390761e-01   2.2130632e+00
   1.2010000e+03   1.0061471e-01   2.2169629e+00
   1.2020000e+03   9.8607955e-02   2.2193067e+00
   1.2030000e+03   9.7663149e-02   2.2202059e+00
   1.2040000e+03   9.8588807e-02   2.2202108e+00
   1.2050000e+03   1.0030852e-01   2.2188027e+00
   1.2060000e+03   1.0398629e-01   2.2171137e+00
   1.2070000e+03   1.0897240e-01   2.2161532e+00
   1.2080000e+03   1.1372600e-01   2.2136646e+00
   1.2090000e+03   1.1807689e-01   2.2095396e+00
   1.2100000e+03   1.2260867e-01   2.2030040e+00
   1.2110000e+03   1.2673911e-01   2.1947011e+00
   1.2120000e+03   1.3156676e-01   2.1841770e+00
   1.2130000e+03   1.3741730e-01   2.1725876e+00
   1.2140000e+03   1.4323189e-01   2.1585363e+00
   1.2150000e+03   1.5030596e-01   2.1439854e+00
   1.2160000e+03   1.5733859e-01   2.1279374e+00
   1.2170000e+03   1.6453359e-01   2.1115009e+00
   1.2180000e+03   1.6948599e-01   2.0948405e+00
   1.2190000e+03   1.7153042e-01   2.0773221e+00
   1.2200000e+03   1.6852689e-01   2.0583776e+00
   1.2210000e+03   1.6071274e-01   2.0386550e+00
   1.2220000e+03   1.5025096e-01   2.0174184e+00
   1.2230000e+03   1.3763264e-01   1.9942563e+00
   1.2240000e+03   1.2377194e-01   1.9703704e+00
   1.2250000e+03   1.0995274e-01   1.9476492e+00
   1.2260000e+03   9.6686082e-02   1.9256049e+00
   1.2270000e+03   8.7169886e-02   1.9061478e+00
   1.2280000e+03   7.9582920e-02   1.8864940e+00
   1.2290000e+03   7.2100597e-02   1.8679817e+00
   1.2300000e+03   6.5121534e-02   1.8524274e+00
   1.2310000e+03   5.7657463e-02   1.8411210e+00
   1.2320000e+03   4.9423890e-02   1.8329372e+00
   1.2330000e+03   4.0260955e-02   1.8218435e+00
   1.2340000e+03   3.2341851e-02   1.8054670e+00
   1.2350000e+03   2.7856441e-02   1.7867888e+00
   1.2360000e+03   2.7821310e-02   1.7680977e+00
   1.2370000e+03   2.9239093e-02   1.7467540e+00
   1.2380000e+03   3.2546021e-02   1.7290828e+00
   1.2390000e+03   3.4290557e-02   1.7164990e+00
   1.2400000e+03   3.7609726e-02   1.7093363e+00
   1.2410000e+03   4.1157482e-02   1.7073618e+00
   1.2420000e+03   4.5642146e-02   1.7117815e+00
   1.2430000e+03   5.2160183e-02   1.7194118e+00
   1.2440000e+03   6.0770375e-02   1.7280663e+00
   1.2450000e+03   7.0722367e-02   1.7369225e+00
   1.2460000e+03   7.9880498e-02   1.7440328e+00
   1.2470000e+03   8.8727528e-02   1.7501462e+00
   1.2480000e+03   9.6961112e-02   1.7555589e+00
   1.2490000e+03   1.0370129e-01   1.7605039e+00
   1.2500000e+03   1.0926539e-01   1.7659964e+00
   1.2510000e+03   1.1307573e-01   1.7715054e+00
   1.2520000e+03   1.1592650e-01   1.7775394e+00
   1.2530000e+03   1.1883005e-01   1.7844833e+00
   1.2540000e+03   1.2151864e-01   1.7921882e+00
   1.2550000e+03   1.2551919e-01   1.8017298e+00
   1.2560000e+03   1.3111305e-01   1.8118914e+00
   1.2570000e+03   1.3831989e-01   1.8225423e+00
   1.2580000e+03   1.4668988e-01   1.8320882e+00
   1.2590000e+03   1.5660840e-01   1.8415219e+00
   1.2600000e+03   1.6715028e-01   1.8502176e+00
   1.2610000e+03   1.7828708e-01   1.8585845e+00
   1.2620000e+03   1.8812602e-01   1.8666598e+00
   1.2630000e+03   1.9554140e-01   1.8745154e+00
   1.2640000e+03   1.9963020e-01   1.8827662e+00
   1.2650000e+03   2.0146792e-01   1.8904977e+00
   1.2660000e+03   2.0227353e-01   1.8984879e+00
   1.2670000e+03   2.0072287e-01   1.9071066e+00
   1.2680000e+03   1.9713171e-01   1.9155307e+00
   1.2690000e+03   1.9143375e-01   1.9232774e+00
   1.2700000e+03   1.8339354e-01   1.9276082e+00
   1.2710000e+03   1.7448756e-01   1.9290816e+00
   1.2720000e+03   1.6472797e-01   1.9276226e+00
   1.2730000e+03   1.5763884e-01   1.9239213e+00
   1.2740000e+03   1.5537790e-01   1.9195713e+00
   1.2750000e+03   1.5849423e-01   1.9149279e+00
   1.2760000e+03   1.6580396e-01   1.9105443e+00
   1.2770000e+03   1.7597901e-01   1.9073860e+00
   1.2780000e+03   1.8680494e-01   1.9060603e+00
   1.2790000e+03   1.9686695e-01   1.9048624e+00
   1.2800000e+03   2.0562615e-01   1.9035453e+00
   1.2810000e+03   2.1443823e-01   1.9017920e+00
   1.2820000e+03   2.2316340e-01   1.9001862e+00
   1.2830000e+03   2.3105222e-01   1.8989036e+00
   1.2840000e+03   2.3884036e-01   1.8971621e+00
   1.2850000e+03   2.4584603e-01   1.8951120e+00
   1.2860000e+03   2.5040304e-01   1.8931530e+00
   1.2870000e+03   2.5201743e-01   1.8909463e+00
   1.2880000e+03   2.5025267e-01   1.8885521e+00
   1.2890000e+03   2.4566984e-01   1.8843622e+00
   1.2900000e+03   2.3984695e-01   1.8799450e+00
   1.2910000e+03   2.3252825e-01   1.8752252e+00
   1.2920000e+03   2.2410487e-01   1.8687467e+00
   1.2930000e+03   2.1554230e-01   1.8634629e+00
   1.2940000e+03   2.0712764e-01   1.8580576e+00
   1.2950000e+03   1.9781822e-01   1.8533323e+00
   1.2960000e+03   1.8772103e-01   1.8496676e+00
   1.2970000e+03   1.7679873e-01   1.8483886e+00
   1.2980000e+03   1.6576752e-01   1.8496368e+00
   1.2990000e+03   1.5350339e-01   1.8527139e+00
   1.3000000e+03   1.4087394e-01   1.8539228e+00
   1.3010000e+03   1.2778314e-01   1.8547587e+00
   1.3020000e+03   1.1439638e-01   1.8543522e+00
   1.3030000e+03   1.0162069e-01   1.8522644e+00
   1.3040000e+03   9.0887958e-02   1.8485541e+00
   1.3050000e+03   8.2504821e-02   1.8428363e+00
   1.3060000e+03   7.7584199e-02   1.8354451e+00
   1.3070000e+03   7.5142184e-02   1.8250584e+00
   1.3080000e+03   7.5702381e-02   1.8144044e+00
   1.3090000e+03   7.9303943e-02   1.8046726e+00
   1.3100000e+03   8.5218967e-02   1.7966119e+00
   1.3110000e+03   9.1762945e-02   1.7907275e+00
   1.3120000e+03   9.7691966e-02   1.7868447e+00
   1.3130000e+03   1.0222675e-01   1.7832836e+00
   1.3140000e+03   1.0576887e-01   1.7802489e+00
   1.3150000e+03   1.0897276e-01   1.7802686e+00
   1.3160000e+03   1.1138249e-01   1.7807305e+00
   1.3170000e+03   1.1338014e-01   1.7821518e+00
   1.3180000e+03   1.1534932e-01   1.7849026e+00
   1.3190000e+03   1.1809767e-01   1.7873182e+00
   1.3200000e+03   1.2156206e-01   1.7893909e+00
   1.3210000e+03   1.2714593e-01   1.7903733e+00
   1.3220000e+03   1.3008253e-01   1.7937169e+00
   1.3230000e+03   1.3336667e-01   1.7970530e+00
   1.3240000e+03   1.3526087e-01   1.8003440e+00
   1.3250000e+03   1.3735673e-01   1.8041373e+00
   1.3260000e+03   1.4026657e-01   1.8088181e+00
   1.3270000e+03   1.4266642e-01   1.8128341e+00
   1.3280000e+03   1.4644133e-01   1.8168804e+00
   1.3290000e+03   1.5070661e-01   1.8195506e+00
   1.3300000e+03   1.5647951e-01   1.8228859e+00
   1.3310000e+03   1.6560727e-01   1.8238466e+00
   1.3320000e+03   1.7763139e-01   1.8227427e+00
   1.3330000e+03   1.9237052e-01   1.8219009e+00
   1.3340000e+03   2.0894500e-01   1.8217078e+00
   1.3350000e+03   2.2688463e-01   1.8242422e+00
   1.3360000e+03   2.4465311e-01   1.8283459e+00
   1.3370000e+03   2.6081936e-01   1.8351982e+00
   1.3380000e+03   2.7560711e-01   1.8430694e+00
   1.3390000e+03   2.8788538e-01   1.8512416e+00
   1.3400000e+03   2.9843315e-01   1.8583441e+00
   1.3410000e+03   3.0911594e-01   1.8658791e+00
   1.3420000e+03   3.1868869e-01   1.8742162e+00
   1.3430000e+03   3.2701285e-01   1.8836384e+00
   1.3440000e+03   3.3380813e-01   1.8940252e+00
   1.3450000e+03   3.3856859e-01   1.9058972e+00
   1.3460000e+03   3.4092766e-01   1.9181375e+00
   1.3470000e+03   3.4127304e-01   1.9292547e+00
   1.3480000e+03   3.4140888e-01   1.9393805e+00
   1.3490000e+03   3.4123080e-01   1.9477455e+00
   1.3500000e+03   3.4190306e-01   1.9546663e+00
   1.3510000e+03   3.4374631e-01   1.9599052e+00
   1.3520000e+03   3.4514033e-01   1.9642213e+00
   1.3530000e+03   3.4510004e-01   1.9676260e+00
   1.3540000e+03   3.4397383e-01   1.9710317e+00
   1.3550000e+03   3.4000917e-01   1.9754880e+00
   1.3560000e+03   3.3391706e-01   1.9782165e+00
   1.3570000e+03   3.2813216e-01   1.9805509e+00
   1.3580000e+03   3.1870288e-01   1.9797915e+00
   1.3590000e+03   3.0935535e-01   1.9759092e+00
   1.3600000e+03   2.9814294e-01   1.9690417e+00
   1.3610000e+03   2.8842441e-01   1.9606134e+00
   1.3620000e+03   2.8109834e-01   1.9505797e+00
   1.3630000e+03   2.7682358e-01   1.9419428e+00
   1.3640000e+03   2.7524762e-01   1.9351750e+00
   1.3650000e+03   2.7636921e-01   1.9315052e+00
   1.3660000e+03   2.7919483e-01   1.9312054e+00
   1.3670000e+03   2.8251108e-01   1.9341261e+00
   1.3680000e+03   2.8647073e-01   1.9416354e+00
   1.3690000e+03   2.9111035e-01   1.9506353e+00
   1.3700000e+03   2.9385505e-01   1.9603059e+00
   1.3710000e+03   2.9592767e-01   1.9682384e+00
   1.3720000e+03   2.9757382e-01   1.9751099e+00
   1.3730000e+03   2.9848887e-01   1.9801330e+00
   1.3740000e+03   3.0001132e-01   1.9832901e+00
   1.3750000e+03   2.9976037e-01   1.9842623e+00
   1.3760000e+03   2.9905817e-01   1.9832670e+00
   1.3770000e+03   2.9774541e-01   1.9808536e+00
   1.3780000e+03   2.9651004e-01   1.9766055e+00
   1.3790000e+03   2.9465202e-01   1.9706143e+00
   1.3800000e+03   2.9277682e-01   1.9630746e+00
   1.3810000e+03   2.9044643e-01   1.9540858e+00
   1.3820000e+03   2.8721921e-01   1.9456417e+00
   1.3830000e+03   2.8367539e-01   1.9354824e+00
   1.3840000e+03   2.7985626e-01   1.9248991e+00
   1.3850000e+03   2.7778539e-01   1.9145292e+00
   1.3860000e+03   2.7635462e-01   1.9042261e+00
   1.3870000e+03   2.7491505e-01   1.8939234e+00
   1.3880000e+03   2.7352853e-01   1.8840227e+00
   1.3890000e+03   2.7333740e-01   1.8739001e+00
   1.3900000e+03   2.7348950e-01   1.8630647e+00
   1.3910000e+03   2.7424682e-01   1.8517196e+00
   1.3920000e+03   2.7548316e-01   1.8407510e+00
   1.3930000e+03   2.7667150e-01   1.8295615e+00
   1.3940000e+03   2.7725507e-01   1.8191106e+00
   1.3950000e+03   2.7686364e-01   1.8100769e+00
   1.3960000e+03   2.7379637e-01   1.8036604e+00
   1.3970000e+03   2.6838430e-01   1.7986577e+00
   1.3980000e+03   2.5917816e-01   1.7952327e+00
   1.3990000e+03   2.4619060e-01   1.7940593e+00
   1.4000000e+03   2.3006320e-01   1.7931413e+00
   1.4010000e+03   2.1218116e-01   1.7934778e+00
   1.4020000e+03   1.9283513e-01   1.7943331e+00
   1.4030000e+03   1.7160709e-01   1.7956110e+00
   1.4040000e+03   1.4779328e-01   1.7965895e+00
   1.4050000e+03   1.2313303e-01   1.7967274e+00
   1.4060000e+03   9.9616405e-02   1.7970610e+00
   1.4070000e+03   7.7593256e-02   1.7956129e+00
   1.4080000e+03   5.7479849e-02   1.7933635e+00
   1.4090000e+03   3.9021654e-02   1.7908151e+00
   1.4100000e+03   2.2141667e-02   1.7873255e+00
   1.4110000e+03   6.7750389e-03   1.7837068e+00
   1.4120000e+03  -6.8122461e-03   1.7785800e+00
   1.4130000e+03  -1.9044358e-02   1.7732247e+00
   1.4140000e+03  -2.8984523e-02   1.7676320e+00
   1.4150000e+03  -3.7622309e-02   1.7623537e+00
   1.4160000e+03  -4.4025418e-02   1.7577942e+00
   1.4170000e+03  -4.7718700e-02   1.7539024e+00
   1.4180000e+03  -5.0724746e-02   1.7504151e+00
   1.4190000e+03  -5.3224013e-02   1.7479730e+00
   1.4200000e+03  -5.6908243e-02   1.7452888e+00
   1.4210000e+03  -6.1542845e-02   1.7418692e+00
   1.4220000e+03  -6.6941350e-02   1.7388632e+00
   1.4230000e+03  -7.4163910e-02   1.7358105e+00
   1.4240000e+03  -8.2296244e-02   1.7294346e+00
   1.4250000e+03  -9.1245133e-02   1.7207308e+00
   1.4260000e+03  -9.9472254e-02   1.7096782e+00
   1.4270000e+03  -1.0560920e-01   1.6971352e+00
   1.4280000e+03  -1.0934618e-01   1.6834854e+00
   1.4290000e+03  -1.0823650e-01   1.6711979e+00
   1.4300000e+03  -1.0640654e-01   1.6583193e+00
   1.4310000e+03  -1.0041105e-01   1.6473324e+00
   1.4320000e+03  -9.1583898e-02   1.6362175e+00
   1.4330000e+03  -7.9983666e-02   1.6268967e+00
   1.4340000e+03  -6.6431400e-02   1.6185786e+00
   1.4350000e+03  -5.3024848e-02   1.6098092e+00
   1.4360000e+03  -3.9615036e-02   1.5993175e+00
   1.4370000e+03  -2.7156766e-02   1.5861122e+00
   1.4380000e+03  -1.6582353e-02   1.5704848e+00
   1.4390000e+03  -8.1325095e-03   1.5543920e+00
   1.4400000e+03  -6.7180478e-04   1.5376094e+00
   1.4410000e+03   5.0973174e-03   1.5209252e+00
   1.4420000e+03   1.1553930e-02   1.5065657e+00
   1.4430000e+03   1.6754835e-02   1.4937385e+00
   1.4440000e+03   2.1332957e-02   1.4838746e+00
   1.4450000e+03   2.5371117e-02   1.4753403e+00
   1.4460000e+03   2.8335506e-02   1.4665214e+00
   1.4470000e+03   3.0549521e-02   1.4571516e+00
   1.4480000e+03   3.2568111e-02   1.4477528e+00
   1.4490000e+03   3.2341012e-02   1.4382320e+00
   1.4500000e+03   2.9991562e-02   1.4280686e+00
   1.4510000e+03   2.6080464e-02   1.4191450e+00
   1.4520000e+03   2.0162640e-02   1.4100468e+00
   1.4530000e+03   1.1096353e-02   1.4003330e+00
   1.4540000e+03  -9.8017108e-04   1.3906357e+00
   1.4550000e+03  -1.4777835e-02   1.3810296e+00
   1.4560000e+03  -2.9135508e-02   1.3728514e+00
   1.4570000e+03  -3.9583712e-02   1.3636229e+00
   1.4580000e+03  -4.7246247e-02   1.3553496e+00
   1.4590000e+03  -4.9270580e-02   1.3448232e+00
   1.4600000e+03  -4.4886232e-02   1.3338787e+00
   1.4610000e+03  -3.5884376e-02   1.3211216e+00
   1.4620000e+03  -2.4748744e-02   1.3101867e+00
   1.4630000e+03  -1.0943590e-02   1.3009038e+00
   1.4640000e+03   1.6354221e-03   1.2956713e+00
   1.4650000e+03   1.1392434e-02   1.2895909e+00
   1.4660000e+03   1.5797877e-02   1.2830547e+00
   1.4670000e+03   1.8113696e-02   1.2755952e+00
   1.4680000e+03   1.8503451e-02   1.2687398e+00
   1.4690000e+03   1.5347822e-02   1.2629846e+00
   1.4700000e+03   8.4030356e-03   1.2579304e+00
   1.4710000e+03  -1.6099273e-03   1.2523251e+00
   1.4720000e+03  -1.3232810e-02   1.2446389e+00
   1.4730000e+03  -2.5600835e-02   1.2366342e+00
   1.4740000e+03  -3.7173101e-02   1.2273613e+00
   1.4750000e+03  -4.7689411e-02   1.2172298e+00
   1.4760000e+03  -5.6806776e-02   1.2081973e+00
   1.4770000e+03  -6.7363259e-02   1.1987072e+00
   1.4780000e+03  -7.8139979e-02   1.1921130e+00
   1.4790000e+03  -8.9240645e-02   1.1864889e+00
   1.4800000e+03  -1.0003310e-01   1.1820203e+00
   1.4810000e+03  -1.0964604e-01   1.1768187e+00
   1.4820000e+03  -1.1861668e-01   1.1717839e+00
   1.4830000e+03  -1.2623159e-01   1.1666057e+00
   1.4840000e+03  -1.3417233e-01   1.1592679e+00
   1.4850000e+03  -1.4077869e-01   1.1506494e+00
   1.4860000e+03  -1.4505074e-01   1.1426279e+00
   1.4870000e+03  -1.4672041e-01   1.1347932e+00
   1.4880000e+03  -1.4716021e-01   1.1275314e+00
   1.4890000e+03  -1.4774572e-01   1.1216597e+00
   1.4900000e+03  -1.5045136e-01   1.1137356e+00
   1.4910000e+03  -1.5577988e-01   1.1049503e+00
   1.4920000e+03  -1.6416462e-01   1.0971257e+00
   1.4930000e+03  -1.7676037e-01   1.0868935e+00
   1.4940000e+03  -1.8767783e-01   1.0746955e+00
   1.4950000e+03  -1.9567935e-01   1.0637252e+00
   1.4960000e+03  -2.0072536e-01   1.0536119e+00
   1.4970000e+03  -2.0385038e-01   1.0434561e+00
   1.4980000e+03  -2.0532970e-01   1.0333437e+00
   1.4990000e+03  -2.0625145e-01   1.0213353e+00
   1.5000000e+03  -2.0543574e-01   1.0086014e+00
   1.5010000e+03  -2.0315789e-01   9.9528025e-01
   1.5020000e+03  -2.0112303e-01   9.8370623e-01
   1.5030000e+03  -1.9982301e-01   9.7240066e-01
   1.5040000e+03  -1.9508147e-01   9.6300222e-01
   1.5050000e+03  -1.8818687e-01   9.5707631e-01
   1.5060000e+03  -1.7919886e-01   9.5297477e-01
   1.5070000e+03  -1.6837570e-01   9.4949460e-01
   1.5080000e+03  -1.5615739e-01   9.4638609e-01
   1.5090000e+03  -1.4410804e-01   9.4213423e-01
   1.5100000e+03  -1.3451680e-01   9.3790963e-01
   1.5110000e+03  -1.2681421e-01   9.3404978e-01
   1.5120000e+03  -1.1930569e-01   9.3047968e-01
   1.5130000e+03  -1.1502611e-01   9.3017064e-01
   1.5140000e+03  -1.1036865e-01   9.2854348e-01
   1.5150000e+03  -1.0807009e-01   9.2727863e-01
   1.5160000e+03  -1.0723884e-01   9.2549653e-01
   1.5170000e+03  -1.0799977e-01   9.2423265e-01
   1.5180000e+03  -1.0943714e-01   9.2270862e-01
   1.5190000e+03  -1.1167885e-01   9.2186470e-01
   1.5200000e+03  -1.1496578e-01   9.2251113e-01
   1.5210000e+03  -1.1730520e-01   9.2284023e-01
   1.5220000e+03  -1.1586645e-01   9.2339682e-01
   1.5230000e+03  -1.1065606e-01   9.2141438e-01
   1.5240000e+03  -1.0329154e-01   9.1818938e-01
   1.5250000e+03  -9.3578464e-02   9.1282492e-01
   1.5260000e+03  -8.2918859e-02   9.0773340e-01
   1.5270000e+03  -7.3105466e-02   9.0341673e-01
   1.5280000e+03  -6.5780632e-02   9.0202550e-01
   1.5290000e+03  -6.1913352e-02   9.0271942e-01
   1.5300000e+03  -5.9038940e-02   9.0403782e-01
   1.5310000e+03  -5.4727163e-02   9.0319226e-01
   1.5320000e+03  -4.9551932e-02   9.0076483e-01
   1.5330000e+03  -4.4468266e-02   8.9663141e-01
   1.5340000e+03  -4.1031000e-02   8.9151487e-01
   1.5350000e+03  -3.9416800e-02   8.8751588e-01
   1.5360000e+03  -3.7343374e-02   8.8588061e-01
   1.5370000e+03  -3.4376442e-02   8.8421185e-01
   1.5380000e+03  -2.8340378e-02   8.8291147e-01
   1.5390000e+03  -2.2404014e-02   8.8316581e-01
   1.5400000e+03  -1.7531929e-02   8.8563757e-01
   1.5410000e+03  -1.3873357e-02   8.9015728e-01
   1.5420000e+03  -1.1720102e-02   8.9485098e-01
   1.5430000e+03  -1.0699138e-02   8.9679548e-01
   1.5440000e+03  -1.1339515e-02   8.9701190e-01
   1.5450000e+03  -1.3201237e-02   8.9525365e-01
   1.5460000e+03  -1.6569645e-02   8.9355319e-01
   1.5470000e+03  -2.1141784e-02   8.9131756e-01
   1.5480000e+03  -2.7368100e-02   8.8804914e-01
   1.5490000e+03  -3.2777916e-02   8.8460179e-01
   1.5500000e+03  -3.7712218e-02   8.8403695e-01
   1.5510000e+03  -4.1433780e-02   8.8440051e-01
   1.5520000e+03  -4.3113888e-02   8.8560014e-01
   1.5530000e+03  -4.3964939e-02   8.8391534e-01
   1.5540000e+03  -4.5956275e-02   8.7978635e-01
   1.5550000e+03  -5.0594873e-02   8.7421731e-01
   1.5560000e+03  -5.7572104e-02   8.6688092e-01
   1.5570000e+03  -6.4421570e-02   8.5556726e-01
   1.5580000e+03  -6.8197531e-02   8.4189977e-01
   1.5590000e+03  -6.6919126e-02   8.2252867e-01
   1.5600000e+03  -6.0358812e-02   7.9933429e-01
   1.5610000e+03  -4.9391523e-02   7.7121365e-01
   1.5620000e+03  -3.5235035e-02   7.4303704e-01
   1.5630000e+03  -1.5257599e-02   7.1452943e-01
   1.5640000e+03   6.2565769e-03   6.9173206e-01
   1.5650000e+03   2.9311855e-02   6.7294195e-01
   1.5660000e+03   5.2272398e-02   6.6206558e-01
   1.5670000e+03   7.5428454e-02   6.6015465e-01
   1.5680000e+03   9.1220603e-02   6.6289978e-01
   1.5690000e+03   9.8238895e-02   6.5710846e-01
   1.5700000e+03   1.0376530e-01   6.4420202e-01
   1.5710000e+03   1.0985485e-01   6.2784436e-01
   1.5720000e+03   1.2065364e-01   6.0353783e-01
   1.5730000e+03   1.3490554e-01   5.6797271e-01
   1.5740000e+03   1.5429198e-01   5.4244841e-01
   1.5750000e+03   1.8135037e-01   4.9652302e-01
   1.5760000e+03   2.1745759e-01   4.4955169e-01
   1.5770000e+03   2.4838275e-01   4.0882462e-01
   1.5780000e+03   2.7050664e-01   3.6555183e-01
   1.5790000e+03   2.8312666e-01   3.2454698e-01
   1.5800000e+03   2.9085484e-01   2.9606385e-01
   1.5810000e+03   2.9320925e-01   2.7913357e-01
   1.5820000e+03   2.8710094e-01   2.7631127e-01
   1.5830000e+03   2.8389654e-01   2.8108281e-01
   1.5840000e+03   2.8754124e-01   2.8403581e-01
   1.5850000e+03   2.9661961e-01   2.7613729e-01
   1.5860000e+03   3.0350322e-01   2.6493272e-01
   1.5870000e+03   3.0905099e-01   2.5537273e-01
   1.5880000e+03   3.1149274e-01   2.5014804e-01
   1.5890000e+03   3.1262209e-01   2.5228639e-01
   1.5900000e+03   3.0931633e-01   2.5779664e-01
   1.5910000e+03   3.0075199e-01   2.6128601e-01
   1.5920000e+03   2.8820836e-01   2.5822596e-01
   1.5930000e+03   2.7120531e-01   2.5045589e-01
   1.5940000e+03   2.4625702e-01   2.4004962e-01
   1.5950000e+03   2.2433755e-01   2.1999371e-01
   1.5960000e+03   2.1356577e-01   1.9548751e-01
   1.5970000e+03   2.1109338e-01   1.6731541e-01
   1.5980000e+03   2.1604868e-01   1.4051798e-01
   1.5990000e+03   2.1957228e-01   1.1250157e-01
