   7.5700000e+02   2.7641523e+00   2.7004069e+00
   7.5800000e+02   2.7497541e+00   2.6893346e+00
   7.5900000e+02   2.7347988e+00   2.6726198e+00
   7.6000000e+02   2.7178564e+00   2.6531803e+00
   7.6100000e+02   2.6998335e+00   2.6295126e+00
   7.6200000e+02   2.6795592e+00   2.6019935e+00
   7.6300000e+02   2.6576921e+00   2.5707622e+00
   7.6400000e+02   2.6372168e+00   2.5386029e+00
   7.6500000e+02   2.6160026e+00   2.5073430e+00
   7.6600000e+02   2.5949916e+00   2.4762047e+00
   7.6700000e+02   2.5734916e+00   2.4458367e+00
   7.6800000e+02   2.5516334e+00   2.4188607e+00
   7.6900000e+02   2.5301755e+00   2.3932302e+00
   7.7000000e+02   2.5062562e+00   2.3724582e+00
   7.7100000e+02   2.4835634e+00   2.3548786e+00
   7.7200000e+02   2.4588945e+00   2.3425295e+00
   7.7300000e+02   2.4345797e+00   2.3340788e+00
   7.7400000e+02   2.4105185e+00   2.3298062e+00
   7.7500000e+02   2.3866083e+00   2.3273300e+00
   7.7600000e+02   2.3642879e+00   2.3247015e+00
   7.7700000e+02   2.3424639e+00   2.3194687e+00
   7.7800000e+02   2.3202266e+00   2.3103902e+00
   7.7900000e+02   2.2960150e+00   2.2964621e+00
   7.8000000e+02   2.2695769e+00   2.2786333e+00
   7.8100000e+02   2.2388696e+00   2.2567163e+00
   7.8200000e+02   2.2075833e+00   2.2343287e+00
   7.8300000e+02   2.1721046e+00   2.2050801e+00
   7.8400000e+02   2.1380278e+00   2.1753541e+00
   7.8500000e+02   2.1040086e+00   2.1423841e+00
   7.8600000e+02   2.0686618e+00   2.1072161e+00
   7.8700000e+02   2.0312125e+00   2.0711372e+00
   7.8800000e+02   1.9945027e+00   2.0371116e+00
   7.8900000e+02   1.9698812e+00   2.0078864e+00
   7.9000000e+02   1.9651481e+00   1.9830853e+00
   7.9100000e+02   1.9775315e+00   1.9708286e+00
   7.9200000e+02   1.9996774e+00   1.9766943e+00
   7.9300000e+02   2.0255322e+00   1.9970348e+00
   7.9400000e+02   2.0410686e+00   2.0204079e+00
   7.9500000e+02   2.0475632e+00   2.0388938e+00
   7.9600000e+02   2.0483124e+00   2.0509123e+00
   7.9700000e+02   2.0500801e+00   2.0601830e+00
   7.9800000e+02   2.0578405e+00   2.0691755e+00
   7.9900000e+02   2.0718582e+00   2.0800887e+00
   8.0000000e+02   2.0833691e+00   2.0937226e+00
   8.0100000e+02   2.0887320e+00   2.1069584e+00
   8.0200000e+02   2.0913143e+00   2.1166296e+00
   8.0300000e+02   2.0915591e+00   2.1220914e+00
   8.0400000e+02   2.0942924e+00   2.1241312e+00
   8.0500000e+02   2.0975289e+00   2.1245176e+00
   8.0600000e+02   2.0969718e+00   2.1218364e+00
   8.0700000e+02   2.0912587e+00   2.1157055e+00
   8.0800000e+02   2.0812755e+00   2.1080378e+00
   8.0900000e+02   2.0683877e+00   2.0971006e+00
   8.1000000e+02   2.0536673e+00   2.0845894e+00
   8.1100000e+02   2.0369337e+00   2.0696479e+00
   8.1200000e+02   2.0210144e+00   2.0534236e+00
   8.1300000e+02   2.0058369e+00   2.0363505e+00
   8.1400000e+02   1.9949934e+00   2.0190457e+00
   8.1500000e+02   1.9863100e+00   2.0017224e+00
   8.1600000e+02   1.9787738e+00   1.9848953e+00
   8.1700000e+02   1.9719490e+00   1.9687921e+00
   8.1800000e+02   1.9666910e+00   1.9540529e+00
   8.1900000e+02   1.9647209e+00   1.9401541e+00
   8.2000000e+02   1.9681401e+00   1.9269419e+00
   8.2100000e+02   1.9758030e+00   1.9183972e+00
   8.2200000e+02   1.9853605e+00   1.9133951e+00
   8.2300000e+02   1.9971292e+00   1.9101949e+00
   8.2400000e+02   2.0075015e+00   1.9100330e+00
   8.2500000e+02   2.0189316e+00   1.9137677e+00
   8.2600000e+02   2.0297764e+00   1.9213880e+00
   8.2700000e+02   2.0393848e+00   1.9313428e+00
   8.2800000e+02   2.0497279e+00   1.9430451e+00
   8.2900000e+02   2.0609728e+00   1.9553772e+00
   8.3000000e+02   2.0707337e+00   1.9669095e+00
   8.3100000e+02   2.0806823e+00   1.9763800e+00
   8.3200000e+02   2.0889700e+00   1.9831274e+00
   8.3300000e+02   2.0976045e+00   1.9885137e+00
   8.3400000e+02   2.1048840e+00   1.9915339e+00
   8.3500000e+02   2.1112538e+00   1.9936910e+00
   8.3600000e+02   2.1138780e+00   1.9953554e+00
   8.3700000e+02   2.1129421e+00   1.9977145e+00
   8.3800000e+02   2.1083998e+00   2.0003581e+00
   8.3900000e+02   2.0990222e+00   2.0026831e+00
   8.4000000e+02   2.0847876e+00   2.0048083e+00
   8.4100000e+02   2.0668613e+00   2.0077151e+00
   8.4200000e+02   2.0476937e+00   2.0086147e+00
   8.4300000e+02   2.0262921e+00   2.0085529e+00
   8.4400000e+02   2.0034038e+00   2.0086972e+00
   8.4500000e+02   1.9847084e+00   2.0099825e+00
   8.4600000e+02   1.9698836e+00   2.0131557e+00
   8.4700000e+02   1.9580986e+00   2.0171895e+00
   8.4800000e+02   1.9482870e+00   2.0229144e+00
   8.4900000e+02   1.9408259e+00   2.0301565e+00
   8.5000000e+02   1.9350488e+00   2.0392744e+00
   8.5100000e+02   1.9316351e+00   2.0514574e+00
   8.5200000e+02   1.9308822e+00   2.0659287e+00
   8.5300000e+02   1.9319318e+00   2.0833852e+00
   8.5400000e+02   1.9334617e+00   2.1043274e+00
   8.5500000e+02   1.9374241e+00   2.1274444e+00
   8.5600000e+02   1.9409779e+00   2.1518283e+00
   8.5700000e+02   1.9459830e+00   2.1763726e+00
   8.5800000e+02   1.9477722e+00   2.1977993e+00
   8.5900000e+02   1.9484359e+00   2.2164492e+00
   8.6000000e+02   1.9451135e+00   2.2322031e+00
   8.6100000e+02   1.9394724e+00   2.2460243e+00
   8.6200000e+02   1.9315173e+00   2.2565283e+00
   8.6300000e+02   1.9228056e+00   2.2640888e+00
   8.6400000e+02   1.9130455e+00   2.2676214e+00
   8.6500000e+02   1.9017734e+00   2.2665592e+00
   8.6600000e+02   1.8919441e+00   2.2630965e+00
   8.6700000e+02   1.8810988e+00   2.2562459e+00
   8.6800000e+02   1.8718600e+00   2.2457389e+00
   8.6900000e+02   1.8632429e+00   2.2341422e+00
   8.7000000e+02   1.8549937e+00   2.2240054e+00
   8.7100000e+02   1.8494621e+00   2.2159084e+00
   8.7200000e+02   1.8448449e+00   2.2106547e+00
   8.7300000e+02   1.8416464e+00   2.2076480e+00
   8.7400000e+02   1.8386410e+00   2.2066797e+00
   8.7500000e+02   1.8363255e+00   2.2073470e+00
   8.7600000e+02   1.8342417e+00   2.2100723e+00
   8.7700000e+02   1.8344712e+00   2.2151364e+00
   8.7800000e+02   1.8361897e+00   2.2223807e+00
   8.7900000e+02   1.8394190e+00   2.2322917e+00
   8.8000000e+02   1.8443162e+00   2.2438365e+00
   8.8100000e+02   1.8494326e+00   2.2604701e+00
   8.8200000e+02   1.8552676e+00   2.2790317e+00
   8.8300000e+02   1.8606327e+00   2.2998662e+00
   8.8400000e+02   1.8667680e+00   2.3209280e+00
   8.8500000e+02   1.8724949e+00   2.3431031e+00
   8.8600000e+02   1.8766672e+00   2.3642560e+00
   8.8700000e+02   1.8805150e+00   2.3852422e+00
   8.8800000e+02   1.8820095e+00   2.4047149e+00
   8.8900000e+02   1.8821907e+00   2.4209819e+00
   8.9000000e+02   1.8784516e+00   2.4330733e+00
   8.9100000e+02   1.8770038e+00   2.4421485e+00
   8.9200000e+02   1.8785148e+00   2.4470909e+00
   8.9300000e+02   1.8836133e+00   2.4508261e+00
   8.9400000e+02   1.8916910e+00   2.4533865e+00
   8.9500000e+02   1.8996669e+00   2.4549520e+00
   8.9600000e+02   1.9051701e+00   2.4552466e+00
   8.9700000e+02   1.9061667e+00   2.4541523e+00
   8.9800000e+02   1.9036845e+00   2.4524995e+00
   8.9900000e+02   1.8990927e+00   2.4523462e+00
   9.0000000e+02   1.8924685e+00   2.4566192e+00
   9.0100000e+02   1.8839007e+00   2.4653570e+00
   9.0200000e+02   1.8752650e+00   2.4772493e+00
   9.0300000e+02   1.8632417e+00   2.4920329e+00
   9.0400000e+02   1.8474951e+00   2.5085662e+00
   9.0500000e+02   1.8266724e+00   2.5264578e+00
   9.0600000e+02   1.8011950e+00   2.5456395e+00
   9.0700000e+02   1.7727105e+00   2.5662046e+00
   9.0800000e+02   1.7427432e+00   2.5873078e+00
   9.0900000e+02   1.7124644e+00   2.6095019e+00
   9.1000000e+02   1.6842391e+00   2.6293293e+00
   9.1100000e+02   1.6595983e+00   2.6471971e+00
   9.1200000e+02   1.6372273e+00   2.6609887e+00
   9.1300000e+02   1.6186111e+00   2.6719134e+00
   9.1400000e+02   1.6004320e+00   2.6810775e+00
   9.1500000e+02   1.5840941e+00   2.6874962e+00
   9.1600000e+02   1.5695118e+00   2.6924328e+00
   9.1700000e+02   1.5565748e+00   2.6954179e+00
   9.1800000e+02   1.5461105e+00   2.6965333e+00
   9.1900000e+02   1.5379835e+00   2.6959794e+00
   9.2000000e+02   1.5332083e+00   2.6941353e+00
   9.2100000e+02   1.5309303e+00   2.6905195e+00
   9.2200000e+02   1.5302989e+00   2.6872821e+00
   9.2300000e+02   1.5294202e+00   2.6829385e+00
   9.2400000e+02   1.5273130e+00   2.6780974e+00
   9.2500000e+02   1.5244571e+00   2.6727033e+00
   9.2600000e+02   1.5209149e+00   2.6666138e+00
   9.2700000e+02   1.5183273e+00   2.6599809e+00
   9.2800000e+02   1.5170206e+00   2.6522582e+00
   9.2900000e+02   1.5170863e+00   2.6441296e+00
   9.3000000e+02   1.5183224e+00   2.6353616e+00
   9.3100000e+02   1.5206385e+00   2.6261639e+00
   9.3200000e+02   1.5239874e+00   2.6171957e+00
   9.3300000e+02   1.5277720e+00   2.6084067e+00
   9.3400000e+02   1.5314590e+00   2.6000441e+00
   9.3500000e+02   1.5346727e+00   2.5916481e+00
   9.3600000e+02   1.5375892e+00   2.5835474e+00
   9.3700000e+02   1.5411868e+00   2.5742567e+00
   9.3800000e+02   1.5422631e+00   2.5659399e+00
   9.3900000e+02   1.5431608e+00   2.5573120e+00
   9.4000000e+02   1.5441896e+00   2.5490878e+00
   9.4100000e+02   1.5442139e+00   2.5407858e+00
   9.4200000e+02   1.5454575e+00   2.5336424e+00
   9.4300000e+02   1.5442893e+00   2.5273476e+00
   9.4400000e+02   1.5425842e+00   2.5225398e+00
   9.4500000e+02   1.5388028e+00   2.5192555e+00
   9.4600000e+02   1.5333057e+00   2.5177361e+00
   9.4700000e+02   1.5263794e+00   2.5177855e+00
   9.4800000e+02   1.5183505e+00   2.5196430e+00
   9.4900000e+02   1.5089948e+00   2.5227744e+00
   9.5000000e+02   1.5004060e+00   2.5263325e+00
   9.5100000e+02   1.4919788e+00   2.5299250e+00
   9.5200000e+02   1.4857517e+00   2.5317565e+00
   9.5300000e+02   1.4800838e+00   2.5332737e+00
   9.5400000e+02   1.4751535e+00   2.5349785e+00
   9.5500000e+02   1.4718149e+00   2.5372232e+00
   9.5600000e+02   1.4694038e+00   2.5392094e+00
   9.5700000e+02   1.4672609e+00   2.5411061e+00
   9.5800000e+02   1.4660106e+00   2.5433100e+00
   9.5900000e+02   1.4658144e+00   2.5449413e+00
   9.6000000e+02   1.4661906e+00   2.5458674e+00
   9.6100000e+02   1.4685525e+00   2.5452578e+00
   9.6200000e+02   1.4710368e+00   2.5441135e+00
   9.6300000e+02   1.4748074e+00   2.5412919e+00
   9.6400000e+02   1.4791526e+00   2.5382109e+00
   9.6500000e+02   1.4834578e+00   2.5343841e+00
   9.6600000e+02   1.4881207e+00   2.5300119e+00
   9.6700000e+02   1.4915026e+00   2.5241934e+00
   9.6800000e+02   1.4941496e+00   2.5179960e+00
   9.6900000e+02   1.4963573e+00   2.5106002e+00
   9.7000000e+02   1.4986877e+00   2.5023934e+00
   9.7100000e+02   1.5017363e+00   2.4939697e+00
   9.7200000e+02   1.5048813e+00   2.4846787e+00
   9.7300000e+02   1.5072477e+00   2.4748602e+00
   9.7400000e+02   1.5083904e+00   2.4657754e+00
   9.7500000e+02   1.5068368e+00   2.4550907e+00
   9.7600000e+02   1.5021950e+00   2.4448968e+00
   9.7700000e+02   1.4968961e+00   2.4354731e+00
   9.7800000e+02   1.4903172e+00   2.4255926e+00
   9.7900000e+02   1.4880504e+00   2.4162874e+00
   9.8000000e+02   1.4883587e+00   2.4076819e+00
   9.8100000e+02   1.4876456e+00   2.3991579e+00
   9.8200000e+02   1.4831071e+00   2.3880681e+00
   9.8300000e+02   1.4731352e+00   2.3722709e+00
   9.8400000e+02   1.4586048e+00   2.3502164e+00
   9.8500000e+02   1.4393298e+00   2.3223042e+00
   9.8600000e+02   1.4179026e+00   2.2938609e+00
   9.8700000e+02   1.3968396e+00   2.2644595e+00
   9.8800000e+02   1.3740081e+00   2.2362695e+00
   9.8900000e+02   1.3519786e+00   2.2098711e+00
   9.9000000e+02   1.3305056e+00   2.1920282e+00
   9.9100000e+02   1.3093277e+00   2.1807891e+00
   9.9200000e+02   1.2878791e+00   2.1788190e+00
   9.9300000e+02   1.2670671e+00   2.1830176e+00
   9.9400000e+02   1.2472241e+00   2.1909940e+00
   9.9500000e+02   1.2295215e+00   2.2007352e+00
   9.9600000e+02   1.2125170e+00   2.2080701e+00
   9.9700000e+02   1.2000762e+00   2.2121056e+00
   9.9800000e+02   1.1864053e+00   2.2111146e+00
   9.9900000e+02   1.1725486e+00   2.2085335e+00
   1.0000000e+03   1.1579463e+00   2.2039587e+00
   1.0010000e+03   1.1425870e+00   2.1968829e+00
   1.0020000e+03   1.1264421e+00   2.1869625e+00
   1.0030000e+03   1.1126281e+00   2.1720128e+00
   1.0040000e+03   1.1007763e+00   2.1535797e+00
   1.0050000e+03   1.0870443e+00   2.1328363e+00
   1.0060000e+03   1.0719407e+00   2.1114723e+00
   1.0070000e+03   1.0561448e+00   2.0928922e+00
   1.0080000e+03   1.0428553e+00   2.0781235e+00
   1.0090000e+03   1.0307305e+00   2.0680004e+00
   1.0100000e+03   1.0194517e+00   2.0575143e+00
   1.0110000e+03   1.0082188e+00   2.0494900e+00
   1.0120000e+03   1.0009780e+00   2.0426461e+00
   1.0130000e+03   9.9581993e-01   2.0357496e+00
   1.0140000e+03   9.8954309e-01   2.0275309e+00
   1.0150000e+03   9.8229792e-01   2.0186083e+00
   1.0160000e+03   9.7161633e-01   2.0083260e+00
   1.0170000e+03   9.5827233e-01   1.9963439e+00
   1.0180000e+03   9.4343563e-01   1.9855075e+00
   1.0190000e+03   9.2976105e-01   1.9771901e+00
   1.0200000e+03   9.1843253e-01   1.9700241e+00
   1.0210000e+03   9.0977598e-01   1.9652265e+00
   1.0220000e+03   9.0453805e-01   1.9622603e+00
   1.0230000e+03   9.0042128e-01   1.9609731e+00
   1.0240000e+03   8.9676244e-01   1.9596367e+00
   1.0250000e+03   8.9249908e-01   1.9582378e+00
   1.0260000e+03   8.8626081e-01   1.9574761e+00
   1.0270000e+03   8.7843727e-01   1.9558514e+00
   1.0280000e+03   8.7057504e-01   1.9539857e+00
   1.0290000e+03   8.6434161e-01   1.9529122e+00
   1.0300000e+03   8.5945398e-01   1.9506672e+00
   1.0310000e+03   8.5588836e-01   1.9492050e+00
   1.0320000e+03   8.5310493e-01   1.9481704e+00
   1.0330000e+03   8.4879691e-01   1.9487763e+00
   1.0340000e+03   8.4442843e-01   1.9505884e+00
   1.0350000e+03   8.4241863e-01   1.9556344e+00
   1.0360000e+03   8.4682932e-01   1.9640973e+00
   1.0370000e+03   8.5760686e-01   1.9739307e+00
   1.0380000e+03   8.7423970e-01   1.9793905e+00
   1.0390000e+03   8.8869486e-01   1.9780354e+00
   1.0400000e+03   8.9970564e-01   1.9760363e+00
   1.0410000e+03   9.1075600e-01   1.9795025e+00
   1.0420000e+03   9.2680143e-01   1.9903237e+00
   1.0430000e+03   9.4805285e-01   2.0076307e+00
   1.0440000e+03   9.7337777e-01   2.0306878e+00
   1.0450000e+03   1.0017741e+00   2.0564924e+00
   1.0460000e+03   1.0278462e+00   2.0834941e+00
   1.0470000e+03   1.0532756e+00   2.1095895e+00
   1.0480000e+03   1.0753464e+00   2.1322928e+00
   1.0490000e+03   1.0937233e+00   2.1518601e+00
   1.0500000e+03   1.1080672e+00   2.1681883e+00
   1.0510000e+03   1.1199311e+00   2.1831643e+00
   1.0520000e+03   1.1276786e+00   2.1956318e+00
   1.0530000e+03   1.1312668e+00   2.2063768e+00
   1.0540000e+03   1.1330109e+00   2.2152596e+00
   1.0550000e+03   1.1349016e+00   2.2222135e+00
   1.0560000e+03   1.1385182e+00   2.2291979e+00
   1.0570000e+03   1.1453924e+00   2.2355327e+00
   1.0580000e+03   1.1563949e+00   2.2419038e+00
   1.0590000e+03   1.1714579e+00   2.2481726e+00
   1.0600000e+03   1.1887248e+00   2.2541503e+00
   1.0610000e+03   1.2061843e+00   2.2604581e+00
   1.0620000e+03   1.2252399e+00   2.2662296e+00
   1.0630000e+03   1.2437454e+00   2.2720199e+00
   1.0640000e+03   1.2606880e+00   2.2763087e+00
   1.0650000e+03   1.2763714e+00   2.2810746e+00
   1.0660000e+03   1.2902982e+00   2.2855975e+00
   1.0670000e+03   1.3063654e+00   2.2892186e+00
   1.0680000e+03   1.3255713e+00   2.2913406e+00
   1.0690000e+03   1.3466649e+00   2.2926083e+00
   1.0700000e+03   1.3640528e+00   2.2907126e+00
   1.0710000e+03   1.3799376e+00   2.2880648e+00
   1.0720000e+03   1.3944976e+00   2.2833854e+00
   1.0730000e+03   1.4061913e+00   2.2775863e+00
   1.0740000e+03   1.4161040e+00   2.2705538e+00
   1.0750000e+03   1.4250203e+00   2.2653788e+00
   1.0760000e+03   1.4323132e+00   2.2625137e+00
   1.0770000e+03   1.4393672e+00   2.2626079e+00
   1.0780000e+03   1.4445816e+00   2.2638347e+00
   1.0790000e+03   1.4485741e+00   2.2673497e+00
   1.0800000e+03   1.4496373e+00   2.2726450e+00
   1.0810000e+03   1.4493575e+00   2.2799673e+00
   1.0820000e+03   1.4476928e+00   2.2881150e+00
   1.0830000e+03   1.4457056e+00   2.2970248e+00
   1.0840000e+03   1.4419036e+00   2.3058962e+00
   1.0850000e+03   1.4360646e+00   2.3153393e+00
   1.0860000e+03   1.4267608e+00   2.3259402e+00
   1.0870000e+03   1.4162670e+00   2.3349374e+00
   1.0880000e+03   1.4046106e+00   2.3393692e+00
   1.0890000e+03   1.3923677e+00   2.3406741e+00
   1.0900000e+03   1.3789375e+00   2.3388942e+00
   1.0910000e+03   1.3635008e+00   2.3345957e+00
   1.0920000e+03   1.3463687e+00   2.3266398e+00
   1.0930000e+03   1.3288319e+00   2.3149652e+00
   1.0940000e+03   1.3089801e+00   2.3017219e+00
   1.0950000e+03   1.2886845e+00   2.2869803e+00
   1.0960000e+03   1.2726543e+00   2.2711965e+00
   1.0970000e+03   1.2636787e+00   2.2570800e+00
   1.0980000e+03   1.2624485e+00   2.2459049e+00
   1.0990000e+03   1.2680613e+00   2.2382587e+00
   1.1000000e+03   1.2778889e+00   2.2361264e+00
   1.1010000e+03   1.2899535e+00   2.2377402e+00
   1.1020000e+03   1.3023171e+00   2.2423808e+00
   1.1030000e+03   1.3153622e+00   2.2486979e+00
   1.1040000e+03   1.3282844e+00   2.2530044e+00
   1.1050000e+03   1.3428152e+00   2.2547123e+00
   1.1060000e+03   1.3596309e+00   2.2519915e+00
   1.1070000e+03   1.3773040e+00   2.2478359e+00
   1.1080000e+03   1.3957018e+00   2.2417261e+00
   1.1090000e+03   1.4122631e+00   2.2326387e+00
   1.1100000e+03   1.4265694e+00   2.2206171e+00
   1.1110000e+03   1.4388754e+00   2.2064355e+00
   1.1120000e+03   1.4498181e+00   2.1901955e+00
   1.1130000e+03   1.4598027e+00   2.1749502e+00
   1.1140000e+03   1.4667179e+00   2.1601738e+00
   1.1150000e+03   1.4707871e+00   2.1461212e+00
   1.1160000e+03   1.4710252e+00   2.1333246e+00
   1.1170000e+03   1.4663504e+00   2.1201919e+00
   1.1180000e+03   1.4581278e+00   2.1077562e+00
   1.1190000e+03   1.4478117e+00   2.0937264e+00
   1.1200000e+03   1.4420323e+00   2.0806387e+00
   1.1210000e+03   1.4430938e+00   2.0681674e+00
   1.1220000e+03   1.4501824e+00   2.0551782e+00
   1.1230000e+03   1.4630921e+00   2.0421521e+00
   1.1240000e+03   1.4799982e+00   2.0283998e+00
   1.1250000e+03   1.4973307e+00   2.0132660e+00
   1.1260000e+03   1.5145653e+00   1.9972322e+00
   1.1270000e+03   1.5319575e+00   1.9783156e+00
   1.1280000e+03   1.5482706e+00   1.9572128e+00
   1.1290000e+03   1.5627958e+00   1.9336663e+00
   1.1300000e+03   1.5741722e+00   1.9102775e+00
   1.1310000e+03   1.5827829e+00   1.8870167e+00
   1.1320000e+03   1.5868259e+00   1.8649907e+00
   1.1330000e+03   1.5874929e+00   1.8434926e+00
   1.1340000e+03   1.5846484e+00   1.8242662e+00
   1.1350000e+03   1.5779488e+00   1.8065929e+00
   1.1360000e+03   1.5673586e+00   1.7904121e+00
   1.1370000e+03   1.5535396e+00   1.7767685e+00
   1.1380000e+03   1.5362247e+00   1.7673689e+00
   1.1390000e+03   1.5177501e+00   1.7625125e+00
   1.1400000e+03   1.4984628e+00   1.7601025e+00
   1.1410000e+03   1.4794542e+00   1.7560889e+00
   1.1420000e+03   1.4649616e+00   1.7500390e+00
   1.1430000e+03   1.4535724e+00   1.7425384e+00
   1.1440000e+03   1.4473338e+00   1.7316592e+00
   1.1450000e+03   1.4469078e+00   1.7216011e+00
   1.1460000e+03   1.4508096e+00   1.7077700e+00
   1.1470000e+03   1.4557324e+00   1.6943902e+00
   1.1480000e+03   1.4632510e+00   1.6834556e+00
   1.1490000e+03   1.4714764e+00   1.6824266e+00
   1.1500000e+03   1.4772054e+00   1.6870350e+00
   1.1510000e+03   1.4828840e+00   1.6943744e+00
   1.1520000e+03   1.4905345e+00   1.7025330e+00
   1.1530000e+03   1.5000312e+00   1.7071893e+00
   1.1540000e+03   1.5100466e+00   1.7071515e+00
   1.1550000e+03   1.5212103e+00   1.7018308e+00
   1.1560000e+03   1.5304575e+00   1.6938186e+00
   1.1570000e+03   1.5384659e+00   1.6836991e+00
   1.1580000e+03   1.5443918e+00   1.6726507e+00
   1.1590000e+03   1.5486101e+00   1.6615262e+00
   1.1600000e+03   1.5515011e+00   1.6507561e+00
   1.1610000e+03   1.5526624e+00   1.6417193e+00
   1.1620000e+03   1.5538578e+00   1.6333319e+00
   1.1630000e+03   1.5546985e+00   1.6254217e+00
   1.1640000e+03   1.5540809e+00   1.6187016e+00
   1.1650000e+03   1.5514383e+00   1.6112126e+00
   1.1660000e+03   1.5458231e+00   1.6064380e+00
   1.1670000e+03   1.5374711e+00   1.6029949e+00
   1.1680000e+03   1.5266964e+00   1.6000349e+00
   1.1690000e+03   1.5155224e+00   1.5986385e+00
   1.1700000e+03   1.5030847e+00   1.5969120e+00
   1.1710000e+03   1.4910202e+00   1.5966902e+00
   1.1720000e+03   1.4798186e+00   1.5988063e+00
   1.1730000e+03   1.4681254e+00   1.6020470e+00
   1.1740000e+03   1.4559738e+00   1.6059201e+00
   1.1750000e+03   1.4453631e+00   1.6091552e+00
   1.1760000e+03   1.4354331e+00   1.6114085e+00
   1.1770000e+03   1.4265412e+00   1.6114030e+00
   1.1780000e+03   1.4184299e+00   1.6120685e+00
   1.1790000e+03   1.4113564e+00   1.6127738e+00
   1.1800000e+03   1.4067679e+00   1.6121954e+00
   1.1810000e+03   1.4048118e+00   1.6104922e+00
   1.1820000e+03   1.4042279e+00   1.6064277e+00
   1.1830000e+03   1.4026723e+00   1.6007062e+00
   1.1840000e+03   1.3999602e+00   1.5947907e+00
   1.1850000e+03   1.3955399e+00   1.5882328e+00
   1.1860000e+03   1.3905952e+00   1.5833262e+00
   1.1870000e+03   1.3849955e+00   1.5792663e+00
   1.1880000e+03   1.3784221e+00   1.5739750e+00
   1.1890000e+03   1.3735157e+00   1.5723108e+00
   1.1900000e+03   1.3672027e+00   1.5695790e+00
   1.1910000e+03   1.3637083e+00   1.5696709e+00
   1.1920000e+03   1.3644915e+00   1.5732773e+00
   1.1930000e+03   1.3705549e+00   1.5800600e+00
   1.1940000e+03   1.3824250e+00   1.5892693e+00
   1.1950000e+03   1.3995751e+00   1.6033838e+00
   1.1960000e+03   1.4236632e+00   1.6209998e+00
   1.1970000e+03   1.4486867e+00   1.6380476e+00
   1.1980000e+03   1.4764956e+00   1.6558871e+00
   1.1990000e+03   1.5056402e+00   1.6746783e+00
   1.2000000e+03   1.5356881e+00   1.6942170e+00
   1.2010000e+03   1.5634392e+00   1.7106423e+00
   1.2020000e+03   1.5889952e+00   1.7282026e+00
   1.2030000e+03   1.6133461e+00   1.7438794e+00
   1.2040000e+03   1.6334034e+00   1.7556516e+00
   1.2050000e+03   1.6507778e+00   1.7677060e+00
   1.2060000e+03   1.6634683e+00   1.7783581e+00
   1.2070000e+03   1.6741448e+00   1.7878548e+00
   1.2080000e+03   1.6830392e+00   1.7955358e+00
   1.2090000e+03   1.6893848e+00   1.8032844e+00
   1.2100000e+03   1.6940437e+00   1.8127085e+00
   1.2110000e+03   1.6934827e+00   1.8250572e+00
   1.2120000e+03   1.6921296e+00   1.8378875e+00
   1.2130000e+03   1.6895631e+00   1.8493166e+00
   1.2140000e+03   1.6861239e+00   1.8558125e+00
   1.2150000e+03   1.6828303e+00   1.8599500e+00
   1.2160000e+03   1.6790205e+00   1.8602395e+00
   1.2170000e+03   1.6732613e+00   1.8589767e+00
   1.2180000e+03   1.6654754e+00   1.8552129e+00
   1.2190000e+03   1.6550260e+00   1.8496242e+00
   1.2200000e+03   1.6425351e+00   1.8440345e+00
   1.2210000e+03   1.6283302e+00   1.8406089e+00
   1.2220000e+03   1.6148813e+00   1.8412724e+00
   1.2230000e+03   1.6031151e+00   1.8461639e+00
   1.2240000e+03   1.5926080e+00   1.8541713e+00
   1.2250000e+03   1.5824779e+00   1.8660384e+00
   1.2260000e+03   1.5716286e+00   1.8796846e+00
   1.2270000e+03   1.5617785e+00   1.8948133e+00
   1.2280000e+03   1.5524110e+00   1.9103349e+00
   1.2290000e+03   1.5432333e+00   1.9258050e+00
   1.2300000e+03   1.5357611e+00   1.9404996e+00
   1.2310000e+03   1.5286284e+00   1.9545894e+00
   1.2320000e+03   1.5223595e+00   1.9663805e+00
   1.2330000e+03   1.5165577e+00   1.9760451e+00
   1.2340000e+03   1.5115269e+00   1.9839113e+00
   1.2350000e+03   1.5079008e+00   1.9888734e+00
   1.2360000e+03   1.5072525e+00   1.9899262e+00
   1.2370000e+03   1.5095682e+00   1.9864852e+00
   1.2380000e+03   1.5139152e+00   1.9798235e+00
   1.2390000e+03   1.5198842e+00   1.9711335e+00
   1.2400000e+03   1.5260221e+00   1.9609936e+00
   1.2410000e+03   1.5316734e+00   1.9500901e+00
   1.2420000e+03   1.5364006e+00   1.9375801e+00
   1.2430000e+03   1.5413341e+00   1.9252397e+00
   1.2440000e+03   1.5453914e+00   1.9122627e+00
   1.2450000e+03   1.5490057e+00   1.8977409e+00
   1.2460000e+03   1.5521341e+00   1.8835242e+00
   1.2470000e+03   1.5546055e+00   1.8682536e+00
   1.2480000e+03   1.5558752e+00   1.8520182e+00
   1.2490000e+03   1.5577074e+00   1.8352427e+00
   1.2500000e+03   1.5588832e+00   1.8187318e+00
   1.2510000e+03   1.5584839e+00   1.8026394e+00
   1.2520000e+03   1.5574838e+00   1.7876665e+00
   1.2530000e+03   1.5563478e+00   1.7735694e+00
   1.2540000e+03   1.5549453e+00   1.7614265e+00
   1.2550000e+03   1.5554094e+00   1.7510776e+00
   1.2560000e+03   1.5554092e+00   1.7415222e+00
   1.2570000e+03   1.5556664e+00   1.7333875e+00
   1.2580000e+03   1.5557398e+00   1.7271657e+00
   1.2590000e+03   1.5559764e+00   1.7210347e+00
   1.2600000e+03   1.5561948e+00   1.7161896e+00
   1.2610000e+03   1.5565438e+00   1.7129499e+00
   1.2620000e+03   1.5571540e+00   1.7105098e+00
   1.2630000e+03   1.5568345e+00   1.7101585e+00
   1.2640000e+03   1.5556576e+00   1.7118580e+00
   1.2650000e+03   1.5541319e+00   1.7146797e+00
   1.2660000e+03   1.5509535e+00   1.7183269e+00
   1.2670000e+03   1.5457805e+00   1.7220224e+00
   1.2680000e+03   1.5382375e+00   1.7261870e+00
   1.2690000e+03   1.5287893e+00   1.7280252e+00
   1.2700000e+03   1.5188123e+00   1.7280900e+00
   1.2710000e+03   1.5104887e+00   1.7240187e+00
   1.2720000e+03   1.5021471e+00   1.7184311e+00
   1.2730000e+03   1.4942983e+00   1.7126473e+00
   1.2740000e+03   1.4890596e+00   1.7089771e+00
   1.2750000e+03   1.4866613e+00   1.7078074e+00
   1.2760000e+03   1.4854374e+00   1.7093167e+00
   1.2770000e+03   1.4845386e+00   1.7104006e+00
   1.2780000e+03   1.4814739e+00   1.7065064e+00
   1.2790000e+03   1.4785024e+00   1.6986725e+00
   1.2800000e+03   1.4691029e+00   1.6838289e+00
   1.2810000e+03   1.4548822e+00   1.6649521e+00
   1.2820000e+03   1.4375007e+00   1.6447073e+00
   1.2830000e+03   1.4225427e+00   1.6242704e+00
   1.2840000e+03   1.4097721e+00   1.6045087e+00
   1.2850000e+03   1.3992148e+00   1.5848809e+00
   1.2860000e+03   1.3903516e+00   1.5718279e+00
   1.2870000e+03   1.3821437e+00   1.5641668e+00
   1.2880000e+03   1.3747074e+00   1.5598272e+00
   1.2890000e+03   1.3688545e+00   1.5561046e+00
   1.2900000e+03   1.3616547e+00   1.5449877e+00
   1.2910000e+03   1.3523556e+00   1.5311689e+00
   1.2920000e+03   1.3419940e+00   1.5156983e+00
   1.2930000e+03   1.3306896e+00   1.4988802e+00
   1.2940000e+03   1.3186245e+00   1.4810928e+00
   1.2950000e+03   1.3056956e+00   1.4624754e+00
   1.2960000e+03   1.2921868e+00   1.4441999e+00
   1.2970000e+03   1.2797377e+00   1.4297939e+00
   1.2980000e+03   1.2701542e+00   1.4196582e+00
   1.2990000e+03   1.2616657e+00   1.4088644e+00
   1.3000000e+03   1.2566065e+00   1.3979665e+00
   1.3010000e+03   1.2582907e+00   1.3841940e+00
   1.3020000e+03   1.2661433e+00   1.3716826e+00
   1.3030000e+03   1.2800274e+00   1.3609109e+00
   1.3040000e+03   1.2964382e+00   1.3563736e+00
   1.3050000e+03   1.3135072e+00   1.3536502e+00
   1.3060000e+03   1.3301888e+00   1.3513459e+00
   1.3070000e+03   1.3476929e+00   1.3518642e+00
   1.3080000e+03   1.3669077e+00   1.3540545e+00
   1.3090000e+03   1.3850962e+00   1.3605038e+00
   1.3100000e+03   1.3981013e+00   1.3707055e+00
   1.3110000e+03   1.4055602e+00   1.3809886e+00
   1.3120000e+03   1.4069163e+00   1.3907660e+00
   1.3130000e+03   1.4012070e+00   1.3961934e+00
   1.3140000e+03   1.3917602e+00   1.3978890e+00
   1.3150000e+03   1.3793841e+00   1.3989377e+00
   1.3160000e+03   1.3621408e+00   1.3990718e+00
   1.3170000e+03   1.3400414e+00   1.3979992e+00
   1.3180000e+03   1.3150507e+00   1.3941419e+00
   1.3190000e+03   1.2903078e+00   1.3888139e+00
   1.3200000e+03   1.2666719e+00   1.3829741e+00
   1.3210000e+03   1.2423653e+00   1.3742998e+00
   1.3220000e+03   1.2158899e+00   1.3658515e+00
   1.3230000e+03   1.1904292e+00   1.3552098e+00
   1.3240000e+03   1.1629403e+00   1.3421607e+00
   1.3250000e+03   1.1363134e+00   1.3288062e+00
   1.3260000e+03   1.1145776e+00   1.3192063e+00
   1.3270000e+03   1.0914201e+00   1.3127443e+00
   1.3280000e+03   1.0695497e+00   1.3115097e+00
   1.3290000e+03   1.0482526e+00   1.3153953e+00
   1.3300000e+03   1.0278252e+00   1.3194732e+00
   1.3310000e+03   1.0104371e+00   1.3254875e+00
   1.3320000e+03   9.9720875e-01   1.3251512e+00
   1.3330000e+03   9.8495409e-01   1.3265537e+00
   1.3340000e+03   9.7984549e-01   1.3293064e+00
   1.3350000e+03   9.7729116e-01   1.3318009e+00
   1.3360000e+03   9.7280656e-01   1.3328061e+00
   1.3370000e+03   9.6901295e-01   1.3337840e+00
   1.3380000e+03   9.6970731e-01   1.3382659e+00
   1.3390000e+03   9.7191216e-01   1.3433529e+00
   1.3400000e+03   9.7813034e-01   1.3449779e+00
   1.3410000e+03   9.8960372e-01   1.3437373e+00
   1.3420000e+03   1.0024905e+00   1.3430384e+00
   1.3430000e+03   1.0149938e+00   1.3439031e+00
   1.3440000e+03   1.0255132e+00   1.3479502e+00
   1.3450000e+03   1.0337932e+00   1.3561229e+00
   1.3460000e+03   1.0451664e+00   1.3659765e+00
   1.3470000e+03   1.0582215e+00   1.3766185e+00
   1.3480000e+03   1.0759657e+00   1.3901109e+00
   1.3490000e+03   1.0974081e+00   1.4070143e+00
   1.3500000e+03   1.1202723e+00   1.4252406e+00
   1.3510000e+03   1.1424936e+00   1.4471528e+00
   1.3520000e+03   1.1660010e+00   1.4726031e+00
   1.3530000e+03   1.1936496e+00   1.5039701e+00
   1.3540000e+03   1.2213655e+00   1.5332002e+00
   1.3550000e+03   1.2499718e+00   1.5618432e+00
   1.3560000e+03   1.2754268e+00   1.5891801e+00
   1.3570000e+03   1.2999189e+00   1.6120287e+00
   1.3580000e+03   1.3198329e+00   1.6316460e+00
   1.3590000e+03   1.3389296e+00   1.6466543e+00
   1.3600000e+03   1.3557076e+00   1.6584059e+00
   1.3610000e+03   1.3697708e+00   1.6664019e+00
   1.3620000e+03   1.3828095e+00   1.6705795e+00
   1.3630000e+03   1.3942063e+00   1.6700346e+00
   1.3640000e+03   1.4037247e+00   1.6668599e+00
   1.3650000e+03   1.4132346e+00   1.6607120e+00
   1.3660000e+03   1.4234173e+00   1.6523462e+00
   1.3670000e+03   1.4322288e+00   1.6424259e+00
   1.3680000e+03   1.4408704e+00   1.6319791e+00
   1.3690000e+03   1.4488944e+00   1.6212330e+00
   1.3700000e+03   1.4544918e+00   1.6108417e+00
   1.3710000e+03   1.4586104e+00   1.6021337e+00
   1.3720000e+03   1.4602235e+00   1.5939651e+00
   1.3730000e+03   1.4615588e+00   1.5853740e+00
   1.3740000e+03   1.4620133e+00   1.5781657e+00
   1.3750000e+03   1.4608724e+00   1.5712528e+00
   1.3760000e+03   1.4589144e+00   1.5637325e+00
   1.3770000e+03   1.4545804e+00   1.5558886e+00
   1.3780000e+03   1.4495145e+00   1.5472742e+00
   1.3790000e+03   1.4430170e+00   1.5388395e+00
   1.3800000e+03   1.4347001e+00   1.5311257e+00
   1.3810000e+03   1.4244711e+00   1.5233598e+00
   1.3820000e+03   1.4130005e+00   1.5154138e+00
   1.3830000e+03   1.4000498e+00   1.5068055e+00
   1.3840000e+03   1.3872214e+00   1.4972043e+00
   1.3850000e+03   1.3746950e+00   1.4879065e+00
   1.3860000e+03   1.3634686e+00   1.4790206e+00
   1.3870000e+03   1.3531824e+00   1.4702580e+00
   1.3880000e+03   1.3448379e+00   1.4619372e+00
   1.3890000e+03   1.3371442e+00   1.4532042e+00
   1.3900000e+03   1.3297941e+00   1.4454212e+00
   1.3910000e+03   1.3218039e+00   1.4375522e+00
   1.3920000e+03   1.3141572e+00   1.4305696e+00
   1.3930000e+03   1.3061309e+00   1.4225823e+00
   1.3940000e+03   1.2975999e+00   1.4149416e+00
   1.3950000e+03   1.2883565e+00   1.4084813e+00
   1.3960000e+03   1.2785824e+00   1.4013074e+00
   1.3970000e+03   1.2675128e+00   1.3923677e+00
   1.3980000e+03   1.2578666e+00   1.3834948e+00
   1.3990000e+03   1.2495343e+00   1.3747796e+00
   1.4000000e+03   1.2426535e+00   1.3670835e+00
   1.4010000e+03   1.2389043e+00   1.3597821e+00
   1.4020000e+03   1.2372082e+00   1.3527324e+00
   1.4030000e+03   1.2382024e+00   1.3471472e+00
   1.4040000e+03   1.2402908e+00   1.3420261e+00
   1.4050000e+03   1.2444995e+00   1.3360578e+00
   1.4060000e+03   1.2478064e+00   1.3309084e+00
   1.4070000e+03   1.2494847e+00   1.3244908e+00
   1.4080000e+03   1.2501645e+00   1.3183889e+00
   1.4090000e+03   1.2494620e+00   1.3123542e+00
   1.4100000e+03   1.2481260e+00   1.3054467e+00
   1.4110000e+03   1.2457128e+00   1.2976420e+00
   1.4120000e+03   1.2434255e+00   1.2902346e+00
   1.4130000e+03   1.2414830e+00   1.2829502e+00
   1.4140000e+03   1.2395672e+00   1.2741204e+00
   1.4150000e+03   1.2356289e+00   1.2653089e+00
   1.4160000e+03   1.2301031e+00   1.2579447e+00
   1.4170000e+03   1.2228593e+00   1.2519150e+00
   1.4180000e+03   1.2153941e+00   1.2476719e+00
   1.4190000e+03   1.2078979e+00   1.2448305e+00
   1.4200000e+03   1.2015663e+00   1.2437527e+00
   1.4210000e+03   1.1958439e+00   1.2421600e+00
   1.4220000e+03   1.1910366e+00   1.2410454e+00
   1.4230000e+03   1.1868373e+00   1.2392207e+00
   1.4240000e+03   1.1832847e+00   1.2373274e+00
   1.4250000e+03   1.1798406e+00   1.2349783e+00
   1.4260000e+03   1.1771859e+00   1.2317490e+00
   1.4270000e+03   1.1737949e+00   1.2268607e+00
   1.4280000e+03   1.1707999e+00   1.2207742e+00
   1.4290000e+03   1.1686763e+00   1.2143563e+00
   1.4300000e+03   1.1678477e+00   1.2059028e+00
   1.4310000e+03   1.1688587e+00   1.1965873e+00
   1.4320000e+03   1.1706950e+00   1.1863688e+00
   1.4330000e+03   1.1719668e+00   1.1777725e+00
   1.4340000e+03   1.1735241e+00   1.1688231e+00
   1.4350000e+03   1.1742966e+00   1.1604027e+00
   1.4360000e+03   1.1750654e+00   1.1522813e+00
   1.4370000e+03   1.1734650e+00   1.1436521e+00
   1.4380000e+03   1.1706015e+00   1.1369793e+00
   1.4390000e+03   1.1660682e+00   1.1313957e+00
   1.4400000e+03   1.1594176e+00   1.1256993e+00
   1.4410000e+03   1.1511818e+00   1.1215327e+00
   1.4420000e+03   1.1426689e+00   1.1195266e+00
   1.4430000e+03   1.1324084e+00   1.1184101e+00
   1.4440000e+03   1.1227184e+00   1.1183042e+00
   1.4450000e+03   1.1147769e+00   1.1204729e+00
   1.4460000e+03   1.1060478e+00   1.1243290e+00
   1.4470000e+03   1.0974436e+00   1.1278084e+00
   1.4480000e+03   1.0892092e+00   1.1317081e+00
   1.4490000e+03   1.0808419e+00   1.1357830e+00
   1.4500000e+03   1.0731428e+00   1.1405993e+00
   1.4510000e+03   1.0657355e+00   1.1450733e+00
   1.4520000e+03   1.0592158e+00   1.1470392e+00
   1.4530000e+03   1.0546853e+00   1.1470582e+00
   1.4540000e+03   1.0531884e+00   1.1467623e+00
   1.4550000e+03   1.0544716e+00   1.1447122e+00
   1.4560000e+03   1.0592849e+00   1.1425601e+00
   1.4570000e+03   1.0660007e+00   1.1410941e+00
   1.4580000e+03   1.0735781e+00   1.1414013e+00
   1.4590000e+03   1.0825084e+00   1.1419063e+00
   1.4600000e+03   1.0921445e+00   1.1424675e+00
   1.4610000e+03   1.1036335e+00   1.1425419e+00
   1.4620000e+03   1.1164064e+00   1.1419103e+00
   1.4630000e+03   1.1288190e+00   1.1415822e+00
   1.4640000e+03   1.1401377e+00   1.1428641e+00
   1.4650000e+03   1.1507895e+00   1.1450884e+00
   1.4660000e+03   1.1586827e+00   1.1491825e+00
   1.4670000e+03   1.1650673e+00   1.1539879e+00
   1.4680000e+03   1.1695704e+00   1.1584266e+00
   1.4690000e+03   1.1729568e+00   1.1632373e+00
   1.4700000e+03   1.1755976e+00   1.1673938e+00
   1.4710000e+03   1.1774349e+00   1.1716774e+00
   1.4720000e+03   1.1778395e+00   1.1759965e+00
   1.4730000e+03   1.1774847e+00   1.1796339e+00
   1.4740000e+03   1.1763959e+00   1.1814423e+00
   1.4750000e+03   1.1749289e+00   1.1825012e+00
   1.4760000e+03   1.1736506e+00   1.1828328e+00
   1.4770000e+03   1.1720760e+00   1.1816669e+00
   1.4780000e+03   1.1694280e+00   1.1798389e+00
   1.4790000e+03   1.1657092e+00   1.1771021e+00
   1.4800000e+03   1.1611099e+00   1.1743851e+00
   1.4810000e+03   1.1549527e+00   1.1711653e+00
   1.4820000e+03   1.1479289e+00   1.1681167e+00
   1.4830000e+03   1.1391576e+00   1.1650382e+00
   1.4840000e+03   1.1287511e+00   1.1610182e+00
   1.4850000e+03   1.1173342e+00   1.1561408e+00
   1.4860000e+03   1.1040619e+00   1.1506028e+00
   1.4870000e+03   1.0901680e+00   1.1436401e+00
   1.4880000e+03   1.0760413e+00   1.1367555e+00
   1.4890000e+03   1.0621090e+00   1.1283555e+00
   1.4900000e+03   1.0484039e+00   1.1219221e+00
   1.4910000e+03   1.0360442e+00   1.1151117e+00
   1.4920000e+03   1.0242650e+00   1.1090225e+00
   1.4930000e+03   1.0132493e+00   1.1017018e+00
   1.4940000e+03   1.0024191e+00   1.0940657e+00
   1.4950000e+03   9.9361487e-01   1.0863236e+00
   1.4960000e+03   9.8587534e-01   1.0785685e+00
   1.4970000e+03   9.8094712e-01   1.0712115e+00
   1.4980000e+03   9.7779173e-01   1.0623490e+00
   1.4990000e+03   9.7584507e-01   1.0517224e+00
   1.5000000e+03   9.7443868e-01   1.0390291e+00
   1.5010000e+03   9.7168855e-01   1.0232868e+00
   1.5020000e+03   9.6571361e-01   1.0081382e+00
   1.5030000e+03   9.5737012e-01   9.9600100e-01
   1.5040000e+03   9.4875576e-01   9.8391250e-01
   1.5050000e+03   9.3937213e-01   9.7416068e-01
   1.5060000e+03   9.2838410e-01   9.6677824e-01
   1.5070000e+03   9.1777982e-01   9.5986813e-01
   1.5080000e+03   9.0774605e-01   9.5374624e-01
   1.5090000e+03   8.9809855e-01   9.4775435e-01
   1.5100000e+03   8.8806908e-01   9.4268039e-01
   1.5110000e+03   8.8031919e-01   9.3781212e-01
   1.5120000e+03   8.7131198e-01   9.3187606e-01
   1.5130000e+03   8.6173500e-01   9.2601781e-01
   1.5140000e+03   8.5298618e-01   9.1856194e-01
   1.5150000e+03   8.4329417e-01   9.1088367e-01
   1.5160000e+03   8.3254968e-01   9.0383050e-01
   1.5170000e+03   8.2242522e-01   8.9675926e-01
   1.5180000e+03   8.1351887e-01   8.9133159e-01
   1.5190000e+03   8.0506633e-01   8.8713244e-01
   1.5200000e+03   7.9790501e-01   8.8590447e-01
   1.5210000e+03   7.9286018e-01   8.8821115e-01
   1.5220000e+03   7.8786314e-01   8.9512990e-01
   1.5230000e+03   7.8475637e-01   9.0375998e-01
   1.5240000e+03   7.8324750e-01   9.1241005e-01
   1.5250000e+03   7.8136803e-01   9.2427902e-01
   1.5260000e+03   7.8323876e-01   9.3310039e-01
   1.5270000e+03   7.8547063e-01   9.4019476e-01
   1.5280000e+03   7.8698596e-01   9.4853287e-01
   1.5290000e+03   7.8554222e-01   9.5772712e-01
   1.5300000e+03   7.8206901e-01   9.6944476e-01
   1.5310000e+03   7.7810210e-01   9.8099399e-01
   1.5320000e+03   7.7544433e-01   9.9368836e-01
   1.5330000e+03   7.7615153e-01   1.0059987e+00
   1.5340000e+03   7.7865272e-01   1.0178597e+00
   1.5350000e+03   7.7894959e-01   1.0300215e+00
   1.5360000e+03   7.7424279e-01   1.0437158e+00
   1.5370000e+03   7.6659082e-01   1.0564183e+00
   1.5380000e+03   7.5724496e-01   1.0682310e+00
   1.5390000e+03   7.4911244e-01   1.0775054e+00
   1.5400000e+03   7.4312898e-01   1.0858877e+00
   1.5410000e+03   7.3937195e-01   1.0919304e+00
   1.5420000e+03   7.3747308e-01   1.0960799e+00
   1.5430000e+03   7.3447800e-01   1.0977294e+00
   1.5440000e+03   7.3157859e-01   1.0971087e+00
   1.5450000e+03   7.2775600e-01   1.0948930e+00
   1.5460000e+03   7.2470128e-01   1.0902904e+00
   1.5470000e+03   7.2116226e-01   1.0835640e+00
   1.5480000e+03   7.1859309e-01   1.0753140e+00
   1.5490000e+03   7.1741730e-01   1.0645713e+00
   1.5500000e+03   7.1868475e-01   1.0521287e+00
   1.5510000e+03   7.2133181e-01   1.0365893e+00
   1.5520000e+03   7.2605058e-01   1.0172063e+00
   1.5530000e+03   7.3227674e-01   9.9448642e-01
   1.5540000e+03   7.3917526e-01   9.6925356e-01
   1.5550000e+03   7.4648628e-01   9.4261690e-01
   1.5560000e+03   7.5409859e-01   9.1710117e-01
   1.5570000e+03   7.6069502e-01   8.9561654e-01
   1.5580000e+03   7.6621427e-01   8.7979783e-01
   1.5590000e+03   7.6896518e-01   8.6443585e-01
   1.5600000e+03   7.7024528e-01   8.4886381e-01
   1.5610000e+03   7.7238706e-01   8.3454480e-01
   1.5620000e+03   7.7347821e-01   8.2496957e-01
   1.5630000e+03   7.7292428e-01   8.1705158e-01
   1.5640000e+03   7.7315187e-01   8.0358011e-01
   1.5650000e+03   7.7794433e-01   7.8438357e-01
   1.5660000e+03   7.8675138e-01   7.6371291e-01
   1.5670000e+03   7.9713488e-01   7.4434911e-01
   1.5680000e+03   8.0788268e-01   7.2639115e-01
   1.5690000e+03   8.1683812e-01   7.1229570e-01
   1.5700000e+03   8.2390045e-01   6.9894200e-01
   1.5710000e+03   8.2962462e-01   6.8773764e-01
   1.5720000e+03   8.3454167e-01   6.7794258e-01
   1.5730000e+03   8.4024083e-01   6.7220023e-01
   1.5740000e+03   8.4305261e-01   6.6732515e-01
   1.5750000e+03   8.4691047e-01   6.6402735e-01
   1.5760000e+03   8.5240930e-01   6.6125895e-01
   1.5770000e+03   8.5781462e-01   6.5848908e-01
   1.5780000e+03   8.6476467e-01   6.5785853e-01
   1.5790000e+03   8.7270415e-01   6.5870711e-01
   1.5800000e+03   8.8071002e-01   6.5757724e-01
   1.5810000e+03   8.8662237e-01   6.5598223e-01
   1.5820000e+03   8.8922907e-01   6.5206047e-01
   1.5830000e+03   8.8732139e-01   6.4720174e-01
   1.5840000e+03   8.8396722e-01   6.4339471e-01
   1.5850000e+03   8.7645798e-01   6.3913573e-01
   1.5860000e+03   8.6866313e-01   6.3911789e-01
   1.5870000e+03   8.5925593e-01   6.4047650e-01
   1.5880000e+03   8.4931881e-01   6.4348972e-01
   1.5890000e+03   8.4064971e-01   6.4744000e-01
   1.5900000e+03   8.3337168e-01   6.5020911e-01
   1.5910000e+03   8.2908923e-01   6.5349595e-01
   1.5920000e+03   8.2554773e-01   6.5657320e-01
   1.5930000e+03   8.2335066e-01   6.5925994e-01
   1.5940000e+03   8.2148130e-01   6.6261548e-01
   1.5950000e+03   8.2000887e-01   6.6496960e-01
   1.5960000e+03   8.1856610e-01   6.6628327e-01
   1.5970000e+03   8.1605534e-01   6.6657431e-01
   1.5980000e+03   8.0950480e-01   6.6490423e-01
   1.5990000e+03   8.0105955e-01   6.6102322e-01
   1.6000000e+03   7.9071937e-01   6.5565634e-01
   1.6010000e+03   7.7744351e-01   6.4979234e-01
   1.6020000e+03   7.6281814e-01   6.4101073e-01
   1.6030000e+03   7.4780000e-01   6.3162567e-01
   1.6040000e+03   7.3325701e-01   6.2219106e-01
   1.6050000e+03   7.2108232e-01   6.1349058e-01
   1.6060000e+03   7.1003989e-01   6.1024885e-01
   1.6070000e+03   6.9989791e-01   6.1285374e-01
   1.6080000e+03   6.8853810e-01   6.1961450e-01
   1.6090000e+03   6.7418994e-01   6.2759541e-01
   1.6100000e+03   6.5763546e-01   6.3764132e-01
   1.6110000e+03   6.3986364e-01   6.4523880e-01
   1.6120000e+03   6.2094532e-01   6.4817100e-01
   1.6130000e+03   6.0314205e-01   6.4632087e-01
   1.6140000e+03   5.8955488e-01   6.4174735e-01
   1.6150000e+03   5.7706024e-01   6.3564406e-01
   1.6160000e+03   5.6593031e-01   6.2872736e-01
   1.6170000e+03   5.5420951e-01   6.2048609e-01
   1.6180000e+03   5.4188410e-01   6.1462825e-01
   1.6190000e+03   5.2713211e-01   6.1340800e-01
   1.6200000e+03   5.0683146e-01   6.1725939e-01
   1.6210000e+03   4.7981047e-01   6.2492976e-01
   1.6220000e+03   4.5227126e-01   6.3394910e-01
   1.6230000e+03   4.2595486e-01   6.4263101e-01
   1.6240000e+03   4.0164658e-01   6.4680637e-01
   1.6250000e+03   3.7953716e-01   6.4268158e-01
   1.6260000e+03   3.6562447e-01   6.3073670e-01
   1.6270000e+03   3.5477342e-01   6.1382865e-01
   1.6280000e+03   3.4513836e-01   5.9918199e-01
   1.6290000e+03   3.3003227e-01   5.8279671e-01
   1.6300000e+03   3.1274627e-01   5.7078375e-01
   1.6310000e+03   3.0773137e-01   5.5738124e-01
   1.6320000e+03   3.0755772e-01   5.4287435e-01
   1.6330000e+03   3.0534358e-01   5.3480288e-01
   1.6340000e+03   2.9859102e-01   5.3233262e-01
   1.6350000e+03   2.8819226e-01   5.3429440e-01
   1.6360000e+03   2.7163854e-01   5.3966982e-01
   1.6370000e+03   2.5238748e-01   5.4226265e-01
   1.6380000e+03   2.3383376e-01   5.3950543e-01
   1.6390000e+03   2.1807628e-01   5.2993027e-01
   1.6400000e+03   2.0452342e-01   5.1380204e-01
   1.6410000e+03   1.9281649e-01   4.8913329e-01
   1.6420000e+03   1.8380041e-01   4.6937613e-01
   1.6430000e+03   1.7368699e-01   4.3723653e-01
   1.6440000e+03   1.6617305e-01   3.9479220e-01
   1.6450000e+03   1.6065551e-01   3.5881768e-01
   1.6460000e+03   1.6091967e-01   3.1973968e-01
   1.6470000e+03   1.7120563e-01   2.8097600e-01
   1.6480000e+03   1.7295185e-01   2.5076247e-01
   1.6490000e+03   1.7591480e-01   2.1410202e-01
   1.6500000e+03   1.8064229e-01   1.7890805e-01
   1.6510000e+03   1.8758000e-01   1.4146543e-01
   1.6520000e+03   1.9948566e-01   1.0451740e-01
