   1.0000000e+00  -8.3634499e-01   9.0229391e-01
   2.0000000e+00  -8.3472191e-01   9.0151949e-01
   3.0000000e+00  -8.3389579e-01   9.0096952e-01
   4.0000000e+00  -8.3234443e-01   9.0048259e-01
   5.0000000e+00  -8.3109044e-01   9.0024150e-01
   6.0000000e+00  -8.2986687e-01   9.0040922e-01
   7.0000000e+00  -8.2861729e-01   9.0066485e-01
   8.0000000e+00  -8.2725329e-01   9.0074367e-01
   9.0000000e+00  -8.2602522e-01   9.0046764e-01
   1.0000000e+01  -8.2445233e-01   9.0012008e-01
   1.1000000e+01  -8.2223982e-01   9.0051067e-01
   1.2000000e+01  -8.2084683e-01   8.9933711e-01
   1.3000000e+01  -8.1949894e-01   8.9780749e-01
   1.4000000e+01  -8.1874258e-01   8.9589724e-01
   1.5000000e+01  -8.1806203e-01   8.9529827e-01
   1.6000000e+01  -8.1766277e-01   8.9566763e-01
   1.7000000e+01  -8.1777796e-01   8.9606556e-01
   1.8000000e+01  -8.1820697e-01   8.9675775e-01
   1.9000000e+01  -8.1865535e-01   8.9753923e-01
   2.0000000e+01  -8.1892337e-01   8.9794724e-01
   2.1000000e+01  -8.1945998e-01   8.9769101e-01
   2.2000000e+01  -8.1955930e-01   8.9650787e-01
   2.3000000e+01  -8.1948972e-01   8.9514353e-01
   2.4000000e+01  -8.1934831e-01   8.9354163e-01
   2.5000000e+01  -8.1859081e-01   8.9242493e-01
   2.6000000e+01  -8.1739617e-01   8.9078412e-01
   2.7000000e+01  -8.1657683e-01   8.8870884e-01
   2.8000000e+01  -8.1585174e-01   8.8696187e-01
   2.9000000e+01  -8.1498345e-01   8.8594241e-01
   3.0000000e+01  -8.1388204e-01   8.8449051e-01
   3.1000000e+01  -8.1302866e-01   8.8309229e-01
   3.2000000e+01  -8.1222877e-01   8.8154239e-01
   3.3000000e+01  -8.1099316e-01   8.7995153e-01
   3.4000000e+01  -8.1012443e-01   8.7862297e-01
   3.5000000e+01  -8.0893773e-01   8.7778779e-01
   3.6000000e+01  -8.0765804e-01   8.7715742e-01
   3.7000000e+01  -8.0651708e-01   8.7667956e-01
   3.8000000e+01  -8.0490513e-01   8.7720610e-01
   3.9000000e+01  -8.0206932e-01   8.7763069e-01
   4.0000000e+01  -7.9894595e-01   8.7901502e-01
   4.1000000e+01  -7.9535345e-01   8.8046291e-01
   4.2000000e+01  -7.9123722e-01   8.8250309e-01
   4.3000000e+01  -7.8745407e-01   8.8548555e-01
   4.4000000e+01  -7.8446909e-01   8.8875744e-01
   4.5000000e+01  -7.8225598e-01   8.9152231e-01
   4.6000000e+01  -7.8091292e-01   8.9473701e-01
   4.7000000e+01  -7.7967474e-01   8.9877947e-01
   4.8000000e+01  -7.7856193e-01   9.0339513e-01
   4.9000000e+01  -7.7761756e-01   9.0788578e-01
   5.0000000e+01  -7.7687353e-01   9.1219838e-01
   5.1000000e+01  -7.7734029e-01   9.1679005e-01
   5.2000000e+01  -7.7842996e-01   9.2099202e-01
   5.3000000e+01  -7.7999068e-01   9.2549204e-01
   5.4000000e+01  -7.8198226e-01   9.2958186e-01
   5.5000000e+01  -7.8374418e-01   9.3360258e-01
   5.6000000e+01  -7.8537462e-01   9.3710441e-01
   5.7000000e+01  -7.8752527e-01   9.4015656e-01
   5.8000000e+01  -7.8966598e-01   9.4350376e-01
   5.9000000e+01  -7.9210249e-01   9.4658511e-01
   6.0000000e+01  -7.9488347e-01   9.4982121e-01
   6.1000000e+01  -7.9849819e-01   9.5199841e-01
   6.2000000e+01  -8.0126016e-01   9.5357134e-01
   6.3000000e+01  -8.0296673e-01   9.5450435e-01
   6.4000000e+01  -8.0353104e-01   9.5498384e-01
   6.5000000e+01  -8.0348438e-01   9.5589495e-01
   6.6000000e+01  -8.0354187e-01   9.5738227e-01
   6.7000000e+01  -8.0375564e-01   9.5921409e-01
   6.8000000e+01  -8.0456302e-01   9.6084887e-01
   6.9000000e+01  -8.0534184e-01   9.6242319e-01
   7.0000000e+01  -8.0564554e-01   9.6304113e-01
   7.1000000e+01  -8.0585319e-01   9.6340970e-01
   7.2000000e+01  -8.0549871e-01   9.6307336e-01
   7.3000000e+01  -8.0538761e-01   9.6329461e-01
   7.4000000e+01  -8.0480292e-01   9.6254739e-01
   7.5000000e+01  -8.0406279e-01   9.6218044e-01
   7.6000000e+01  -8.0386928e-01   9.6214168e-01
   7.7000000e+01  -8.0344128e-01   9.6110800e-01
   7.8000000e+01  -8.0320612e-01   9.6083484e-01
   7.9000000e+01  -8.0300285e-01   9.6002592e-01
   8.0000000e+01  -8.0305597e-01   9.5947043e-01
   8.1000000e+01  -8.0300326e-01   9.5939342e-01
   8.2000000e+01  -8.0302946e-01   9.5873662e-01
   8.3000000e+01  -8.0314958e-01   9.5853501e-01
   8.4000000e+01  -8.0335925e-01   9.5823476e-01
   8.5000000e+01  -8.0364618e-01   9.5839579e-01
   8.6000000e+01  -8.0386815e-01   9.5753713e-01
   8.7000000e+01  -8.0414959e-01   9.5702027e-01
   8.8000000e+01  -8.0425703e-01   9.5651453e-01
   8.9000000e+01  -8.0420165e-01   9.5533134e-01
   9.0000000e+01  -8.0394779e-01   9.5474195e-01
   9.1000000e+01  -8.0344937e-01   9.5398685e-01
   9.2000000e+01  -8.0248006e-01   9.5336937e-01
   9.3000000e+01  -8.0157867e-01   9.5379433e-01
   9.4000000e+01  -8.0022533e-01   9.5460503e-01
   9.5000000e+01  -7.9874206e-01   9.5487284e-01
   9.6000000e+01  -7.9721736e-01   9.5484721e-01
   9.7000000e+01  -7.9646817e-01   9.5448782e-01
   9.8000000e+01  -7.9536234e-01   9.5351817e-01
   9.9000000e+01  -7.9405246e-01   9.5250071e-01
   1.0000000e+02  -7.9268352e-01   9.5150913e-01
   1.0100000e+02  -7.9131126e-01   9.5111984e-01
   1.0200000e+02  -7.9019239e-01   9.4997617e-01
   1.0300000e+02  -7.9019017e-01   9.4970833e-01
   1.0400000e+02  -7.9121250e-01   9.4976728e-01
   1.0500000e+02  -7.9302063e-01   9.4957869e-01
   1.0600000e+02  -7.9473056e-01   9.4738069e-01
   1.0700000e+02  -7.9636024e-01   9.4227857e-01
   1.0800000e+02  -7.9640073e-01   9.3408117e-01
   1.0900000e+02  -7.8988725e-01   9.2132273e-01
   1.1000000e+02  -7.7732333e-01   9.0427569e-01
   1.1100000e+02  -7.6266441e-01   8.8423079e-01
   1.1200000e+02  -7.4935939e-01   8.6497106e-01
   1.1300000e+02  -7.3263251e-01   8.4631496e-01
   1.1400000e+02  -7.1725115e-01   8.2623669e-01
   1.1500000e+02  -7.0169578e-01   8.0454886e-01
   1.1600000e+02  -6.8906163e-01   7.8166625e-01
   1.1700000e+02  -6.8173066e-01   7.5599624e-01
   1.1800000e+02  -6.7917296e-01   7.3318587e-01
   1.1900000e+02  -6.7937476e-01   7.1823736e-01
   1.2000000e+02  -6.8176872e-01   7.0969150e-01
   1.2100000e+02  -6.8804885e-01   7.0126768e-01
   1.2200000e+02  -6.9967395e-01   6.8891934e-01
   1.2300000e+02  -7.1543178e-01   6.7463780e-01
   1.2400000e+02  -7.2989313e-01   6.6088207e-01
   1.2500000e+02  -7.4307943e-01   6.4810737e-01
   1.2600000e+02  -7.5825516e-01   6.3615578e-01
   1.2700000e+02  -7.7740367e-01   6.2446222e-01
   1.2800000e+02  -8.0133199e-01   6.1256057e-01
   1.2900000e+02  -8.2958049e-01   5.9870771e-01
   1.3000000e+02  -8.5394401e-01   5.8568730e-01
   1.3100000e+02  -8.7263945e-01   5.7237990e-01
   1.3200000e+02  -8.9067441e-01   5.5660550e-01
   1.3300000e+02  -9.0805815e-01   5.4077219e-01
   1.3400000e+02  -9.2776861e-01   5.2947622e-01
   1.3500000e+02  -9.5249087e-01   5.2500719e-01
   1.3600000e+02  -9.8129422e-01   5.2214359e-01
   1.3700000e+02  -1.0107188e+00   5.1326997e-01
   1.3800000e+02  -1.0372706e+00   5.0499091e-01
   1.3900000e+02  -1.0594935e+00   4.9967132e-01
   1.4000000e+02  -1.0804337e+00   4.9869008e-01
   1.4100000e+02  -1.1006821e+00   5.0177522e-01
   1.4200000e+02  -1.1215016e+00   5.0687979e-01
   1.4300000e+02  -1.1481376e+00   5.1324224e-01
   1.4400000e+02  -1.1789432e+00   5.2531075e-01
   1.4500000e+02  -1.2142332e+00   5.4128300e-01
   1.4600000e+02  -1.2485389e+00   5.5500587e-01
   1.4700000e+02  -1.2815105e+00   5.6321721e-01
   1.4800000e+02  -1.3112132e+00   5.6230357e-01
   1.4900000e+02  -1.3365327e+00   5.6717870e-01
   1.5000000e+02  -1.3603914e+00   5.6428094e-01
   1.5100000e+02  -1.3838484e+00   5.6773015e-01
   1.5200000e+02  -1.4081041e+00   5.7120102e-01
   1.5300000e+02  -1.4325158e+00   5.7220604e-01
   1.5400000e+02  -1.4576214e+00   5.7146821e-01
   1.5500000e+02  -1.4783832e+00   5.6331941e-01
   1.5600000e+02  -1.5068764e+00   5.5829540e-01
   1.5700000e+02  -1.5375734e+00   5.5455609e-01
   1.5800000e+02  -1.5591182e+00   5.6253889e-01
   1.5900000e+02  -1.5807487e+00   5.6673663e-01
   1.6000000e+02  -1.5974634e+00   5.6190924e-01
   1.6100000e+02  -1.6128650e+00   5.6157632e-01
   1.6200000e+02  -1.6280717e+00   5.7290801e-01
   1.6300000e+02  -1.6417832e+00   5.7706874e-01
   1.6400000e+02  -1.6574281e+00   5.8697265e-01
   1.6500000e+02  -1.6726755e+00   5.9645301e-01
   1.6600000e+02  -1.6883933e+00   5.9981959e-01
   1.6700000e+02  -1.7030681e+00   6.0055218e-01
   1.6800000e+02  -1.7179045e+00   5.9589361e-01
   1.6900000e+02  -1.7315012e+00   5.8952441e-01
   1.7000000e+02  -1.7419467e+00   5.7864945e-01
   1.7100000e+02  -1.7498104e+00   5.6766294e-01
   1.7200000e+02  -1.7557038e+00   5.5710171e-01
   1.7300000e+02  -1.7594009e+00   5.5085549e-01
   1.7400000e+02  -1.7607548e+00   5.4907673e-01
   1.7500000e+02  -1.7617644e+00   5.5055675e-01
   1.7600000e+02  -1.7582552e+00   5.5414074e-01
   1.7700000e+02  -1.7548153e+00   5.5704041e-01
   1.7800000e+02  -1.7506782e+00   5.6026385e-01
   1.7900000e+02  -1.7444405e+00   5.6616488e-01
   1.8000000e+02  -1.7366266e+00   5.7142966e-01
   1.8100000e+02  -1.7266102e+00   5.7787360e-01
   1.8200000e+02  -1.7000940e+00   5.8130941e-01
   1.8300000e+02  -1.7033585e+00   5.8534475e-01
   1.8400000e+02  -1.6791212e+00   5.8473526e-01
   1.8500000e+02  -1.6894565e+00   5.8422535e-01
   1.8600000e+02  -1.6852029e+00   5.8012785e-01
   1.8700000e+02  -1.6665344e+00   5.6572685e-01
   1.8800000e+02  -1.6836380e+00   5.6879657e-01
   1.8900000e+02  -1.6835503e+00   5.6223793e-01
   1.9000000e+02  -1.6820071e+00   5.5551229e-01
   1.9100000e+02  -1.6792029e+00   5.4998339e-01
   1.9200000e+02  -1.6762012e+00   5.4343801e-01
   1.9300000e+02  -1.6600554e+00   5.3647031e-01
   1.9400000e+02  -1.6716739e+00   5.3698238e-01
   1.9500000e+02  -1.6501054e+00   5.3228526e-01
   1.9600000e+02  -1.6548911e+00   5.3689041e-01
   1.9700000e+02  -1.6298498e+00   5.3330498e-01
   1.9800000e+02  -1.6290677e+00   5.3727083e-01
   1.9900000e+02  -1.6172271e+00   5.3740557e-01
   2.0000000e+02  -1.6055365e+00   5.3828633e-01
   2.0100000e+02  -1.5947129e+00   5.4002392e-01
   2.0200000e+02  -1.5857459e+00   5.4128857e-01
   2.0300000e+02  -1.5792409e+00   5.4049776e-01
   2.0400000e+02  -1.5741167e+00   5.3972135e-01
   2.0500000e+02  -1.5732992e+00   5.3808441e-01
   2.0600000e+02  -1.5751908e+00   5.3745159e-01
   2.0700000e+02  -1.5778580e+00   5.3867795e-01
   2.0800000e+02  -1.5803373e+00   5.4076281e-01
   2.0900000e+02  -1.5820808e+00   5.4493055e-01
   2.1000000e+02  -1.5799373e+00   5.5452164e-01
   2.1100000e+02  -1.5796878e+00   5.6166935e-01
   2.1200000e+02  -1.5790007e+00   5.6698517e-01
   2.1300000e+02  -1.5783588e+00   5.7444361e-01
   2.1400000e+02  -1.5768942e+00   5.8083988e-01
   2.1500000e+02  -1.5762102e+00   5.8609859e-01
   2.1600000e+02  -1.5760214e+00   5.9013869e-01
   2.1700000e+02  -1.5756978e+00   5.9466113e-01
   2.1800000e+02  -1.5763732e+00   5.9831079e-01
   2.1900000e+02  -1.5779283e+00   5.9724998e-01
   2.2000000e+02  -1.5797692e+00   5.9790593e-01
   2.2100000e+02  -1.5813243e+00   5.9432014e-01
   2.2200000e+02  -1.5849749e+00   5.8844815e-01
   2.2300000e+02  -1.5867757e+00   5.8512216e-01
   2.2400000e+02  -1.5910117e+00   5.8024620e-01
   2.2500000e+02  -1.5949813e+00   5.7715630e-01
   2.2600000e+02  -1.6011436e+00   5.7311584e-01
   2.2700000e+02  -1.6062022e+00   5.7310396e-01
   2.2800000e+02  -1.6128417e+00   5.7102621e-01
   2.2900000e+02  -1.6182841e+00   5.6929723e-01
   2.3000000e+02  -1.6276466e+00   5.6891666e-01
   2.3100000e+02  -1.6360503e+00   5.6829072e-01
   2.3200000e+02  -1.6434995e+00   5.6900749e-01
   2.3300000e+02  -1.6494932e+00   5.7249176e-01
   2.3400000e+02  -1.6558841e+00   5.7653359e-01
   2.3500000e+02  -1.6613628e+00   5.7930667e-01
   2.3600000e+02  -1.6672999e+00   5.8474014e-01
   2.3700000e+02  -1.6712528e+00   5.8473593e-01
   2.3800000e+02  -1.6744354e+00   5.8559878e-01
   2.3900000e+02  -1.6761602e+00   5.8880084e-01
   2.4000000e+02  -1.6772855e+00   5.9076950e-01
   2.4100000e+02  -1.6756237e+00   5.9237622e-01
   2.4200000e+02  -1.6721384e+00   5.9496993e-01
   2.4300000e+02  -1.6676465e+00   5.9709872e-01
   2.4400000e+02  -1.6620824e+00   5.9887942e-01
   2.4500000e+02  -1.6537987e+00   6.0122653e-01
   2.4600000e+02  -1.6460245e+00   6.0146271e-01
   2.4700000e+02  -1.6378662e+00   5.9932460e-01
   2.4800000e+02  -1.6306937e+00   5.9573079e-01
   2.4900000e+02  -1.6229531e+00   5.8932722e-01
   2.5000000e+02  -1.6154145e+00   5.8300253e-01
   2.5100000e+02  -1.6067471e+00   5.7517105e-01
   2.5200000e+02  -1.5967044e+00   5.6727238e-01
   2.5300000e+02  -1.5844486e+00   5.6137747e-01
   2.5400000e+02  -1.5737829e+00   5.5763762e-01
   2.5500000e+02  -1.5735931e+00   5.5657494e-01
   2.5600000e+02  -1.5612732e+00   5.5487792e-01
   2.5700000e+02  -1.5616009e+00   5.5432742e-01
   2.5800000e+02  -1.5642507e+00   5.5368209e-01
   2.5900000e+02  -1.5682358e+00   5.5519147e-01
   2.6000000e+02  -1.5723598e+00   5.5716904e-01
   2.6100000e+02  -1.5755329e+00   5.5964321e-01
   2.6200000e+02  -1.5771354e+00   5.6265485e-01
   2.6300000e+02  -1.5763233e+00   5.6654953e-01
   2.6400000e+02  -1.5741200e+00   5.6903617e-01
   2.6500000e+02  -1.5704011e+00   5.7380530e-01
   2.6600000e+02  -1.5679535e+00   5.7704262e-01
   2.6700000e+02  -1.5662448e+00   5.7928541e-01
   2.6800000e+02  -1.5648599e+00   5.8158473e-01
   2.6900000e+02  -1.5642639e+00   5.8447140e-01
   2.7000000e+02  -1.5637971e+00   5.8769757e-01
   2.7100000e+02  -1.5648654e+00   5.9016550e-01
   2.7200000e+02  -1.5661364e+00   5.9094276e-01
   2.7300000e+02  -1.5669341e+00   5.9105177e-01
   2.7400000e+02  -1.5660185e+00   5.9055561e-01
   2.7500000e+02  -1.5621710e+00   5.9105767e-01
   2.7600000e+02  -1.5551989e+00   5.9155378e-01
   2.7700000e+02  -1.5488021e+00   5.9360466e-01
   2.7800000e+02  -1.5418105e+00   5.9430649e-01
   2.7900000e+02  -1.5361667e+00   5.9598929e-01
   2.8000000e+02  -1.5316265e+00   5.9723436e-01
   2.8100000e+02  -1.5273352e+00   5.9850912e-01
   2.8200000e+02  -1.5236333e+00   6.0123285e-01
   2.8300000e+02  -1.5192362e+00   6.0438224e-01
   2.8400000e+02  -1.5135552e+00   6.0957337e-01
   2.8500000e+02  -1.5077421e+00   6.1475538e-01
   2.8600000e+02  -1.5011273e+00   6.1896429e-01
   2.8700000e+02  -1.4926926e+00   6.2370184e-01
   2.8800000e+02  -1.4853443e+00   6.2558682e-01
   2.8900000e+02  -1.4857912e+00   6.1351786e-01
   2.9000000e+02  -1.4754173e+00   6.2290090e-01
   2.9100000e+02  -1.4730014e+00   6.1665126e-01
   2.9200000e+02  -1.4750541e+00   6.0297701e-01
   2.9300000e+02  -1.4773817e+00   5.9159844e-01
   2.9400000e+02  -1.4810441e+00   5.8475806e-01
   2.9500000e+02  -1.4835737e+00   5.7851432e-01
   2.9600000e+02  -1.4852074e+00   5.7540954e-01
   2.9700000e+02  -1.4868296e+00   5.7276451e-01
   2.9800000e+02  -1.4899112e+00   5.7390524e-01
   2.9900000e+02  -1.5061350e+00   5.6405211e-01
   3.0000000e+02  -1.5126489e+00   5.6359567e-01
   3.0100000e+02  -1.5182680e+00   5.5214013e-01
   3.0200000e+02  -1.5366534e+00   5.4216887e-01
   3.0300000e+02  -1.5495981e+00   5.4890013e-01
   3.0400000e+02  -1.5675031e+00   5.2556371e-01
   3.0500000e+02  -1.5765313e+00   5.2257193e-01
   3.0600000e+02  -1.5831541e+00   5.3049086e-01
   3.0700000e+02  -1.5879387e+00   5.2513798e-01
   3.0800000e+02  -1.5918060e+00   5.1556360e-01
   3.0900000e+02  -1.5875188e+00   5.1545965e-01
   3.1000000e+02  -1.5821125e+00   5.0431704e-01
   3.1100000e+02  -1.5716258e+00   4.8918451e-01
   3.1200000e+02  -1.5549635e+00   4.6921632e-01
   3.1300000e+02  -1.5244775e+00   4.3516088e-01
   3.1400000e+02  -1.5056646e+00   4.2167379e-01
   3.1500000e+02  -1.4944808e+00   4.1643662e-01
   3.1600000e+02  -1.4834701e+00   4.1223941e-01
   3.1700000e+02  -1.4817494e+00   4.2012101e-01
   3.1800000e+02  -1.4828162e+00   4.2167978e-01
   3.1900000e+02  -1.4836213e+00   4.2411446e-01
   3.2000000e+02  -1.4811791e+00   4.2828879e-01
   3.2100000e+02  -1.4785864e+00   4.2965589e-01
   3.2200000e+02  -1.4742111e+00   4.3116251e-01
   3.2300000e+02  -1.4692119e+00   4.3653800e-01
   3.2400000e+02  -1.4642560e+00   4.4247556e-01
   3.2500000e+02  -1.4617234e+00   4.4705076e-01
   3.2600000e+02  -1.4604209e+00   4.4970903e-01
   3.2700000e+02  -1.4604019e+00   4.5058813e-01
   3.2800000e+02  -1.4593997e+00   4.5034179e-01
   3.2900000e+02  -1.4586710e+00   4.5020161e-01
   3.3000000e+02  -1.4582226e+00   4.4993478e-01
   3.3100000e+02  -1.4573586e+00   4.4934263e-01
   3.3200000e+02  -1.4557534e+00   4.4946327e-01
   3.3300000e+02  -1.4534497e+00   4.4950314e-01
   3.3400000e+02  -1.4527511e+00   4.5058757e-01
   3.3500000e+02  -1.4538139e+00   4.5188525e-01
   3.3600000e+02  -1.4578941e+00   4.5538097e-01
   3.3700000e+02  -1.4632924e+00   4.5999107e-01
   3.3800000e+02  -1.4704288e+00   4.6674781e-01
   3.3900000e+02  -1.4777700e+00   4.7451084e-01
   3.4000000e+02  -1.4867778e+00   4.8231278e-01
   3.4100000e+02  -1.4950050e+00   4.9071508e-01
   3.4200000e+02  -1.5025152e+00   4.9844230e-01
   3.4300000e+02  -1.5078561e+00   5.0585539e-01
   3.4400000e+02  -1.5127420e+00   5.1174822e-01
   3.4500000e+02  -1.5171543e+00   5.1561796e-01
   3.4600000e+02  -1.5187982e+00   5.1911534e-01
   3.4700000e+02  -1.5186351e+00   5.2331448e-01
   3.4800000e+02  -1.5174442e+00   5.2328718e-01
   3.4900000e+02  -1.5176571e+00   5.2183660e-01
   3.5000000e+02  -1.5178507e+00   5.2181493e-01
   3.5100000e+02  -1.5253819e+00   5.2594927e-01
   3.5200000e+02  -1.5344817e+00   5.2727722e-01
   3.5300000e+02  -1.5387609e+00   5.7129333e-01
   3.5400000e+02  -1.5531979e+00   5.2864212e-01
   3.5500000e+02  -1.5600859e+00   5.2836488e-01
   3.5600000e+02  -1.5652072e+00   5.2752715e-01
   3.5700000e+02  -1.5713519e+00   5.1903562e-01
   3.5800000e+02  -1.5809822e+00   5.2005772e-01
   3.5900000e+02  -1.5946629e+00   5.1320294e-01
   3.6000000e+02  -1.6081299e+00   5.0413571e-01
   3.6100000e+02  -1.6178227e+00   4.7363735e-01
   3.6200000e+02  -1.6276681e+00   4.9161918e-01
   3.6300000e+02  -1.6375200e+00   4.8077449e-01
   3.6400000e+02  -1.6454459e+00   4.8832244e-01
   3.6500000e+02  -1.6515220e+00   4.8898188e-01
   3.6600000e+02  -1.6550461e+00   4.8775969e-01
   3.6700000e+02  -1.6581632e+00   4.8364371e-01
   3.6800000e+02  -1.6628773e+00   4.7859553e-01
   3.6900000e+02  -1.6676395e+00   4.7230112e-01
   3.7000000e+02  -1.6738158e+00   4.6531576e-01
   3.7100000e+02  -1.6780591e+00   4.5735699e-01
   3.7200000e+02  -1.6800007e+00   4.5154073e-01
   3.7300000e+02  -1.6778647e+00   4.3671092e-01
   3.7400000e+02  -1.6835375e+00   4.3943991e-01
   3.7500000e+02  -1.6861409e+00   4.3809223e-01
   3.7600000e+02  -1.6895501e+00   4.3626460e-01
   3.7700000e+02  -1.6929271e+00   4.3557712e-01
   3.7800000e+02  -1.6963375e+00   4.3342530e-01
   3.7900000e+02  -1.6992957e+00   4.3300760e-01
   3.8000000e+02  -1.7019445e+00   4.3172315e-01
   3.8100000e+02  -1.7038066e+00   4.2989786e-01
   3.8200000e+02  -1.7065143e+00   4.2876595e-01
   3.8300000e+02  -1.7091506e+00   4.2920325e-01
   3.8400000e+02  -1.7109546e+00   4.3124281e-01
   3.8500000e+02  -1.7126098e+00   4.3155439e-01
   3.8600000e+02  -1.7132348e+00   4.3333537e-01
   3.8700000e+02  -1.7112692e+00   4.3333108e-01
   3.8800000e+02  -1.7097573e+00   4.3249764e-01
   3.8900000e+02  -1.7072630e+00   4.3024171e-01
   3.9000000e+02  -1.7035691e+00   4.2671292e-01
   3.9100000e+02  -1.6991782e+00   4.2303672e-01
   3.9200000e+02  -1.6940186e+00   4.1987389e-01
   3.9300000e+02  -1.6896404e+00   4.1721647e-01
   3.9400000e+02  -1.6856010e+00   4.1546542e-01
   3.9500000e+02  -1.6839561e+00   4.1182593e-01
   3.9600000e+02  -1.6835885e+00   4.1132500e-01
   3.9700000e+02  -1.6826691e+00   4.1053240e-01
   3.9800000e+02  -1.6834519e+00   4.1002637e-01
   3.9900000e+02  -1.6743144e+00   3.9403300e-01
   4.0000000e+02  -1.6819136e+00   4.1079712e-01
   4.0100000e+02  -1.6822332e+00   4.1062166e-01
   4.0200000e+02  -1.6821542e+00   4.1162640e-01
   4.0300000e+02  -1.6815475e+00   4.1266152e-01
   4.0400000e+02  -1.6796655e+00   4.1399312e-01
   4.0500000e+02  -1.6730288e+00   4.0963829e-01
   4.0600000e+02  -1.6768185e+00   4.1769260e-01
   4.0700000e+02  -1.6755241e+00   4.1889312e-01
   4.0800000e+02  -1.6728618e+00   4.2057200e-01
   4.0900000e+02  -1.6619899e+00   3.9994394e-01
   4.1000000e+02  -1.6636494e+00   4.1956776e-01
   4.1100000e+02  -1.6576468e+00   4.1915892e-01
   4.1200000e+02  -1.6510702e+00   4.2131994e-01
   4.1300000e+02  -1.6452390e+00   4.2189216e-01
   4.1400000e+02  -1.6327581e+00   4.1063140e-01
   4.1500000e+02  -1.6322182e+00   4.2460728e-01
   4.1600000e+02  -1.6270578e+00   4.2376638e-01
   4.1700000e+02  -1.6223893e+00   4.2176206e-01
   4.1800000e+02  -1.6189443e+00   4.1867245e-01
   4.1900000e+02  -1.6160964e+00   4.1634955e-01
   4.2000000e+02  -1.6149980e+00   4.1700088e-01
   4.2100000e+02  -1.6160082e+00   4.1263498e-01
   4.2200000e+02  -1.6143583e+00   4.2419378e-01
   4.2300000e+02  -1.6268982e+00   4.1536922e-01
   4.2400000e+02  -1.6360594e+00   4.1269946e-01
   4.2500000e+02  -1.6468757e+00   4.1303060e-01
   4.2600000e+02  -1.6573057e+00   4.1300771e-01
   4.2700000e+02  -1.6667605e+00   4.2075529e-01
   4.2800000e+02  -1.6757763e+00   4.2666273e-01
   4.2900000e+02  -1.6831639e+00   4.3314300e-01
   4.3000000e+02  -1.6880634e+00   4.4037102e-01
   4.3100000e+02  -1.6921733e+00   4.4681238e-01
   4.3200000e+02  -1.6941653e+00   4.5363354e-01
   4.3300000e+02  -1.6948069e+00   4.6244223e-01
   4.3400000e+02  -1.6952002e+00   4.7203106e-01
   4.3500000e+02  -1.6941570e+00   4.8237532e-01
   4.3600000e+02  -1.6919748e+00   4.9337757e-01
   4.3700000e+02  -1.6879804e+00   5.0491221e-01
   4.3800000e+02  -1.6820105e+00   5.1784997e-01
   4.3900000e+02  -1.6738770e+00   5.3114637e-01
   4.4000000e+02  -1.6715747e+00   5.3367763e-01
   4.4100000e+02  -1.6578128e+00   5.5159779e-01
   4.4200000e+02  -1.6487703e+00   5.6097940e-01
   4.4300000e+02  -1.6456404e+00   5.6980243e-01
   4.4400000e+02  -1.6423860e+00   5.8407439e-01
   4.4500000e+02  -1.6607952e+00   5.7383214e-01
   4.4600000e+02  -1.6483505e+00   5.9826972e-01
   4.4700000e+02  -1.6488343e+00   6.0428048e-01
   4.4800000e+02  -1.6458187e+00   6.1296314e-01
   4.4900000e+02  -1.6419330e+00   6.2237491e-01
   4.5000000e+02  -1.6379258e+00   6.3294848e-01
   4.5100000e+02  -1.6326506e+00   6.4431133e-01
   4.5200000e+02  -1.6249866e+00   6.5568116e-01
   4.5300000e+02  -1.6154221e+00   6.6750023e-01
   4.5400000e+02  -1.6037907e+00   6.7966349e-01
   4.5500000e+02  -1.5936136e+00   6.8854045e-01
   4.5600000e+02  -1.5829481e+00   6.9736023e-01
   4.5700000e+02  -1.5776935e+00   7.0197421e-01
   4.5800000e+02  -1.5731067e+00   7.0616854e-01
   4.5900000e+02  -1.5711600e+00   7.1013198e-01
   4.6000000e+02  -1.5696746e+00   7.0890689e-01
   4.6100000e+02  -1.5700577e+00   7.0294700e-01
   4.6200000e+02  -1.5702423e+00   6.9577523e-01
   4.6300000e+02  -1.5665048e+00   6.8764299e-01
   4.6400000e+02  -1.5594232e+00   6.7983670e-01
   4.6500000e+02  -1.5493287e+00   6.7403252e-01
   4.6600000e+02  -1.5387784e+00   6.6828682e-01
   4.6700000e+02  -1.5299447e+00   6.6001795e-01
   4.6800000e+02  -1.5228537e+00   6.4877937e-01
   4.6900000e+02  -1.5187059e+00   6.3645105e-01
   4.7000000e+02  -1.5150614e+00   6.2440208e-01
   4.7100000e+02  -1.5110080e+00   6.1598150e-01
   4.7200000e+02  -1.5086040e+00   6.1079901e-01
   4.7300000e+02  -1.5055427e+00   6.0484594e-01
   4.7400000e+02  -1.5016219e+00   5.9916555e-01
   4.7500000e+02  -1.4958510e+00   5.9377711e-01
   4.7600000e+02  -1.4879057e+00   5.9188045e-01
   4.7700000e+02  -1.4767836e+00   5.9434649e-01
   4.7800000e+02  -1.4632492e+00   5.9941817e-01
   4.7900000e+02  -1.4427788e+00   6.0772237e-01
   4.8000000e+02  -1.4168822e+00   6.1834661e-01
   4.8100000e+02  -1.3882684e+00   6.2997833e-01
   4.8200000e+02  -1.3596328e+00   6.3715403e-01
   4.8300000e+02  -1.3340047e+00   6.3977053e-01
   4.8400000e+02  -1.3142971e+00   6.3674410e-01
   4.8500000e+02  -1.2941515e+00   6.3168271e-01
   4.8600000e+02  -1.2713234e+00   6.2599097e-01
   4.8700000e+02  -1.2468004e+00   6.1538409e-01
   4.8800000e+02  -1.2201097e+00   6.0442554e-01
   4.8900000e+02  -1.1938575e+00   5.9616410e-01
   4.9000000e+02  -1.1684217e+00   5.9107585e-01
   4.9100000e+02  -1.1442161e+00   5.8895815e-01
   4.9200000e+02  -1.1228415e+00   5.8819406e-01
   4.9300000e+02  -1.1048026e+00   5.8870176e-01
   4.9400000e+02  -1.0885321e+00   5.8854586e-01
   4.9500000e+02  -1.0735160e+00   5.8821775e-01
   4.9600000e+02  -1.0576505e+00   5.8807628e-01
   4.9700000e+02  -1.0387046e+00   5.8807191e-01
   4.9800000e+02  -1.0197427e+00   5.8653922e-01
   4.9900000e+02  -1.0014130e+00   5.8562858e-01
   5.0000000e+02  -9.8612568e-01   5.8297491e-01
   5.0100000e+02  -9.7366584e-01   5.8046587e-01
   5.0200000e+02  -9.6379598e-01   5.7905978e-01
   5.0300000e+02  -9.5603878e-01   5.8035263e-01
   5.0400000e+02  -9.5150976e-01   5.8186056e-01
   5.0500000e+02  -9.5088294e-01   5.8208021e-01
   5.0600000e+02  -9.5581100e-01   5.8147020e-01
   5.0700000e+02  -9.6326876e-01   5.8075782e-01
   5.0800000e+02  -9.7107104e-01   5.8273132e-01
   5.0900000e+02  -9.7872058e-01   5.8662586e-01
   5.1000000e+02  -9.8720704e-01   5.8956204e-01
   5.1100000e+02  -9.9760568e-01   5.9035190e-01
   5.1200000e+02  -1.0091504e+00   5.8791328e-01
   5.1300000e+02  -1.0182496e+00   5.8110960e-01
   5.1400000e+02  -1.0232976e+00   5.7336340e-01
   5.1500000e+02  -1.0246491e+00   5.6588745e-01
   5.1600000e+02  -1.0229854e+00   5.5853200e-01
   5.1700000e+02  -1.0189382e+00   5.5112892e-01
   5.1800000e+02  -1.0159437e+00   5.4389707e-01
   5.1900000e+02  -1.0132502e+00   5.3569292e-01
   5.2000000e+02  -1.0114294e+00   5.2623199e-01
   5.2100000e+02  -1.0113643e+00   5.1713553e-01
   5.2200000e+02  -1.0128402e+00   5.0701817e-01
   5.2300000e+02  -1.0149551e+00   4.9793071e-01
   5.2400000e+02  -1.0160689e+00   4.9123437e-01
   5.2500000e+02  -1.0176592e+00   4.8570923e-01
   5.2600000e+02  -1.0188334e+00   4.8352397e-01
   5.2700000e+02  -1.0197698e+00   4.8190939e-01
   5.2800000e+02  -1.0215171e+00   4.8148471e-01
   5.2900000e+02  -1.0252031e+00   4.7950911e-01
   5.3000000e+02  -1.0303239e+00   4.7871778e-01
   5.3100000e+02  -1.0374371e+00   4.7740351e-01
   5.3200000e+02  -1.0475998e+00   4.7621699e-01
   5.3300000e+02  -1.0590748e+00   4.7569887e-01
   5.3400000e+02  -1.0714842e+00   4.7576601e-01
   5.3500000e+02  -1.0848835e+00   4.7774326e-01
   5.3600000e+02  -1.0989862e+00   4.8190893e-01
   5.3700000e+02  -1.1131432e+00   4.8808254e-01
   5.3800000e+02  -1.1285086e+00   4.9674894e-01
   5.3900000e+02  -1.1441636e+00   5.0447295e-01
   5.4000000e+02  -1.1556816e+00   5.0773524e-01
   5.4100000e+02  -1.1687251e+00   5.1066394e-01
   5.4200000e+02  -1.1786806e+00   5.1168432e-01
   5.4300000e+02  -1.1883189e+00   5.1376754e-01
   5.4400000e+02  -1.1980473e+00   5.1624356e-01
   5.4500000e+02  -1.2045057e+00   5.1803771e-01
   5.4600000e+02  -1.2085678e+00   5.1677285e-01
   5.4700000e+02  -1.2111446e+00   5.1506527e-01
   5.4800000e+02  -1.2127369e+00   5.1283038e-01
   5.4900000e+02  -1.2129950e+00   5.1093199e-01
   5.5000000e+02  -1.2132778e+00   5.1003660e-01
   5.5100000e+02  -1.2139636e+00   5.0848005e-01
   5.5200000e+02  -1.2151345e+00   5.0632272e-01
   5.5300000e+02  -1.2148483e+00   5.0254504e-01
   5.5400000e+02  -1.2155930e+00   4.9844933e-01
   5.5500000e+02  -1.2175573e+00   4.9531864e-01
   5.5600000e+02  -1.2193652e+00   4.9312372e-01
   5.5700000e+02  -1.2232264e+00   4.9164025e-01
   5.5800000e+02  -1.2288853e+00   4.9124897e-01
   5.5900000e+02  -1.2355112e+00   4.9121366e-01
   5.6000000e+02  -1.2430352e+00   4.9202062e-01
   5.6100000e+02  -1.2508991e+00   4.9343275e-01
   5.6200000e+02  -1.2578847e+00   4.9696898e-01
   5.6300000e+02  -1.2660809e+00   5.0123957e-01
   5.6400000e+02  -1.2755044e+00   5.0435135e-01
   5.6500000e+02  -1.2872088e+00   5.0531353e-01
   5.6600000e+02  -1.2982031e+00   5.0306887e-01
   5.6700000e+02  -1.3073119e+00   4.9976852e-01
   5.6800000e+02  -1.3152472e+00   4.9703141e-01
   5.6900000e+02  -1.3211000e+00   4.9655581e-01
   5.7000000e+02  -1.3258051e+00   4.9740230e-01
   5.7100000e+02  -1.3289346e+00   4.9782602e-01
   5.7200000e+02  -1.3328305e+00   4.9767479e-01
   5.7300000e+02  -1.3382243e+00   4.9802927e-01
   5.7400000e+02  -1.3471978e+00   4.9856635e-01
   5.7500000e+02  -1.3570863e+00   4.9835696e-01
   5.7600000e+02  -1.3704246e+00   4.9760104e-01
   5.7700000e+02  -1.3821034e+00   4.9676174e-01
   5.7800000e+02  -1.3933692e+00   4.9585925e-01
   5.7900000e+02  -1.4048186e+00   4.9424464e-01
   5.8000000e+02  -1.4148084e+00   4.9155274e-01
   5.8100000e+02  -1.4227472e+00   4.8821860e-01
   5.8200000e+02  -1.4298693e+00   4.8318650e-01
   5.8300000e+02  -1.4374687e+00   4.7861701e-01
   5.8400000e+02  -1.4448546e+00   4.7461903e-01
   5.8500000e+02  -1.4535897e+00   4.7031529e-01
   5.8600000e+02  -1.4639183e+00   4.6589899e-01
   5.8700000e+02  -1.4761118e+00   4.6138543e-01
   5.8800000e+02  -1.4878847e+00   4.5665630e-01
   5.8900000e+02  -1.5006524e+00   4.5313159e-01
   5.9000000e+02  -1.5084954e+00   4.5138047e-01
   5.9100000e+02  -1.5144234e+00   4.4981735e-01
   5.9200000e+02  -1.5196919e+00   4.5045545e-01
   5.9300000e+02  -1.5236928e+00   4.5121149e-01
   5.9400000e+02  -1.5241802e+00   4.5052963e-01
   5.9500000e+02  -1.5200592e+00   4.4682276e-01
   5.9600000e+02  -1.5127878e+00   4.4088212e-01
   5.9700000e+02  -1.5042453e+00   4.3548818e-01
   5.9800000e+02  -1.4975408e+00   4.3079917e-01
   5.9900000e+02  -1.4944066e+00   4.2823255e-01
   6.0000000e+02  -1.4940958e+00   4.2752767e-01
   6.0100000e+02  -1.4972791e+00   4.2803906e-01
   6.0200000e+02  -1.5023580e+00   4.2924746e-01
   6.0300000e+02  -1.5085179e+00   4.3020150e-01
   6.0400000e+02  -1.5144088e+00   4.3078564e-01
   6.0500000e+02  -1.5196562e+00   4.3035381e-01
   6.0600000e+02  -1.5256958e+00   4.3079972e-01
   6.0700000e+02  -1.5328968e+00   4.3179938e-01
   6.0800000e+02  -1.5405776e+00   4.3424537e-01
   6.0900000e+02  -1.5474334e+00   4.3646340e-01
   6.1000000e+02  -1.5528468e+00   4.3793863e-01
   6.1100000e+02  -1.5571544e+00   4.3876892e-01
   6.1200000e+02  -1.5598385e+00   4.3920168e-01
   6.1300000e+02  -1.5608125e+00   4.3971449e-01
   6.1400000e+02  -1.5600847e+00   4.4130502e-01
   6.1500000e+02  -1.5586318e+00   4.4423910e-01
   6.1600000e+02  -1.5562768e+00   4.4731833e-01
   6.1700000e+02  -1.5534679e+00   4.4803133e-01
   6.1800000e+02  -1.5505270e+00   4.4720254e-01
   6.1900000e+02  -1.5486051e+00   4.4667770e-01
   6.2000000e+02  -1.5482712e+00   4.4872659e-01
   6.2100000e+02  -1.5475259e+00   4.5290300e-01
   6.2200000e+02  -1.5441414e+00   4.5719385e-01
   6.2300000e+02  -1.5385670e+00   4.5959384e-01
   6.2400000e+02  -1.5328084e+00   4.6159842e-01
   6.2500000e+02  -1.5280010e+00   4.6379243e-01
   6.2600000e+02  -1.5265884e+00   4.6677260e-01
   6.2700000e+02  -1.5257594e+00   4.6991075e-01
   6.2800000e+02  -1.5240341e+00   4.7270356e-01
   6.2900000e+02  -1.5201225e+00   4.7436103e-01
   6.3000000e+02  -1.5145448e+00   4.7545539e-01
   6.3100000e+02  -1.5074688e+00   4.7485968e-01
   6.3200000e+02  -1.4988499e+00   4.7249013e-01
   6.3300000e+02  -1.4903500e+00   4.6936596e-01
   6.3400000e+02  -1.4816444e+00   4.6574743e-01
   6.3500000e+02  -1.4744353e+00   4.6218043e-01
   6.3600000e+02  -1.4672220e+00   4.5915678e-01
   6.3700000e+02  -1.4610260e+00   4.5633473e-01
   6.3800000e+02  -1.4552640e+00   4.5424645e-01
   6.3900000e+02  -1.4514170e+00   4.5173912e-01
   6.4000000e+02  -1.4466276e+00   4.4788848e-01
   6.4100000e+02  -1.4424783e+00   4.4397658e-01
   6.4200000e+02  -1.4379166e+00   4.4093043e-01
   6.4300000e+02  -1.4336518e+00   4.3962246e-01
   6.4400000e+02  -1.4293328e+00   4.3939904e-01
   6.4500000e+02  -1.4237319e+00   4.4112268e-01
   6.4600000e+02  -1.4181346e+00   4.4287038e-01
   6.4700000e+02  -1.4128314e+00   4.4471912e-01
   6.4800000e+02  -1.4041697e+00   4.4636668e-01
   6.4900000e+02  -1.3990825e+00   4.4654569e-01
   6.5000000e+02  -1.3918964e+00   4.4482388e-01
   6.5100000e+02  -1.3836240e+00   4.4120126e-01
   6.5200000e+02  -1.3754304e+00   4.3437219e-01
   6.5300000e+02  -1.3634717e+00   4.2633899e-01
   6.5400000e+02  -1.3536852e+00   4.1815996e-01
   6.5500000e+02  -1.3434494e+00   4.1006511e-01
   6.5600000e+02  -1.3325912e+00   4.0138978e-01
   6.5700000e+02  -1.3228923e+00   3.9223590e-01
   6.5800000e+02  -1.3139996e+00   3.8131045e-01
   6.5900000e+02  -1.3071390e+00   3.6851728e-01
   6.6000000e+02  -1.3019922e+00   3.5727239e-01
   6.6100000e+02  -1.2981882e+00   3.4645783e-01
   6.6200000e+02  -1.2943284e+00   3.4053692e-01
   6.6300000e+02  -1.2880993e+00   3.3686743e-01
   6.6400000e+02  -1.2785868e+00   3.3446419e-01
   6.6500000e+02  -1.2657180e+00   3.3121782e-01
   6.6600000e+02  -1.2495567e+00   3.2704272e-01
   6.6700000e+02  -1.2331729e+00   3.2379408e-01
   6.6800000e+02  -1.2167464e+00   3.2570409e-01
   6.6900000e+02  -1.2006452e+00   3.3134846e-01
   6.7000000e+02  -1.1857637e+00   3.4110523e-01
   6.7100000e+02  -1.1670680e+00   3.5251235e-01
   6.7200000e+02  -1.1490336e+00   3.6055984e-01
   6.7300000e+02  -1.1312026e+00   3.6139502e-01
   6.7400000e+02  -1.1127798e+00   3.5633698e-01
   6.7500000e+02  -1.0943725e+00   3.4837253e-01
   6.7600000e+02  -1.0728318e+00   3.4410518e-01
   6.7700000e+02  -1.0509877e+00   3.4008834e-01
   6.7800000e+02  -1.0346324e+00   3.3812537e-01
   6.7900000e+02  -1.0218475e+00   3.4145519e-01
   6.8000000e+02  -1.0071079e+00   3.4683225e-01
   6.8100000e+02  -9.9225509e-01   3.5363477e-01
   6.8200000e+02  -9.7693549e-01   3.6068316e-01
   6.8300000e+02  -9.6221428e-01   3.6794726e-01
   6.8400000e+02  -9.4512001e-01   3.7736495e-01
   6.8500000e+02  -9.2631828e-01   3.9221852e-01
   6.8600000e+02  -8.9487324e-01   4.0304534e-01
   6.8700000e+02  -8.4775594e-01   4.1346090e-01
   6.8800000e+02  -8.2728212e-01   4.3282758e-01
   6.8900000e+02  -7.8961072e-01   4.3888268e-01
   6.9000000e+02  -7.5745975e-01   4.4291771e-01
   6.9100000e+02  -7.3393853e-01   4.4900446e-01
   6.9200000e+02  -7.0586427e-01   4.4702465e-01
   6.9300000e+02  -6.7709401e-01   4.4768141e-01
   6.9400000e+02  -6.5541766e-01   4.5386891e-01
   6.9500000e+02  -6.3780958e-01   4.6376674e-01
   6.9600000e+02  -6.2484950e-01   4.7460395e-01
   6.9700000e+02  -6.1226598e-01   4.8740273e-01
   6.9800000e+02  -5.9620926e-01   4.9527730e-01
   6.9900000e+02  -5.7641182e-01   4.9997127e-01
   7.0000000e+02  -5.5915845e-01   5.0854168e-01
   7.0100000e+02  -5.4818962e-01   5.2043054e-01
   7.0200000e+02  -5.4298027e-01   5.3154437e-01
   7.0300000e+02  -5.4283646e-01   5.4062219e-01
   7.0400000e+02  -5.4402339e-01   5.4823821e-01
   7.0500000e+02  -5.4046775e-01   5.5456951e-01
   7.0600000e+02  -5.3043360e-01   5.5841468e-01
   7.0700000e+02  -5.1583732e-01   5.5501962e-01
   7.0800000e+02  -4.9721649e-01   5.4377697e-01
   7.0900000e+02  -4.7570486e-01   5.3219427e-01
   7.1000000e+02  -4.5239435e-01   5.1340809e-01
   7.1100000e+02  -4.2921321e-01   4.9354233e-01
   7.1200000e+02  -4.0970045e-01   4.7808097e-01
   7.1300000e+02  -3.9591648e-01   4.6327120e-01
   7.1400000e+02  -3.8626265e-01   4.4973844e-01
   7.1500000e+02  -3.7965640e-01   4.3928537e-01
   7.1600000e+02  -3.7804021e-01   4.2727624e-01
   7.1700000e+02  -3.7717341e-01   4.1196801e-01
   7.1800000e+02  -3.7477670e-01   3.8890047e-01
   7.1900000e+02  -3.6906897e-01   3.6183323e-01
   7.2000000e+02  -3.5569713e-01   3.3832344e-01
   7.2100000e+02  -3.4160521e-01   3.2225457e-01
   7.2200000e+02  -3.3063727e-01   3.1122043e-01
   7.2300000e+02  -3.1885008e-01   3.0484282e-01
   7.2400000e+02  -3.0375094e-01   3.0018480e-01
   7.2500000e+02  -2.8162705e-01   2.9253474e-01
   7.2600000e+02  -2.5572599e-01   2.8216616e-01
   7.2700000e+02  -2.4915534e-01   2.7416973e-01
   7.2800000e+02  -2.5746952e-01   2.6468650e-01
   7.2900000e+02  -2.6535185e-01   2.5263463e-01
   7.3000000e+02  -2.6434519e-01   2.4295941e-01
   7.3100000e+02  -2.5592457e-01   2.3456864e-01
   7.3200000e+02  -2.4768493e-01   2.2385537e-01
   7.3300000e+02  -2.4108336e-01   2.1304482e-01
   7.3400000e+02  -2.3406997e-01   1.9816804e-01
   7.3500000e+02  -2.2222580e-01   1.7516485e-01
   7.3600000e+02  -2.0704753e-01   1.4490098e-01
   7.3700000e+02  -1.9020424e-01   1.0568304e-01
