   1.0000000e+00   2.4759654e+00   1.6195606e+00
   2.0000000e+00   2.4772917e+00   1.6103031e+00
   3.0000000e+00   2.4780435e+00   1.6019747e+00
   4.0000000e+00   2.4771494e+00   1.5956316e+00
   5.0000000e+00   2.4744190e+00   1.5913846e+00
   6.0000000e+00   2.4697021e+00   1.5893381e+00
   7.0000000e+00   2.4629717e+00   1.5891311e+00
   8.0000000e+00   2.4552879e+00   1.5901142e+00
   9.0000000e+00   2.4471508e+00   1.5904463e+00
   1.0000000e+01   2.4400434e+00   1.5896296e+00
   1.1000000e+01   2.4339795e+00   1.5873571e+00
   1.2000000e+01   2.4308730e+00   1.5815383e+00
   1.3000000e+01   2.4276194e+00   1.5746683e+00
   1.4000000e+01   2.4235543e+00   1.5675373e+00
   1.5000000e+01   2.4208183e+00   1.5624086e+00
   1.6000000e+01   2.4210505e+00   1.5572219e+00
   1.7000000e+01   2.4238524e+00   1.5522390e+00
   1.8000000e+01   2.4293624e+00   1.5481273e+00
   1.9000000e+01   2.4332478e+00   1.5463951e+00
   2.0000000e+01   2.4372276e+00   1.5464610e+00
   2.1000000e+01   2.4412124e+00   1.5473100e+00
   2.2000000e+01   2.4479190e+00   1.5492755e+00
   2.3000000e+01   2.4559194e+00   1.5536921e+00
   2.4000000e+01   2.4604795e+00   1.5572525e+00
   2.5000000e+01   2.4627755e+00   1.5591369e+00
   2.6000000e+01   2.4626142e+00   1.5613339e+00
   2.7000000e+01   2.4628182e+00   1.5657514e+00
   2.8000000e+01   2.4629049e+00   1.5704582e+00
   2.9000000e+01   2.4652190e+00   1.5761581e+00
   3.0000000e+01   2.4687582e+00   1.5832543e+00
   3.1000000e+01   2.4709633e+00   1.5888632e+00
   3.2000000e+01   2.4704342e+00   1.5929487e+00
   3.3000000e+01   2.4687267e+00   1.5955262e+00
   3.4000000e+01   2.4674980e+00   1.5983323e+00
   3.5000000e+01   2.4656843e+00   1.6013303e+00
   3.6000000e+01   2.4640766e+00   1.6031379e+00
   3.7000000e+01   2.4630438e+00   1.6034668e+00
   3.8000000e+01   2.4618984e+00   1.6020323e+00
   3.9000000e+01   2.4614565e+00   1.6015588e+00
   4.0000000e+01   2.4619294e+00   1.6014250e+00
   4.1000000e+01   2.4623028e+00   1.6012164e+00
   4.2000000e+01   2.4628530e+00   1.6012170e+00
   4.3000000e+01   2.4651345e+00   1.6010803e+00
   4.4000000e+01   2.4678154e+00   1.6005040e+00
   4.5000000e+01   2.4712134e+00   1.6015694e+00
   4.6000000e+01   2.4742004e+00   1.6047406e+00
   4.7000000e+01   2.4756212e+00   1.6054070e+00
   4.8000000e+01   2.4792468e+00   1.6042264e+00
   4.9000000e+01   2.4880283e+00   1.6008235e+00
   5.0000000e+01   2.4953065e+00   1.5971377e+00
   5.1000000e+01   2.5026162e+00   1.5930133e+00
   5.2000000e+01   2.5097965e+00   1.5889801e+00
   5.3000000e+01   2.5161055e+00   1.5853212e+00
   5.4000000e+01   2.5223526e+00   1.5817613e+00
   5.5000000e+01   2.5274306e+00   1.5780530e+00
   5.6000000e+01   2.5317493e+00   1.5741282e+00
   5.7000000e+01   2.5352846e+00   1.5708369e+00
   5.8000000e+01   2.5386453e+00   1.5672149e+00
   5.9000000e+01   2.5418062e+00   1.5630937e+00
   6.0000000e+01   2.5448195e+00   1.5593369e+00
   6.1000000e+01   2.5484768e+00   1.5551082e+00
   6.2000000e+01   2.5496891e+00   1.5495123e+00
   6.3000000e+01   2.5514590e+00   1.5418427e+00
   6.4000000e+01   2.5517121e+00   1.5334334e+00
   6.5000000e+01   2.5516507e+00   1.5255348e+00
   6.6000000e+01   2.5503470e+00   1.5180254e+00
   6.7000000e+01   2.5481368e+00   1.5099903e+00
   6.8000000e+01   2.5440109e+00   1.5017925e+00
   6.9000000e+01   2.5380057e+00   1.4936653e+00
   7.0000000e+01   2.5303086e+00   1.4869259e+00
   7.1000000e+01   2.5222909e+00   1.4811503e+00
   7.2000000e+01   2.5148194e+00   1.4781975e+00
   7.3000000e+01   2.5081222e+00   1.4773861e+00
   7.4000000e+01   2.5050153e+00   1.4792486e+00
   7.5000000e+01   2.5042660e+00   1.4832161e+00
   7.6000000e+01   2.5042683e+00   1.4893934e+00
   7.7000000e+01   2.5045839e+00   1.4973975e+00
   7.8000000e+01   2.5056567e+00   1.5072011e+00
   7.9000000e+01   2.5075610e+00   1.5185531e+00
   8.0000000e+01   2.5101647e+00   1.5308694e+00
   8.1000000e+01   2.5125937e+00   1.5436412e+00
   8.2000000e+01   2.5141719e+00   1.5561412e+00
   8.3000000e+01   2.5154816e+00   1.5670361e+00
   8.4000000e+01   2.5169824e+00   1.5766754e+00
   8.5000000e+01   2.5179445e+00   1.5845556e+00
   8.6000000e+01   2.5176274e+00   1.5906838e+00
   8.7000000e+01   2.5174633e+00   1.5956513e+00
   8.8000000e+01   2.5171640e+00   1.5993224e+00
   8.9000000e+01   2.5176866e+00   1.6012839e+00
   9.0000000e+01   2.5177007e+00   1.6023187e+00
   9.1000000e+01   2.5174490e+00   1.6022119e+00
   9.2000000e+01   2.5179239e+00   1.6014596e+00
   9.3000000e+01   2.5180589e+00   1.5984438e+00
   9.4000000e+01   2.5194702e+00   1.5940023e+00
   9.5000000e+01   2.5212036e+00   1.5886721e+00
   9.6000000e+01   2.5238320e+00   1.5820234e+00
   9.7000000e+01   2.5271666e+00   1.5745460e+00
   9.8000000e+01   2.5291297e+00   1.5664644e+00
   9.9000000e+01   2.5314603e+00   1.5567875e+00
   1.0000000e+02   2.5332873e+00   1.5482379e+00
   1.0100000e+02   2.5350130e+00   1.5381827e+00
   1.0200000e+02   2.5360086e+00   1.5278361e+00
   1.0300000e+02   2.5366290e+00   1.5172618e+00
   1.0400000e+02   2.5360525e+00   1.5071637e+00
   1.0500000e+02   2.5343819e+00   1.4981421e+00
   1.0600000e+02   2.5317187e+00   1.4905771e+00
   1.0700000e+02   2.5284801e+00   1.4852608e+00
   1.0800000e+02   2.5243667e+00   1.4826138e+00
   1.0900000e+02   2.5189554e+00   1.4821915e+00
   1.1000000e+02   2.5130709e+00   1.4843950e+00
   1.1100000e+02   2.5067160e+00   1.4895360e+00
   1.1200000e+02   2.4998845e+00   1.4974006e+00
   1.1300000e+02   2.4929835e+00   1.5056083e+00
   1.1400000e+02   2.4840806e+00   1.5160524e+00
   1.1500000e+02   2.4755474e+00   1.5259588e+00
   1.1600000e+02   2.4657766e+00   1.5354955e+00
   1.1700000e+02   2.4573873e+00   1.5437091e+00
   1.1800000e+02   2.4505857e+00   1.5502240e+00
   1.1900000e+02   2.4442751e+00   1.5543737e+00
   1.2000000e+02   2.4387976e+00   1.5561687e+00
   1.2100000e+02   2.4324302e+00   1.5559423e+00
   1.2200000e+02   2.4275222e+00   1.5525903e+00
   1.2300000e+02   2.4215906e+00   1.5465912e+00
   1.2400000e+02   2.4165785e+00   1.5389257e+00
   1.2500000e+02   2.4111862e+00   1.5287408e+00
   1.2600000e+02   2.4055748e+00   1.5181814e+00
   1.2700000e+02   2.4006395e+00   1.5070250e+00
   1.2800000e+02   2.3955415e+00   1.4967613e+00
   1.2900000e+02   2.3895438e+00   1.4870118e+00
   1.3000000e+02   2.3827768e+00   1.4770518e+00
   1.3100000e+02   2.3741065e+00   1.4677609e+00
   1.3200000e+02   2.3631644e+00   1.4582147e+00
   1.3300000e+02   2.3498167e+00   1.4482280e+00
   1.3400000e+02   2.3367206e+00   1.4376945e+00
   1.3500000e+02   2.3227851e+00   1.4251668e+00
   1.3600000e+02   2.3100710e+00   1.4104441e+00
   1.3700000e+02   2.2998068e+00   1.3935563e+00
   1.3800000e+02   2.2910839e+00   1.3735926e+00
   1.3900000e+02   2.2868854e+00   1.3511801e+00
   1.4000000e+02   2.2855154e+00   1.3252254e+00
   1.4100000e+02   2.2858086e+00   1.2962285e+00
   1.4200000e+02   2.2857924e+00   1.2646000e+00
   1.4300000e+02   2.2798237e+00   1.2326862e+00
   1.4400000e+02   2.2675680e+00   1.1989342e+00
   1.4500000e+02   2.2507005e+00   1.1650418e+00
   1.4600000e+02   2.2333278e+00   1.1349255e+00
   1.4700000e+02   2.2179227e+00   1.1118468e+00
   1.4800000e+02   2.2081054e+00   1.0968058e+00
   1.4900000e+02   2.2022998e+00   1.0848327e+00
   1.5000000e+02   2.1988017e+00   1.0743656e+00
   1.5100000e+02   2.1947578e+00   1.0649318e+00
   1.5200000e+02   2.1890258e+00   1.0582795e+00
   1.5300000e+02   2.1789010e+00   1.0543490e+00
   1.5400000e+02   2.1647119e+00   1.0545197e+00
   1.5500000e+02   2.1477758e+00   1.0576308e+00
   1.5600000e+02   2.1271733e+00   1.0615041e+00
   1.5700000e+02   2.1055270e+00   1.0677228e+00
   1.5800000e+02   2.0818034e+00   1.0745765e+00
   1.5900000e+02   2.0576343e+00   1.0790930e+00
   1.6000000e+02   2.0330516e+00   1.0798819e+00
   1.6100000e+02   2.0091254e+00   1.0760640e+00
   1.6200000e+02   1.9890129e+00   1.0682186e+00
   1.6300000e+02   1.9723270e+00   1.0561939e+00
   1.6400000e+02   1.9558998e+00   1.0410761e+00
   1.6500000e+02   1.9420600e+00   1.0244307e+00
   1.6600000e+02   1.9300187e+00   1.0070755e+00
   1.6700000e+02   1.9205465e+00   9.8804073e-01
   1.6800000e+02   1.9123704e+00   9.6843941e-01
   1.6900000e+02   1.9066734e+00   9.4889012e-01
   1.7000000e+02   1.9012620e+00   9.3306041e-01
   1.7100000e+02   1.8973277e+00   9.2181838e-01
   1.7200000e+02   1.8949609e+00   9.1329027e-01
   1.7300000e+02   1.8930516e+00   9.0692361e-01
   1.7400000e+02   1.8908295e+00   9.0287026e-01
   1.7500000e+02   1.8867928e+00   9.0184564e-01
   1.7600000e+02   1.8820330e+00   9.0521028e-01
   1.7700000e+02   1.8756534e+00   9.1209839e-01
   1.7800000e+02   1.8675374e+00   9.2071349e-01
   1.7900000e+02   1.8596454e+00   9.3003402e-01
   1.8000000e+02   1.8523811e+00   9.3924766e-01
   1.8100000e+02   1.8488997e+00   9.4717356e-01
   1.8200000e+02   1.8503827e+00   9.5499427e-01
   1.8300000e+02   1.8557992e+00   9.6207949e-01
   1.8400000e+02   1.8653579e+00   9.6870446e-01
   1.8500000e+02   1.8789253e+00   9.7569610e-01
   1.8600000e+02   1.8952090e+00   9.8208946e-01
   1.8700000e+02   1.9122986e+00   9.8610272e-01
   1.8800000e+02   1.9283633e+00   9.8690030e-01
   1.8900000e+02   1.9422520e+00   9.8618894e-01
   1.9000000e+02   1.9542968e+00   9.8334428e-01
   1.9100000e+02   1.9628087e+00   9.7981294e-01
   1.9200000e+02   1.9702627e+00   9.7653487e-01
   1.9300000e+02   1.9761663e+00   9.7504470e-01
   1.9400000e+02   1.9804352e+00   9.7443333e-01
   1.9500000e+02   1.9845813e+00   9.7484474e-01
   1.9600000e+02   1.9881885e+00   9.7588673e-01
   1.9700000e+02   1.9933298e+00   9.7680039e-01
   1.9800000e+02   1.9962121e+00   9.7803306e-01
   1.9900000e+02   2.0015601e+00   9.8125955e-01
   2.0000000e+02   2.0055516e+00   9.8470627e-01
   2.0100000e+02   2.0112076e+00   9.9206297e-01
   2.0200000e+02   2.0157814e+00   9.9788542e-01
   2.0300000e+02   2.0212241e+00   1.0043245e+00
   2.0400000e+02   2.0240698e+00   1.0075500e+00
   2.0500000e+02   2.0264963e+00   1.0099967e+00
   2.0600000e+02   2.0244509e+00   1.0104097e+00
   2.0700000e+02   2.0191854e+00   1.0096347e+00
   2.0800000e+02   2.0133398e+00   1.0076362e+00
   2.0900000e+02   2.0086337e+00   1.0057099e+00
   2.1000000e+02   2.0069358e+00   1.0052634e+00
   2.1100000e+02   2.0087165e+00   1.0072580e+00
   2.1200000e+02   2.0158242e+00   1.0101693e+00
   2.1300000e+02   2.0256357e+00   1.0143553e+00
   2.1400000e+02   2.0362186e+00   1.0191834e+00
   2.1500000e+02   2.0492698e+00   1.0232185e+00
   2.1600000e+02   2.0626034e+00   1.0259332e+00
   2.1700000e+02   2.0744931e+00   1.0261639e+00
   2.1800000e+02   2.0831337e+00   1.0236961e+00
   2.1900000e+02   2.0909123e+00   1.0180107e+00
   2.2000000e+02   2.0954600e+00   1.0124136e+00
   2.2100000e+02   2.0983419e+00   1.0043079e+00
   2.2200000e+02   2.0994255e+00   9.9591896e-01
   2.2300000e+02   2.1001739e+00   9.8642770e-01
   2.2400000e+02   2.0999788e+00   9.7773382e-01
   2.2500000e+02   2.0988671e+00   9.6978407e-01
   2.2600000e+02   2.0991500e+00   9.6077104e-01
   2.2700000e+02   2.0984152e+00   9.5277543e-01
   2.2800000e+02   2.0997561e+00   9.4448267e-01
   2.2900000e+02   2.0984533e+00   9.3671858e-01
   2.3000000e+02   2.0978500e+00   9.3204177e-01
   2.3100000e+02   2.0981851e+00   9.2680246e-01
   2.3200000e+02   2.0998245e+00   9.2305849e-01
   2.3300000e+02   2.1019057e+00   9.1787923e-01
   2.3400000e+02   2.1040470e+00   9.1419883e-01
   2.3500000e+02   2.1063766e+00   9.1082862e-01
   2.3600000e+02   2.1090902e+00   9.0772857e-01
   2.3700000e+02   2.1091625e+00   9.0468157e-01
   2.3800000e+02   2.1078832e+00   9.0321300e-01
   2.3900000e+02   2.1048166e+00   9.0226454e-01
   2.4000000e+02   2.0982272e+00   9.0427215e-01
   2.4100000e+02   2.0900302e+00   9.0724434e-01
   2.4200000e+02   2.0782657e+00   9.1077270e-01
   2.4300000e+02   2.0626835e+00   9.1381493e-01
   2.4400000e+02   2.0481413e+00   9.1735992e-01
   2.4500000e+02   2.0345253e+00   9.2035647e-01
   2.4600000e+02   2.0226073e+00   9.2387642e-01
   2.4700000e+02   2.0132618e+00   9.2557632e-01
   2.4800000e+02   2.0065557e+00   9.2408992e-01
   2.4900000e+02   2.0014310e+00   9.1923123e-01
   2.5000000e+02   1.9954761e+00   9.1339379e-01
   2.5100000e+02   1.9910039e+00   9.0806646e-01
   2.5200000e+02   1.9874526e+00   9.0523696e-01
   2.5300000e+02   1.9841117e+00   9.0418524e-01
   2.5400000e+02   1.9830569e+00   9.0598312e-01
   2.5500000e+02   1.9821870e+00   9.0889374e-01
   2.5600000e+02   1.9830752e+00   9.1131206e-01
   2.5700000e+02   1.9853900e+00   9.1267089e-01
   2.5800000e+02   1.9897354e+00   9.1358722e-01
   2.5900000e+02   1.9945245e+00   9.1300149e-01
   2.6000000e+02   1.9992945e+00   9.1185161e-01
   2.6100000e+02   2.0034972e+00   9.1061626e-01
   2.6200000e+02   2.0073551e+00   9.1036235e-01
   2.6300000e+02   2.0109283e+00   9.1096870e-01
   2.6400000e+02   2.0148118e+00   9.1265955e-01
   2.6500000e+02   2.0194107e+00   9.1459956e-01
   2.6600000e+02   2.0230144e+00   9.1927945e-01
   2.6700000e+02   2.0272084e+00   9.2393591e-01
   2.6800000e+02   2.0298214e+00   9.2860153e-01
   2.6900000e+02   2.0300179e+00   9.3553090e-01
   2.7000000e+02   2.0276647e+00   9.4252722e-01
   2.7100000e+02   2.0231111e+00   9.4912987e-01
   2.7200000e+02   2.0181148e+00   9.5458712e-01
   2.7300000e+02   2.0129075e+00   9.5861161e-01
   2.7400000e+02   2.0083764e+00   9.6092748e-01
   2.7500000e+02   2.0049676e+00   9.6084392e-01
   2.7600000e+02   2.0026647e+00   9.5917734e-01
   2.7700000e+02   1.9999831e+00   9.5494060e-01
   2.7800000e+02   1.9980097e+00   9.5284809e-01
   2.7900000e+02   1.9953588e+00   9.4966096e-01
   2.8000000e+02   1.9916377e+00   9.4724377e-01
   2.8100000e+02   1.9874521e+00   9.4493289e-01
   2.8200000e+02   1.9831760e+00   9.4379944e-01
   2.8300000e+02   1.9795447e+00   9.4326423e-01
   2.8400000e+02   1.9751587e+00   9.4439918e-01
   2.8500000e+02   1.9717527e+00   9.4494834e-01
   2.8600000e+02   1.9685685e+00   9.4469807e-01
   2.8700000e+02   1.9666104e+00   9.4397019e-01
   2.8800000e+02   1.9653948e+00   9.4268007e-01
   2.8900000e+02   1.9634305e+00   9.4142670e-01
   2.9000000e+02   1.9596599e+00   9.4050147e-01
   2.9100000e+02   1.9560818e+00   9.3949980e-01
   2.9200000e+02   1.9518990e+00   9.3792721e-01
   2.9300000e+02   1.9475288e+00   9.3613623e-01
   2.9400000e+02   1.9432795e+00   9.3260436e-01
   2.9500000e+02   1.9392261e+00   9.2842323e-01
   2.9600000e+02   1.9357615e+00   9.2382326e-01
   2.9700000e+02   1.9331672e+00   9.1931532e-01
   2.9800000e+02   1.9303564e+00   9.1526444e-01
   2.9900000e+02   1.9303926e+00   9.1195342e-01
   3.0000000e+02   1.9297558e+00   9.0736454e-01
   3.0100000e+02   1.9316068e+00   9.0297882e-01
   3.0200000e+02   1.9341515e+00   8.9808702e-01
   3.0300000e+02   1.9320792e+00   8.9323611e-01
   3.0400000e+02   1.9302855e+00   8.8662513e-01
   3.0500000e+02   1.9309229e+00   8.8367292e-01
   3.0600000e+02   1.9172430e+00   8.7195552e-01
   3.0700000e+02   1.9272986e+00   8.8398425e-01
   3.0800000e+02   1.9235837e+00   8.8898024e-01
   3.0900000e+02   1.9210478e+00   8.9291713e-01
   3.1000000e+02   1.9233397e+00   8.9837384e-01
   3.1100000e+02   1.9279768e+00   9.0237111e-01
   3.1200000e+02   1.9287500e+00   9.0089306e-01
   3.1300000e+02   1.9438067e+00   9.1203384e-01
   3.1400000e+02   1.9590863e+00   9.1907238e-01
   3.1500000e+02   1.9684191e+00   9.2060082e-01
   3.1600000e+02   1.9830174e+00   9.2649072e-01
   3.1700000e+02   1.9942317e+00   9.2919247e-01
   3.1800000e+02   2.0046858e+00   9.3283477e-01
   3.1900000e+02   2.0134146e+00   9.3556408e-01
   3.2000000e+02   2.0201616e+00   9.3770499e-01
   3.2100000e+02   2.0247241e+00   9.3944263e-01
   3.2200000e+02   2.0263491e+00   9.4211185e-01
   3.2300000e+02   2.0273455e+00   9.4753656e-01
   3.2400000e+02   2.0256316e+00   9.5339336e-01
   3.2500000e+02   2.0173475e+00   9.5776183e-01
   3.2600000e+02   2.0545764e+00   9.5299854e-01
   3.2700000e+02   2.0185107e+00   9.8360825e-01
   3.2800000e+02   2.0167276e+00   9.8953979e-01
   3.2900000e+02   2.0162979e+00   9.9276368e-01
   3.3000000e+02   2.0116105e+00   9.8712687e-01
   3.3100000e+02   2.0096700e+00   9.8680467e-01
   3.3200000e+02   2.0085089e+00   9.8663668e-01
   3.3300000e+02   2.0100249e+00   9.8685073e-01
   3.3400000e+02   2.0108604e+00   9.8738490e-01
   3.3500000e+02   2.0122152e+00   9.8693568e-01
   3.3600000e+02   2.0129478e+00   9.8518819e-01
   3.3700000e+02   2.0146406e+00   9.8190204e-01
   3.3800000e+02   2.0124730e+00   9.7674293e-01
   3.3900000e+02   2.0084304e+00   9.7034295e-01
   3.4000000e+02   2.0034080e+00   9.6251617e-01
   3.4100000e+02   1.9976992e+00   9.5531854e-01
   3.4200000e+02   1.9900916e+00   9.4792438e-01
   3.4300000e+02   1.9833781e+00   9.4163706e-01
   3.4400000e+02   1.9768200e+00   9.4070149e-01
   3.4500000e+02   1.9719603e+00   9.3952868e-01
   3.4600000e+02   1.9680012e+00   9.4219713e-01
   3.4700000e+02   1.9659283e+00   9.4550357e-01
   3.4800000e+02   1.9642052e+00   9.5057129e-01
   3.4900000e+02   1.9640250e+00   9.5352560e-01
   3.5000000e+02   1.9626989e+00   9.5902012e-01
   3.5100000e+02   1.9618526e+00   9.6355568e-01
   3.5200000e+02   1.9596646e+00   9.6817186e-01
   3.5300000e+02   1.9573363e+00   9.7268942e-01
   3.5400000e+02   1.9542384e+00   9.7643226e-01
   3.5500000e+02   1.9524480e+00   9.8012016e-01
   3.5600000e+02   1.9508408e+00   9.8056788e-01
   3.5700000e+02   1.9457701e+00   9.7378696e-01
   3.5800000e+02   1.9356861e+00   9.6274443e-01
   3.5900000e+02   1.9352122e+00   9.5011173e-01
   3.6000000e+02   1.9086284e+00   9.3969800e-01
   3.6100000e+02   1.9081782e+00   9.3100213e-01
   3.6200000e+02   1.8736224e+00   9.0625752e-01
   3.6300000e+02   1.8692139e+00   9.0042862e-01
   3.6400000e+02   1.8643067e+00   8.7793178e-01
   3.6500000e+02   1.8644135e+00   8.6571006e-01
   3.6600000e+02   1.8098332e+00   8.6476238e-01
   3.6700000e+02   1.7697701e+00   8.4469488e-01
   3.6800000e+02   1.7904161e+00   8.1747118e-01
   3.6900000e+02   1.7197266e+00   8.3179433e-01
   3.7000000e+02   1.7074521e+00   8.3410364e-01
   3.7100000e+02   1.7023900e+00   8.4112539e-01
   3.7200000e+02   1.7115750e+00   8.5999740e-01
   3.7300000e+02   1.7299420e+00   8.7595374e-01
   3.7400000e+02   1.7463050e+00   8.9012812e-01
   3.7500000e+02   1.7593477e+00   9.0022123e-01
   3.7600000e+02   1.7691168e+00   9.0572748e-01
   3.7700000e+02   1.7764359e+00   9.0746683e-01
   3.7800000e+02   1.7790746e+00   9.0693793e-01
   3.7900000e+02   1.7781505e+00   9.0616412e-01
   3.8000000e+02   1.7739658e+00   9.0454651e-01
   3.8100000e+02   1.7683346e+00   9.0156888e-01
   3.8200000e+02   1.7630653e+00   8.9796297e-01
   3.8300000e+02   1.7581560e+00   8.9469449e-01
   3.8400000e+02   1.7546319e+00   8.9333575e-01
   3.8500000e+02   1.7557811e+00   8.9451351e-01
   3.8600000e+02   1.7597420e+00   8.9525093e-01
   3.8700000e+02   1.7667086e+00   8.9652432e-01
   3.8800000e+02   1.7767851e+00   8.9812224e-01
   3.8900000e+02   1.7862874e+00   8.9794238e-01
   3.9000000e+02   1.7915657e+00   8.9345763e-01
   3.9100000e+02   1.7915359e+00   8.8673820e-01
   3.9200000e+02   1.7858990e+00   8.8097693e-01
   3.9300000e+02   1.7766791e+00   8.7559770e-01
   3.9400000e+02   1.7648374e+00   8.7050731e-01
   3.9500000e+02   1.7537214e+00   8.6808488e-01
   3.9600000e+02   1.7437355e+00   8.6912312e-01
   3.9700000e+02   1.7381672e+00   8.7715554e-01
   3.9800000e+02   1.7386895e+00   8.9136457e-01
   3.9900000e+02   1.7467351e+00   9.1051050e-01
   4.0000000e+02   1.7639539e+00   9.3042475e-01
   4.0100000e+02   1.7797773e+00   9.4642794e-01
   4.0200000e+02   1.7980455e+00   9.5288878e-01
   4.0300000e+02   1.8071284e+00   9.5113629e-01
   4.0400000e+02   1.8110791e+00   9.4706112e-01
   4.0500000e+02   1.8097662e+00   9.4099096e-01
   4.0600000e+02   1.8024522e+00   9.3503408e-01
   4.0700000e+02   1.7889767e+00   9.3030580e-01
   4.0800000e+02   1.7711654e+00   9.2592998e-01
   4.0900000e+02   1.7479222e+00   9.2147994e-01
   4.1000000e+02   1.7241255e+00   9.1694076e-01
   4.1100000e+02   1.6994186e+00   9.1260315e-01
   4.1200000e+02   1.6779655e+00   9.0896450e-01
   4.1300000e+02   1.6584359e+00   9.0510523e-01
   4.1400000e+02   1.6400281e+00   9.0183312e-01
   4.1500000e+02   1.6264554e+00   8.9997698e-01
   4.1600000e+02   1.6182721e+00   9.0186543e-01
   4.1700000e+02   1.6151973e+00   9.0921703e-01
   4.1800000e+02   1.6136181e+00   9.1890241e-01
   4.1900000e+02   1.6125808e+00   9.2858402e-01
   4.2000000e+02   1.6074022e+00   9.3884588e-01
   4.2100000e+02   1.5982180e+00   9.2431476e-01
   4.2200000e+02   1.5907483e+00   9.2955350e-01
   4.2300000e+02   1.5856530e+00   9.5830375e-01
   4.2400000e+02   1.5731696e+00   9.5640568e-01
   4.2500000e+02   1.5515896e+00   9.4956436e-01
   4.2600000e+02   1.5250539e+00   9.3392763e-01
   4.2700000e+02   1.4968896e+00   9.2071773e-01
   4.2800000e+02   1.4685035e+00   8.9507990e-01
   4.2900000e+02   1.4364285e+00   8.6239762e-01
   4.3000000e+02   1.4345905e+00   8.5290325e-01
   4.3100000e+02   1.4263807e+00   8.1120295e-01
   4.3200000e+02   1.4541556e+00   8.2771921e-01
   4.3300000e+02   1.4716522e+00   8.1980012e-01
   4.3400000e+02   1.4859704e+00   8.1536074e-01
   4.3500000e+02   1.4989387e+00   8.1514736e-01
   4.3600000e+02   1.5083393e+00   8.1774597e-01
   4.3700000e+02   1.5149847e+00   8.2156925e-01
   4.3800000e+02   1.5187328e+00   8.2330396e-01
   4.3900000e+02   1.5186908e+00   8.1874171e-01
   4.4000000e+02   1.5144643e+00   8.0866052e-01
   4.4100000e+02   1.5080237e+00   7.9593116e-01
   4.4200000e+02   1.4986667e+00   7.8027191e-01
   4.4300000e+02   1.4889047e+00   7.6507010e-01
   4.4400000e+02   1.4805762e+00   7.5293120e-01
   4.4500000e+02   1.4735610e+00   7.4355347e-01
   4.4600000e+02   1.4692977e+00   7.3605192e-01
   4.4700000e+02   1.4649628e+00   7.2891200e-01
   4.4800000e+02   1.4593153e+00   7.2041401e-01
   4.4900000e+02   1.4522637e+00   7.1034641e-01
   4.5000000e+02   1.4471077e+00   7.0189201e-01
   4.5100000e+02   1.4463413e+00   6.9428883e-01
   4.5200000e+02   1.4497523e+00   6.8814254e-01
   4.5300000e+02   1.4556583e+00   6.8336936e-01
   4.5400000e+02   1.4633362e+00   6.8145916e-01
   4.5500000e+02   1.4748324e+00   6.8133862e-01
   4.5600000e+02   1.4891307e+00   6.8242695e-01
   4.5700000e+02   1.5065448e+00   6.8486782e-01
   4.5800000e+02   1.5212483e+00   6.8641516e-01
   4.5900000e+02   1.5355589e+00   6.8545595e-01
   4.6000000e+02   1.5451847e+00   6.8304626e-01
   4.6100000e+02   1.5489751e+00   6.8091532e-01
   4.6200000e+02   1.5496353e+00   6.8130660e-01
   4.6300000e+02   1.5482985e+00   6.8338368e-01
   4.6400000e+02   1.5489814e+00   6.8777966e-01
   4.6500000e+02   1.5543911e+00   6.9405652e-01
   4.6600000e+02   1.5649736e+00   7.0264410e-01
   4.6700000e+02   1.5797459e+00   7.1393586e-01
   4.6800000e+02   1.5991577e+00   7.2638391e-01
   4.6900000e+02   1.6268699e+00   7.4291729e-01
   4.7000000e+02   1.6507533e+00   7.5356692e-01
   4.7100000e+02   1.6755622e+00   7.6070959e-01
   4.7200000e+02   1.7065764e+00   7.6683883e-01
   4.7300000e+02   1.7385867e+00   7.7794752e-01
   4.7400000e+02   1.7710521e+00   7.9249017e-01
   4.7500000e+02   1.8006253e+00   8.0791715e-01
   4.7600000e+02   1.8258859e+00   8.2286770e-01
   4.7700000e+02   1.8462678e+00   8.3622188e-01
   4.7800000e+02   1.8599166e+00   8.4725589e-01
   4.7900000e+02   1.8659248e+00   8.5488585e-01
   4.8000000e+02   1.8652872e+00   8.5711459e-01
   4.8100000e+02   1.8627017e+00   8.5656117e-01
   4.8200000e+02   1.8580554e+00   8.5496390e-01
   4.8300000e+02   1.8523464e+00   8.5114989e-01
   4.8400000e+02   1.8438175e+00   8.4357318e-01
   4.8500000e+02   1.8311651e+00   8.3431418e-01
   4.8600000e+02   1.8137372e+00   8.2482288e-01
   4.8700000e+02   1.7915469e+00   8.1592131e-01
   4.8800000e+02   1.7691946e+00   8.0738374e-01
   4.8900000e+02   1.7505987e+00   7.9898606e-01
   4.9000000e+02   1.7344663e+00   7.9180576e-01
   4.9100000e+02   1.7188967e+00   7.8747378e-01
   4.9200000e+02   1.7045087e+00   7.8600695e-01
   4.9300000e+02   1.6903324e+00   7.8727701e-01
   4.9400000e+02   1.6810017e+00   7.9338958e-01
   4.9500000e+02   1.6752797e+00   8.0058085e-01
   4.9600000e+02   1.6717012e+00   8.0736487e-01
   4.9700000e+02   1.6694115e+00   8.1284295e-01
   4.9800000e+02   1.6678865e+00   8.1721689e-01
   4.9900000e+02   1.6665554e+00   8.2059095e-01
   5.0000000e+02   1.6668111e+00   8.2453913e-01
   5.0100000e+02   1.6688075e+00   8.2990243e-01
   5.0200000e+02   1.6764745e+00   8.3511707e-01
   5.0300000e+02   1.6871314e+00   8.4125792e-01
   5.0400000e+02   1.7000837e+00   8.4647549e-01
   5.0500000e+02   1.7121237e+00   8.5189902e-01
   5.0600000e+02   1.7238423e+00   8.5700952e-01
   5.0700000e+02   1.7318161e+00   8.6064317e-01
   5.0800000e+02   1.7355501e+00   8.6197532e-01
   5.0900000e+02   1.7331319e+00   8.6046305e-01
   5.1000000e+02   1.7256320e+00   8.5576198e-01
   5.1100000e+02   1.7139936e+00   8.4873896e-01
   5.1200000e+02   1.7032786e+00   8.3757943e-01
   5.1300000e+02   1.6953444e+00   8.2423573e-01
   5.1400000e+02   1.6900017e+00   8.1194235e-01
   5.1500000e+02   1.6879180e+00   8.0058793e-01
   5.1600000e+02   1.6857600e+00   7.8919300e-01
   5.1700000e+02   1.6843451e+00   7.7738852e-01
   5.1800000e+02   1.6812992e+00   7.6534159e-01
   5.1900000e+02   1.6785459e+00   7.5489895e-01
   5.2000000e+02   1.6747753e+00   7.4926857e-01
   5.2100000e+02   1.6708753e+00   7.5048564e-01
   5.2200000e+02   1.6702592e+00   7.5443337e-01
   5.2300000e+02   1.6735667e+00   7.6053629e-01
   5.2400000e+02   1.6811693e+00   7.6725790e-01
   5.2500000e+02   1.6904073e+00   7.7562975e-01
   5.2600000e+02   1.7012798e+00   7.8483178e-01
   5.2700000e+02   1.7150262e+00   7.9629639e-01
   5.2800000e+02   1.7277664e+00   8.0740030e-01
   5.2900000e+02   1.7381546e+00   8.1768782e-01
   5.3000000e+02   1.7469028e+00   8.2173838e-01
   5.3100000e+02   1.7569659e+00   8.2004216e-01
   5.3200000e+02   1.7702420e+00   8.1563358e-01
   5.3300000e+02   1.7842562e+00   8.1054874e-01
   5.3400000e+02   1.7993521e+00   8.0564571e-01
   5.3500000e+02   1.8167020e+00   8.0020134e-01
   5.3600000e+02   1.8367836e+00   7.9447902e-01
   5.3700000e+02   1.8584004e+00   7.8735386e-01
   5.3800000e+02   1.8796193e+00   7.8074839e-01
   5.3900000e+02   1.8993783e+00   7.7506530e-01
   5.4000000e+02   1.9161162e+00   7.7001520e-01
   5.4100000e+02   1.9313240e+00   7.6473671e-01
   5.4200000e+02   1.9472164e+00   7.5557402e-01
   5.4300000e+02   1.9553347e+00   7.4483315e-01
   5.4400000e+02   1.9592166e+00   7.3212557e-01
   5.4500000e+02   1.9555910e+00   7.2014797e-01
   5.4600000e+02   1.9468260e+00   7.0926872e-01
   5.4700000e+02   1.9331923e+00   7.0021568e-01
   5.4800000e+02   1.9139600e+00   6.9336782e-01
   5.4900000e+02   1.8900531e+00   6.9024496e-01
   5.5000000e+02   1.8678065e+00   6.9134473e-01
   5.5100000e+02   1.8495899e+00   6.9596511e-01
   5.5200000e+02   1.8333764e+00   7.0149398e-01
   5.5300000e+02   1.8169313e+00   7.0687173e-01
   5.5400000e+02   1.7959430e+00   7.1312172e-01
   5.5500000e+02   1.7713653e+00   7.2071061e-01
   5.5600000e+02   1.7431698e+00   7.3139356e-01
   5.5700000e+02   1.7144155e+00   7.4327185e-01
   5.5800000e+02   1.6850742e+00   7.5455205e-01
   5.5900000e+02   1.6623352e+00   7.6253633e-01
   5.6000000e+02   1.6446623e+00   7.6789353e-01
   5.6100000e+02   1.6306235e+00   7.7129303e-01
   5.6200000e+02   1.6193634e+00   7.7267389e-01
   5.6300000e+02   1.6128637e+00   7.7469755e-01
   5.6400000e+02   1.6116008e+00   7.7870802e-01
   5.6500000e+02   1.6113770e+00   7.8716354e-01
   5.6600000e+02   1.6134216e+00   7.9709141e-01
   5.6700000e+02   1.6119463e+00   8.0697818e-01
   5.6800000e+02   1.6062534e+00   8.1268008e-01
   5.6900000e+02   1.5908250e+00   8.1765010e-01
   5.7000000e+02   1.5680549e+00   8.1916382e-01
   5.7100000e+02   1.5401350e+00   8.1546335e-01
   5.7200000e+02   1.5113645e+00   8.0466518e-01
   5.7300000e+02   1.4839822e+00   7.8964492e-01
   5.7400000e+02   1.4570270e+00   7.7253458e-01
   5.7500000e+02   1.4327663e+00   7.5793174e-01
   5.7600000e+02   1.4089447e+00   7.4722866e-01
   5.7700000e+02   1.3876381e+00   7.4243785e-01
   5.7800000e+02   1.3643307e+00   7.4242024e-01
   5.7900000e+02   1.3384042e+00   7.4606353e-01
   5.8000000e+02   1.3115497e+00   7.5171909e-01
   5.8100000e+02   1.2917933e+00   7.5856734e-01
   5.8200000e+02   1.2873166e+00   7.6262896e-01
   5.8300000e+02   1.2903772e+00   7.6563744e-01
   5.8400000e+02   1.2938399e+00   7.6695618e-01
   5.8500000e+02   1.2964729e+00   7.6813604e-01
   5.8600000e+02   1.3007484e+00   7.7408344e-01
   5.8700000e+02   1.3087530e+00   7.8087551e-01
   5.8800000e+02   1.3204628e+00   7.8931163e-01
   5.8900000e+02   1.3329071e+00   8.0062847e-01
   5.9000000e+02   1.3440762e+00   8.1317269e-01
   5.9100000e+02   1.3563414e+00   8.2376214e-01
   5.9200000e+02   1.3687748e+00   8.3127594e-01
   5.9300000e+02   1.3848615e+00   8.3625189e-01
   5.9400000e+02   1.4027396e+00   8.4105232e-01
   5.9500000e+02   1.4220627e+00   8.4859893e-01
   5.9600000e+02   1.4419605e+00   8.6000772e-01
   5.9700000e+02   1.4602629e+00   8.7420246e-01
   5.9800000e+02   1.4764582e+00   8.9124706e-01
   5.9900000e+02   1.4892851e+00   9.0803244e-01
   6.0000000e+02   1.4970270e+00   9.2494825e-01
   6.0100000e+02   1.4958700e+00   9.4352364e-01
   6.0200000e+02   1.4878231e+00   9.6085143e-01
   6.0300000e+02   1.4668327e+00   9.7440774e-01
   6.0400000e+02   1.4309389e+00   9.7870871e-01
   6.0500000e+02   1.3801242e+00   9.7565378e-01
   6.0600000e+02   1.3165603e+00   9.6919299e-01
   6.0700000e+02   1.2468245e+00   9.6206497e-01
   6.0800000e+02   1.1816711e+00   9.5643035e-01
   6.0900000e+02   1.1427255e+00   9.5765843e-01
   6.1000000e+02   1.1237768e+00   9.6692704e-01
   6.1100000e+02   1.1096863e+00   9.8292288e-01
   6.1200000e+02   1.0972017e+00   1.0015832e+00
   6.1300000e+02   1.0895731e+00   1.0176627e+00
   6.1400000e+02   1.0837740e+00   1.0282314e+00
   6.1500000e+02   1.0761543e+00   1.0322322e+00
   6.1600000e+02   1.0641287e+00   1.0310049e+00
   6.1700000e+02   1.0487573e+00   1.0255253e+00
   6.1800000e+02   1.0318260e+00   1.0183071e+00
   6.1900000e+02   1.0134692e+00   1.0123746e+00
   6.2000000e+02   9.9615710e-01   1.0108997e+00
   6.2100000e+02   9.7914380e-01   1.0115174e+00
   6.2200000e+02   9.6371203e-01   1.0133119e+00
   6.2300000e+02   9.5003126e-01   1.0165579e+00
   6.2400000e+02   9.3922711e-01   1.0192829e+00
   6.2500000e+02   9.3295055e-01   1.0188770e+00
   6.2600000e+02   9.3227693e-01   1.0175730e+00
   6.2700000e+02   9.3591108e-01   1.0137905e+00
   6.2800000e+02   9.4270910e-01   1.0110355e+00
   6.2900000e+02   9.5021183e-01   1.0058330e+00
   6.3000000e+02   9.5817552e-01   9.9853621e-01
   6.3100000e+02   9.6564307e-01   9.8820578e-01
   6.3200000e+02   9.7307306e-01   9.7432330e-01
   6.3300000e+02   9.8135912e-01   9.5715237e-01
   6.3400000e+02   9.9290589e-01   9.3783136e-01
   6.3500000e+02   1.0084995e+00   9.1686246e-01
   6.3600000e+02   1.0278546e+00   8.9611653e-01
   6.3700000e+02   1.0476555e+00   8.7844329e-01
   6.3800000e+02   1.0686448e+00   8.6317671e-01
   6.3900000e+02   1.0912929e+00   8.4797710e-01
   6.4000000e+02   1.1161795e+00   8.3399928e-01
   6.4100000e+02   1.1425565e+00   8.2139790e-01
   6.4200000e+02   1.1710831e+00   8.1201946e-01
   6.4300000e+02   1.2025926e+00   8.0531152e-01
   6.4400000e+02   1.2330748e+00   8.0094767e-01
   6.4500000e+02   1.2603633e+00   7.9757224e-01
   6.4600000e+02   1.2843661e+00   7.9523664e-01
   6.4700000e+02   1.3070826e+00   7.9422741e-01
   6.4800000e+02   1.3284957e+00   7.9467064e-01
   6.4900000e+02   1.3450264e+00   7.9835684e-01
   6.5000000e+02   1.3571497e+00   7.9731269e-01
   6.5100000e+02   1.3663379e+00   7.9061038e-01
   6.5200000e+02   1.3747091e+00   7.7881125e-01
   6.5300000e+02   1.3824230e+00   7.6578517e-01
   6.5400000e+02   1.3898320e+00   7.5239434e-01
   6.5500000e+02   1.3965845e+00   7.3905130e-01
   6.5600000e+02   1.4025663e+00   7.2737182e-01
   6.5700000e+02   1.4063447e+00   7.1966965e-01
   6.5800000e+02   1.4080310e+00   7.1601940e-01
   6.5900000e+02   1.4082508e+00   7.1462686e-01
   6.6000000e+02   1.4084273e+00   7.1404443e-01
   6.6100000e+02   1.4068027e+00   7.1514310e-01
   6.6200000e+02   1.4035678e+00   7.1827338e-01
   6.6300000e+02   1.4008182e+00   7.2413029e-01
   6.6400000e+02   1.4006948e+00   7.2793069e-01
   6.6500000e+02   1.4081089e+00   7.2769142e-01
   6.6600000e+02   1.4223261e+00   7.2192985e-01
   6.6700000e+02   1.4402114e+00   7.1654472e-01
   6.6800000e+02   1.4559620e+00   7.1250392e-01
   6.6900000e+02   1.4675846e+00   7.1187450e-01
   6.7000000e+02   1.4771726e+00   7.1433428e-01
   6.7100000e+02   1.4861413e+00   7.1848969e-01
   6.7200000e+02   1.4941562e+00   7.2493555e-01
   6.7300000e+02   1.5025609e+00   7.3311890e-01
   6.7400000e+02   1.5099720e+00   7.4354357e-01
   6.7500000e+02   1.5197730e+00   7.5441486e-01
   6.7600000e+02   1.5345341e+00   7.6303052e-01
   6.7700000e+02   1.5588273e+00   7.6582601e-01
   6.7800000e+02   1.5912738e+00   7.6587201e-01
   6.7900000e+02   1.6216035e+00   7.6503063e-01
   6.8000000e+02   1.6504677e+00   7.6811974e-01
   6.8100000e+02   1.6745799e+00   7.7534493e-01
   6.8200000e+02   1.6964684e+00   7.8563114e-01
   6.8300000e+02   1.7166580e+00   7.9778787e-01
   6.8400000e+02   1.7359822e+00   8.0998930e-01
   6.8500000e+02   1.7563522e+00   8.1855701e-01
   6.8600000e+02   1.7777944e+00   8.2405367e-01
   6.8700000e+02   1.8041756e+00   8.2405483e-01
   6.8800000e+02   1.8289785e+00   8.2143272e-01
   6.8900000e+02   1.8527750e+00   8.1837254e-01
   6.9000000e+02   1.8730445e+00   8.1573076e-01
   6.9100000e+02   1.8867363e+00   8.1392249e-01
   6.9200000e+02   1.8964686e+00   8.1142955e-01
   6.9300000e+02   1.8988543e+00   8.0909633e-01
   6.9400000e+02   1.8976373e+00   8.0928208e-01
   6.9500000e+02   1.8993171e+00   8.0913023e-01
   6.9600000e+02   1.9016494e+00   8.0916496e-01
   6.9700000e+02   1.9043814e+00   8.1000503e-01
   6.9800000e+02   1.9031920e+00   8.1316225e-01
   6.9900000e+02   1.9003791e+00   8.1479740e-01
   7.0000000e+02   1.8953517e+00   8.1254108e-01
   7.0100000e+02   1.8910262e+00   8.0827487e-01
   7.0200000e+02   1.8930880e+00   8.0061295e-01
   7.0300000e+02   1.9044013e+00   7.8844019e-01
   7.0400000e+02   1.9226677e+00   7.7101446e-01
   7.0500000e+02   1.9444121e+00   7.5369434e-01
   7.0600000e+02   1.9614541e+00   7.3970270e-01
   7.0700000e+02   1.9706156e+00   7.2701413e-01
   7.0800000e+02   1.9732692e+00   7.1743228e-01
   7.0900000e+02   1.9706457e+00   7.1408832e-01
   7.1000000e+02   1.9696243e+00   7.1675989e-01
   7.1100000e+02   1.9703259e+00   7.2234935e-01
   7.1200000e+02   1.9672269e+00   7.2907856e-01
   7.1300000e+02   1.9595957e+00   7.3354033e-01
   7.1400000e+02   1.9463221e+00   7.4033671e-01
   7.1500000e+02   1.9308409e+00   7.4623645e-01
   7.1600000e+02   1.9131006e+00   7.5292390e-01
   7.1700000e+02   1.8949084e+00   7.6066431e-01
   7.1800000e+02   1.8794140e+00   7.6664297e-01
   7.1900000e+02   1.8654070e+00   7.6965152e-01
   7.2000000e+02   1.8530463e+00   7.6759181e-01
   7.2100000e+02   1.8419710e+00   7.6286425e-01
   7.2200000e+02   1.8293420e+00   7.5554686e-01
   7.2300000e+02   1.8164249e+00   7.4720461e-01
   7.2400000e+02   1.8046446e+00   7.4149478e-01
   7.2500000e+02   1.7935354e+00   7.3711084e-01
   7.2600000e+02   1.7838382e+00   7.3554895e-01
   7.2700000e+02   1.7755585e+00   7.3278201e-01
   7.2800000e+02   1.7648676e+00   7.2892783e-01
   7.2900000e+02   1.7513745e+00   7.2541534e-01
   7.3000000e+02   1.7330694e+00   7.2319437e-01
   7.3100000e+02   1.7120595e+00   7.1932082e-01
   7.3200000e+02   1.6893205e+00   7.1499783e-01
   7.3300000e+02   1.6689456e+00   7.1297660e-01
   7.3400000e+02   1.6531909e+00   7.1535699e-01
   7.3500000e+02   1.6412838e+00   7.1933082e-01
   7.3600000e+02   1.6338586e+00   7.2331470e-01
   7.3700000e+02   1.6296996e+00   7.2544466e-01
   7.3800000e+02   1.6250176e+00   7.2335407e-01
   7.3900000e+02   1.6210588e+00   7.1604961e-01
   7.4000000e+02   1.6186240e+00   7.0475870e-01
   7.4100000e+02   1.6156074e+00   6.9260203e-01
   7.4200000e+02   1.6129504e+00   6.8484640e-01
   7.4300000e+02   1.6113765e+00   6.8175387e-01
   7.4400000e+02   1.6130242e+00   6.8271375e-01
   7.4500000e+02   1.6207982e+00   6.8978995e-01
   7.4600000e+02   1.6345151e+00   6.9055286e-01
   7.4700000e+02   1.6517864e+00   6.9409292e-01
   7.4800000e+02   1.6686423e+00   6.9595927e-01
   7.4900000e+02   1.6818180e+00   6.9852300e-01
   7.5000000e+02   1.6867217e+00   7.0025636e-01
   7.5100000e+02   1.6862793e+00   7.0208444e-01
   7.5200000e+02   1.6798761e+00   7.0304045e-01
   7.5300000e+02   1.6720532e+00   7.0280178e-01
   7.5400000e+02   1.6638048e+00   7.0019911e-01
   7.5500000e+02   1.6541950e+00   6.9688911e-01
   7.5600000e+02   1.6431960e+00   6.9151321e-01
   7.5700000e+02   1.6360158e+00   6.8440354e-01
   7.5800000e+02   1.6320143e+00   6.7389459e-01
   7.5900000e+02   1.6313306e+00   6.6110378e-01
   7.6000000e+02   1.6315121e+00   6.4693630e-01
   7.6100000e+02   1.6298910e+00   6.3701122e-01
   7.6200000e+02   1.6259201e+00   6.3081455e-01
   7.6300000e+02   1.6242732e+00   6.2940633e-01
   7.6400000e+02   1.6211592e+00   6.3361892e-01
   7.6500000e+02   1.6161902e+00   6.4093371e-01
   7.6600000e+02   1.6099819e+00   6.4989785e-01
   7.6700000e+02   1.6056084e+00   6.5982990e-01
   7.6800000e+02   1.6038314e+00   6.6754497e-01
   7.6900000e+02   1.6038613e+00   6.7109854e-01
   7.7000000e+02   1.6057260e+00   6.7389823e-01
   7.7100000e+02   1.6104438e+00   6.7476394e-01
   7.7200000e+02   1.6150196e+00   6.7158785e-01
   7.7300000e+02   1.6168030e+00   6.6717160e-01
   7.7400000e+02   1.6145862e+00   6.6259531e-01
   7.7500000e+02   1.6078947e+00   6.5751210e-01
   7.7600000e+02   1.5999909e+00   6.5271390e-01
   7.7700000e+02   1.5905108e+00   6.4826682e-01
   7.7800000e+02   1.5789378e+00   6.4398913e-01
   7.7900000e+02   1.5662522e+00   6.4182220e-01
   7.8000000e+02   1.5538828e+00   6.3888143e-01
   7.8100000e+02   1.5408626e+00   6.3475708e-01
   7.8200000e+02   1.5295975e+00   6.3105036e-01
   7.8300000e+02   1.5146005e+00   6.2874564e-01
   7.8400000e+02   1.4975106e+00   6.2555905e-01
   7.8500000e+02   1.4801295e+00   6.2010176e-01
   7.8600000e+02   1.4642923e+00   6.1396209e-01
   7.8700000e+02   1.4466966e+00   6.0878209e-01
   7.8800000e+02   1.4294756e+00   6.0417715e-01
   7.8900000e+02   1.4129515e+00   5.9925506e-01
   7.9000000e+02   1.4001467e+00   5.9207934e-01
   7.9100000e+02   1.3932938e+00   5.8462451e-01
   7.9200000e+02   1.3896808e+00   5.8025363e-01
   7.9300000e+02   1.3893220e+00   5.7538448e-01
   7.9400000e+02   1.3857115e+00   5.7094743e-01
   7.9500000e+02   1.3785313e+00   5.6616135e-01
   7.9600000e+02   1.3674110e+00   5.6041952e-01
   7.9700000e+02   1.3542301e+00   5.5255853e-01
   7.9800000e+02   1.3416010e+00   5.4300429e-01
   7.9900000e+02   1.3325359e+00   5.3163942e-01
   8.0000000e+02   1.3282025e+00   5.2013151e-01
   8.0100000e+02   1.3281171e+00   5.1239204e-01
   8.0200000e+02   1.3273684e+00   5.1056947e-01
   8.0300000e+02   1.3252335e+00   5.1315667e-01
   8.0400000e+02   1.3226755e+00   5.1937030e-01
   8.0500000e+02   1.3179898e+00   5.2770562e-01
   8.0600000e+02   1.3135183e+00   5.3590410e-01
   8.0700000e+02   1.3081659e+00   5.4262729e-01
   8.0800000e+02   1.3030586e+00   5.4630724e-01
   8.0900000e+02   1.2986004e+00   5.4711876e-01
   8.1000000e+02   1.2963624e+00   5.4492203e-01
   8.1100000e+02   1.2974918e+00   5.3778570e-01
   8.1200000e+02   1.3045699e+00   5.2810775e-01
   8.1300000e+02   1.3155520e+00   5.1409807e-01
   8.1400000e+02   1.3282676e+00   4.9934243e-01
   8.1500000e+02   1.3390044e+00   4.8583388e-01
   8.1600000e+02   1.3477273e+00   4.7282633e-01
   8.1700000e+02   1.3554449e+00   4.6202502e-01
   8.1800000e+02   1.3604820e+00   4.5283861e-01
   8.1900000e+02   1.3649314e+00   4.4474002e-01
   8.2000000e+02   1.3681935e+00   4.3852342e-01
   8.2100000e+02   1.3716470e+00   4.3431730e-01
   8.2200000e+02   1.3733417e+00   4.3299967e-01
   8.2300000e+02   1.3734306e+00   4.3316735e-01
   8.2400000e+02   1.3697321e+00   4.3525089e-01
   8.2500000e+02   1.3621615e+00   4.3781626e-01
   8.2600000e+02   1.3509433e+00   4.4075160e-01
   8.2700000e+02   1.3355953e+00   4.4441721e-01
   8.2800000e+02   1.3197115e+00   4.4761978e-01
   8.2900000e+02   1.3032008e+00   4.5196628e-01
   8.3000000e+02   1.2887808e+00   4.5739576e-01
   8.3100000e+02   1.2772400e+00   4.6375436e-01
   8.3200000e+02   1.2685466e+00   4.6906895e-01
   8.3300000e+02   1.2621722e+00   4.7239539e-01
   8.3400000e+02   1.2544314e+00   4.7207214e-01
   8.3500000e+02   1.2463493e+00   4.6819913e-01
   8.3600000e+02   1.2372315e+00   4.6227857e-01
   8.3700000e+02   1.2257136e+00   4.5769590e-01
   8.3800000e+02   1.2109056e+00   4.5283213e-01
   8.3900000e+02   1.1950388e+00   4.4750526e-01
   8.4000000e+02   1.1815687e+00   4.4266634e-01
   8.4100000e+02   1.1699870e+00   4.4105889e-01
   8.4200000e+02   1.1632461e+00   4.4042587e-01
   8.4300000e+02   1.1588490e+00   4.4078572e-01
   8.4400000e+02   1.1566760e+00   4.4431344e-01
   8.4500000e+02   1.1550863e+00   4.4815103e-01
   8.4600000e+02   1.1541783e+00   4.5127439e-01
   8.4700000e+02   1.1548020e+00   4.5163936e-01
   8.4800000e+02   1.1567553e+00   4.5204069e-01
   8.4900000e+02   1.1606991e+00   4.5207818e-01
   8.5000000e+02   1.1674240e+00   4.5251599e-01
   8.5100000e+02   1.1752974e+00   4.5214227e-01
   8.5200000e+02   1.1846682e+00   4.5082678e-01
   8.5300000e+02   1.1956170e+00   4.4911754e-01
   8.5400000e+02   1.2043495e+00   4.4778450e-01
   8.5500000e+02   1.2158911e+00   4.4690982e-01
   8.5600000e+02   1.2241491e+00   4.4758119e-01
   8.5700000e+02   1.2290118e+00   4.4870607e-01
   8.5800000e+02   1.2304676e+00   4.5062147e-01
   8.5900000e+02   1.2292618e+00   4.5125339e-01
   8.6000000e+02   1.2245914e+00   4.5230129e-01
   8.6100000e+02   1.2184267e+00   4.5451108e-01
   8.6200000e+02   1.2102536e+00   4.5797848e-01
   8.6300000e+02   1.2018764e+00   4.6190091e-01
   8.6400000e+02   1.1941194e+00   4.6452295e-01
   8.6500000e+02   1.1879689e+00   4.6527243e-01
   8.6600000e+02   1.1822404e+00   4.6447030e-01
   8.6700000e+02   1.1749350e+00   4.6270240e-01
   8.6800000e+02   1.1663327e+00   4.5924895e-01
   8.6900000e+02   1.1546137e+00   4.5388625e-01
   8.7000000e+02   1.1420262e+00   4.4881148e-01
   8.7100000e+02   1.1308440e+00   4.4241050e-01
   8.7200000e+02   1.1214618e+00   4.3562230e-01
   8.7300000e+02   1.1141053e+00   4.2671317e-01
   8.7400000e+02   1.1112135e+00   4.1535451e-01
   8.7500000e+02   1.1099822e+00   4.0425219e-01
   8.7600000e+02   1.1079376e+00   3.9492861e-01
   8.7700000e+02   1.1052141e+00   3.8679574e-01
   8.7800000e+02   1.1031857e+00   3.8107841e-01
   8.7900000e+02   1.1023871e+00   3.7792292e-01
   8.8000000e+02   1.1015312e+00   3.7741864e-01
   8.8100000e+02   1.0986310e+00   3.7910911e-01
   8.8200000e+02   1.0953227e+00   3.7994685e-01
   8.8300000e+02   1.0927505e+00   3.7991626e-01
   8.8400000e+02   1.0911972e+00   3.7952037e-01
   8.8500000e+02   1.0923755e+00   3.7945542e-01
   8.8600000e+02   1.0949823e+00   3.8065713e-01
   8.8700000e+02   1.0983023e+00   3.8188651e-01
   8.8800000e+02   1.1029450e+00   3.8281382e-01
   8.8900000e+02   1.1087129e+00   3.8279899e-01
   8.9000000e+02   1.1155464e+00   3.8117921e-01
   8.9100000e+02   1.1241797e+00   3.7923111e-01
   8.9200000e+02   1.1344981e+00   3.7582172e-01
   8.9300000e+02   1.1475872e+00   3.7098642e-01
   8.9400000e+02   1.1613870e+00   3.6445220e-01
   8.9500000e+02   1.1778951e+00   3.5682332e-01
   8.9600000e+02   1.1951867e+00   3.4869341e-01
   8.9700000e+02   1.2138026e+00   3.4003658e-01
   8.9800000e+02   1.2321596e+00   3.3238713e-01
   8.9900000e+02   1.2495992e+00   3.2449876e-01
   9.0000000e+02   1.2663712e+00   3.1505987e-01
   9.0100000e+02   1.2816254e+00   3.0411939e-01
   9.0200000e+02   1.2956944e+00   2.9594026e-01
   9.0300000e+02   1.3106401e+00   2.8996143e-01
   9.0400000e+02   1.3280497e+00   2.8554176e-01
   9.0500000e+02   1.3473541e+00   2.8423189e-01
   9.0600000e+02   1.3694125e+00   2.8925248e-01
   9.0700000e+02   1.3905386e+00   2.9963720e-01
   9.0800000e+02   1.4106789e+00   3.1280728e-01
   9.0900000e+02   1.4275378e+00   3.2386446e-01
   9.1000000e+02   1.4400707e+00   3.3071664e-01
   9.1100000e+02   1.4518731e+00   3.3375060e-01
   9.1200000e+02   1.4615853e+00   3.3447803e-01
   9.1300000e+02   1.4717044e+00   3.3305211e-01
   9.1400000e+02   1.4774498e+00   3.3253235e-01
   9.1500000e+02   1.4792230e+00   3.3402137e-01
   9.1600000e+02   1.4784368e+00   3.3338330e-01
   9.1700000e+02   1.4754648e+00   3.3151749e-01
   9.1800000e+02   1.4719261e+00   3.2761559e-01
   9.1900000e+02   1.4674333e+00   3.2542411e-01
   9.2000000e+02   1.4624696e+00   3.2377731e-01
   9.2100000e+02   1.4561936e+00   3.2384951e-01
   9.2200000e+02   1.4492566e+00   3.2556081e-01
   9.2300000e+02   1.4410470e+00   3.2763292e-01
   9.2400000e+02   1.4311235e+00   3.3122409e-01
   9.2500000e+02   1.4208407e+00   3.3459651e-01
   9.2600000e+02   1.4138128e+00   3.3793067e-01
   9.2700000e+02   1.4093999e+00   3.4122039e-01
   9.2800000e+02   1.4104687e+00   3.4336495e-01
   9.2900000e+02   1.4153456e+00   3.4567262e-01
   9.3000000e+02   1.4235487e+00   3.4685389e-01
   9.3100000e+02   1.4331261e+00   3.4757603e-01
   9.3200000e+02   1.4424703e+00   3.4702390e-01
   9.3300000e+02   1.4515524e+00   3.4641255e-01
   9.3400000e+02   1.4596259e+00   3.4530329e-01
   9.3500000e+02   1.4660111e+00   3.4562404e-01
   9.3600000e+02   1.4713926e+00   3.4557016e-01
   9.3700000e+02   1.4762001e+00   3.4456845e-01
   9.3800000e+02   1.4815558e+00   3.4091909e-01
   9.3900000e+02   1.4878193e+00   3.3544989e-01
   9.4000000e+02   1.4967413e+00   3.2998414e-01
   9.4100000e+02   1.5069939e+00   3.2501761e-01
   9.4200000e+02   1.5185910e+00   3.2036392e-01
   9.4300000e+02   1.5316330e+00   3.1793630e-01
   9.4400000e+02   1.5489238e+00   3.1575309e-01
   9.4500000e+02   1.5653572e+00   3.1300212e-01
   9.4600000e+02   1.5804529e+00   3.1097258e-01
   9.4700000e+02   1.5931591e+00   3.0725745e-01
   9.4800000e+02   1.5999206e+00   3.0333689e-01
   9.4900000e+02   1.6014213e+00   3.0036283e-01
   9.5000000e+02   1.5982345e+00   2.9738067e-01
   9.5100000e+02   1.5926087e+00   2.9520765e-01
   9.5200000e+02   1.5896021e+00   2.9368554e-01
   9.5300000e+02   1.5866814e+00   2.9086456e-01
   9.5400000e+02   1.5809451e+00   2.8886354e-01
   9.5500000e+02   1.5723333e+00   2.8599272e-01
   9.5600000e+02   1.5611596e+00   2.8438618e-01
   9.5700000e+02   1.5475550e+00   2.8145720e-01
   9.5800000e+02   1.5340428e+00   2.7939439e-01
   9.5900000e+02   1.5223033e+00   2.7792338e-01
   9.6000000e+02   1.5129453e+00   2.7709100e-01
   9.6100000e+02   1.5074854e+00   2.7658393e-01
   9.6200000e+02   1.5049199e+00   2.7087698e-01
   9.6300000e+02   1.5040428e+00   2.6277851e-01
   9.6400000e+02   1.5051726e+00   2.5380133e-01
   9.6500000e+02   1.5062053e+00   2.4588753e-01
   9.6600000e+02   1.5058910e+00   2.4081818e-01
   9.6700000e+02   1.5017327e+00   2.4079973e-01
   9.6800000e+02   1.4939919e+00   2.4361066e-01
   9.6900000e+02   1.4861362e+00   2.4970937e-01
   9.7000000e+02   1.4788398e+00   2.5461560e-01
   9.7100000e+02   1.4731744e+00   2.5846822e-01
   9.7200000e+02   1.4665816e+00   2.6031936e-01
   9.7300000e+02   1.4596283e+00   2.6122617e-01
   9.7400000e+02   1.4516814e+00   2.6185021e-01
   9.7500000e+02   1.4418816e+00   2.6343386e-01
   9.7600000e+02   1.4298302e+00   2.6649170e-01
   9.7700000e+02   1.4169937e+00   2.7141478e-01
   9.7800000e+02   1.4046270e+00   2.7740026e-01
   9.7900000e+02   1.3913176e+00   2.8339324e-01
   9.8000000e+02   1.3760778e+00   2.8940722e-01
   9.8100000e+02   1.3627115e+00   2.9403568e-01
   9.8200000e+02   1.3471229e+00   3.0094682e-01
   9.8300000e+02   1.3317915e+00   3.0832252e-01
   9.8400000e+02   1.3156399e+00   3.1449074e-01
   9.8500000e+02   1.2982534e+00   3.2043875e-01
   9.8600000e+02   1.2842514e+00   3.2267712e-01
   9.8700000e+02   1.2710043e+00   3.2132846e-01
   9.8800000e+02   1.2568738e+00   3.1632386e-01
   9.8900000e+02   1.2404300e+00   3.0763404e-01
   9.9000000e+02   1.2205940e+00   2.9540174e-01
   9.9100000e+02   1.1977473e+00   2.8145133e-01
   9.9200000e+02   1.1766457e+00   2.6842600e-01
   9.9300000e+02   1.1594618e+00   2.5883997e-01
   9.9400000e+02   1.1474227e+00   2.5391687e-01
   9.9500000e+02   1.1394413e+00   2.4990989e-01
   9.9600000e+02   1.1312954e+00   2.4362590e-01
   9.9700000e+02   1.1219869e+00   2.3544851e-01
   9.9800000e+02   1.1162911e+00   2.2794724e-01
   9.9900000e+02   1.1150920e+00   2.2025950e-01
   1.0000000e+03   1.1173380e+00   2.1460206e-01
   1.0010000e+03   1.1208064e+00   2.1029556e-01
   1.0020000e+03   1.1254850e+00   2.0545704e-01
   1.0030000e+03   1.1315177e+00   1.9837615e-01
   1.0040000e+03   1.1375603e+00   1.9281437e-01
   1.0050000e+03   1.1420593e+00   1.9067828e-01
   1.0060000e+03   1.1435595e+00   1.9101880e-01
   1.0070000e+03   1.1432545e+00   1.9198317e-01
   1.0080000e+03   1.1411206e+00   1.9257175e-01
   1.0090000e+03   1.1371352e+00   1.8963001e-01
   1.0100000e+03   1.1305119e+00   1.8704619e-01
   1.0110000e+03   1.1236766e+00   1.8617925e-01
   1.0120000e+03   1.1196331e+00   1.8552794e-01
   1.0130000e+03   1.1192344e+00   1.8449815e-01
   1.0140000e+03   1.1225466e+00   1.8448899e-01
   1.0150000e+03   1.1276299e+00   1.8621759e-01
   1.0160000e+03   1.1324186e+00   1.9136049e-01
   1.0170000e+03   1.1386340e+00   1.9777769e-01
   1.0180000e+03   1.1434821e+00   2.0535460e-01
   1.0190000e+03   1.1457555e+00   2.1323381e-01
   1.0200000e+03   1.1451103e+00   2.2105397e-01
   1.0210000e+03   1.1426606e+00   2.2970607e-01
   1.0220000e+03   1.1408025e+00   2.3483646e-01
   1.0230000e+03   1.1377620e+00   2.3896487e-01
   1.0240000e+03   1.1339844e+00   2.4471267e-01
   1.0250000e+03   1.1301178e+00   2.4894725e-01
   1.0260000e+03   1.1283677e+00   2.5383554e-01
   1.0270000e+03   1.1272689e+00   2.5616326e-01
   1.0280000e+03   1.1275626e+00   2.5600234e-01
   1.0290000e+03   1.1266869e+00   2.5442564e-01
   1.0300000e+03   1.1259110e+00   2.5149796e-01
   1.0310000e+03   1.1260356e+00   2.4994555e-01
   1.0320000e+03   1.1265701e+00   2.4874097e-01
   1.0330000e+03   1.1263385e+00   2.4831614e-01
   1.0340000e+03   1.1264434e+00   2.4757020e-01
   1.0350000e+03   1.1271823e+00   2.4593660e-01
   1.0360000e+03   1.1276560e+00   2.4436839e-01
   1.0370000e+03   1.1294866e+00   2.4201921e-01
   1.0380000e+03   1.1322193e+00   2.4008992e-01
   1.0390000e+03   1.1350296e+00   2.3919828e-01
   1.0400000e+03   1.1385209e+00   2.3881936e-01
   1.0410000e+03   1.1412250e+00   2.4012410e-01
   1.0420000e+03   1.1447400e+00   2.4115217e-01
   1.0430000e+03   1.1483667e+00   2.4220061e-01
   1.0440000e+03   1.1512419e+00   2.4390299e-01
   1.0450000e+03   1.1552081e+00   2.4630307e-01
   1.0460000e+03   1.1604541e+00   2.4872448e-01
   1.0470000e+03   1.1660600e+00   2.5198101e-01
   1.0480000e+03   1.1719205e+00   2.5490763e-01
   1.0490000e+03   1.1778467e+00   2.5742322e-01
   1.0500000e+03   1.1846624e+00   2.6065189e-01
   1.0510000e+03   1.1921406e+00   2.6433920e-01
   1.0520000e+03   1.1980153e+00   2.6979588e-01
   1.0530000e+03   1.2003088e+00   2.7509968e-01
   1.0540000e+03   1.2002961e+00   2.8050219e-01
   1.0550000e+03   1.1993386e+00   2.8368381e-01
   1.0560000e+03   1.1993699e+00   2.8408425e-01
   1.0570000e+03   1.2004878e+00   2.8174718e-01
   1.0580000e+03   1.2027091e+00   2.7888782e-01
   1.0590000e+03   1.2063985e+00   2.7726080e-01
   1.0600000e+03   1.2096978e+00   2.7592611e-01
   1.0610000e+03   1.2115556e+00   2.7241219e-01
   1.0620000e+03   1.2140214e+00   2.6878740e-01
   1.0630000e+03   1.2158866e+00   2.6581642e-01
   1.0640000e+03   1.2153665e+00   2.6572174e-01
   1.0650000e+03   1.2113854e+00   2.6760152e-01
   1.0660000e+03   1.2044635e+00   2.6725969e-01
   1.0670000e+03   1.1972803e+00   2.6099386e-01
   1.0680000e+03   1.1949390e+00   2.5496085e-01
   1.0690000e+03   1.1944630e+00   2.4884879e-01
   1.0700000e+03   1.1946945e+00   2.4185749e-01
   1.0710000e+03   1.1969233e+00   2.3296364e-01
   1.0720000e+03   1.2020665e+00   2.2417508e-01
   1.0730000e+03   1.2080925e+00   2.1541494e-01
   1.0740000e+03   1.2144411e+00   2.0753017e-01
   1.0750000e+03   1.2186707e+00   1.9894652e-01
   1.0760000e+03   1.2221174e+00   1.9218159e-01
   1.0770000e+03   1.2260190e+00   1.8892573e-01
   1.0780000e+03   1.2317486e+00   1.8603789e-01
   1.0790000e+03   1.2384065e+00   1.8293475e-01
   1.0800000e+03   1.2470698e+00   1.8281750e-01
   1.0810000e+03   1.2590044e+00   1.8459800e-01
   1.0820000e+03   1.2729479e+00   1.8822477e-01
   1.0830000e+03   1.2883779e+00   1.9312884e-01
   1.0840000e+03   1.3008164e+00   1.9737952e-01
   1.0850000e+03   1.3121534e+00   1.9923838e-01
   1.0860000e+03   1.3177600e+00   2.0015513e-01
   1.0870000e+03   1.3209604e+00   2.0042578e-01
   1.0880000e+03   1.3241711e+00   1.9994030e-01
   1.0890000e+03   1.3269157e+00   1.9869779e-01
   1.0900000e+03   1.3294700e+00   1.9634862e-01
   1.0910000e+03   1.3318680e+00   1.9412415e-01
   1.0920000e+03   1.3335351e+00   1.9131636e-01
   1.0930000e+03   1.3356134e+00   1.8736079e-01
   1.0940000e+03   1.3350724e+00   1.8438190e-01
   1.0950000e+03   1.3311010e+00   1.8176849e-01
   1.0960000e+03   1.3257554e+00   1.8041981e-01
   1.0970000e+03   1.3172093e+00   1.8071676e-01
   1.0980000e+03   1.3085920e+00   1.8216133e-01
   1.0990000e+03   1.3002099e+00   1.8458038e-01
   1.1000000e+03   1.2921654e+00   1.8705788e-01
   1.1010000e+03   1.2850170e+00   1.9071783e-01
   1.1020000e+03   1.2790156e+00   1.9423186e-01
   1.1030000e+03   1.2727967e+00   1.9808447e-01
   1.1040000e+03   1.2669557e+00   1.9916027e-01
   1.1050000e+03   1.2588608e+00   2.0129401e-01
   1.1060000e+03   1.2512060e+00   2.0360227e-01
   1.1070000e+03   1.2410844e+00   2.0651269e-01
   1.1080000e+03   1.2289900e+00   2.1078371e-01
   1.1090000e+03   1.2152289e+00   2.1561718e-01
   1.1100000e+03   1.2014155e+00   2.2171999e-01
   1.1110000e+03   1.1877338e+00   2.2789038e-01
   1.1120000e+03   1.1762086e+00   2.3301414e-01
   1.1130000e+03   1.1684114e+00   2.3636730e-01
   1.1140000e+03   1.1646914e+00   2.3769753e-01
   1.1150000e+03   1.1649896e+00   2.3757630e-01
   1.1160000e+03   1.1673785e+00   2.3551217e-01
   1.1170000e+03   1.1737347e+00   2.3181352e-01
   1.1180000e+03   1.1789265e+00   2.2827307e-01
   1.1190000e+03   1.1858312e+00   2.2526211e-01
   1.1200000e+03   1.1923994e+00   2.2200925e-01
   1.1210000e+03   1.1992202e+00   2.1906514e-01
   1.1220000e+03   1.2056817e+00   2.1630997e-01
   1.1230000e+03   1.2117179e+00   2.1432590e-01
   1.1240000e+03   1.2176929e+00   2.1317560e-01
   1.1250000e+03   1.2222611e+00   2.1159185e-01
   1.1260000e+03   1.2254863e+00   2.0973716e-01
   1.1270000e+03   1.2271683e+00   2.0782599e-01
   1.1280000e+03   1.2272610e+00   2.0657893e-01
   1.1290000e+03   1.2256817e+00   2.0716149e-01
   1.1300000e+03   1.2247470e+00   2.0636048e-01
   1.1310000e+03   1.2238231e+00   2.0687929e-01
   1.1320000e+03   1.2247847e+00   2.0774924e-01
   1.1330000e+03   1.2270987e+00   2.0862974e-01
   1.1340000e+03   1.2310217e+00   2.0873811e-01
   1.1350000e+03   1.2352818e+00   2.0713823e-01
   1.1360000e+03   1.2384641e+00   2.0466472e-01
   1.1370000e+03   1.2414411e+00   2.0147293e-01
   1.1380000e+03   1.2422028e+00   1.9847499e-01
   1.1390000e+03   1.2407529e+00   1.9661905e-01
   1.1400000e+03   1.2381119e+00   1.9643307e-01
   1.1410000e+03   1.2359950e+00   1.9674318e-01
   1.1420000e+03   1.2345574e+00   1.9737079e-01
   1.1430000e+03   1.2354841e+00   1.9762879e-01
   1.1440000e+03   1.2377525e+00   1.9836966e-01
   1.1450000e+03   1.2407109e+00   1.9972798e-01
   1.1460000e+03   1.2444487e+00   2.0050402e-01
   1.1470000e+03   1.2482855e+00   2.0136817e-01
   1.1480000e+03   1.2517056e+00   2.0220590e-01
   1.1490000e+03   1.2542794e+00   2.0256014e-01
   1.1500000e+03   1.2563439e+00   2.0291670e-01
   1.1510000e+03   1.2570471e+00   2.0316311e-01
   1.1520000e+03   1.2572826e+00   2.0353146e-01
   1.1530000e+03   1.2570491e+00   2.0312308e-01
   1.1540000e+03   1.2564566e+00   2.0501750e-01
   1.1550000e+03   1.2545308e+00   2.0663210e-01
   1.1560000e+03   1.2510193e+00   2.0892958e-01
   1.1570000e+03   1.2461125e+00   2.1193064e-01
   1.1580000e+03   1.2394213e+00   2.1624650e-01
   1.1590000e+03   1.2322016e+00   2.1902562e-01
   1.1600000e+03   1.2254330e+00   2.2280501e-01
   1.1610000e+03   1.2205305e+00   2.2561712e-01
   1.1620000e+03   1.2151809e+00   2.2860699e-01
   1.1630000e+03   1.2108240e+00   2.3278992e-01
   1.1640000e+03   1.2067557e+00   2.3883521e-01
   1.1650000e+03   1.2057173e+00   2.4506105e-01
   1.1660000e+03   1.2055839e+00   2.5277508e-01
   1.1670000e+03   1.2084019e+00   2.5925093e-01
   1.1680000e+03   1.2113152e+00   2.6368959e-01
   1.1690000e+03   1.2137046e+00   2.6829285e-01
   1.1700000e+03   1.2161037e+00   2.7144719e-01
   1.1710000e+03   1.2189424e+00   2.7261100e-01
   1.1720000e+03   1.2216177e+00   2.7218201e-01
   1.1730000e+03   1.2249577e+00   2.6919941e-01
   1.1740000e+03   1.2276917e+00   2.6356611e-01
   1.1750000e+03   1.2290295e+00   2.5520607e-01
   1.1760000e+03   1.2282724e+00   2.4458307e-01
   1.1770000e+03   1.2255493e+00   2.3135939e-01
   1.1780000e+03   1.2195230e+00   2.1859514e-01
   1.1790000e+03   1.2087337e+00   2.0950236e-01
   1.1800000e+03   1.1944273e+00   2.0718587e-01
   1.1810000e+03   1.1765278e+00   2.0742336e-01
   1.1820000e+03   1.1593437e+00   2.0766051e-01
   1.1830000e+03   1.1425650e+00   2.0867555e-01
   1.1840000e+03   1.1262877e+00   2.1064576e-01
   1.1850000e+03   1.1128705e+00   2.1377914e-01
   1.1860000e+03   1.1049209e+00   2.1922277e-01
   1.1870000e+03   1.1011210e+00   2.2632243e-01
   1.1880000e+03   1.0993586e+00   2.3480882e-01
   1.1890000e+03   1.0996473e+00   2.4299801e-01
   1.1900000e+03   1.1033679e+00   2.4918694e-01
   1.1910000e+03   1.1121107e+00   2.5010292e-01
   1.1920000e+03   1.1200426e+00   2.4869913e-01
   1.1930000e+03   1.1287784e+00   2.4427487e-01
   1.1940000e+03   1.1370975e+00   2.4077183e-01
   1.1950000e+03   1.1438329e+00   2.3901138e-01
   1.1960000e+03   1.1477039e+00   2.3772508e-01
   1.1970000e+03   1.1473408e+00   2.3727221e-01
   1.1980000e+03   1.1438238e+00   2.3755795e-01
   1.1990000e+03   1.1403996e+00   2.3712362e-01
   1.2000000e+03   1.1359949e+00   2.3552159e-01
   1.2010000e+03   1.1329735e+00   2.3428581e-01
   1.2020000e+03   1.1297539e+00   2.3282598e-01
   1.2030000e+03   1.1292927e+00   2.3160111e-01
   1.2040000e+03   1.1321422e+00   2.2949028e-01
   1.2050000e+03   1.1357079e+00   2.2708650e-01
   1.2060000e+03   1.1381639e+00   2.2457319e-01
   1.2070000e+03   1.1380987e+00   2.2195635e-01
   1.2080000e+03   1.1327409e+00   2.2078287e-01
   1.2090000e+03   1.1235620e+00   2.2160069e-01
   1.2100000e+03   1.1099803e+00   2.2388845e-01
   1.2110000e+03   1.0938630e+00   2.2677709e-01
   1.2120000e+03   1.0734350e+00   2.3090201e-01
   1.2130000e+03   1.0486449e+00   2.3668137e-01
   1.2140000e+03   1.0225443e+00   2.4098499e-01
   1.2150000e+03   9.9312504e-01   2.4730044e-01
   1.2160000e+03   9.6622584e-01   2.5014563e-01
   1.2170000e+03   9.4157487e-01   2.5265351e-01
   1.2180000e+03   9.1964902e-01   2.5581901e-01
   1.2190000e+03   9.0130871e-01   2.5834378e-01
   1.2200000e+03   8.9003776e-01   2.5943678e-01
   1.2210000e+03   8.8523390e-01   2.6125333e-01
   1.2220000e+03   8.8438322e-01   2.6399390e-01
   1.2230000e+03   8.8740505e-01   2.6780788e-01
   1.2240000e+03   8.9417262e-01   2.7112588e-01
   1.2250000e+03   9.0325171e-01   2.7309369e-01
   1.2260000e+03   9.0832171e-01   2.7169060e-01
   1.2270000e+03   9.1016578e-01   2.6947614e-01
   1.2280000e+03   9.1082311e-01   2.6781037e-01
   1.2290000e+03   9.1004417e-01   2.6562030e-01
   1.2300000e+03   9.0848347e-01   2.6361862e-01
   1.2310000e+03   9.0596672e-01   2.6147846e-01
   1.2320000e+03   9.0241141e-01   2.5923569e-01
   1.2330000e+03   8.9736193e-01   2.5649800e-01
   1.2340000e+03   8.9163930e-01   2.5292768e-01
   1.2350000e+03   8.8626465e-01   2.4728347e-01
   1.2360000e+03   8.8240591e-01   2.4066672e-01
   1.2370000e+03   8.8295450e-01   2.3378089e-01
   1.2380000e+03   8.8124864e-01   2.2801918e-01
   1.2390000e+03   8.7951219e-01   2.2227849e-01
   1.2400000e+03   8.7517359e-01   2.1847113e-01
   1.2410000e+03   8.6768471e-01   2.1557768e-01
   1.2420000e+03   8.5874685e-01   2.1440166e-01
   1.2430000e+03   8.4835409e-01   2.1524209e-01
   1.2440000e+03   8.4118567e-01   2.1819587e-01
   1.2450000e+03   8.3928889e-01   2.2162447e-01
   1.2460000e+03   8.4233630e-01   2.2478948e-01
   1.2470000e+03   8.4756836e-01   2.2642369e-01
   1.2480000e+03   8.5271062e-01   2.2476830e-01
   1.2490000e+03   8.5585609e-01   2.2458075e-01
   1.2500000e+03   8.5519556e-01   2.2574122e-01
   1.2510000e+03   8.4887031e-01   2.2813734e-01
   1.2520000e+03   8.3696965e-01   2.3192513e-01
   1.2530000e+03   8.2121514e-01   2.3336539e-01
   1.2540000e+03   8.0664081e-01   2.3353277e-01
   1.2550000e+03   7.9784407e-01   2.3054150e-01
   1.2560000e+03   7.9809490e-01   2.2420069e-01
   1.2570000e+03   8.0267380e-01   2.1674052e-01
   1.2580000e+03   8.0968252e-01   2.0815305e-01
   1.2590000e+03   8.1449904e-01   2.0081924e-01
   1.2600000e+03   8.1626552e-01   1.9614067e-01
   1.2610000e+03   8.1443712e-01   1.9437897e-01
   1.2620000e+03   8.1057377e-01   1.9354553e-01
   1.2630000e+03   8.0591508e-01   1.9216646e-01
   1.2640000e+03   8.0058626e-01   1.9084730e-01
   1.2650000e+03   7.9470862e-01   1.8967157e-01
   1.2660000e+03   7.9014049e-01   1.8807327e-01
   1.2670000e+03   7.8859952e-01   1.8617089e-01
   1.2680000e+03   7.8779438e-01   1.8527673e-01
   1.2690000e+03   7.8767920e-01   1.8607144e-01
   1.2700000e+03   7.8919035e-01   1.8788499e-01
   1.2710000e+03   7.9140575e-01   1.9021706e-01
   1.2720000e+03   7.9366779e-01   1.9219708e-01
   1.2730000e+03   7.9576615e-01   1.9364080e-01
   1.2740000e+03   7.9622770e-01   1.9403671e-01
   1.2750000e+03   7.9548441e-01   1.9603480e-01
   1.2760000e+03   7.9376353e-01   1.9786008e-01
   1.2770000e+03   7.9260434e-01   1.9948630e-01
   1.2780000e+03   7.9383111e-01   2.0125529e-01
   1.2790000e+03   7.9606843e-01   2.0284208e-01
   1.2800000e+03   7.9906217e-01   2.0380792e-01
   1.2810000e+03   8.0176506e-01   2.0414641e-01
   1.2820000e+03   8.0470163e-01   2.0396128e-01
   1.2830000e+03   8.1107134e-01   2.0318963e-01
   1.2840000e+03   8.1915784e-01   2.0157463e-01
   1.2850000e+03   8.2663801e-01   1.9657785e-01
   1.2860000e+03   8.3488736e-01   1.9282709e-01
   1.2870000e+03   8.3935550e-01   1.8723281e-01
   1.2880000e+03   8.3918617e-01   1.8295643e-01
   1.2890000e+03   8.3455812e-01   1.7801102e-01
   1.2900000e+03   8.2680282e-01   1.7407928e-01
   1.2910000e+03   8.1766457e-01   1.6998510e-01
   1.2920000e+03   8.0829035e-01   1.6638662e-01
   1.2930000e+03   7.9896457e-01   1.6229538e-01
   1.2940000e+03   7.9075153e-01   1.5898668e-01
   1.2950000e+03   7.8308946e-01   1.5535227e-01
   1.2960000e+03   7.7701867e-01   1.5130793e-01
   1.2970000e+03   7.7182004e-01   1.4926407e-01
   1.2980000e+03   7.6756016e-01   1.4646024e-01
   1.2990000e+03   7.6547483e-01   1.4141207e-01
   1.3000000e+03   7.6575661e-01   1.3662631e-01
   1.3010000e+03   7.6870201e-01   1.3370742e-01
   1.3020000e+03   7.7343135e-01   1.3370430e-01
   1.3030000e+03   7.7778511e-01   1.3579769e-01
   1.3040000e+03   7.8206198e-01   1.3801291e-01
   1.3050000e+03   7.8667477e-01   1.3948451e-01
   1.3060000e+03   7.9038962e-01   1.4153128e-01
   1.3070000e+03   7.9504749e-01   1.4313135e-01
   1.3080000e+03   7.9863254e-01   1.4525255e-01
   1.3090000e+03   8.0216011e-01   1.4816563e-01
   1.3100000e+03   8.0651765e-01   1.5131213e-01
   1.3110000e+03   8.1370317e-01   1.5104372e-01
   1.3120000e+03   8.2389188e-01   1.4735357e-01
   1.3130000e+03   8.3170849e-01   1.4469163e-01
   1.3140000e+03   8.3536015e-01   1.4461149e-01
   1.3150000e+03   8.3639998e-01   1.4654837e-01
   1.3160000e+03   8.3610268e-01   1.4958839e-01
   1.3170000e+03   8.3451854e-01   1.5213531e-01
   1.3180000e+03   8.3361985e-01   1.5229586e-01
   1.3190000e+03   8.3194125e-01   1.5020113e-01
   1.3200000e+03   8.3027206e-01   1.4645055e-01
   1.3210000e+03   8.2784332e-01   1.4259473e-01
   1.3220000e+03   8.2626401e-01   1.4188564e-01
   1.3230000e+03   8.2458480e-01   1.4149554e-01
   1.3240000e+03   8.2258749e-01   1.4167515e-01
   1.3250000e+03   8.2274713e-01   1.4131418e-01
   1.3260000e+03   8.2518830e-01   1.4086982e-01
   1.3270000e+03   8.2913476e-01   1.3925153e-01
   1.3280000e+03   8.3370682e-01   1.3797264e-01
   1.3290000e+03   8.3892835e-01   1.3731434e-01
   1.3300000e+03   8.4447378e-01   1.3661175e-01
   1.3310000e+03   8.4903911e-01   1.3735593e-01
   1.3320000e+03   8.5017807e-01   1.3612907e-01
   1.3330000e+03   8.4731344e-01   1.3541169e-01
   1.3340000e+03   8.4024963e-01   1.3552954e-01
   1.3350000e+03   8.2994138e-01   1.3797068e-01
   1.3360000e+03   8.1544671e-01   1.4146598e-01
   1.3370000e+03   7.9696651e-01   1.4795779e-01
   1.3380000e+03   7.7913829e-01   1.5665747e-01
   1.3390000e+03   7.6223202e-01   1.6534193e-01
   1.3400000e+03   7.5156371e-01   1.7399547e-01
   1.3410000e+03   7.4524414e-01   1.8331336e-01
   1.3420000e+03   7.3993120e-01   1.9389726e-01
   1.3430000e+03   7.3290776e-01   2.0370332e-01
   1.3440000e+03   7.2397693e-01   2.1032724e-01
   1.3450000e+03   7.1296145e-01   2.1463055e-01
   1.3460000e+03   6.9791977e-01   2.1572068e-01
   1.3470000e+03   6.7742585e-01   2.1333873e-01
   1.3480000e+03   6.5424708e-01   2.1243893e-01
   1.3490000e+03   6.3411725e-01   2.1362790e-01
   1.3500000e+03   6.1575806e-01   2.1437726e-01
   1.3510000e+03   5.9555511e-01   2.1591891e-01
   1.3520000e+03   5.7673837e-01   2.1514373e-01
   1.3530000e+03   5.6431188e-01   2.1567304e-01
   1.3540000e+03   5.5321534e-01   2.1555040e-01
   1.3550000e+03   5.4744359e-01   2.1672324e-01
   1.3560000e+03   5.4559150e-01   2.1836370e-01
   1.3570000e+03   5.4652662e-01   2.1647794e-01
   1.3580000e+03   5.5133846e-01   2.1512602e-01
   1.3590000e+03   5.5537375e-01   2.1161892e-01
   1.3600000e+03   5.5651482e-01   2.0689784e-01
   1.3610000e+03   5.5265785e-01   2.0237820e-01
   1.3620000e+03   5.4374075e-01   2.0016589e-01
   1.3630000e+03   5.3163136e-01   1.9909759e-01
   1.3640000e+03   5.1610349e-01   2.0105666e-01
   1.3650000e+03   4.9724637e-01   2.0605275e-01
   1.3660000e+03   4.7548164e-01   2.1178906e-01
   1.3670000e+03   4.5267518e-01   2.1359461e-01
   1.3680000e+03   4.3172580e-01   2.0398975e-01
   1.3690000e+03   4.1587035e-01   1.8965975e-01
   1.3700000e+03   4.0726634e-01   1.8027120e-01
   1.3710000e+03   3.9145404e-01   1.7470987e-01
   1.3720000e+03   3.7850959e-01   1.6983644e-01
   1.3730000e+03   3.6523663e-01   1.6656583e-01
   1.3740000e+03   3.5099681e-01   1.6207886e-01
   1.3750000e+03   3.3272323e-01   1.6047160e-01
   1.3760000e+03   3.1302713e-01   1.5589562e-01
   1.3770000e+03   2.8826777e-01   1.4364135e-01
   1.3780000e+03   2.3857718e-01   1.2811529e-01
   1.3790000e+03   2.1604286e-01   1.1562201e-01
   1.3800000e+03   1.8667650e-01   1.0258073e-01
