   1.7600000e+02   2.8704127e-01   3.1422678e+00
   1.7700000e+02   2.9299377e-01   3.1217631e+00
   1.7800000e+02   2.9959219e-01   3.1036921e+00
   1.7900000e+02   3.0535747e-01   3.0877913e+00
   1.8000000e+02   3.1010034e-01   3.0733555e+00
   1.8100000e+02   3.1344728e-01   3.0597870e+00
   1.8200000e+02   3.1665512e-01   3.0496170e+00
   1.8300000e+02   3.2102854e-01   3.0414312e+00
   1.8400000e+02   3.2472783e-01   3.0324440e+00
   1.8500000e+02   3.3206554e-01   3.0413100e+00
   1.8600000e+02   3.3329167e-01   3.0186622e+00
   1.8700000e+02   3.3573636e-01   3.0096558e+00
   1.8800000e+02   3.3819927e-01   2.9990946e+00
   1.8900000e+02   3.4085149e-01   2.9870380e+00
   1.9000000e+02   3.4269136e-01   2.9749119e+00
   1.9100000e+02   3.4524708e-01   2.9629902e+00
   1.9200000e+02   3.4706520e-01   2.9522876e+00
   1.9300000e+02   3.4975700e-01   2.9464030e+00
   1.9400000e+02   3.5541668e-01   2.9323269e+00
   1.9500000e+02   3.6215313e-01   2.9233536e+00
   1.9600000e+02   3.7047342e-01   2.9126376e+00
   1.9700000e+02   3.7813597e-01   2.9036232e+00
   1.9800000e+02   3.8490916e-01   2.8951038e+00
   1.9900000e+02   3.8928147e-01   2.8871918e+00
   2.0000000e+02   3.9268052e-01   2.8831158e+00
   2.0100000e+02   3.9211857e-01   2.8817148e+00
   2.0200000e+02   3.9010713e-01   2.8841108e+00
   2.0300000e+02   3.8702722e-01   2.8898110e+00
   2.0400000e+02   3.8361202e-01   2.8972362e+00
   2.0500000e+02   3.8197972e-01   2.9074067e+00
   2.0600000e+02   3.7830640e-01   2.9155717e+00
   2.0700000e+02   3.7483596e-01   2.9243961e+00
   2.0800000e+02   3.7146291e-01   2.9298028e+00
   2.0900000e+02   3.6824300e-01   2.9322172e+00
   2.1000000e+02   3.6512376e-01   2.9322904e+00
   2.1100000e+02   3.6109143e-01   2.9297122e+00
   2.1200000e+02   3.5737310e-01   2.9241484e+00
   2.1300000e+02   3.5425910e-01   2.9171778e+00
   2.1400000e+02   3.5015974e-01   2.9090216e+00
   2.1500000e+02   3.4662034e-01   2.8997228e+00
   2.1600000e+02   3.4281608e-01   2.8894440e+00
   2.1700000e+02   3.4024074e-01   2.8789364e+00
   2.1800000e+02   3.3621738e-01   2.8662621e+00
   2.1900000e+02   3.3245148e-01   2.8509392e+00
   2.2000000e+02   3.3160829e-01   2.8329231e+00
   2.2100000e+02   3.3453485e-01   2.8116742e+00
   2.2200000e+02   3.4178263e-01   2.7876343e+00
   2.2300000e+02   3.5483469e-01   2.7624248e+00
   2.2400000e+02   3.7169169e-01   2.7390280e+00
   2.2500000e+02   3.8988472e-01   2.7218226e+00
   2.2600000e+02   4.0881696e-01   2.7113852e+00
   2.2700000e+02   4.2450116e-01   2.7046059e+00
   2.2800000e+02   4.3354847e-01   2.7026160e+00
   2.2900000e+02   4.3737309e-01   2.7000557e+00
   2.3000000e+02   4.3674079e-01   2.6975199e+00
   2.3100000e+02   4.3579877e-01   2.6944026e+00
   2.3200000e+02   4.3440148e-01   2.6893510e+00
   2.3300000e+02   4.3383104e-01   2.6821340e+00
   2.3400000e+02   4.3384357e-01   2.6736369e+00
   2.3500000e+02   4.3450926e-01   2.6635420e+00
   2.3600000e+02   4.3520856e-01   2.6529289e+00
   2.3700000e+02   4.3621593e-01   2.6422000e+00
   2.3800000e+02   4.3787487e-01   2.6310336e+00
   2.3900000e+02   4.3973364e-01   2.6193756e+00
   2.4000000e+02   4.4189014e-01   2.6083427e+00
   2.4100000e+02   4.4367263e-01   2.6011628e+00
   2.4200000e+02   4.4490539e-01   2.5933282e+00
   2.4300000e+02   4.4723793e-01   2.5868672e+00
   2.4400000e+02   4.5214596e-01   2.5825476e+00
   2.4500000e+02   4.5861142e-01   2.5808180e+00
   2.4600000e+02   4.6530151e-01   2.5818399e+00
   2.4700000e+02   4.7146013e-01   2.5839494e+00
   2.4800000e+02   4.7708953e-01   2.5874357e+00
   2.4900000e+02   4.8082525e-01   2.5903905e+00
   2.5000000e+02   4.8346022e-01   2.5934502e+00
   2.5100000e+02   4.8520199e-01   2.5951584e+00
   2.5200000e+02   4.8644926e-01   2.5955146e+00
   2.5300000e+02   4.8732850e-01   2.5943705e+00
   2.5400000e+02   4.8618556e-01   2.5917568e+00
   2.5500000e+02   4.8564582e-01   2.5887102e+00
   2.5600000e+02   4.8595741e-01   2.5859748e+00
   2.5700000e+02   4.8700357e-01   2.5833823e+00
   2.5800000e+02   4.9042230e-01   2.5805402e+00
   2.5900000e+02   4.9502695e-01   2.5759617e+00
   2.6000000e+02   4.9918918e-01   2.5714413e+00
   2.6100000e+02   5.0185960e-01   2.5666357e+00
   2.6200000e+02   5.0216227e-01   2.5633773e+00
   2.6300000e+02   5.0041488e-01   2.5618256e+00
   2.6400000e+02   4.9826288e-01   2.5615067e+00
   2.6500000e+02   4.9529544e-01   2.5624541e+00
   2.6600000e+02   4.9238889e-01   2.5623846e+00
   2.6700000e+02   4.8997432e-01   2.5615141e+00
   2.6800000e+02   4.8728246e-01   2.5596787e+00
   2.6900000e+02   4.8429271e-01   2.5588598e+00
   2.7000000e+02   4.8201105e-01   2.5566821e+00
   2.7100000e+02   4.8030912e-01   2.5543667e+00
   2.7200000e+02   4.7919704e-01   2.5499113e+00
   2.7300000e+02   4.7879446e-01   2.5446651e+00
   2.7400000e+02   4.7909006e-01   2.5389488e+00
   2.7500000e+02   4.8136708e-01   2.5325841e+00
   2.7600000e+02   4.8516916e-01   2.5260995e+00
   2.7700000e+02   4.8863366e-01   2.5211380e+00
   2.7800000e+02   4.9440727e-01   2.5136349e+00
   2.7900000e+02   4.9984064e-01   2.5090193e+00
   2.8000000e+02   5.0381224e-01   2.5069234e+00
   2.8100000e+02   5.0782969e-01   2.5056218e+00
   2.8200000e+02   5.1048514e-01   2.5056692e+00
   2.8300000e+02   5.1121909e-01   2.5074439e+00
   2.8400000e+02   5.1023024e-01   2.5100781e+00
   2.8500000e+02   5.0884037e-01   2.5099808e+00
   2.8600000e+02   5.0764267e-01   2.5124497e+00
   2.8700000e+02   5.0648064e-01   2.5134634e+00
   2.8800000e+02   5.0501986e-01   2.5152147e+00
   2.8900000e+02   5.0314267e-01   2.5159316e+00
   2.9000000e+02   5.0007098e-01   2.5185579e+00
   2.9100000e+02   4.9569810e-01   2.5196258e+00
   2.9200000e+02   4.9154050e-01   2.5215854e+00
   2.9300000e+02   4.8743789e-01   2.5250051e+00
   2.9400000e+02   4.8361576e-01   2.5251048e+00
   2.9500000e+02   4.8014640e-01   2.5249012e+00
   2.9600000e+02   4.7783518e-01   2.5227065e+00
   2.9700000e+02   4.7565635e-01   2.5208935e+00
   2.9800000e+02   4.7383729e-01   2.5192115e+00
   2.9900000e+02   4.7327092e-01   2.5178805e+00
   3.0000000e+02   4.7436593e-01   2.5167031e+00
   3.0100000e+02   4.7741502e-01   2.5142855e+00
   3.0200000e+02   4.8311750e-01   2.5093753e+00
   3.0300000e+02   4.9152701e-01   2.5022288e+00
   3.0400000e+02   5.0165657e-01   2.4936562e+00
   3.0500000e+02   5.1189151e-01   2.4841199e+00
   3.0600000e+02   5.2191128e-01   2.4747246e+00
   3.0700000e+02   5.3080689e-01   2.4668456e+00
   3.0800000e+02   5.3853103e-01   2.4603386e+00
   3.0900000e+02   5.4577110e-01   2.4552718e+00
   3.1000000e+02   5.5330369e-01   2.4516815e+00
   3.1100000e+02   5.5981251e-01   2.4499771e+00
   3.1200000e+02   5.6596469e-01   2.4505111e+00
   3.1300000e+02   5.7150662e-01   2.4527402e+00
   3.1400000e+02   5.7745249e-01   2.4543960e+00
   3.1500000e+02   5.8175270e-01   2.4564848e+00
   3.1600000e+02   5.8586080e-01   2.4572470e+00
   3.1700000e+02   5.9049370e-01   2.4557758e+00
   3.1800000e+02   5.9560681e-01   2.4517882e+00
   3.1900000e+02   6.0020720e-01   2.4470358e+00
   3.2000000e+02   6.0219820e-01   2.4414497e+00
   3.2100000e+02   6.0257839e-01   2.4365687e+00
   3.2200000e+02   6.0385913e-01   2.4327229e+00
   3.2300000e+02   6.0617033e-01   2.4287227e+00
   3.2400000e+02   6.0812894e-01   2.4251314e+00
   3.2500000e+02   6.0857863e-01   2.4219308e+00
   3.2600000e+02   6.0984054e-01   2.4183500e+00
   3.2700000e+02   6.0951615e-01   2.4156283e+00
   3.2800000e+02   6.0945319e-01   2.4152442e+00
   3.2900000e+02   6.0791738e-01   2.4157572e+00
   3.3000000e+02   6.0570274e-01   2.4155868e+00
   3.3100000e+02   6.0147845e-01   2.4143654e+00
   3.3200000e+02   5.9651566e-01   2.4114358e+00
   3.3300000e+02   5.9174875e-01   2.4087201e+00
   3.3400000e+02   5.8720848e-01   2.4058495e+00
   3.3500000e+02   5.8089367e-01   2.4006584e+00
   3.3600000e+02   5.7614672e-01   2.3969206e+00
   3.3700000e+02   5.7311192e-01   2.3951486e+00
   3.3800000e+02   5.7380984e-01   2.3873975e+00
   3.3900000e+02   5.7191139e-01   2.3823967e+00
   3.4000000e+02   5.6842966e-01   2.3785514e+00
   3.4100000e+02   5.6214723e-01   2.3764811e+00
   3.4200000e+02   5.5377614e-01   2.3756104e+00
   3.4300000e+02   5.4419119e-01   2.3745364e+00
   3.4400000e+02   5.3370282e-01   2.3728009e+00
   3.4500000e+02   5.2578149e-01   2.3720424e+00
   3.4600000e+02   5.2067670e-01   2.3713384e+00
   3.4700000e+02   5.1823976e-01   2.3698260e+00
   3.4800000e+02   5.1546684e-01   2.3693370e+00
   3.4900000e+02   5.1280510e-01   2.3722101e+00
   3.5000000e+02   5.0892914e-01   2.3696951e+00
   3.5100000e+02   5.0508724e-01   2.3726912e+00
   3.5200000e+02   4.9999699e-01   2.3734390e+00
   3.5300000e+02   4.9611791e-01   2.3728588e+00
   3.5400000e+02   4.9101708e-01   2.3749071e+00
   3.5500000e+02   4.8586188e-01   2.3738004e+00
   3.5600000e+02   4.7977467e-01   2.3713646e+00
   3.5700000e+02   4.7269879e-01   2.3678036e+00
   3.5800000e+02   4.6519584e-01   2.3630811e+00
   3.5900000e+02   4.5768613e-01   2.3575183e+00
   3.6000000e+02   4.5074420e-01   2.3517503e+00
   3.6100000e+02   4.4441825e-01   2.3457970e+00
   3.6200000e+02   4.3896935e-01   2.3406611e+00
   3.6300000e+02   4.3512078e-01   2.3351419e+00
   3.6400000e+02   4.3347875e-01   2.3292526e+00
   3.6500000e+02   4.3271271e-01   2.3230256e+00
   3.6600000e+02   4.3340851e-01   2.3168662e+00
   3.6700000e+02   4.3537440e-01   2.3088335e+00
   3.6800000e+02   4.3895757e-01   2.3000072e+00
   3.6900000e+02   4.4156582e-01   2.2945507e+00
   3.7000000e+02   4.4437565e-01   2.2839665e+00
   3.7100000e+02   4.4746408e-01   2.2787513e+00
   3.7200000e+02   4.4802263e-01   2.2722953e+00
   3.7300000e+02   4.4785027e-01   2.2632364e+00
   3.7400000e+02   4.4639981e-01   2.2556092e+00
   3.7500000e+02   4.4469685e-01   2.2484136e+00
   3.7600000e+02   4.4294858e-01   2.2410043e+00
   3.7700000e+02   4.4203866e-01   2.2333192e+00
   3.7800000e+02   4.4035738e-01   2.2249475e+00
   3.7900000e+02   4.3909738e-01   2.2178647e+00
   3.8000000e+02   4.3699446e-01   2.2095238e+00
   3.8100000e+02   4.3036479e-01   2.2007946e+00
   3.8200000e+02   4.2983079e-01   2.1994612e+00
   3.8300000e+02   4.2378332e-01   2.1960750e+00
   3.8400000e+02   4.1749383e-01   2.1965102e+00
   3.8500000e+02   4.0878131e-01   2.1975937e+00
   3.8600000e+02   3.9928368e-01   2.1984457e+00
   3.8700000e+02   3.9159968e-01   2.2002499e+00
   3.8800000e+02   3.8657533e-01   2.2036582e+00
   3.8900000e+02   3.8266111e-01   2.2088543e+00
   3.9000000e+02   3.7835406e-01   2.2144617e+00
   3.9100000e+02   3.7368851e-01   2.2214196e+00
   3.9200000e+02   3.6668359e-01   2.2281398e+00
   3.9300000e+02   3.5787147e-01   2.2332991e+00
   3.9400000e+02   3.4845187e-01   2.2380418e+00
   3.9500000e+02   3.4030030e-01   2.2429973e+00
   3.9600000e+02   3.3302987e-01   2.2473705e+00
   3.9700000e+02   3.2780373e-01   2.2497890e+00
   3.9800000e+02   3.2315783e-01   2.2508723e+00
   3.9900000e+02   3.1951194e-01   2.2500721e+00
   4.0000000e+02   3.1721011e-01   2.2478546e+00
   4.0100000e+02   3.1685692e-01   2.2445884e+00
   4.0200000e+02   3.1803822e-01   2.2418713e+00
   4.0300000e+02   3.2009338e-01   2.2391009e+00
   4.0400000e+02   3.2343002e-01   2.2369788e+00
   4.0500000e+02   3.2616613e-01   2.2354230e+00
   4.0600000e+02   3.2787781e-01   2.2340303e+00
   4.0700000e+02   3.2713377e-01   2.2316098e+00
   4.0800000e+02   3.2596158e-01   2.2303240e+00
   4.0900000e+02   3.1611850e-01   2.2320545e+00
   4.1000000e+02   3.2006344e-01   2.2254543e+00
   4.1100000e+02   3.1890814e-01   2.2229476e+00
   4.1200000e+02   3.1786709e-01   2.2201578e+00
   4.1300000e+02   3.1602638e-01   2.2162441e+00
   4.1400000e+02   3.1435966e-01   2.2129443e+00
   4.1500000e+02   3.1226352e-01   2.2095251e+00
   4.1600000e+02   3.1069982e-01   2.2066492e+00
   4.1700000e+02   3.0914841e-01   2.2039557e+00
   4.1800000e+02   3.0734534e-01   2.1996042e+00
   4.1900000e+02   3.0587661e-01   2.1950513e+00
   4.2000000e+02   3.0310505e-01   2.1890566e+00
   4.2100000e+02   2.9891661e-01   2.1882916e+00
   4.2200000e+02   3.0227925e-01   2.1807585e+00
   4.2300000e+02   3.0464530e-01   2.1754535e+00
   4.2400000e+02   3.0569350e-01   2.1703343e+00
   4.2500000e+02   3.0915812e-01   2.1621602e+00
   4.2600000e+02   3.1326322e-01   2.1542026e+00
   4.2700000e+02   3.1929167e-01   2.1474810e+00
   4.2800000e+02   3.2399481e-01   2.1443048e+00
   4.2900000e+02   3.2857660e-01   2.1417584e+00
   4.3000000e+02   3.2998364e-01   2.1417491e+00
   4.3100000e+02   3.3523823e-01   2.1464802e+00
   4.3200000e+02   3.2771720e-01   2.1459022e+00
   4.3300000e+02   3.3160278e-01   2.1478840e+00
   4.3400000e+02   3.2783758e-01   2.1490030e+00
   4.3500000e+02   3.4356570e-01   2.1563497e+00
   4.3600000e+02   3.2422976e-01   2.1425906e+00
   4.3700000e+02   3.2454500e-01   2.1380260e+00
   4.3800000e+02   3.2505449e-01   2.1333352e+00
   4.3900000e+02   3.2663180e-01   2.1283578e+00
   4.4000000e+02   3.2939764e-01   2.1250175e+00
   4.4100000e+02   3.3162593e-01   2.1150096e+00
   4.4200000e+02   3.3700177e-01   2.1160266e+00
   4.4300000e+02   3.4644845e-01   2.1152878e+00
   4.4400000e+02   3.5901819e-01   2.1169006e+00
   4.4500000e+02   3.7408659e-01   2.1175686e+00
   4.4600000e+02   3.8767223e-01   2.1242168e+00
   4.4700000e+02   4.0428959e-01   2.1339702e+00
   4.4800000e+02   4.2056372e-01   2.1400409e+00
   4.4900000e+02   4.3388972e-01   2.1419639e+00
   4.5000000e+02   4.5220170e-01   2.1557770e+00
   4.5100000e+02   4.6416533e-01   2.1538914e+00
   4.5200000e+02   4.7447590e-01   2.1414791e+00
   4.5300000e+02   4.9414725e-01   2.1449948e+00
   4.5400000e+02   5.1600191e-01   2.1378459e+00
   4.5500000e+02   5.3917590e-01   2.1313428e+00
   4.5600000e+02   5.5612154e-01   2.1284131e+00
   4.5700000e+02   5.6881522e-01   2.1280917e+00
   4.5800000e+02   5.7682535e-01   2.1304337e+00
   4.5900000e+02   5.8323060e-01   2.1322475e+00
   4.6000000e+02   5.8788592e-01   2.1347253e+00
   4.6100000e+02   5.9200746e-01   2.1364758e+00
   4.6200000e+02   5.9777626e-01   2.1379876e+00
   4.6300000e+02   6.0396834e-01   2.1375432e+00
   4.6400000e+02   6.1240917e-01   2.1378215e+00
   4.6500000e+02   6.2325235e-01   2.1409566e+00
   4.6600000e+02   6.3683351e-01   2.1454148e+00
   4.6700000e+02   6.5204958e-01   2.1511194e+00
   4.6800000e+02   6.6157492e-01   2.1455115e+00
   4.6900000e+02   6.7998210e-01   2.1512940e+00
   4.7000000e+02   6.9461335e-01   2.1622639e+00
   4.7100000e+02   7.1365154e-01   2.1642800e+00
   4.7200000e+02   7.3000069e-01   2.1732554e+00
   4.7300000e+02   7.4214782e-01   2.1810629e+00
   4.7400000e+02   7.5239575e-01   2.1896090e+00
   4.7500000e+02   7.6081932e-01   2.1981468e+00
   4.7600000e+02   7.6950003e-01   2.2072360e+00
   4.7700000e+02   7.7856535e-01   2.2182450e+00
   4.7800000e+02   7.8576887e-01   2.2303645e+00
   4.7900000e+02   7.9196527e-01   2.2434714e+00
   4.8000000e+02   7.9949155e-01   2.2578103e+00
   4.8100000e+02   8.1163632e-01   2.2714648e+00
   4.8200000e+02   8.2913256e-01   2.2844139e+00
   4.8300000e+02   8.4988709e-01   2.2950118e+00
   4.8400000e+02   8.6893044e-01   2.3055184e+00
   4.8500000e+02   8.8285468e-01   2.3143082e+00
   4.8600000e+02   8.9155176e-01   2.3215965e+00
   4.8700000e+02   8.9777424e-01   2.3271576e+00
   4.8800000e+02   9.0184801e-01   2.3345589e+00
   4.8900000e+02   9.0620106e-01   2.3440854e+00
   4.9000000e+02   9.1226662e-01   2.3545070e+00
   4.9100000e+02   9.1797728e-01   2.3627584e+00
   4.9200000e+02   9.1968789e-01   2.3668353e+00
   4.9300000e+02   9.1841355e-01   2.3735088e+00
   4.9400000e+02   9.2197819e-01   2.3795022e+00
   4.9500000e+02   9.2326516e-01   2.3863295e+00
   4.9600000e+02   9.2291050e-01   2.3944968e+00
   4.9700000e+02   9.2394047e-01   2.4047402e+00
   4.9800000e+02   9.2607943e-01   2.4162697e+00
   4.9900000e+02   9.2825491e-01   2.4271713e+00
   5.0000000e+02   9.3098722e-01   2.4373620e+00
   5.0100000e+02   9.3512854e-01   2.4473250e+00
   5.0200000e+02   9.4028156e-01   2.4567182e+00
   5.0300000e+02   9.4463032e-01   2.4648420e+00
   5.0400000e+02   9.5919194e-01   2.4816057e+00
   5.0500000e+02   9.5764226e-01   2.4819295e+00
   5.0600000e+02   9.7570606e-01   2.5081020e+00
   5.0700000e+02   9.8452039e-01   2.5244002e+00
   5.0800000e+02   9.8522701e-01   2.5299907e+00
   5.0900000e+02   1.0004034e+00   2.5567451e+00
   5.1000000e+02   1.0055775e+00   2.5699355e+00
   5.1100000e+02   9.9912783e-01   2.5721419e+00
   5.1200000e+02   9.9877135e-01   2.5769712e+00
   5.1300000e+02   9.9972177e-01   2.5855539e+00
   5.1400000e+02   1.0107662e+00   2.5865333e+00
   5.1500000e+02   1.0065588e+00   2.6078088e+00
   5.1600000e+02   9.9963967e-01   2.5983018e+00
   5.1700000e+02   9.9787118e-01   2.5974657e+00
   5.1800000e+02   9.8907187e-01   2.6010976e+00
   5.1900000e+02   1.0061223e+00   2.5946948e+00
   5.2000000e+02   9.9252391e-01   2.5904487e+00
   5.2100000e+02   9.8108939e-01   2.5786480e+00
   5.2200000e+02   9.6754425e-01   2.5696173e+00
   5.2300000e+02   9.5053719e-01   2.5578288e+00
   5.2400000e+02   9.3606905e-01   2.5367315e+00
   5.2500000e+02   9.0019295e-01   2.5349070e+00
   5.2600000e+02   8.8453053e-01   2.5159745e+00
   5.2700000e+02   8.7049705e-01   2.4968146e+00
   5.2800000e+02   8.5701105e-01   2.4753921e+00
   5.2900000e+02   8.4288276e-01   2.4504388e+00
   5.3000000e+02   8.2884354e-01   2.4259437e+00
   5.3100000e+02   8.0462211e-01   2.3792340e+00
   5.3200000e+02   8.0308197e-01   2.3803906e+00
   5.3300000e+02   7.9515779e-01   2.3625336e+00
   5.3400000e+02   7.8719227e-01   2.3496287e+00
   5.3500000e+02   7.6665195e-01   2.3125624e+00
   5.3600000e+02   7.5630254e-01   2.3004639e+00
   5.3700000e+02   7.4547867e-01   2.2929227e+00
   5.3800000e+02   7.2997227e-01   2.2857989e+00
   5.3900000e+02   7.1428446e-01   2.2757534e+00
   5.4000000e+02   6.9788752e-01   2.2677716e+00
   5.4100000e+02   6.8635835e-01   2.2560516e+00
   5.4200000e+02   6.7772955e-01   2.2503781e+00
   5.4300000e+02   6.6933974e-01   2.2470229e+00
   5.4400000e+02   6.6237852e-01   2.2476060e+00
   5.4500000e+02   6.5373009e-01   2.2476861e+00
   5.4600000e+02   6.4584491e-01   2.2481152e+00
   5.4700000e+02   6.3738217e-01   2.2480345e+00
   5.4800000e+02   6.2710840e-01   2.2493389e+00
   5.4900000e+02   6.1634162e-01   2.2513473e+00
   5.5000000e+02   6.0670994e-01   2.2553879e+00
   5.5100000e+02   6.0021180e-01   2.2586153e+00
   5.5200000e+02   5.9692133e-01   2.2606145e+00
   5.5300000e+02   5.9532364e-01   2.2623454e+00
   5.5400000e+02   5.9254559e-01   2.2660133e+00
   5.5500000e+02   5.9107192e-01   2.2701049e+00
   5.5600000e+02   5.9132011e-01   2.2749169e+00
   5.5700000e+02   5.9199961e-01   2.2815896e+00
   5.5800000e+02   5.9180956e-01   2.2913721e+00
   5.5900000e+02   5.8965838e-01   2.3015107e+00
   5.6000000e+02   5.8606722e-01   2.3113073e+00
   5.6100000e+02   5.8057979e-01   2.3171297e+00
   5.6200000e+02   5.7388098e-01   2.3192203e+00
   5.6300000e+02   5.6527356e-01   2.3191028e+00
   5.6400000e+02   5.5399162e-01   2.3177707e+00
   5.6500000e+02   5.4088142e-01   2.3158136e+00
   5.6600000e+02   5.2859360e-01   2.3150288e+00
   5.6700000e+02   5.2050924e-01   2.3171341e+00
   5.6800000e+02   5.1271454e-01   2.3188703e+00
   5.6900000e+02   5.0755307e-01   2.3232276e+00
   5.7000000e+02   5.0249825e-01   2.3272275e+00
   5.7100000e+02   4.9609249e-01   2.3310634e+00
   5.7200000e+02   4.8924162e-01   2.3364280e+00
   5.7300000e+02   4.8070558e-01   2.3419133e+00
   5.7400000e+02   4.7097258e-01   2.3486272e+00
   5.7500000e+02   4.5811486e-01   2.3568049e+00
   5.7600000e+02   4.4307417e-01   2.3662567e+00
   5.7700000e+02   4.2591903e-01   2.3770767e+00
   5.7800000e+02   4.0686426e-01   2.3867848e+00
   5.7900000e+02   3.8669703e-01   2.3967023e+00
   5.8000000e+02   3.6651594e-01   2.4053194e+00
   5.8100000e+02   3.4708530e-01   2.4124879e+00
   5.8200000e+02   3.3118891e-01   2.4186390e+00
   5.8300000e+02   3.1771031e-01   2.4217663e+00
   5.8400000e+02   3.0834399e-01   2.4220078e+00
   5.8500000e+02   3.0049210e-01   2.4193429e+00
   5.8600000e+02   2.9301915e-01   2.4167016e+00
   5.8700000e+02   2.8543618e-01   2.4148216e+00
   5.8800000e+02   2.7810680e-01   2.4151773e+00
   5.8900000e+02   2.6931900e-01   2.4168814e+00
   5.9000000e+02   2.5980528e-01   2.4187312e+00
   5.9100000e+02   2.4796879e-01   2.4199156e+00
   5.9200000e+02   2.3307404e-01   2.4186370e+00
   5.9300000e+02   2.1691618e-01   2.4171933e+00
   5.9400000e+02   2.0027356e-01   2.4147460e+00
   5.9500000e+02   1.8463765e-01   2.4110463e+00
   5.9600000e+02   1.6907590e-01   2.4060963e+00
   5.9700000e+02   1.5678969e-01   2.4021195e+00
   5.9800000e+02   1.4573904e-01   2.3975318e+00
   5.9900000e+02   1.3707381e-01   2.3914750e+00
   6.0000000e+02   1.3112979e-01   2.3841515e+00
   6.0100000e+02   1.2856922e-01   2.3774969e+00
   6.0200000e+02   1.2987750e-01   2.3705739e+00
   6.0300000e+02   1.3327778e-01   2.3639592e+00
   6.0400000e+02   1.3811670e-01   2.3580658e+00
   6.0500000e+02   1.4254821e-01   2.3532467e+00
   6.0600000e+02   1.4711960e-01   2.3482529e+00
   6.0700000e+02   1.5155071e-01   2.3410310e+00
   6.0800000e+02   1.5425290e-01   2.3317687e+00
   6.0900000e+02   1.5432952e-01   2.3193785e+00
   6.1000000e+02   1.5126551e-01   2.3052395e+00
   6.1100000e+02   1.4695167e-01   2.2901111e+00
   6.1200000e+02   1.4221645e-01   2.2741162e+00
   6.1300000e+02   1.3841061e-01   2.2575833e+00
   6.1400000e+02   1.3621377e-01   2.2419221e+00
   6.1500000e+02   1.3664293e-01   2.2266293e+00
   6.1600000e+02   1.3849544e-01   2.2124602e+00
   6.1700000e+02   1.4147544e-01   2.1982151e+00
   6.1800000e+02   1.4469287e-01   2.1831550e+00
   6.1900000e+02   1.4776424e-01   2.1650445e+00
   6.2000000e+02   1.5061665e-01   2.1452477e+00
   6.2100000e+02   1.5288565e-01   2.1260331e+00
   6.2200000e+02   1.5510581e-01   2.1079847e+00
   6.2300000e+02   1.5714794e-01   2.0916863e+00
   6.2400000e+02   1.6053685e-01   2.0779298e+00
   6.2500000e+02   1.6529727e-01   2.0685181e+00
   6.2600000e+02   1.7013254e-01   2.0614764e+00
   6.2700000e+02   1.7427489e-01   2.0563253e+00
   6.2800000e+02   1.8142525e-01   2.0534006e+00
   6.2900000e+02   1.8957144e-01   2.0490764e+00
   6.3000000e+02   1.9873705e-01   2.0421728e+00
   6.3100000e+02   2.0645396e-01   2.0331553e+00
   6.3200000e+02   2.1411602e-01   2.0255890e+00
   6.3300000e+02   2.2077819e-01   2.0230469e+00
   6.3400000e+02   2.2822251e-01   2.0281277e+00
   6.3500000e+02   2.3740107e-01   2.0382678e+00
   6.3600000e+02   2.4850128e-01   2.0506321e+00
   6.3700000e+02   2.6012905e-01   2.0616702e+00
   6.3800000e+02   2.7369835e-01   2.0692222e+00
   6.3900000e+02   2.8798042e-01   2.0730685e+00
   6.4000000e+02   3.0567111e-01   2.0735372e+00
   6.4100000e+02   3.2544290e-01   2.0727477e+00
   6.4200000e+02   3.4728138e-01   2.0705630e+00
   6.4300000e+02   3.6812581e-01   2.0668465e+00
   6.4400000e+02   3.8731350e-01   2.0624454e+00
   6.4500000e+02   4.0561411e-01   2.0575484e+00
   6.4600000e+02   4.2446643e-01   2.0517530e+00
   6.4700000e+02   4.4106503e-01   2.0446786e+00
   6.4800000e+02   4.5669869e-01   2.0385915e+00
   6.4900000e+02   4.7162132e-01   2.0360793e+00
   6.5000000e+02   4.8712954e-01   2.0368380e+00
   6.5100000e+02   5.0199457e-01   2.0422707e+00
   6.5200000e+02   5.1687351e-01   2.0485586e+00
   6.5300000e+02   5.3209227e-01   2.0541898e+00
   6.5400000e+02   5.4945645e-01   2.0584518e+00
   6.5500000e+02   5.6772507e-01   2.0627251e+00
   6.5600000e+02   5.8431632e-01   2.0673729e+00
   6.5700000e+02   6.0149936e-01   2.0740843e+00
   6.5800000e+02   6.1860946e-01   2.0832060e+00
   6.5900000e+02   6.3797748e-01   2.0933763e+00
   6.6000000e+02   6.5980481e-01   2.1005528e+00
   6.6100000e+02   6.8589922e-01   2.1057300e+00
   6.6200000e+02   7.1245228e-01   2.1084675e+00
   6.6300000e+02   7.4150605e-01   2.1087015e+00
   6.6400000e+02   7.7001553e-01   2.1096967e+00
   6.6500000e+02   7.9772664e-01   2.1116352e+00
   6.6600000e+02   8.2512510e-01   2.1145410e+00
   6.6700000e+02   8.5127844e-01   2.1164039e+00
   6.6800000e+02   8.7643472e-01   2.1191557e+00
   6.6900000e+02   8.9781119e-01   2.1198592e+00
   6.7000000e+02   9.1845265e-01   2.1216644e+00
   6.7100000e+02   9.3942247e-01   2.1233614e+00
   6.7200000e+02   9.5964536e-01   2.1250278e+00
   6.7300000e+02   9.8114889e-01   2.1267000e+00
   6.7400000e+02   1.0035485e+00   2.1288756e+00
   6.7500000e+02   1.0274122e+00   2.1321652e+00
   6.7600000e+02   1.0539241e+00   2.1362177e+00
   6.7700000e+02   1.0843499e+00   2.1424747e+00
   6.7800000e+02   1.1161725e+00   2.1508959e+00
   6.7900000e+02   1.1485263e+00   2.1571941e+00
   6.8000000e+02   1.1821648e+00   2.1649716e+00
   6.8100000e+02   1.2167447e+00   2.1753684e+00
   6.8200000e+02   1.2525731e+00   2.1887276e+00
   6.8300000e+02   1.2863459e+00   2.2077385e+00
   6.8400000e+02   1.3124689e+00   2.2324386e+00
   6.8500000e+02   1.3337006e+00   2.2584535e+00
   6.8600000e+02   1.3500978e+00   2.2773026e+00
   6.8700000e+02   1.3589526e+00   2.2878996e+00
   6.8800000e+02   1.3595371e+00   2.2928171e+00
   6.8900000e+02   1.3570726e+00   2.2960856e+00
   6.9000000e+02   1.3526158e+00   2.2988739e+00
   6.9100000e+02   1.3529227e+00   2.3039238e+00
   6.9200000e+02   1.3631688e+00   2.3134840e+00
   6.9300000e+02   1.3812963e+00   2.3252279e+00
   6.9400000e+02   1.4033924e+00   2.3355081e+00
   6.9500000e+02   1.4281309e+00   2.3445842e+00
   6.9600000e+02   1.4529608e+00   2.3500329e+00
   6.9700000e+02   1.4739333e+00   2.3507942e+00
   6.9800000e+02   1.4918323e+00   2.3454037e+00
   6.9900000e+02   1.5062999e+00   2.3369824e+00
   7.0000000e+02   1.5179389e+00   2.3289607e+00
   7.0100000e+02   1.5288310e+00   2.3250483e+00
   7.0200000e+02   1.5381686e+00   2.3258143e+00
   7.0300000e+02   1.5447354e+00   2.3318443e+00
   7.0400000e+02   1.5482837e+00   2.3397416e+00
   7.0500000e+02   1.5516020e+00   2.3489924e+00
   7.0600000e+02   1.5568936e+00   2.3617242e+00
   7.0700000e+02   1.5671563e+00   2.3769398e+00
   7.0800000e+02   1.5808973e+00   2.3954846e+00
   7.0900000e+02   1.5963406e+00   2.4163995e+00
   7.1000000e+02   1.6124406e+00   2.4367030e+00
   7.1100000e+02   1.6286201e+00   2.4593910e+00
   7.1200000e+02   1.6427433e+00   2.4823463e+00
   7.1300000e+02   1.6555992e+00   2.5053906e+00
   7.1400000e+02   1.6672398e+00   2.5275957e+00
   7.1500000e+02   1.6743463e+00   2.5512457e+00
   7.1600000e+02   1.6784135e+00   2.5757425e+00
   7.1700000e+02   1.6814269e+00   2.6012214e+00
   7.1800000e+02   1.6825661e+00   2.6276306e+00
   7.1900000e+02   1.6820883e+00   2.6543660e+00
   7.2000000e+02   1.6806313e+00   2.6809259e+00
   7.2100000e+02   1.6773651e+00   2.7081270e+00
   7.2200000e+02   1.6736934e+00   2.7321247e+00
   7.2300000e+02   1.6707647e+00   2.7541449e+00
   7.2400000e+02   1.6677016e+00   2.7712938e+00
   7.2500000e+02   1.6651392e+00   2.7845726e+00
   7.2600000e+02   1.6618885e+00   2.7917927e+00
   7.2700000e+02   1.6566646e+00   2.7944800e+00
   7.2800000e+02   1.6486465e+00   2.7925871e+00
   7.2900000e+02   1.6390756e+00   2.7863584e+00
   7.3000000e+02   1.6278038e+00   2.7769863e+00
   7.3100000e+02   1.6141448e+00   2.7646618e+00
   7.3200000e+02   1.5991124e+00   2.7499830e+00
   7.3300000e+02   1.5831250e+00   2.7346107e+00
   7.3400000e+02   1.5693199e+00   2.7198602e+00
   7.3500000e+02   1.5577980e+00   2.7066016e+00
   7.3600000e+02   1.5490944e+00   2.6934668e+00
   7.3700000e+02   1.5417588e+00   2.6806958e+00
   7.3800000e+02   1.5347276e+00   2.6686009e+00
   7.3900000e+02   1.5271297e+00   2.6566029e+00
   7.4000000e+02   1.5176578e+00   2.6454418e+00
   7.4100000e+02   1.5056506e+00   2.6357268e+00
   7.4200000e+02   1.4912240e+00   2.6297288e+00
   7.4300000e+02   1.4742848e+00   2.6283444e+00
   7.4400000e+02   1.4576680e+00   2.6297393e+00
   7.4500000e+02   1.4439502e+00   2.6308012e+00
   7.4600000e+02   1.4330358e+00   2.6329044e+00
   7.4700000e+02   1.4234911e+00   2.6383788e+00
   7.4800000e+02   1.4166058e+00   2.6457931e+00
   7.4900000e+02   1.4130786e+00   2.6543273e+00
   7.5000000e+02   1.4086038e+00   2.6597233e+00
   7.5100000e+02   1.4031017e+00   2.6626289e+00
   7.5200000e+02   1.3952988e+00   2.6629053e+00
   7.5300000e+02   1.3857039e+00   2.6611480e+00
   7.5400000e+02   1.3710579e+00   2.6564084e+00
   7.5500000e+02   1.3538115e+00   2.6508218e+00
   7.5600000e+02   1.3362775e+00   2.6425940e+00
   7.5700000e+02   1.3201460e+00   2.6308788e+00
   7.5800000e+02   1.3083285e+00   2.6188799e+00
   7.5900000e+02   1.2977746e+00   2.6046339e+00
   7.6000000e+02   1.2892321e+00   2.5879186e+00
   7.6100000e+02   1.2819548e+00   2.5692762e+00
   7.6200000e+02   1.2757004e+00   2.5514216e+00
   7.6300000e+02   1.2720582e+00   2.5328666e+00
   7.6400000e+02   1.2754827e+00   2.5144679e+00
   7.6500000e+02   1.2821816e+00   2.4943628e+00
   7.6600000e+02   1.2844361e+00   2.4766946e+00
   7.6700000e+02   1.2795964e+00   2.4604839e+00
   7.6800000e+02   1.2684385e+00   2.4457471e+00
   7.6900000e+02   1.2553868e+00   2.4287563e+00
   7.7000000e+02   1.2425192e+00   2.4095288e+00
   7.7100000e+02   1.2307749e+00   2.3866291e+00
   7.7200000e+02   1.2202947e+00   2.3613712e+00
   7.7300000e+02   1.2104147e+00   2.3357068e+00
   7.7400000e+02   1.1994795e+00   2.3114871e+00
   7.7500000e+02   1.1861441e+00   2.2886032e+00
   7.7600000e+02   1.1724739e+00   2.2671745e+00
   7.7700000e+02   1.1591608e+00   2.2465665e+00
   7.7800000e+02   1.1454552e+00   2.2269741e+00
   7.7900000e+02   1.1319931e+00   2.2088021e+00
   7.8000000e+02   1.1196806e+00   2.1925346e+00
   7.8100000e+02   1.1106345e+00   2.1767396e+00
   7.8200000e+02   1.1037272e+00   2.1599278e+00
   7.8300000e+02   1.0957406e+00   2.1433691e+00
   7.8400000e+02   1.0859597e+00   2.1268141e+00
   7.8500000e+02   1.0733443e+00   2.1096716e+00
   7.8600000e+02   1.0560850e+00   2.0899494e+00
   7.8700000e+02   1.0367987e+00   2.0717175e+00
   7.8800000e+02   1.0154899e+00   2.0556130e+00
   7.8900000e+02   9.9623279e-01   2.0415202e+00
   7.9000000e+02   9.7655641e-01   2.0284579e+00
   7.9100000e+02   9.5848283e-01   2.0190351e+00
   7.9200000e+02   9.4087473e-01   2.0140463e+00
   7.9300000e+02   9.2646146e-01   2.0142227e+00
   7.9400000e+02   9.1181040e-01   2.0133611e+00
   7.9500000e+02   8.9765106e-01   2.0086249e+00
   7.9600000e+02   8.8188169e-01   2.0009717e+00
   7.9700000e+02   8.6491221e-01   1.9931212e+00
   7.9800000e+02   8.4753896e-01   1.9841758e+00
   7.9900000e+02   8.2903071e-01   1.9750202e+00
   8.0000000e+02   8.0949047e-01   1.9649748e+00
   8.0100000e+02   7.9058923e-01   1.9549705e+00
   8.0200000e+02   7.7581330e-01   1.9464623e+00
   8.0300000e+02   7.6645695e-01   1.9388653e+00
   8.0400000e+02   7.6241028e-01   1.9304695e+00
   8.0500000e+02   7.6056072e-01   1.9225026e+00
   8.0600000e+02   7.5586111e-01   1.9150913e+00
   8.0700000e+02   7.5010285e-01   1.9123060e+00
   8.0800000e+02   7.4105754e-01   1.9146778e+00
   8.0900000e+02   7.2704861e-01   1.9226540e+00
   8.1000000e+02   7.1022313e-01   1.9338713e+00
   8.1100000e+02   6.9229142e-01   1.9459290e+00
   8.1200000e+02   6.7446069e-01   1.9565921e+00
   8.1300000e+02   6.5929931e-01   1.9649534e+00
   8.1400000e+02   6.4712509e-01   1.9701518e+00
   8.1500000e+02   6.3732268e-01   1.9728407e+00
   8.1600000e+02   6.2828187e-01   1.9749518e+00
   8.1700000e+02   6.2042959e-01   1.9779212e+00
   8.1800000e+02   6.1246776e-01   1.9808829e+00
   8.1900000e+02   6.0495546e-01   1.9843406e+00
   8.2000000e+02   5.9636517e-01   1.9870199e+00
   8.2100000e+02   5.8710832e-01   1.9895328e+00
   8.2200000e+02   5.7711939e-01   1.9910328e+00
   8.2300000e+02   5.6999822e-01   1.9902669e+00
   8.2400000e+02   5.6518636e-01   1.9877589e+00
   8.2500000e+02   5.6339290e-01   1.9853337e+00
   8.2600000e+02   5.6301152e-01   1.9807423e+00
   8.2700000e+02   5.6053899e-01   1.9746777e+00
   8.2800000e+02   5.5648531e-01   1.9667549e+00
   8.2900000e+02   5.5204705e-01   1.9584603e+00
   8.3000000e+02   5.4707426e-01   1.9468904e+00
   8.3100000e+02   5.4250405e-01   1.9338159e+00
   8.3200000e+02   5.3713690e-01   1.9186518e+00
   8.3300000e+02   5.2943600e-01   1.9035027e+00
   8.3400000e+02   5.2043538e-01   1.8889371e+00
   8.3500000e+02   5.1009759e-01   1.8749775e+00
   8.3600000e+02   5.0091130e-01   1.8624047e+00
   8.3700000e+02   4.9312117e-01   1.8498638e+00
   8.3800000e+02   4.8581771e-01   1.8373828e+00
   8.3900000e+02   4.8127749e-01   1.8258381e+00
   8.4000000e+02   4.7852905e-01   1.8149657e+00
   8.4100000e+02   4.7644444e-01   1.8043844e+00
   8.4200000e+02   4.7922236e-01   1.7957353e+00
   8.4300000e+02   4.8465893e-01   1.7895219e+00
   8.4400000e+02   4.9224899e-01   1.7840448e+00
   8.4500000e+02   5.0277431e-01   1.7808272e+00
   8.4600000e+02   5.1277632e-01   1.7800448e+00
   8.4700000e+02   5.2219780e-01   1.7828854e+00
   8.4800000e+02   5.3233027e-01   1.7912824e+00
   8.4900000e+02   5.4399947e-01   1.8047131e+00
   8.5000000e+02   5.5732432e-01   1.8227285e+00
   8.5100000e+02   5.6949981e-01   1.8413433e+00
   8.5200000e+02   5.7984572e-01   1.8587506e+00
   8.5300000e+02   5.8692350e-01   1.8732879e+00
   8.5400000e+02   5.9274985e-01   1.8849993e+00
   8.5500000e+02   5.9737127e-01   1.8945180e+00
   8.5600000e+02   6.0062458e-01   1.8999717e+00
   8.5700000e+02   6.0438089e-01   1.9032287e+00
   8.5800000e+02   6.0822377e-01   1.9047087e+00
   8.5900000e+02   6.1243146e-01   1.9051167e+00
   8.6000000e+02   6.1832329e-01   1.9063195e+00
   8.6100000e+02   6.2504263e-01   1.9092070e+00
   8.6200000e+02   6.3399525e-01   1.9153061e+00
   8.6300000e+02   6.4295006e-01   1.9227103e+00
   8.6400000e+02   6.5132293e-01   1.9317117e+00
   8.6500000e+02   6.5979695e-01   1.9408677e+00
   8.6600000e+02   6.6989889e-01   1.9494206e+00
   8.6700000e+02   6.7958404e-01   1.9595593e+00
   8.6800000e+02   6.8933228e-01   1.9705010e+00
   8.6900000e+02   6.9774898e-01   1.9837907e+00
   8.7000000e+02   7.0523140e-01   1.9991972e+00
   8.7100000e+02   7.1296377e-01   2.0169922e+00
   8.7200000e+02   7.1972582e-01   2.0365089e+00
   8.7300000e+02   7.2588015e-01   2.0542652e+00
   8.7400000e+02   7.3345488e-01   2.0708081e+00
   8.7500000e+02   7.4096773e-01   2.0849783e+00
   8.7600000e+02   7.4899621e-01   2.0978229e+00
   8.7700000e+02   7.5750096e-01   2.1093489e+00
   8.7800000e+02   7.6322614e-01   2.1188836e+00
   8.7900000e+02   7.6758712e-01   2.1290067e+00
   8.8000000e+02   7.6906667e-01   2.1385160e+00
   8.8100000e+02   7.6626310e-01   2.1489502e+00
   8.8200000e+02   7.6009979e-01   2.1572974e+00
   8.8300000e+02   7.5152396e-01   2.1649067e+00
   8.8400000e+02   7.4332064e-01   2.1699409e+00
   8.8500000e+02   7.3710479e-01   2.1721996e+00
   8.8600000e+02   7.3342118e-01   2.1712447e+00
   8.8700000e+02   7.3089185e-01   2.1687532e+00
   8.8800000e+02   7.2933306e-01   2.1659438e+00
   8.8900000e+02   7.2978972e-01   2.1643152e+00
   8.9000000e+02   7.3243374e-01   2.1651727e+00
   8.9100000e+02   7.3887351e-01   2.1693316e+00
   8.9200000e+02   7.4950401e-01   2.1783977e+00
   8.9300000e+02   7.6142452e-01   2.1910135e+00
   8.9400000e+02   7.7236996e-01   2.2039817e+00
   8.9500000e+02   7.7996225e-01   2.2134911e+00
   8.9600000e+02   7.8603324e-01   2.2171449e+00
   8.9700000e+02   7.9160449e-01   2.2171939e+00
   8.9800000e+02   7.9823315e-01   2.2134015e+00
   8.9900000e+02   8.0758241e-01   2.2071951e+00
   9.0000000e+02   8.1786304e-01   2.1978565e+00
   9.0100000e+02   8.2951642e-01   2.1874250e+00
   9.0200000e+02   8.3674168e-01   2.1746541e+00
   9.0300000e+02   8.4141330e-01   2.1615611e+00
   9.0400000e+02   8.4251277e-01   2.1508461e+00
   9.0500000e+02   8.4065060e-01   2.1434100e+00
   9.0600000e+02   8.3559825e-01   2.1400655e+00
   9.0700000e+02   8.3114166e-01   2.1367512e+00
   9.0800000e+02   8.3240296e-01   2.1321010e+00
   9.0900000e+02   8.3879175e-01   2.1269207e+00
   9.1000000e+02   8.4817123e-01   2.1216617e+00
   9.1100000e+02   8.5743487e-01   2.1169518e+00
   9.1200000e+02   8.6402846e-01   2.1130318e+00
   9.1300000e+02   8.6968926e-01   2.1098887e+00
   9.1400000e+02   8.7592980e-01   2.1053974e+00
   9.1500000e+02   8.8381781e-01   2.1021589e+00
   9.1600000e+02   8.9473362e-01   2.0995873e+00
   9.1700000e+02   9.0777687e-01   2.0970230e+00
   9.1800000e+02   9.2155072e-01   2.0967711e+00
   9.1900000e+02   9.3436831e-01   2.0999023e+00
   9.2000000e+02   9.4334709e-01   2.1042930e+00
   9.2100000e+02   9.4855231e-01   2.1078655e+00
   9.2200000e+02   9.4900162e-01   2.1079646e+00
   9.2300000e+02   9.4460671e-01   2.1045100e+00
   9.2400000e+02   9.3571870e-01   2.0986249e+00
   9.2500000e+02   9.2417755e-01   2.0938509e+00
   9.2600000e+02   9.1552807e-01   2.0917251e+00
   9.2700000e+02   9.1094791e-01   2.0950670e+00
   9.2800000e+02   9.1009046e-01   2.1022533e+00
   9.2900000e+02   9.0994553e-01   2.1114656e+00
   9.3000000e+02   9.0794723e-01   2.1195151e+00
   9.3100000e+02   9.0149081e-01   2.1249829e+00
   9.3200000e+02   8.9134683e-01   2.1297424e+00
   9.3300000e+02   8.8161553e-01   2.1332738e+00
   9.3400000e+02   8.7358822e-01   2.1364450e+00
   9.3500000e+02   8.6735168e-01   2.1411581e+00
   9.3600000e+02   8.6095101e-01   2.1453681e+00
   9.3700000e+02   8.5513696e-01   2.1487295e+00
   9.3800000e+02   8.4781386e-01   2.1510944e+00
   9.3900000e+02   8.4106101e-01   2.1534242e+00
   9.4000000e+02   8.3349789e-01   2.1554927e+00
   9.4100000e+02   8.2516872e-01   2.1573165e+00
   9.4200000e+02   8.1782443e-01   2.1589689e+00
   9.4300000e+02   8.0860853e-01   2.1601933e+00
   9.4400000e+02   7.9865775e-01   2.1627384e+00
   9.4500000e+02   7.8830847e-01   2.1659241e+00
   9.4600000e+02   7.7769351e-01   2.1695046e+00
   9.4700000e+02   7.6957468e-01   2.1719917e+00
   9.4800000e+02   7.6328719e-01   2.1735196e+00
   9.4900000e+02   7.5911765e-01   2.1731294e+00
   9.5000000e+02   7.5603311e-01   2.1726930e+00
   9.5100000e+02   7.5423864e-01   2.1711849e+00
   9.5200000e+02   7.5405024e-01   2.1700392e+00
   9.5300000e+02   7.5416105e-01   2.1709735e+00
   9.5400000e+02   7.5431262e-01   2.1748490e+00
   9.5500000e+02   7.5489993e-01   2.1808972e+00
   9.5600000e+02   7.5544624e-01   2.1875115e+00
   9.5700000e+02   7.5538109e-01   2.1932314e+00
   9.5800000e+02   7.5522457e-01   2.1979054e+00
   9.5900000e+02   7.5478389e-01   2.2012673e+00
   9.6000000e+02   7.5421963e-01   2.2020359e+00
   9.6100000e+02   7.5440908e-01   2.2014763e+00
   9.6200000e+02   7.5389868e-01   2.1977139e+00
   9.6300000e+02   7.5337522e-01   2.1920289e+00
   9.6400000e+02   7.5199462e-01   2.1851576e+00
   9.6500000e+02   7.4963627e-01   2.1787073e+00
   9.6600000e+02   7.4421280e-01   2.1727916e+00
   9.6700000e+02   7.3682889e-01   2.1688221e+00
   9.6800000e+02   7.2657135e-01   2.1659687e+00
   9.6900000e+02   7.1474144e-01   2.1624686e+00
   9.7000000e+02   7.0218943e-01   2.1573659e+00
   9.7100000e+02   6.9146080e-01   2.1519252e+00
   9.7200000e+02   6.8177981e-01   2.1464012e+00
   9.7300000e+02   6.7129964e-01   2.1410562e+00
   9.7400000e+02   6.5910595e-01   2.1365402e+00
   9.7500000e+02   6.4503779e-01   2.1319377e+00
   9.7600000e+02   6.3114892e-01   2.1253010e+00
   9.7700000e+02   6.1641676e-01   2.1174268e+00
   9.7800000e+02   6.0085850e-01   2.1082898e+00
   9.7900000e+02   5.8529821e-01   2.0983651e+00
   9.8000000e+02   5.7098657e-01   2.0882890e+00
   9.8100000e+02   5.5795438e-01   2.0778999e+00
   9.8200000e+02   5.4724076e-01   2.0685235e+00
   9.8300000e+02   5.3825922e-01   2.0601644e+00
   9.8400000e+02   5.3057868e-01   2.0524661e+00
   9.8500000e+02   5.2490457e-01   2.0467276e+00
   9.8600000e+02   5.1803391e-01   2.0401538e+00
   9.8700000e+02   5.1179096e-01   2.0360923e+00
   9.8800000e+02   5.0279521e-01   2.0343843e+00
   9.8900000e+02   4.9233490e-01   2.0331888e+00
   9.9000000e+02   4.8145292e-01   2.0314449e+00
   9.9100000e+02   4.7077529e-01   2.0293355e+00
   9.9200000e+02   4.6243699e-01   2.0287377e+00
   9.9300000e+02   4.5639550e-01   2.0300170e+00
   9.9400000e+02   4.5032524e-01   2.0325252e+00
   9.9500000e+02   4.4529920e-01   2.0359019e+00
   9.9600000e+02   4.3999856e-01   2.0387904e+00
   9.9700000e+02   4.3469305e-01   2.0393219e+00
   9.9800000e+02   4.2695079e-01   2.0348951e+00
   9.9900000e+02   4.1915778e-01   2.0284221e+00
   1.0000000e+03   4.1073014e-01   2.0207491e+00
   1.0010000e+03   4.0283256e-01   2.0133663e+00
   1.0020000e+03   3.9496284e-01   2.0058698e+00
   1.0030000e+03   3.8816696e-01   1.9987886e+00
   1.0040000e+03   3.8321509e-01   1.9906539e+00
   1.0050000e+03   3.8041362e-01   1.9802555e+00
   1.0060000e+03   3.8106913e-01   1.9683664e+00
   1.0070000e+03   3.8453325e-01   1.9539792e+00
   1.0080000e+03   3.9012531e-01   1.9371011e+00
   1.0090000e+03   3.9617771e-01   1.9173581e+00
   1.0100000e+03   4.0053798e-01   1.8949765e+00
   1.0110000e+03   4.0285857e-01   1.8701420e+00
   1.0120000e+03   4.0398135e-01   1.8450300e+00
   1.0130000e+03   4.0501996e-01   1.8202470e+00
   1.0140000e+03   4.0491274e-01   1.7987315e+00
   1.0150000e+03   4.0326150e-01   1.7809045e+00
   1.0160000e+03   4.0151496e-01   1.7654418e+00
   1.0170000e+03   4.0126055e-01   1.7502202e+00
   1.0180000e+03   4.0428358e-01   1.7376652e+00
   1.0190000e+03   4.0967554e-01   1.7298273e+00
   1.0200000e+03   4.1595532e-01   1.7266538e+00
   1.0210000e+03   4.2178945e-01   1.7261453e+00
   1.0220000e+03   4.2515264e-01   1.7271189e+00
   1.0230000e+03   4.2701508e-01   1.7260685e+00
   1.0240000e+03   4.2694125e-01   1.7230153e+00
   1.0250000e+03   4.2543443e-01   1.7200735e+00
   1.0260000e+03   4.2319986e-01   1.7181700e+00
   1.0270000e+03   4.2118232e-01   1.7159294e+00
   1.0280000e+03   4.1950233e-01   1.7139898e+00
   1.0290000e+03   4.1809357e-01   1.7122383e+00
   1.0300000e+03   4.2035380e-01   1.7095116e+00
   1.0310000e+03   4.2399437e-01   1.7058955e+00
   1.0320000e+03   4.2622024e-01   1.7009897e+00
   1.0330000e+03   4.2694827e-01   1.6977258e+00
   1.0340000e+03   4.2623891e-01   1.6932641e+00
   1.0350000e+03   4.2593348e-01   1.6883284e+00
   1.0360000e+03   4.2549558e-01   1.6828088e+00
   1.0370000e+03   4.2482428e-01   1.6767686e+00
   1.0380000e+03   4.2362409e-01   1.6713003e+00
   1.0390000e+03   4.2182578e-01   1.6659721e+00
   1.0400000e+03   4.2033806e-01   1.6600780e+00
   1.0410000e+03   4.1783055e-01   1.6532014e+00
   1.0420000e+03   4.1567131e-01   1.6460946e+00
   1.0430000e+03   4.1310909e-01   1.6361814e+00
   1.0440000e+03   4.1348858e-01   1.6249928e+00
   1.0450000e+03   4.1771412e-01   1.6122588e+00
   1.0460000e+03   4.2186962e-01   1.5991420e+00
   1.0470000e+03   4.2424690e-01   1.5880358e+00
   1.0480000e+03   4.2431986e-01   1.5824070e+00
   1.0490000e+03   4.2349456e-01   1.5811943e+00
   1.0500000e+03   4.2544383e-01   1.5828671e+00
   1.0510000e+03   4.3002897e-01   1.5841025e+00
   1.0520000e+03   4.3644656e-01   1.5860099e+00
   1.0530000e+03   4.4400292e-01   1.5903898e+00
   1.0540000e+03   4.5194913e-01   1.5975315e+00
   1.0550000e+03   4.6241604e-01   1.6052068e+00
   1.0560000e+03   4.7409692e-01   1.6146611e+00
   1.0570000e+03   4.8855743e-01   1.6253326e+00
   1.0580000e+03   5.0189034e-01   1.6371069e+00
   1.0590000e+03   5.1559612e-01   1.6491437e+00
   1.0600000e+03   5.2996800e-01   1.6597014e+00
   1.0610000e+03   5.4188501e-01   1.6696448e+00
   1.0620000e+03   5.5274031e-01   1.6784719e+00
   1.0630000e+03   5.6296490e-01   1.6871040e+00
   1.0640000e+03   5.7428328e-01   1.6954957e+00
   1.0650000e+03   5.8700215e-01   1.7045322e+00
   1.0660000e+03   5.9932757e-01   1.7141056e+00
   1.0670000e+03   6.1120211e-01   1.7244928e+00
   1.0680000e+03   6.2291250e-01   1.7329265e+00
   1.0690000e+03   6.3258923e-01   1.7395674e+00
   1.0700000e+03   6.4257072e-01   1.7457315e+00
   1.0710000e+03   6.5250361e-01   1.7511718e+00
   1.0720000e+03   6.6376711e-01   1.7574455e+00
   1.0730000e+03   6.7591258e-01   1.7606912e+00
   1.0740000e+03   6.9081904e-01   1.7648580e+00
   1.0750000e+03   7.0694343e-01   1.7690979e+00
   1.0760000e+03   7.2287451e-01   1.7722794e+00
   1.0770000e+03   7.3918782e-01   1.7726549e+00
   1.0780000e+03   7.5313138e-01   1.7701132e+00
   1.0790000e+03   7.6493844e-01   1.7648167e+00
   1.0800000e+03   7.7383519e-01   1.7564213e+00
   1.0810000e+03   7.8001313e-01   1.7455540e+00
   1.0820000e+03   7.8242208e-01   1.7321711e+00
   1.0830000e+03   7.8232831e-01   1.7167538e+00
   1.0840000e+03   7.8153391e-01   1.6997576e+00
   1.0850000e+03   7.8004095e-01   1.6802843e+00
   1.0860000e+03   7.7688977e-01   1.6627944e+00
   1.0870000e+03   7.7165179e-01   1.6478519e+00
   1.0880000e+03   7.6526573e-01   1.6364166e+00
   1.0890000e+03   7.6075789e-01   1.6277126e+00
   1.0900000e+03   7.5762999e-01   1.6218905e+00
   1.0910000e+03   7.5746950e-01   1.6190699e+00
   1.0920000e+03   7.5741988e-01   1.6184733e+00
   1.0930000e+03   7.5735936e-01   1.6185487e+00
   1.0940000e+03   7.5551353e-01   1.6202883e+00
   1.0950000e+03   7.5276155e-01   1.6228826e+00
   1.0960000e+03   7.4678390e-01   1.6265013e+00
   1.0970000e+03   7.3943316e-01   1.6284570e+00
   1.0980000e+03   7.2814100e-01   1.6292121e+00
   1.0990000e+03   7.1352390e-01   1.6297047e+00
   1.1000000e+03   6.9572293e-01   1.6293594e+00
   1.1010000e+03   6.7563548e-01   1.6294758e+00
   1.1020000e+03   6.5568857e-01   1.6304036e+00
   1.1030000e+03   6.3945719e-01   1.6295949e+00
   1.1040000e+03   6.2965664e-01   1.6276935e+00
   1.1050000e+03   6.2782648e-01   1.6242020e+00
   1.1060000e+03   6.3008227e-01   1.6203099e+00
   1.1070000e+03   6.3606002e-01   1.6170681e+00
   1.1080000e+03   6.4185590e-01   1.6129513e+00
   1.1090000e+03   6.4583303e-01   1.6043666e+00
   1.1100000e+03   6.4487375e-01   1.5928033e+00
   1.1110000e+03   6.3678209e-01   1.5822967e+00
   1.1120000e+03   6.2391418e-01   1.5744137e+00
   1.1130000e+03   6.1181157e-01   1.5700201e+00
   1.1140000e+03   6.0333314e-01   1.5685341e+00
   1.1150000e+03   5.9848716e-01   1.5695684e+00
   1.1160000e+03   5.9549821e-01   1.5728650e+00
   1.1170000e+03   5.9301565e-01   1.5778252e+00
   1.1180000e+03   5.8794481e-01   1.5829250e+00
   1.1190000e+03   5.8240420e-01   1.5866757e+00
   1.1200000e+03   5.7721673e-01   1.5881193e+00
   1.1210000e+03   5.7291133e-01   1.5884436e+00
   1.1220000e+03   5.6792057e-01   1.5867084e+00
   1.1230000e+03   5.6300637e-01   1.5832327e+00
   1.1240000e+03   5.5994519e-01   1.5797787e+00
   1.1250000e+03   5.5888208e-01   1.5756717e+00
   1.1260000e+03   5.5863090e-01   1.5684822e+00
   1.1270000e+03   5.5874779e-01   1.5590608e+00
   1.1280000e+03   5.5827336e-01   1.5499422e+00
   1.1290000e+03   5.5746315e-01   1.5425674e+00
   1.1300000e+03   5.5333359e-01   1.5378930e+00
   1.1310000e+03   5.4813518e-01   1.5346076e+00
   1.1320000e+03   5.4404529e-01   1.5299213e+00
   1.1330000e+03   5.4099136e-01   1.5239302e+00
   1.1340000e+03   5.3985633e-01   1.5160028e+00
   1.1350000e+03   5.3992143e-01   1.5072401e+00
   1.1360000e+03   5.4015442e-01   1.4982451e+00
   1.1370000e+03   5.4049531e-01   1.4886066e+00
   1.1380000e+03   5.4163169e-01   1.4825124e+00
   1.1390000e+03   5.4264286e-01   1.4802374e+00
   1.1400000e+03   5.4386947e-01   1.4820241e+00
   1.1410000e+03   5.4381967e-01   1.4876266e+00
   1.1420000e+03   5.4460691e-01   1.4937208e+00
   1.1430000e+03   5.4766381e-01   1.4972725e+00
   1.1440000e+03   5.5348679e-01   1.5023252e+00
   1.1450000e+03   5.6052260e-01   1.5103121e+00
   1.1460000e+03   5.6979004e-01   1.5215113e+00
   1.1470000e+03   5.7892039e-01   1.5362333e+00
   1.1480000e+03   5.8946863e-01   1.5545085e+00
   1.1490000e+03   6.0022470e-01   1.5746258e+00
   1.1500000e+03   6.1153092e-01   1.5952597e+00
   1.1510000e+03   6.2309943e-01   1.6161112e+00
   1.1520000e+03   6.3412351e-01   1.6346733e+00
   1.1530000e+03   6.4658191e-01   1.6526442e+00
   1.1540000e+03   6.6007199e-01   1.6698286e+00
   1.1550000e+03   6.7575876e-01   1.6871482e+00
   1.1560000e+03   6.9245736e-01   1.7058629e+00
   1.1570000e+03   7.0768430e-01   1.7249235e+00
   1.1580000e+03   7.2157204e-01   1.7447939e+00
   1.1590000e+03   7.3385701e-01   1.7647825e+00
   1.1600000e+03   7.4426648e-01   1.7851813e+00
   1.1610000e+03   7.5148857e-01   1.8053689e+00
   1.1620000e+03   7.5810724e-01   1.8263552e+00
   1.1630000e+03   7.6592725e-01   1.8458990e+00
   1.1640000e+03   7.7558774e-01   1.8627368e+00
   1.1650000e+03   7.8812055e-01   1.8766174e+00
   1.1660000e+03   8.0014679e-01   1.8866292e+00
   1.1670000e+03   8.1056983e-01   1.8947044e+00
   1.1680000e+03   8.1980322e-01   1.8988151e+00
   1.1690000e+03   8.2625820e-01   1.9008285e+00
   1.1700000e+03   8.3183494e-01   1.9019700e+00
   1.1710000e+03   8.3525263e-01   1.9025986e+00
   1.1720000e+03   8.3799901e-01   1.9057985e+00
   1.1730000e+03   8.4089797e-01   1.9116959e+00
   1.1740000e+03   8.4333937e-01   1.9201184e+00
   1.1750000e+03   8.4581926e-01   1.9301623e+00
   1.1760000e+03   8.4861746e-01   1.9412580e+00
   1.1770000e+03   8.5094286e-01   1.9527354e+00
   1.1780000e+03   8.5463494e-01   1.9664667e+00
   1.1790000e+03   8.5766693e-01   1.9817895e+00
   1.1800000e+03   8.6153216e-01   1.9993984e+00
   1.1810000e+03   8.6657988e-01   2.0172239e+00
   1.1820000e+03   8.7105055e-01   2.0365942e+00
   1.1830000e+03   8.7361099e-01   2.0565722e+00
   1.1840000e+03   8.7433072e-01   2.0780071e+00
   1.1850000e+03   8.7304379e-01   2.1003752e+00
   1.1860000e+03   8.7149483e-01   2.1230851e+00
   1.1870000e+03   8.7020953e-01   2.1460114e+00
   1.1880000e+03   8.6923792e-01   2.1691335e+00
   1.1890000e+03   8.7126772e-01   2.1913845e+00
   1.1900000e+03   8.7531928e-01   2.2081652e+00
   1.1910000e+03   8.7960143e-01   2.2206897e+00
   1.1920000e+03   8.8422499e-01   2.2287802e+00
   1.1930000e+03   8.8839851e-01   2.2332326e+00
   1.1940000e+03   8.9132013e-01   2.2343190e+00
   1.1950000e+03   8.9201458e-01   2.2326122e+00
   1.1960000e+03   8.9157264e-01   2.2289173e+00
   1.1970000e+03   8.9014588e-01   2.2231399e+00
   1.1980000e+03   8.8708912e-01   2.2166079e+00
   1.1990000e+03   8.8394987e-01   2.2090401e+00
   1.2000000e+03   8.8040789e-01   2.2008226e+00
   1.2010000e+03   8.7447999e-01   2.1935139e+00
   1.2020000e+03   8.6668387e-01   2.1897850e+00
   1.2030000e+03   8.5480117e-01   2.1888586e+00
   1.2040000e+03   8.3736195e-01   2.1877040e+00
   1.2050000e+03   8.1587949e-01   2.1852703e+00
   1.2060000e+03   7.9021702e-01   2.1808821e+00
   1.2070000e+03   7.6108028e-01   2.1739181e+00
   1.2080000e+03   7.3079076e-01   2.1641919e+00
   1.2090000e+03   7.0077269e-01   2.1523280e+00
   1.2100000e+03   6.7074124e-01   2.1370255e+00
   1.2110000e+03   6.4325618e-01   2.1181652e+00
   1.2120000e+03   6.1762242e-01   2.0968071e+00
   1.2130000e+03   5.9627584e-01   2.0744619e+00
   1.2140000e+03   5.7286859e-01   2.0482521e+00
   1.2150000e+03   5.5005285e-01   2.0192860e+00
   1.2160000e+03   5.3277698e-01   1.9878189e+00
   1.2170000e+03   5.1934619e-01   1.9566716e+00
   1.2180000e+03   5.0884333e-01   1.9268276e+00
   1.2190000e+03   5.0227117e-01   1.8987447e+00
   1.2200000e+03   4.9910314e-01   1.8720970e+00
   1.2210000e+03   4.9948875e-01   1.8460519e+00
   1.2220000e+03   5.0002926e-01   1.8216097e+00
   1.2230000e+03   4.9925784e-01   1.8016610e+00
   1.2240000e+03   4.9546052e-01   1.7842742e+00
   1.2250000e+03   4.9041776e-01   1.7691425e+00
   1.2260000e+03   4.8337239e-01   1.7541618e+00
   1.2270000e+03   4.7655144e-01   1.7420263e+00
   1.2280000e+03   4.6881500e-01   1.7356779e+00
   1.2290000e+03   4.6195060e-01   1.7361999e+00
   1.2300000e+03   4.5848856e-01   1.7404407e+00
   1.2310000e+03   4.5687451e-01   1.7444076e+00
   1.2320000e+03   4.5585270e-01   1.7458206e+00
   1.2330000e+03   4.5354958e-01   1.7437678e+00
   1.2340000e+03   4.5171505e-01   1.7370272e+00
   1.2350000e+03   4.5016398e-01   1.7263666e+00
   1.2360000e+03   4.4903992e-01   1.7112470e+00
   1.2370000e+03   4.4639016e-01   1.6922631e+00
   1.2380000e+03   4.4458553e-01   1.6726050e+00
   1.2390000e+03   4.4198583e-01   1.6551982e+00
   1.2400000e+03   4.3959388e-01   1.6423949e+00
   1.2410000e+03   4.4013057e-01   1.6353802e+00
   1.2420000e+03   4.4218418e-01   1.6315090e+00
   1.2430000e+03   4.4575810e-01   1.6292792e+00
   1.2440000e+03   4.5009469e-01   1.6273621e+00
   1.2450000e+03   4.5652915e-01   1.6268591e+00
   1.2460000e+03   4.6501573e-01   1.6308301e+00
   1.2470000e+03   4.7573254e-01   1.6405696e+00
   1.2480000e+03   4.8742189e-01   1.6553665e+00
   1.2490000e+03   5.0002019e-01   1.6735370e+00
   1.2500000e+03   5.1513601e-01   1.6940294e+00
   1.2510000e+03   5.3160967e-01   1.7156766e+00
   1.2520000e+03   5.4786132e-01   1.7389051e+00
   1.2530000e+03   5.6303601e-01   1.7640089e+00
   1.2540000e+03   5.7396122e-01   1.7872526e+00
   1.2550000e+03   5.8181676e-01   1.8089092e+00
   1.2560000e+03   5.8585629e-01   1.8299384e+00
   1.2570000e+03   5.8754571e-01   1.8496625e+00
   1.2580000e+03   5.8778614e-01   1.8692106e+00
   1.2590000e+03   5.8654455e-01   1.8890796e+00
   1.2600000e+03   5.8597975e-01   1.9100914e+00
   1.2610000e+03   5.8578932e-01   1.9331335e+00
   1.2620000e+03   5.8588919e-01   1.9581100e+00
   1.2630000e+03   5.8540830e-01   1.9842890e+00
   1.2640000e+03   5.8434785e-01   2.0111014e+00
   1.2650000e+03   5.8389886e-01   2.0371448e+00
   1.2660000e+03   5.8156772e-01   2.0626497e+00
   1.2670000e+03   5.7636641e-01   2.0883848e+00
   1.2680000e+03   5.6996603e-01   2.1132997e+00
   1.2690000e+03   5.6407000e-01   2.1369942e+00
   1.2700000e+03   5.5824537e-01   2.1568485e+00
   1.2710000e+03   5.5304998e-01   2.1738620e+00
   1.2720000e+03   5.4697372e-01   2.1878612e+00
   1.2730000e+03   5.4065653e-01   2.1989926e+00
   1.2740000e+03   5.3421420e-01   2.2080416e+00
   1.2750000e+03   5.2730093e-01   2.2149395e+00
   1.2760000e+03   5.2074244e-01   2.2188775e+00
   1.2770000e+03   5.1562493e-01   2.2196672e+00
   1.2780000e+03   5.1153508e-01   2.2165147e+00
   1.2790000e+03   5.1004447e-01   2.2108524e+00
   1.2800000e+03   5.1014720e-01   2.2020759e+00
   1.2810000e+03   5.1039239e-01   2.1915330e+00
   1.2820000e+03   5.1067975e-01   2.1796656e+00
   1.2830000e+03   5.1009582e-01   2.1669750e+00
   1.2840000e+03   5.0967214e-01   2.1541259e+00
   1.2850000e+03   5.0940219e-01   2.1418827e+00
   1.2860000e+03   5.0846973e-01   2.1290775e+00
   1.2870000e+03   5.0713672e-01   2.1188139e+00
   1.2880000e+03   5.0477018e-01   2.1105179e+00
   1.2890000e+03   5.0127818e-01   2.1055845e+00
   1.2900000e+03   4.9620842e-01   2.1055242e+00
   1.2910000e+03   4.8975329e-01   2.1097298e+00
   1.2920000e+03   4.8340058e-01   2.1173563e+00
   1.2930000e+03   4.7700862e-01   2.1271635e+00
   1.2940000e+03   4.7053749e-01   2.1372890e+00
   1.2950000e+03   4.6581311e-01   2.1474306e+00
   1.2960000e+03   4.6201549e-01   2.1544147e+00
   1.2970000e+03   4.5966082e-01   2.1575166e+00
   1.2980000e+03   4.5787907e-01   2.1580932e+00
   1.2990000e+03   4.5947406e-01   2.1553008e+00
   1.3000000e+03   4.6237559e-01   2.1505371e+00
   1.3010000e+03   4.6740745e-01   2.1440294e+00
   1.3020000e+03   4.7212205e-01   2.1369021e+00
   1.3030000e+03   4.7566224e-01   2.1299800e+00
   1.3040000e+03   4.7792388e-01   2.1257601e+00
   1.3050000e+03   4.7783107e-01   2.1238341e+00
   1.3060000e+03   4.7653532e-01   2.1248784e+00
   1.3070000e+03   4.7337955e-01   2.1267462e+00
   1.3080000e+03   4.7026225e-01   2.1291959e+00
   1.3090000e+03   4.6614859e-01   2.1332086e+00
   1.3100000e+03   4.6213823e-01   2.1377550e+00
   1.3110000e+03   4.5732872e-01   2.1434941e+00
   1.3120000e+03   4.5175213e-01   2.1506988e+00
   1.3130000e+03   4.4452556e-01   2.1598445e+00
   1.3140000e+03   4.3839657e-01   2.1686241e+00
   1.3150000e+03   4.3340957e-01   2.1764800e+00
   1.3160000e+03   4.2996866e-01   2.1823152e+00
   1.3170000e+03   4.2787274e-01   2.1857751e+00
   1.3180000e+03   4.2722233e-01   2.1853115e+00
   1.3190000e+03   4.2792750e-01   2.1813525e+00
   1.3200000e+03   4.2944571e-01   2.1752466e+00
   1.3210000e+03   4.3251494e-01   2.1675045e+00
   1.3220000e+03   4.3626847e-01   2.1569874e+00
   1.3230000e+03   4.4073013e-01   2.1458313e+00
   1.3240000e+03   4.4605333e-01   2.1349555e+00
   1.3250000e+03   4.5129590e-01   2.1244946e+00
   1.3260000e+03   4.5624978e-01   2.1158073e+00
   1.3270000e+03   4.6058824e-01   2.1094220e+00
   1.3280000e+03   4.6574380e-01   2.1054032e+00
   1.3290000e+03   4.7192385e-01   2.1030581e+00
   1.3300000e+03   4.7864832e-01   2.1030898e+00
   1.3310000e+03   4.8578686e-01   2.1047947e+00
   1.3320000e+03   4.9320519e-01   2.1066809e+00
   1.3330000e+03   5.0136865e-01   2.1080665e+00
   1.3340000e+03   5.0990946e-01   2.1090714e+00
   1.3350000e+03   5.1947378e-01   2.1087622e+00
   1.3360000e+03   5.2982136e-01   2.1079026e+00
   1.3370000e+03   5.4201810e-01   2.1067290e+00
   1.3380000e+03   5.5624668e-01   2.1047866e+00
   1.3390000e+03   5.7105894e-01   2.1021218e+00
   1.3400000e+03   5.8833802e-01   2.0978160e+00
   1.3410000e+03   6.0640467e-01   2.0930578e+00
   1.3420000e+03   6.2539037e-01   2.0875308e+00
   1.3430000e+03   6.4783351e-01   2.0800339e+00
   1.3440000e+03   6.6866719e-01   2.0727955e+00
   1.3450000e+03   6.8649038e-01   2.0664919e+00
   1.3460000e+03   7.0154598e-01   2.0620176e+00
   1.3470000e+03   7.1467982e-01   2.0597613e+00
   1.3480000e+03   7.2408201e-01   2.0592864e+00
   1.3490000e+03   7.3073787e-01   2.0610210e+00
   1.3500000e+03   7.3387152e-01   2.0632844e+00
   1.3510000e+03   7.3535781e-01   2.0671317e+00
   1.3520000e+03   7.3402178e-01   2.0716654e+00
   1.3530000e+03   7.3072364e-01   2.0756669e+00
   1.3540000e+03   7.2557753e-01   2.0794847e+00
   1.3550000e+03   7.1881884e-01   2.0835833e+00
   1.3560000e+03   7.1101387e-01   2.0872837e+00
   1.3570000e+03   7.0235862e-01   2.0910522e+00
   1.3580000e+03   6.9227686e-01   2.0974405e+00
   1.3590000e+03   6.8226029e-01   2.1041636e+00
   1.3600000e+03   6.7143930e-01   2.1117917e+00
   1.3610000e+03   6.6115745e-01   2.1203147e+00
   1.3620000e+03   6.5012355e-01   2.1292783e+00
   1.3630000e+03   6.3962586e-01   2.1382941e+00
   1.3640000e+03   6.2825455e-01   2.1490728e+00
   1.3650000e+03   6.1765780e-01   2.1597686e+00
   1.3660000e+03   6.0778019e-01   2.1708247e+00
   1.3670000e+03   5.9779397e-01   2.1813531e+00
   1.3680000e+03   5.8945450e-01   2.1917684e+00
   1.3690000e+03   5.8254626e-01   2.2016376e+00
   1.3700000e+03   5.7679180e-01   2.2095738e+00
   1.3710000e+03   5.7368001e-01   2.2166565e+00
   1.3720000e+03   5.7333778e-01   2.2230037e+00
   1.3730000e+03   5.7547262e-01   2.2271470e+00
   1.3740000e+03   5.8000775e-01   2.2299792e+00
   1.3750000e+03   5.8651482e-01   2.2324577e+00
   1.3760000e+03   5.9455458e-01   2.2336659e+00
   1.3770000e+03   6.0452026e-01   2.2345129e+00
   1.3780000e+03   6.1526306e-01   2.2335178e+00
   1.3790000e+03   6.2726368e-01   2.2307312e+00
   1.3800000e+03   6.4009438e-01   2.2266683e+00
   1.3810000e+03   6.5418045e-01   2.2199508e+00
   1.3820000e+03   6.6934608e-01   2.2131481e+00
   1.3830000e+03   6.8400332e-01   2.2033824e+00
   1.3840000e+03   6.9872297e-01   2.1926573e+00
   1.3850000e+03   7.1403073e-01   2.1813963e+00
   1.3860000e+03   7.2888030e-01   2.1695807e+00
   1.3870000e+03   7.4445358e-01   2.1567088e+00
   1.3880000e+03   7.5927647e-01   2.1438732e+00
   1.3890000e+03   7.7205788e-01   2.1310714e+00
   1.3900000e+03   7.8249905e-01   2.1175939e+00
   1.3910000e+03   7.8962419e-01   2.1049086e+00
   1.3920000e+03   7.9270587e-01   2.0929572e+00
   1.3930000e+03   7.9236239e-01   2.0833025e+00
   1.3940000e+03   7.8732911e-01   2.0735577e+00
   1.3950000e+03   7.7798518e-01   2.0653998e+00
   1.3960000e+03   7.6568582e-01   2.0585807e+00
   1.3970000e+03   7.4903790e-01   2.0531499e+00
   1.3980000e+03   7.3109440e-01   2.0493108e+00
   1.3990000e+03   7.1076270e-01   2.0457832e+00
   1.4000000e+03   6.9133669e-01   2.0429034e+00
   1.4010000e+03   6.7270215e-01   2.0406573e+00
   1.4020000e+03   6.5675221e-01   2.0385993e+00
   1.4030000e+03   6.4268059e-01   2.0371050e+00
   1.4040000e+03   6.3233143e-01   2.0345954e+00
   1.4050000e+03   6.2606643e-01   2.0315665e+00
   1.4060000e+03   6.2110331e-01   2.0282411e+00
   1.4070000e+03   6.1832814e-01   2.0258797e+00
   1.4080000e+03   6.1796410e-01   2.0244372e+00
   1.4090000e+03   6.2004956e-01   2.0231889e+00
   1.4100000e+03   6.2478227e-01   2.0219360e+00
   1.4110000e+03   6.3146132e-01   2.0201655e+00
   1.4120000e+03   6.4054290e-01   2.0175598e+00
   1.4130000e+03   6.5018116e-01   2.0135307e+00
   1.4140000e+03   6.6014454e-01   2.0075429e+00
   1.4150000e+03   6.7027413e-01   2.0005318e+00
   1.4160000e+03   6.7962969e-01   1.9906971e+00
   1.4170000e+03   6.8796569e-01   1.9801785e+00
   1.4180000e+03   6.9472327e-01   1.9679900e+00
   1.4190000e+03   7.0018698e-01   1.9546443e+00
   1.4200000e+03   7.0285609e-01   1.9402490e+00
   1.4210000e+03   7.0326337e-01   1.9256608e+00
   1.4220000e+03   7.0094183e-01   1.9107186e+00
   1.4230000e+03   6.9564838e-01   1.8951258e+00
   1.4240000e+03   6.8799921e-01   1.8794788e+00
   1.4250000e+03   6.7841675e-01   1.8640446e+00
   1.4260000e+03   6.6686123e-01   1.8495663e+00
   1.4270000e+03   6.5351900e-01   1.8359023e+00
   1.4280000e+03   6.3815248e-01   1.8239652e+00
   1.4290000e+03   6.2168781e-01   1.8134165e+00
   1.4300000e+03   6.0452419e-01   1.8056081e+00
   1.4310000e+03   5.8837277e-01   1.7995672e+00
   1.4320000e+03   5.7147034e-01   1.7951771e+00
   1.4330000e+03   5.5575279e-01   1.7928488e+00
   1.4340000e+03   5.4242633e-01   1.7934389e+00
   1.4350000e+03   5.3245206e-01   1.7962094e+00
   1.4360000e+03   5.2603446e-01   1.8025648e+00
   1.4370000e+03   5.2486062e-01   1.8120224e+00
   1.4380000e+03   5.2988914e-01   1.8220826e+00
   1.4390000e+03   5.3919089e-01   1.8301427e+00
   1.4400000e+03   5.4967312e-01   1.8371425e+00
   1.4410000e+03   5.5892225e-01   1.8433942e+00
   1.4420000e+03   5.6717402e-01   1.8506321e+00
   1.4430000e+03   5.7467655e-01   1.8605294e+00
   1.4440000e+03   5.8357007e-01   1.8732892e+00
   1.4450000e+03   5.9376478e-01   1.8861172e+00
   1.4460000e+03   6.0483431e-01   1.8971145e+00
   1.4470000e+03   6.1596364e-01   1.9086916e+00
   1.4480000e+03   6.2812516e-01   1.9185583e+00
   1.4490000e+03   6.4012791e-01   1.9271624e+00
   1.4500000e+03   6.5187200e-01   1.9344976e+00
   1.4510000e+03   6.6229425e-01   1.9394387e+00
   1.4520000e+03   6.7169376e-01   1.9427689e+00
   1.4530000e+03   6.7953023e-01   1.9439993e+00
   1.4540000e+03   6.8480884e-01   1.9447785e+00
   1.4550000e+03   6.8874040e-01   1.9444852e+00
   1.4560000e+03   6.9199827e-01   1.9443149e+00
   1.4570000e+03   6.9358922e-01   1.9439533e+00
   1.4580000e+03   6.9307967e-01   1.9436454e+00
   1.4590000e+03   6.9094218e-01   1.9428946e+00
   1.4600000e+03   6.8599493e-01   1.9430197e+00
   1.4610000e+03   6.7846125e-01   1.9431651e+00
   1.4620000e+03   6.6831740e-01   1.9429874e+00
   1.4630000e+03   6.5543039e-01   1.9430725e+00
   1.4640000e+03   6.4098630e-01   1.9426188e+00
   1.4650000e+03   6.2466986e-01   1.9428657e+00
   1.4660000e+03   6.0798044e-01   1.9430132e+00
   1.4670000e+03   5.8912153e-01   1.9443431e+00
   1.4680000e+03   5.6859326e-01   1.9461539e+00
   1.4690000e+03   5.4646095e-01   1.9458524e+00
   1.4700000e+03   5.2273377e-01   1.9441680e+00
   1.4710000e+03   4.9793094e-01   1.9402434e+00
   1.4720000e+03   4.7293225e-01   1.9341311e+00
   1.4730000e+03   4.4878294e-01   1.9267443e+00
   1.4740000e+03   4.2615695e-01   1.9170061e+00
   1.4750000e+03   4.0532995e-01   1.9063887e+00
   1.4760000e+03   3.8581883e-01   1.8948783e+00
   1.4770000e+03   3.6804135e-01   1.8816173e+00
   1.4780000e+03   3.5418538e-01   1.8671421e+00
   1.4790000e+03   3.4157043e-01   1.8508617e+00
   1.4800000e+03   3.3194719e-01   1.8312179e+00
   1.4810000e+03   3.2349090e-01   1.8106401e+00
   1.4820000e+03   3.1547997e-01   1.7874190e+00
   1.4830000e+03   3.0780328e-01   1.7622014e+00
   1.4840000e+03   2.9872222e-01   1.7349918e+00
   1.4850000e+03   2.8739573e-01   1.7061723e+00
   1.4860000e+03   2.7430594e-01   1.6767914e+00
   1.4870000e+03   2.5989557e-01   1.6472369e+00
   1.4880000e+03   2.4658149e-01   1.6190725e+00
   1.4890000e+03   2.3571857e-01   1.5947465e+00
   1.4900000e+03   2.2922123e-01   1.5766097e+00
   1.4910000e+03   2.2549735e-01   1.5612609e+00
   1.4920000e+03   2.2176564e-01   1.5482227e+00
   1.4930000e+03   2.1860190e-01   1.5389783e+00
   1.4940000e+03   2.1872575e-01   1.5325328e+00
   1.4950000e+03   2.2110674e-01   1.5273337e+00
   1.4960000e+03   2.2461762e-01   1.5235650e+00
   1.4970000e+03   2.2902942e-01   1.5219701e+00
   1.4980000e+03   2.3466515e-01   1.5242493e+00
   1.4990000e+03   2.4120115e-01   1.5307968e+00
   1.5000000e+03   2.4770145e-01   1.5413285e+00
   1.5010000e+03   2.5247592e-01   1.5556249e+00
   1.5020000e+03   2.5435087e-01   1.5730978e+00
   1.5030000e+03   2.5376369e-01   1.5914478e+00
   1.5040000e+03   2.5104579e-01   1.6102276e+00
   1.5050000e+03   2.4502977e-01   1.6276097e+00
   1.5060000e+03   2.3731400e-01   1.6445308e+00
   1.5070000e+03   2.2723838e-01   1.6576398e+00
   1.5080000e+03   2.1668535e-01   1.6679398e+00
   1.5090000e+03   2.0696993e-01   1.6753590e+00
   1.5100000e+03   1.9839570e-01   1.6813143e+00
   1.5110000e+03   1.9228205e-01   1.6853050e+00
   1.5120000e+03   1.8797727e-01   1.6864107e+00
   1.5130000e+03   1.8435277e-01   1.6851731e+00
   1.5140000e+03   1.8106098e-01   1.6815049e+00
   1.5150000e+03   1.7721564e-01   1.6769058e+00
   1.5160000e+03   1.7423564e-01   1.6699588e+00
   1.5170000e+03   1.6998161e-01   1.6608266e+00
   1.5180000e+03   1.6638373e-01   1.6511393e+00
   1.5190000e+03   1.6302393e-01   1.6394349e+00
   1.5200000e+03   1.5986160e-01   1.6261647e+00
   1.5210000e+03   1.5619834e-01   1.6140074e+00
   1.5220000e+03   1.5452099e-01   1.6028831e+00
   1.5230000e+03   1.5209585e-01   1.5929815e+00
   1.5240000e+03   1.4921167e-01   1.5848608e+00
   1.5250000e+03   1.4468623e-01   1.5766411e+00
   1.5260000e+03   1.3916185e-01   1.5689945e+00
   1.5270000e+03   1.3382960e-01   1.5642992e+00
   1.5280000e+03   1.2877548e-01   1.5609742e+00
   1.5290000e+03   1.2434971e-01   1.5606050e+00
   1.5300000e+03   1.2089386e-01   1.5628153e+00
   1.5310000e+03   1.1717301e-01   1.5668082e+00
   1.5320000e+03   1.1276746e-01   1.5729550e+00
   1.5330000e+03   1.0869294e-01   1.5794537e+00
   1.5340000e+03   1.0606416e-01   1.5856060e+00
   1.5350000e+03   1.0436340e-01   1.5930531e+00
   1.5360000e+03   1.0314400e-01   1.6010655e+00
   1.5370000e+03   1.0465028e-01   1.6091121e+00
   1.5380000e+03   1.0731475e-01   1.6181376e+00
   1.5390000e+03   1.0957452e-01   1.6285392e+00
   1.5400000e+03   1.1386224e-01   1.6370590e+00
   1.5410000e+03   1.1839070e-01   1.6460028e+00
   1.5420000e+03   1.2334502e-01   1.6543721e+00
   1.5430000e+03   1.2823043e-01   1.6603922e+00
   1.5440000e+03   1.3346659e-01   1.6641893e+00
   1.5450000e+03   1.3946717e-01   1.6660193e+00
   1.5460000e+03   1.4582152e-01   1.6661843e+00
   1.5470000e+03   1.5264106e-01   1.6637744e+00
   1.5480000e+03   1.5928201e-01   1.6583323e+00
   1.5490000e+03   1.6652228e-01   1.6497871e+00
   1.5500000e+03   1.7389735e-01   1.6365533e+00
   1.5510000e+03   1.8171434e-01   1.6197406e+00
   1.5520000e+03   1.9077707e-01   1.5997017e+00
   1.5530000e+03   1.9972649e-01   1.5802541e+00
   1.5540000e+03   2.0993565e-01   1.5589241e+00
   1.5550000e+03   2.1949559e-01   1.5398281e+00
   1.5560000e+03   2.2761244e-01   1.5241508e+00
   1.5570000e+03   2.3404416e-01   1.5137679e+00
   1.5580000e+03   2.3810500e-01   1.5095773e+00
   1.5590000e+03   2.4178607e-01   1.5110371e+00
   1.5600000e+03   2.4424919e-01   1.5175140e+00
   1.5610000e+03   2.4616996e-01   1.5299074e+00
   1.5620000e+03   2.4816379e-01   1.5452342e+00
   1.5630000e+03   2.4992982e-01   1.5636794e+00
   1.5640000e+03   2.5109878e-01   1.5824520e+00
   1.5650000e+03   2.5099709e-01   1.5986485e+00
   1.5660000e+03   2.5048800e-01   1.6147483e+00
   1.5670000e+03   2.5020075e-01   1.6300999e+00
   1.5680000e+03   2.4961161e-01   1.6439936e+00
   1.5690000e+03   2.4845110e-01   1.6562414e+00
   1.5700000e+03   2.4659876e-01   1.6663846e+00
   1.5710000e+03   2.4403926e-01   1.6768181e+00
   1.5720000e+03   2.4011362e-01   1.6849651e+00
   1.5730000e+03   2.3573079e-01   1.6914017e+00
   1.5740000e+03   2.2988395e-01   1.6959566e+00
   1.5750000e+03   2.2305325e-01   1.6980717e+00
   1.5760000e+03   2.1567206e-01   1.6998003e+00
   1.5770000e+03   2.0567147e-01   1.6994156e+00
   1.5780000e+03   1.9495667e-01   1.6983963e+00
   1.5790000e+03   1.8520528e-01   1.6976822e+00
   1.5800000e+03   1.7440421e-01   1.6952266e+00
   1.5810000e+03   1.6417831e-01   1.6928311e+00
   1.5820000e+03   1.5462381e-01   1.6898927e+00
   1.5830000e+03   1.4633934e-01   1.6864399e+00
   1.5840000e+03   1.3983183e-01   1.6809192e+00
   1.5850000e+03   1.3654985e-01   1.6729588e+00
   1.5860000e+03   1.3638949e-01   1.6637139e+00
   1.5870000e+03   1.3779993e-01   1.6520773e+00
   1.5880000e+03   1.3967228e-01   1.6415897e+00
   1.5890000e+03   1.4206361e-01   1.6326479e+00
   1.5900000e+03   1.4473913e-01   1.6260914e+00
   1.5910000e+03   1.4620180e-01   1.6227461e+00
   1.5920000e+03   1.4484793e-01   1.6220830e+00
   1.5930000e+03   1.3916575e-01   1.6234824e+00
   1.5940000e+03   1.3084496e-01   1.6262870e+00
   1.5950000e+03   1.1917738e-01   1.6299791e+00
   1.5960000e+03   1.0463891e-01   1.6322425e+00
   1.5970000e+03   8.7043345e-02   1.6331750e+00
   1.5980000e+03   6.9102801e-02   1.6323837e+00
   1.5990000e+03   5.1782927e-02   1.6271091e+00
   1.6000000e+03   3.5976877e-02   1.6167374e+00
   1.6010000e+03   2.3464910e-02   1.6037003e+00
   1.6020000e+03   1.2016253e-02   1.5919564e+00
   1.6030000e+03   2.4398321e-03   1.5833901e+00
   1.6040000e+03  -3.8597155e-03   1.5776254e+00
   1.6050000e+03  -8.2267123e-03   1.5712289e+00
   1.6060000e+03  -1.0865697e-02   1.5642546e+00
   1.6070000e+03  -1.2427842e-02   1.5564980e+00
   1.6080000e+03  -1.2642299e-02   1.5458712e+00
   1.6090000e+03  -1.1824766e-02   1.5313661e+00
   1.6100000e+03  -9.3961799e-03   1.5142623e+00
   1.6110000e+03  -5.6977890e-03   1.4947291e+00
   1.6120000e+03  -1.4365108e-03   1.4749371e+00
   1.6130000e+03   2.3229130e-03   1.4540601e+00
   1.6140000e+03   6.2192432e-03   1.4364134e+00
   1.6150000e+03   9.2384443e-03   1.4226962e+00
   1.6160000e+03   1.0574341e-02   1.4108865e+00
   1.6170000e+03   1.0037109e-02   1.4019150e+00
   1.6180000e+03   7.2446823e-03   1.3948565e+00
   1.6190000e+03   3.8938594e-03   1.3896567e+00
   1.6200000e+03  -1.7814187e-03   1.3865176e+00
   1.6210000e+03  -9.3087096e-03   1.3851217e+00
   1.6220000e+03  -1.9291233e-02   1.3864985e+00
   1.6230000e+03  -2.9825831e-02   1.3898229e+00
   1.6240000e+03  -4.1004118e-02   1.3947274e+00
   1.6250000e+03  -5.1694763e-02   1.3992672e+00
   1.6260000e+03  -6.1106574e-02   1.4006838e+00
   1.6270000e+03  -6.8540283e-02   1.3977610e+00
   1.6280000e+03  -7.3268003e-02   1.3904070e+00
   1.6290000e+03  -7.4763258e-02   1.3782782e+00
   1.6300000e+03  -7.2309821e-02   1.3629239e+00
   1.6310000e+03  -6.6400732e-02   1.3462434e+00
   1.6320000e+03  -6.0540890e-02   1.3304871e+00
   1.6330000e+03  -5.4823676e-02   1.3179877e+00
   1.6340000e+03  -4.9917108e-02   1.3068199e+00
   1.6350000e+03  -4.4297292e-02   1.2983139e+00
   1.6360000e+03  -3.9972706e-02   1.2905679e+00
   1.6370000e+03  -3.6940369e-02   1.2827282e+00
   1.6380000e+03  -3.4213415e-02   1.2757376e+00
   1.6390000e+03  -3.2511167e-02   1.2703102e+00
   1.6400000e+03  -3.1064699e-02   1.2653075e+00
   1.6410000e+03  -2.9402970e-02   1.2598495e+00
   1.6420000e+03  -2.7910974e-02   1.2522717e+00
   1.6430000e+03  -2.5364016e-02   1.2441555e+00
   1.6440000e+03  -2.3256300e-02   1.2358670e+00
   1.6450000e+03  -2.1423973e-02   1.2284775e+00
   1.6460000e+03  -2.3904501e-02   1.2216834e+00
   1.6470000e+03  -2.9917188e-02   1.2164355e+00
   1.6480000e+03  -3.9454497e-02   1.2121385e+00
   1.6490000e+03  -4.9414975e-02   1.2097552e+00
   1.6500000e+03  -5.4687858e-02   1.2068076e+00
   1.6510000e+03  -5.2427295e-02   1.2024459e+00
   1.6520000e+03  -4.5696835e-02   1.1948598e+00
   1.6530000e+03  -3.8046033e-02   1.1824810e+00
   1.6540000e+03  -3.1158852e-02   1.1675378e+00
   1.6550000e+03  -2.5134738e-02   1.1514224e+00
   1.6560000e+03  -1.8872581e-02   1.1381455e+00
   1.6570000e+03  -1.3840694e-02   1.1304699e+00
   1.6580000e+03  -7.1297992e-03   1.1284612e+00
   1.6590000e+03   1.4914229e-03   1.1328872e+00
   1.6600000e+03   1.0836766e-02   1.1420855e+00
   1.6610000e+03   1.7400480e-02   1.1551964e+00
   1.6620000e+03   2.1528165e-02   1.1693873e+00
   1.6630000e+03   2.2957903e-02   1.1857434e+00
   1.6640000e+03   2.1702597e-02   1.2025710e+00
   1.6650000e+03   1.8539090e-02   1.2203250e+00
   1.6660000e+03   1.4196148e-02   1.2386341e+00
   1.6670000e+03   9.0535144e-03   1.2558633e+00
   1.6680000e+03   3.3235492e-03   1.2711004e+00
   1.6690000e+03  -1.5959999e-03   1.2842057e+00
   1.6700000e+03  -6.9675944e-03   1.2945492e+00
   1.6710000e+03  -1.2633626e-02   1.3040199e+00
   1.6720000e+03  -1.8189488e-02   1.3132203e+00
   1.6730000e+03  -2.5323172e-02   1.3217456e+00
   1.6740000e+03  -3.2288078e-02   1.3307851e+00
   1.6750000e+03  -4.0526874e-02   1.3397820e+00
   1.6760000e+03  -5.0501208e-02   1.3461421e+00
   1.6770000e+03  -6.0002862e-02   1.3518769e+00
   1.6780000e+03  -7.0194738e-02   1.3537424e+00
   1.6790000e+03  -7.9548689e-02   1.3513486e+00
   1.6800000e+03  -8.8755440e-02   1.3453414e+00
   1.6810000e+03  -9.7183348e-02   1.3361704e+00
   1.6820000e+03  -1.0540881e-01   1.3230779e+00
   1.6830000e+03  -1.1426571e-01   1.3047192e+00
   1.6840000e+03  -1.2263943e-01   1.2829631e+00
   1.6850000e+03  -1.3147353e-01   1.2586618e+00
   1.6860000e+03  -1.3981412e-01   1.2332649e+00
   1.6870000e+03  -1.4721256e-01   1.2079123e+00
   1.6880000e+03  -1.5185643e-01   1.1834049e+00
   1.6890000e+03  -1.5384594e-01   1.1597399e+00
   1.6900000e+03  -1.5695599e-01   1.1413823e+00
   1.6910000e+03  -1.6385358e-01   1.1295508e+00
   1.6920000e+03  -1.7457963e-01   1.1235266e+00
   1.6930000e+03  -1.8895435e-01   1.1205123e+00
   1.6940000e+03  -2.0327208e-01   1.1185757e+00
   1.6950000e+03  -2.1595852e-01   1.1164657e+00
   1.6960000e+03  -2.2841512e-01   1.1115343e+00
   1.6970000e+03  -2.3923381e-01   1.1075986e+00
   1.6980000e+03  -2.4898437e-01   1.1056468e+00
   1.6990000e+03  -2.5842443e-01   1.1048218e+00
   1.7000000e+03  -2.6776125e-01   1.1034881e+00
   1.7010000e+03  -2.7687812e-01   1.1006394e+00
   1.7020000e+03  -2.8598760e-01   1.0961970e+00
   1.7030000e+03  -2.9314941e-01   1.0891043e+00
   1.7040000e+03  -2.9738567e-01   1.0798476e+00
   1.7050000e+03  -2.9867909e-01   1.0708895e+00
   1.7060000e+03  -2.9909153e-01   1.0637999e+00
   1.7070000e+03  -2.9702389e-01   1.0596598e+00
   1.7080000e+03  -2.9231829e-01   1.0562130e+00
   1.7090000e+03  -2.8658757e-01   1.0538854e+00
   1.7100000e+03  -2.7858023e-01   1.0526643e+00
   1.7110000e+03  -2.6765246e-01   1.0538604e+00
   1.7120000e+03  -2.5394010e-01   1.0556933e+00
   1.7130000e+03  -2.4100318e-01   1.0589694e+00
   1.7140000e+03  -2.3036913e-01   1.0629030e+00
   1.7150000e+03  -2.2481492e-01   1.0666989e+00
   1.7160000e+03  -2.2370439e-01   1.0708180e+00
   1.7170000e+03  -2.2800943e-01   1.0736845e+00
   1.7180000e+03  -2.3847881e-01   1.0773335e+00
   1.7190000e+03  -2.5146914e-01   1.0808311e+00
   1.7200000e+03  -2.6728022e-01   1.0843442e+00
   1.7210000e+03  -2.8523855e-01   1.0867986e+00
   1.7220000e+03  -3.0340349e-01   1.0899368e+00
   1.7230000e+03  -3.2215767e-01   1.0919597e+00
   1.7240000e+03  -3.3939393e-01   1.0948098e+00
   1.7250000e+03  -3.5585320e-01   1.0968132e+00
   1.7260000e+03  -3.6548795e-01   1.0985873e+00
   1.7270000e+03  -3.6752153e-01   1.0987104e+00
   1.7280000e+03  -3.6638157e-01   1.0982876e+00
   1.7290000e+03  -3.6177314e-01   1.0955172e+00
   1.7300000e+03  -3.5640796e-01   1.0902514e+00
   1.7310000e+03  -3.5285205e-01   1.0803082e+00
   1.7320000e+03  -3.4884494e-01   1.0680565e+00
   1.7330000e+03  -3.4766221e-01   1.0546275e+00
   1.7340000e+03  -3.4771104e-01   1.0421752e+00
   1.7350000e+03  -3.4698410e-01   1.0312290e+00
   1.7360000e+03  -3.4308024e-01   1.0196761e+00
   1.7370000e+03  -3.3410996e-01   1.0058373e+00
   1.7380000e+03  -3.2135363e-01   9.9122816e-01
   1.7390000e+03  -3.0475124e-01   9.7535685e-01
   1.7400000e+03  -2.8732670e-01   9.6137169e-01
   1.7410000e+03  -2.7060928e-01   9.4774705e-01
   1.7420000e+03  -2.5654794e-01   9.3729613e-01
   1.7430000e+03  -2.4661841e-01   9.2570784e-01
   1.7440000e+03  -2.4058835e-01   9.1757709e-01
   1.7450000e+03  -2.3692881e-01   9.1488700e-01
   1.7460000e+03  -2.3428641e-01   9.1628597e-01
   1.7470000e+03  -2.3113464e-01   9.2003017e-01
   1.7480000e+03  -2.2981236e-01   9.2567770e-01
   1.7490000e+03  -2.2908695e-01   9.3332730e-01
   1.7500000e+03  -2.2831575e-01   9.4202812e-01
   1.7510000e+03  -2.2607422e-01   9.5084378e-01
   1.7520000e+03  -2.2622337e-01   9.6015705e-01
   1.7530000e+03  -2.2914078e-01   9.6804417e-01
   1.7540000e+03  -2.3452040e-01   9.7459787e-01
   1.7550000e+03  -2.4010349e-01   9.7633908e-01
   1.7560000e+03  -2.4424733e-01   9.7254700e-01
   1.7570000e+03  -2.4736220e-01   9.6282166e-01
   1.7580000e+03  -2.4984080e-01   9.4820496e-01
   1.7590000e+03  -2.5195339e-01   9.3022986e-01
   1.7600000e+03  -2.5377009e-01   9.0999167e-01
   1.7610000e+03  -2.5749877e-01   8.8938486e-01
   1.7620000e+03  -2.6468196e-01   8.7013820e-01
   1.7630000e+03  -2.7756790e-01   8.5407650e-01
   1.7640000e+03  -2.9515898e-01   8.4067647e-01
   1.7650000e+03  -3.1202765e-01   8.3181584e-01
   1.7660000e+03  -3.2565528e-01   8.2553327e-01
   1.7670000e+03  -3.3933923e-01   8.2356568e-01
   1.7680000e+03  -3.5024888e-01   8.2419605e-01
   1.7690000e+03  -3.5505237e-01   8.2725087e-01
   1.7700000e+03  -3.5709744e-01   8.3259388e-01
   1.7710000e+03  -3.5852359e-01   8.3836727e-01
   1.7720000e+03  -3.6017907e-01   8.4185873e-01
   1.7730000e+03  -3.5749127e-01   8.4449021e-01
   1.7740000e+03  -3.5131172e-01   8.4339816e-01
   1.7750000e+03  -3.3873158e-01   8.3865108e-01
   1.7760000e+03  -3.2315109e-01   8.3386438e-01
   1.7770000e+03  -3.0664774e-01   8.3209304e-01
   1.7780000e+03  -2.9207188e-01   8.3459176e-01
   1.7790000e+03  -2.7765954e-01   8.3599624e-01
   1.7800000e+03  -2.6505822e-01   8.3451745e-01
   1.7810000e+03  -2.5576831e-01   8.2545535e-01
   1.7820000e+03  -2.5104503e-01   8.1041297e-01
   1.7830000e+03  -2.4808834e-01   7.9706802e-01
   1.7840000e+03  -2.4809954e-01   7.8620958e-01
   1.7850000e+03  -2.5258752e-01   7.7551490e-01
   1.7860000e+03  -2.5970875e-01   7.6363074e-01
   1.7870000e+03  -2.6621898e-01   7.4723097e-01
   1.7880000e+03  -2.7165226e-01   7.2526784e-01
   1.7890000e+03  -2.7416483e-01   6.9840035e-01
   1.7900000e+03  -2.7273999e-01   6.7233871e-01
   1.7910000e+03  -2.6320470e-01   6.4747883e-01
   1.7920000e+03  -2.4819536e-01   6.2122274e-01
   1.7930000e+03  -2.2876286e-01   5.9388827e-01
   1.7940000e+03  -2.0297779e-01   5.6317794e-01
   1.7950000e+03  -1.6641100e-01   5.3082906e-01
   1.7960000e+03  -1.3055371e-01   4.9738365e-01
   1.7970000e+03  -9.8855435e-02   4.5332862e-01
   1.7980000e+03  -6.8770504e-02   4.1092183e-01
   1.7990000e+03  -3.7272539e-02   3.6851164e-01
   1.8000000e+03  -8.5118271e-03   3.2297751e-01
   1.8010000e+03   1.6658250e-02   2.7106460e-01
   1.8020000e+03   3.2762753e-02   2.2263842e-01
   1.8030000e+03   4.4912170e-02   1.7442121e-01
   1.8040000e+03   3.9588246e-02   1.0858739e-01
