   1.0000000e+00  -4.3977905e-01   2.8930746e+00
   2.0000000e+00  -4.4229051e-01   2.8950762e+00
   3.0000000e+00  -4.4486420e-01   2.8977885e+00
   4.0000000e+00  -4.4716108e-01   2.9003284e+00
   5.0000000e+00  -4.4903290e-01   2.9039097e+00
   6.0000000e+00  -4.5034298e-01   2.9076223e+00
   7.0000000e+00  -4.5168245e-01   2.9115680e+00
   8.0000000e+00  -4.5294449e-01   2.9159476e+00
   9.0000000e+00  -4.5434839e-01   2.9195777e+00
   1.0000000e+01  -4.5574977e-01   2.9227590e+00
   1.1000000e+01  -4.5705619e-01   2.9247942e+00
   1.2000000e+01  -4.5884718e-01   2.9259555e+00
   1.3000000e+01  -4.6076798e-01   2.9270258e+00
   1.4000000e+01  -4.6254166e-01   2.9260820e+00
   1.5000000e+01  -4.6393542e-01   2.9249364e+00
   1.6000000e+01  -4.6490950e-01   2.9239967e+00
   1.7000000e+01  -4.6543897e-01   2.9223801e+00
   1.8000000e+01  -4.6533573e-01   2.9210085e+00
   1.9000000e+01  -4.6431781e-01   2.9195449e+00
   2.0000000e+01  -4.6287406e-01   2.9182308e+00
   2.1000000e+01  -4.6132985e-01   2.9178251e+00
   2.2000000e+01  -4.5937621e-01   2.9174793e+00
   2.3000000e+01  -4.5748106e-01   2.9175477e+00
   2.4000000e+01  -4.5575630e-01   2.9174475e+00
   2.5000000e+01  -4.5378477e-01   2.9171672e+00
   2.6000000e+01  -4.5169755e-01   2.9165350e+00
   2.7000000e+01  -4.4988413e-01   2.9159888e+00
   2.8000000e+01  -4.4782289e-01   2.9148105e+00
   2.9000000e+01  -4.4628954e-01   2.9138055e+00
   3.0000000e+01  -4.4410660e-01   2.9122497e+00
   3.1000000e+01  -4.4239392e-01   2.9107802e+00
   3.2000000e+01  -4.4128641e-01   2.9089395e+00
   3.3000000e+01  -4.3978694e-01   2.9068393e+00
   3.4000000e+01  -4.3865816e-01   2.9049150e+00
   3.5000000e+01  -4.3755197e-01   2.9029377e+00
   3.6000000e+01  -4.3693825e-01   2.9008870e+00
   3.7000000e+01  -4.3664164e-01   2.8974193e+00
   3.8000000e+01  -4.3604197e-01   2.8942235e+00
   3.9000000e+01  -4.3574964e-01   2.8906103e+00
   4.0000000e+01  -4.3600674e-01   2.8860830e+00
   4.1000000e+01  -4.3692526e-01   2.8813933e+00
   4.2000000e+01  -4.3810386e-01   2.8754730e+00
   4.3000000e+01  -4.3936666e-01   2.8693786e+00
   4.4000000e+01  -4.4018561e-01   2.8634314e+00
   4.5000000e+01  -4.4054945e-01   2.8572998e+00
   4.6000000e+01  -4.4140322e-01   2.8520363e+00
   4.7000000e+01  -4.4131271e-01   2.8473777e+00
   4.8000000e+01  -4.4076703e-01   2.8438339e+00
   4.9000000e+01  -4.3997399e-01   2.8411118e+00
   5.0000000e+01  -4.4011000e-01   2.8397809e+00
   5.1000000e+01  -4.4020436e-01   2.8380534e+00
   5.2000000e+01  -4.4030444e-01   2.8368608e+00
   5.3000000e+01  -4.4023387e-01   2.8363698e+00
   5.4000000e+01  -4.3975432e-01   2.8353582e+00
   5.5000000e+01  -4.3909316e-01   2.8348675e+00
   5.6000000e+01  -4.3843440e-01   2.8347734e+00
   5.7000000e+01  -4.3786360e-01   2.8348435e+00
   5.8000000e+01  -4.3739642e-01   2.8346389e+00
   5.9000000e+01  -4.3675616e-01   2.8340267e+00
   6.0000000e+01  -4.3639680e-01   2.8333907e+00
   6.1000000e+01  -4.3675913e-01   2.8340054e+00
   6.2000000e+01  -4.3697126e-01   2.8343097e+00
   6.3000000e+01  -4.3772462e-01   2.8355255e+00
   6.4000000e+01  -4.3832463e-01   2.8363732e+00
   6.5000000e+01  -4.3915381e-01   2.8377107e+00
   6.6000000e+01  -4.4050104e-01   2.8383321e+00
   6.7000000e+01  -4.4189974e-01   2.8396710e+00
   6.8000000e+01  -4.4357131e-01   2.8407552e+00
   6.9000000e+01  -4.4525429e-01   2.8421875e+00
   7.0000000e+01  -4.4694379e-01   2.8438113e+00
   7.1000000e+01  -4.4818633e-01   2.8461562e+00
   7.2000000e+01  -4.4960517e-01   2.8489438e+00
   7.3000000e+01  -4.5112803e-01   2.8522532e+00
   7.4000000e+01  -4.5280276e-01   2.8545660e+00
   7.5000000e+01  -4.5387369e-01   2.8564184e+00
   7.6000000e+01  -4.5477193e-01   2.8580653e+00
   7.7000000e+01  -4.5642805e-01   2.8594557e+00
   7.8000000e+01  -4.5779243e-01   2.8614048e+00
   7.9000000e+01  -4.5925668e-01   2.8627598e+00
   8.0000000e+01  -4.6107245e-01   2.8645110e+00
   8.1000000e+01  -4.6275329e-01   2.8660431e+00
   8.2000000e+01  -4.6444662e-01   2.8677197e+00
   8.3000000e+01  -4.6645720e-01   2.8693454e+00
   8.4000000e+01  -4.6830789e-01   2.8710560e+00
   8.5000000e+01  -4.7008128e-01   2.8720336e+00
   8.6000000e+01  -4.7174285e-01   2.8729957e+00
   8.7000000e+01  -4.7329831e-01   2.8750190e+00
   8.8000000e+01  -4.7490121e-01   2.8766548e+00
   8.9000000e+01  -4.7572948e-01   2.8779160e+00
   9.0000000e+01  -4.7676927e-01   2.8791444e+00
   9.1000000e+01  -4.7681958e-01   2.8811186e+00
   9.2000000e+01  -4.7708708e-01   2.8829124e+00
   9.3000000e+01  -4.7732599e-01   2.8847549e+00
   9.4000000e+01  -4.7775130e-01   2.8861964e+00
   9.5000000e+01  -4.7813255e-01   2.8875420e+00
   9.6000000e+01  -4.7923532e-01   2.8891237e+00
   9.7000000e+01  -4.8052751e-01   2.8908839e+00
   9.8000000e+01  -4.8187072e-01   2.8918959e+00
   9.9000000e+01  -4.8251450e-01   2.8924529e+00
   1.0000000e+02  -4.8310286e-01   2.8920285e+00
   1.0100000e+02  -4.8362433e-01   2.8914594e+00
   1.0200000e+02  -4.8381403e-01   2.8905897e+00
   1.0300000e+02  -4.8331731e-01   2.8890384e+00
   1.0400000e+02  -4.8253740e-01   2.8872628e+00
   1.0500000e+02  -4.8222761e-01   2.8855158e+00
   1.0600000e+02  -4.8179726e-01   2.8833047e+00
   1.0700000e+02  -4.8192999e-01   2.8808366e+00
   1.0800000e+02  -4.8205650e-01   2.8782971e+00
   1.0900000e+02  -4.8376015e-01   2.8761040e+00
   1.1000000e+02  -4.8571705e-01   2.8736652e+00
   1.1100000e+02  -4.8798308e-01   2.8715574e+00
   1.1200000e+02  -4.8982423e-01   2.8699639e+00
   1.1300000e+02  -4.9251282e-01   2.8682162e+00
   1.1400000e+02  -4.9516479e-01   2.8663392e+00
   1.1500000e+02  -4.9653351e-01   2.8632456e+00
   1.1600000e+02  -4.9886270e-01   2.8604678e+00
   1.1700000e+02  -5.0102534e-01   2.8575818e+00
   1.1800000e+02  -5.0437128e-01   2.8546946e+00
   1.1900000e+02  -5.0861624e-01   2.8511669e+00
   1.2000000e+02  -5.1451029e-01   2.8471757e+00
   1.2100000e+02  -5.2199646e-01   2.8434279e+00
   1.2200000e+02  -5.3009820e-01   2.8386958e+00
   1.2300000e+02  -5.3987357e-01   2.8340846e+00
   1.2400000e+02  -5.5092458e-01   2.8288182e+00
   1.2500000e+02  -5.6226889e-01   2.8218958e+00
   1.2600000e+02  -5.7369996e-01   2.8156084e+00
   1.2700000e+02  -5.8431865e-01   2.8100443e+00
   1.2800000e+02  -5.9412048e-01   2.8047202e+00
   1.2900000e+02  -6.0250651e-01   2.8010726e+00
   1.3000000e+02  -6.1100190e-01   2.7979712e+00
   1.3100000e+02  -6.2018645e-01   2.7970295e+00
   1.3200000e+02  -6.3066572e-01   2.7964161e+00
   1.3300000e+02  -6.4374773e-01   2.7959273e+00
   1.3400000e+02  -6.5835926e-01   2.7928226e+00
   1.3500000e+02  -6.7303729e-01   2.7896933e+00
   1.3600000e+02  -6.8743822e-01   2.7860492e+00
   1.3700000e+02  -7.0130273e-01   2.7822006e+00
   1.3800000e+02  -7.1458911e-01   2.7775488e+00
   1.3900000e+02  -7.2879534e-01   2.7716528e+00
   1.4000000e+02  -7.4474111e-01   2.7646755e+00
   1.4100000e+02  -7.5926446e-01   2.7574313e+00
   1.4200000e+02  -7.7106545e-01   2.7506062e+00
   1.4300000e+02  -7.7722069e-01   2.7452587e+00
   1.4400000e+02  -7.7752756e-01   2.7420087e+00
   1.4500000e+02  -7.7332689e-01   2.7402674e+00
   1.4600000e+02  -7.6873940e-01   2.7406248e+00
   1.4700000e+02  -7.6889045e-01   2.7417217e+00
   1.4800000e+02  -7.7765373e-01   2.7429188e+00
   1.4900000e+02  -7.9378882e-01   2.7469186e+00
   1.5000000e+02  -8.1295711e-01   2.7519934e+00
   1.5100000e+02  -8.3233094e-01   2.7577816e+00
   1.5200000e+02  -8.4953719e-01   2.7649239e+00
   1.5300000e+02  -8.6650106e-01   2.7716095e+00
   1.5400000e+02  -8.8505952e-01   2.7767189e+00
   1.5500000e+02  -9.0469991e-01   2.7797675e+00
   1.5600000e+02  -9.2502889e-01   2.7796856e+00
   1.5700000e+02  -9.4765874e-01   2.7763469e+00
   1.5800000e+02  -9.7130653e-01   2.7695020e+00
   1.5900000e+02  -1.0019982e+00   2.7640947e+00
   1.6000000e+02  -1.0381038e+00   2.7645889e+00
   1.6100000e+02  -1.0737206e+00   2.7686456e+00
   1.6200000e+02  -1.1074841e+00   2.7728036e+00
   1.6300000e+02  -1.1396392e+00   2.7772171e+00
   1.6400000e+02  -1.1692399e+00   2.7804318e+00
   1.6500000e+02  -1.1941153e+00   2.7827408e+00
   1.6600000e+02  -1.2104047e+00   2.7846937e+00
   1.6700000e+02  -1.2207750e+00   2.7864103e+00
   1.6800000e+02  -1.2330789e+00   2.7908362e+00
   1.6900000e+02  -1.2492960e+00   2.7968945e+00
   1.7000000e+02  -1.2651100e+00   2.8049006e+00
   1.7100000e+02  -1.2746496e+00   2.8128621e+00
   1.7200000e+02  -1.2772993e+00   2.8224207e+00
   1.7300000e+02  -1.2755375e+00   2.8318202e+00
   1.7400000e+02  -1.2728871e+00   2.8370842e+00
   1.7500000e+02  -1.2722655e+00   2.8368205e+00
   1.7600000e+02  -1.2717577e+00   2.8295843e+00
   1.7700000e+02  -1.2671194e+00   2.8202320e+00
   1.7800000e+02  -1.2601412e+00   2.8129594e+00
   1.7900000e+02  -1.2514890e+00   2.8091407e+00
   1.8000000e+02  -1.2435573e+00   2.8098606e+00
   1.8100000e+02  -1.2365562e+00   2.8131637e+00
   1.8200000e+02  -1.2295248e+00   2.8193148e+00
   1.8300000e+02  -1.2219959e+00   2.8268877e+00
   1.8400000e+02  -1.2142119e+00   2.8342873e+00
   1.8500000e+02  -1.2075468e+00   2.8390766e+00
   1.8600000e+02  -1.1998135e+00   2.8402178e+00
   1.8700000e+02  -1.1877375e+00   2.8377001e+00
   1.8800000e+02  -1.1706268e+00   2.8327098e+00
   1.8900000e+02  -1.1497073e+00   2.8260546e+00
   1.9000000e+02  -1.1269876e+00   2.8174910e+00
   1.9100000e+02  -1.1024526e+00   2.8072938e+00
   1.9200000e+02  -1.0762766e+00   2.7984829e+00
   1.9300000e+02  -1.0507708e+00   2.7909386e+00
   1.9400000e+02  -1.0258892e+00   2.7785002e+00
   1.9500000e+02  -1.0034378e+00   2.7626090e+00
   1.9600000e+02  -9.8034742e-01   2.7433069e+00
   1.9700000e+02  -9.5786344e-01   2.7234389e+00
   1.9800000e+02  -9.3532921e-01   2.7045193e+00
   1.9900000e+02  -9.1314292e-01   2.6862493e+00
   2.0000000e+02  -8.9189813e-01   2.6694724e+00
   2.0100000e+02  -8.7354907e-01   2.6534950e+00
   2.0200000e+02  -8.6021196e-01   2.6407344e+00
   2.0300000e+02  -8.5077019e-01   2.6303556e+00
   2.0400000e+02  -8.4562663e-01   2.6226610e+00
   2.0500000e+02  -8.3735001e-01   2.6171405e+00
   2.0600000e+02  -8.2900720e-01   2.6130170e+00
   2.0700000e+02  -8.2184788e-01   2.6113965e+00
   2.0800000e+02  -8.1751046e-01   2.6113294e+00
   2.0900000e+02  -8.1545384e-01   2.6110780e+00
   2.1000000e+02  -8.1768923e-01   2.6088276e+00
   2.1100000e+02  -8.2332476e-01   2.6031946e+00
   2.1200000e+02  -8.3023548e-01   2.5938218e+00
   2.1300000e+02  -8.3397415e-01   2.5808431e+00
   2.1400000e+02  -8.3360697e-01   2.5659131e+00
   2.1500000e+02  -8.2989721e-01   2.5510217e+00
   2.1600000e+02  -8.2523232e-01   2.5369877e+00
   2.1700000e+02  -8.1917252e-01   2.5230159e+00
   2.1800000e+02  -8.1255567e-01   2.5131355e+00
   2.1900000e+02  -8.0397105e-01   2.5063490e+00
   2.2000000e+02  -7.9285074e-01   2.5018790e+00
   2.2100000e+02  -7.7902037e-01   2.5028981e+00
   2.2200000e+02  -7.6555027e-01   2.5069379e+00
   2.2300000e+02  -7.5623796e-01   2.5113535e+00
   2.2400000e+02  -7.5198748e-01   2.5138910e+00
   2.2500000e+02  -7.5048489e-01   2.5124460e+00
   2.2600000e+02  -7.4902986e-01   2.5070259e+00
   2.2700000e+02  -7.4649415e-01   2.5000448e+00
   2.2800000e+02  -7.4344694e-01   2.4921946e+00
   2.2900000e+02  -7.3926754e-01   2.4852544e+00
   2.3000000e+02  -7.3558698e-01   2.4781152e+00
   2.3100000e+02  -7.3299645e-01   2.4703205e+00
   2.3200000e+02  -7.3247892e-01   2.4627105e+00
   2.3300000e+02  -7.3449024e-01   2.4534311e+00
   2.3400000e+02  -7.3621578e-01   2.4446008e+00
   2.3500000e+02  -7.3916885e-01   2.4364170e+00
   2.3600000e+02  -7.4342457e-01   2.4310626e+00
   2.3700000e+02  -7.4778977e-01   2.4288395e+00
   2.3800000e+02  -7.5255692e-01   2.4270983e+00
   2.3900000e+02  -7.5587440e-01   2.4252430e+00
   2.4000000e+02  -7.5641254e-01   2.4229330e+00
   2.4100000e+02  -7.5435089e-01   2.4223713e+00
   2.4200000e+02  -7.5134471e-01   2.4194869e+00
   2.4300000e+02  -7.4499493e-01   2.4115247e+00
   2.4400000e+02  -7.3702697e-01   2.3976751e+00
   2.4500000e+02  -7.2656324e-01   2.3823149e+00
   2.4600000e+02  -7.1587003e-01   2.3676395e+00
   2.4700000e+02  -7.0429017e-01   2.3543055e+00
   2.4800000e+02  -6.9240255e-01   2.3432816e+00
   2.4900000e+02  -6.8119326e-01   2.3348495e+00
   2.5000000e+02  -6.7063012e-01   2.3284268e+00
   2.5100000e+02  -6.6139511e-01   2.3241530e+00
   2.5200000e+02  -6.5336100e-01   2.3205841e+00
   2.5300000e+02  -6.4718926e-01   2.3157075e+00
   2.5400000e+02  -6.4229261e-01   2.3062470e+00
   2.5500000e+02  -6.3780848e-01   2.2957969e+00
   2.5600000e+02  -6.3232411e-01   2.2867377e+00
   2.5700000e+02  -6.2521826e-01   2.2738552e+00
   2.5800000e+02  -6.1623121e-01   2.2609976e+00
   2.5900000e+02  -6.0596965e-01   2.2499458e+00
   2.6000000e+02  -5.9493645e-01   2.2400276e+00
   2.6100000e+02  -5.8525384e-01   2.2325575e+00
   2.6200000e+02  -5.7851632e-01   2.2285202e+00
   2.6300000e+02  -5.7444572e-01   2.2280501e+00
   2.6400000e+02  -5.7086361e-01   2.2296300e+00
   2.6500000e+02  -5.6560745e-01   2.2308864e+00
   2.6600000e+02  -5.5801497e-01   2.2325227e+00
   2.6700000e+02  -5.4648748e-01   2.2337906e+00
   2.6800000e+02  -5.3187170e-01   2.2358811e+00
   2.6900000e+02  -5.1531173e-01   2.2393990e+00
   2.7000000e+02  -5.0033332e-01   2.2444740e+00
   2.7100000e+02  -4.8852444e-01   2.2487738e+00
   2.7200000e+02  -4.8046247e-01   2.2491473e+00
   2.7300000e+02  -4.7485342e-01   2.2476148e+00
   2.7400000e+02  -4.7091439e-01   2.2462337e+00
   2.7500000e+02  -4.7088915e-01   2.2439042e+00
   2.7600000e+02  -4.7436345e-01   2.2394935e+00
   2.7700000e+02  -4.7966173e-01   2.2329637e+00
   2.7800000e+02  -4.8693769e-01   2.2282215e+00
   2.7900000e+02  -4.9451610e-01   2.2215682e+00
   2.8000000e+02  -5.0246687e-01   2.2135272e+00
   2.8100000e+02  -5.1006329e-01   2.2064043e+00
   2.8200000e+02  -5.1647813e-01   2.2003806e+00
   2.8300000e+02  -5.2273511e-01   2.1958386e+00
   2.8400000e+02  -5.2691088e-01   2.1913622e+00
   2.8500000e+02  -5.2893537e-01   2.1877139e+00
   2.8600000e+02  -5.2961149e-01   2.1858728e+00
   2.8700000e+02  -5.2980726e-01   2.1844140e+00
   2.8800000e+02  -5.2995790e-01   2.1830396e+00
   2.8900000e+02  -5.2919471e-01   2.1812482e+00
   2.9000000e+02  -5.2778467e-01   2.1791998e+00
   2.9100000e+02  -5.2598164e-01   2.1774600e+00
   2.9200000e+02  -5.2195137e-01   2.1745619e+00
   2.9300000e+02  -5.1828852e-01   2.1698242e+00
   2.9400000e+02  -5.1441520e-01   2.1639307e+00
   2.9500000e+02  -5.1028174e-01   2.1568228e+00
   2.9600000e+02  -5.0530928e-01   2.1496468e+00
   2.9700000e+02  -4.9826275e-01   2.1427104e+00
   2.9800000e+02  -4.9159657e-01   2.1373765e+00
   2.9900000e+02  -4.8556819e-01   2.1320317e+00
   3.0000000e+02  -4.8111069e-01   2.1257546e+00
   3.0100000e+02  -4.7729986e-01   2.1195434e+00
   3.0200000e+02  -4.7286185e-01   2.1123890e+00
   3.0300000e+02  -4.6808230e-01   2.1052575e+00
   3.0400000e+02  -4.6405356e-01   2.0984961e+00
   3.0500000e+02  -4.6200813e-01   2.0909204e+00
   3.0600000e+02  -4.6242806e-01   2.0827521e+00
   3.0700000e+02  -4.6708367e-01   2.0748343e+00
   3.0800000e+02  -4.7296766e-01   2.0678062e+00
   3.0900000e+02  -4.7910291e-01   2.0621593e+00
   3.1000000e+02  -4.8444670e-01   2.0554022e+00
   3.1100000e+02  -4.9015620e-01   2.0479753e+00
   3.1200000e+02  -4.9526223e-01   2.0390048e+00
   3.1300000e+02  -5.0127184e-01   2.0293802e+00
   3.1400000e+02  -5.0651178e-01   2.0216720e+00
   3.1500000e+02  -5.1161525e-01   2.0167071e+00
   3.1600000e+02  -5.1655489e-01   2.0142067e+00
   3.1700000e+02  -5.2120278e-01   2.0122286e+00
   3.1800000e+02  -5.2489621e-01   2.0111111e+00
   3.1900000e+02  -5.2777837e-01   2.0089089e+00
   3.2000000e+02  -5.3090449e-01   2.0064479e+00
   3.2100000e+02  -5.3453327e-01   2.0030629e+00
   3.2200000e+02  -5.3908469e-01   2.0002657e+00
   3.2300000e+02  -5.4332192e-01   1.9983144e+00
   3.2400000e+02  -5.4729331e-01   1.9974063e+00
   3.2500000e+02  -5.5051776e-01   1.9970262e+00
   3.2600000e+02  -5.5263737e-01   1.9961650e+00
   3.2700000e+02  -5.5452834e-01   1.9958426e+00
   3.2800000e+02  -5.5526487e-01   1.9953358e+00
   3.2900000e+02  -5.5535688e-01   1.9954548e+00
   3.3000000e+02  -5.5669571e-01   1.9942603e+00
   3.3100000e+02  -5.5920490e-01   1.9922475e+00
   3.3200000e+02  -5.6329490e-01   1.9900944e+00
   3.3300000e+02  -5.6804512e-01   1.9900150e+00
   3.3400000e+02  -5.7409686e-01   1.9908595e+00
   3.3500000e+02  -5.8091559e-01   1.9909790e+00
   3.3600000e+02  -5.8828713e-01   1.9900886e+00
   3.3700000e+02  -5.9367158e-01   1.9901980e+00
   3.3800000e+02  -5.9807769e-01   1.9899981e+00
   3.3900000e+02  -6.0153348e-01   1.9888232e+00
   3.4000000e+02  -6.0513470e-01   1.9864830e+00
   3.4100000e+02  -6.0940648e-01   1.9835756e+00
   3.4200000e+02  -6.1482677e-01   1.9800306e+00
   3.4300000e+02  -6.2326013e-01   1.9769170e+00
   3.4400000e+02  -6.3012061e-01   1.9747719e+00
   3.4500000e+02  -6.3479513e-01   1.9748011e+00
   3.4600000e+02  -6.3709736e-01   1.9762063e+00
   3.4700000e+02  -6.3746550e-01   1.9783901e+00
   3.4800000e+02  -6.3758612e-01   1.9802831e+00
   3.4900000e+02  -6.3748628e-01   1.9817874e+00
   3.5000000e+02  -6.3769378e-01   1.9829125e+00
   3.5100000e+02  -6.3801493e-01   1.9828510e+00
   3.5200000e+02  -6.3986385e-01   1.9810936e+00
   3.5300000e+02  -6.4369320e-01   1.9778409e+00
   3.5400000e+02  -6.4838457e-01   1.9736220e+00
   3.5500000e+02  -6.5347666e-01   1.9704802e+00
   3.5600000e+02  -6.5849800e-01   1.9672118e+00
   3.5700000e+02  -6.6470970e-01   1.9640015e+00
   3.5800000e+02  -6.7153534e-01   1.9603534e+00
   3.5900000e+02  -6.7764728e-01   1.9559232e+00
   3.6000000e+02  -6.8287261e-01   1.9495796e+00
   3.6100000e+02  -6.8728286e-01   1.9422476e+00
   3.6200000e+02  -6.8895753e-01   1.9339694e+00
   3.6300000e+02  -6.9031797e-01   1.9247199e+00
   3.6400000e+02  -6.9074566e-01   1.9144190e+00
   3.6500000e+02  -6.8982598e-01   1.9057407e+00
   3.6600000e+02  -6.8915033e-01   1.8985370e+00
   3.6700000e+02  -6.8785147e-01   1.8906946e+00
   3.6800000e+02  -6.8722342e-01   1.8843028e+00
   3.6900000e+02  -6.8755963e-01   1.8782082e+00
   3.7000000e+02  -6.8947986e-01   1.8719413e+00
   3.7100000e+02  -6.9351522e-01   1.8655249e+00
   3.7200000e+02  -6.9929225e-01   1.8599057e+00
   3.7300000e+02  -7.0447987e-01   1.8578650e+00
   3.7400000e+02  -7.1031744e-01   1.8576901e+00
   3.7500000e+02  -7.1717337e-01   1.8595513e+00
   3.7600000e+02  -7.2393942e-01   1.8616791e+00
   3.7700000e+02  -7.3177767e-01   1.8670662e+00
   3.7800000e+02  -7.3970954e-01   1.8764894e+00
   3.7900000e+02  -7.4816555e-01   1.8896125e+00
   3.8000000e+02  -7.5672070e-01   1.9040684e+00
   3.8100000e+02  -7.6701272e-01   1.9187832e+00
   3.8200000e+02  -7.7874779e-01   1.9335900e+00
   3.8300000e+02  -7.9160450e-01   1.9496926e+00
   3.8400000e+02  -8.0468404e-01   1.9645627e+00
   3.8500000e+02  -8.1660371e-01   1.9795231e+00
   3.8600000e+02  -8.2725693e-01   1.9942602e+00
   3.8700000e+02  -8.3698890e-01   2.0059647e+00
   3.8800000e+02  -8.4536129e-01   2.0153707e+00
   3.8900000e+02  -8.5121403e-01   2.0226251e+00
   3.9000000e+02  -8.5612150e-01   2.0289443e+00
   3.9100000e+02  -8.5926386e-01   2.0342231e+00
   3.9200000e+02  -8.6205653e-01   2.0378343e+00
   3.9300000e+02  -8.6349316e-01   2.0391990e+00
   3.9400000e+02  -8.6504234e-01   2.0399127e+00
   3.9500000e+02  -8.6783288e-01   2.0406266e+00
   3.9600000e+02  -8.7340832e-01   2.0442662e+00
   3.9700000e+02  -8.8206321e-01   2.0531318e+00
   3.9800000e+02  -8.9307787e-01   2.0610855e+00
   3.9900000e+02  -9.0262669e-01   2.0686174e+00
   4.0000000e+02  -9.0934395e-01   2.0773615e+00
   4.0100000e+02  -9.1338229e-01   2.0876407e+00
   4.0200000e+02  -9.1576391e-01   2.0975048e+00
   4.0300000e+02  -9.1801302e-01   2.1065322e+00
   4.0400000e+02  -9.1896019e-01   2.1132861e+00
   4.0500000e+02  -9.1939899e-01   2.1182863e+00
   4.0600000e+02  -9.1777166e-01   2.1212810e+00
   4.0700000e+02  -9.1413359e-01   2.1235720e+00
   4.0800000e+02  -9.0713507e-01   2.1249714e+00
   4.0900000e+02  -8.9971696e-01   2.1240543e+00
   4.1000000e+02  -8.9538949e-01   2.1219181e+00
   4.1100000e+02  -8.9360311e-01   2.1186083e+00
   4.1200000e+02  -8.9312630e-01   2.1158546e+00
   4.1300000e+02  -8.9137933e-01   2.1142315e+00
   4.1400000e+02  -8.8661243e-01   2.1129849e+00
   4.1500000e+02  -8.7870801e-01   2.1120091e+00
   4.1600000e+02  -8.7042186e-01   2.1110404e+00
   4.1700000e+02  -8.6212501e-01   2.1112618e+00
   4.1800000e+02  -8.5257220e-01   2.1112158e+00
   4.1900000e+02  -8.4270360e-01   2.1133351e+00
   4.2000000e+02  -8.3199597e-01   2.1174513e+00
   4.2100000e+02  -8.1984824e-01   2.1227443e+00
   4.2200000e+02  -8.0615853e-01   2.1294147e+00
   4.2300000e+02  -7.9178123e-01   2.1347463e+00
   4.2400000e+02  -7.7737884e-01   2.1390737e+00
   4.2500000e+02  -7.6236492e-01   2.1430775e+00
   4.2600000e+02  -7.4719324e-01   2.1480508e+00
   4.2700000e+02  -7.3166893e-01   2.1539344e+00
   4.2800000e+02  -7.1710200e-01   2.1604559e+00
   4.2900000e+02  -7.0370462e-01   2.1674935e+00
   4.3000000e+02  -6.9242356e-01   2.1746445e+00
   4.3100000e+02  -6.8277347e-01   2.1817605e+00
   4.3200000e+02  -6.7296696e-01   2.1897102e+00
   4.3300000e+02  -6.6352245e-01   2.1980558e+00
   4.3400000e+02  -6.5391137e-01   2.2055585e+00
   4.3500000e+02  -6.4451932e-01   2.2118009e+00
   4.3600000e+02  -6.3571937e-01   2.2170868e+00
   4.3700000e+02  -6.2891204e-01   2.2198544e+00
   4.3800000e+02  -6.2320215e-01   2.2218847e+00
   4.3900000e+02  -6.1823176e-01   2.2219588e+00
   4.4000000e+02  -6.1268262e-01   2.2201425e+00
   4.4100000e+02  -6.0534505e-01   2.2173300e+00
   4.4200000e+02  -5.9641343e-01   2.2130561e+00
   4.4300000e+02  -5.8647750e-01   2.2081104e+00
   4.4400000e+02  -5.7474031e-01   2.2015906e+00
   4.4500000e+02  -5.6352865e-01   2.1944636e+00
   4.4600000e+02  -5.5294254e-01   2.1872450e+00
   4.4700000e+02  -5.4343745e-01   2.1841496e+00
   4.4800000e+02  -5.3220110e-01   2.1821077e+00
   4.4900000e+02  -5.2137968e-01   2.1835559e+00
   4.5000000e+02  -5.1011856e-01   2.1873248e+00
   4.5100000e+02  -4.9757866e-01   2.1923451e+00
   4.5200000e+02  -4.8435277e-01   2.1976182e+00
   4.5300000e+02  -4.7125112e-01   2.2041367e+00
   4.5400000e+02  -4.5796240e-01   2.2126029e+00
   4.5500000e+02  -4.4480875e-01   2.2228681e+00
   4.5600000e+02  -4.3371365e-01   2.2333532e+00
   4.5700000e+02  -4.2456897e-01   2.2416657e+00
   4.5800000e+02  -4.1694214e-01   2.2476991e+00
   4.5900000e+02  -4.0991377e-01   2.2509698e+00
   4.6000000e+02  -4.0207916e-01   2.2536610e+00
   4.6100000e+02  -3.9313340e-01   2.2565714e+00
   4.6200000e+02  -3.8369664e-01   2.2575140e+00
   4.6300000e+02  -3.7506317e-01   2.2552207e+00
   4.6400000e+02  -3.6582342e-01   2.2513111e+00
   4.6500000e+02  -3.5633101e-01   2.2507017e+00
   4.6600000e+02  -3.4554839e-01   2.2536884e+00
   4.6700000e+02  -3.3564758e-01   2.2574465e+00
   4.6800000e+02  -3.2700254e-01   2.2608622e+00
   4.6900000e+02  -3.1988017e-01   2.2625394e+00
   4.7000000e+02  -3.1459042e-01   2.2643055e+00
   4.7100000e+02  -3.0955695e-01   2.2664337e+00
   4.7200000e+02  -3.0564330e-01   2.2701171e+00
   4.7300000e+02  -3.0331623e-01   2.2732635e+00
   4.7400000e+02  -3.0171634e-01   2.2763548e+00
   4.7500000e+02  -2.9900184e-01   2.2788331e+00
   4.7600000e+02  -2.9575450e-01   2.2815706e+00
   4.7700000e+02  -2.9150667e-01   2.2854669e+00
   4.7800000e+02  -2.8730095e-01   2.2893046e+00
   4.7900000e+02  -2.8266159e-01   2.2931498e+00
   4.8000000e+02  -2.7668993e-01   2.2973154e+00
   4.8100000e+02  -2.6989540e-01   2.3002186e+00
   4.8200000e+02  -2.6305167e-01   2.3038683e+00
   4.8300000e+02  -2.5323571e-01   2.3071155e+00
   4.8400000e+02  -2.4271696e-01   2.3107290e+00
   4.8500000e+02  -2.3246820e-01   2.3151650e+00
   4.8600000e+02  -2.2203282e-01   2.3197176e+00
   4.8700000e+02  -2.1291263e-01   2.3230269e+00
   4.8800000e+02  -2.0345077e-01   2.3264902e+00
   4.8900000e+02  -1.9410972e-01   2.3309193e+00
   4.9000000e+02  -1.8629688e-01   2.3360358e+00
   4.9100000e+02  -1.7863022e-01   2.3419130e+00
   4.9200000e+02  -1.7169045e-01   2.3476069e+00
   4.9300000e+02  -1.6528359e-01   2.3537163e+00
   4.9400000e+02  -1.5943378e-01   2.3604449e+00
   4.9500000e+02  -1.5645054e-01   2.3679385e+00
   4.9600000e+02  -1.5417918e-01   2.3748972e+00
   4.9700000e+02  -1.5432122e-01   2.3817952e+00
   4.9800000e+02  -1.5534860e-01   2.3886230e+00
   4.9900000e+02  -1.5771578e-01   2.3943228e+00
   5.0000000e+02  -1.5925890e-01   2.3983277e+00
   5.0100000e+02  -1.5999934e-01   2.4018283e+00
   5.0200000e+02  -1.5878024e-01   2.4035532e+00
   5.0300000e+02  -1.5728257e-01   2.4052736e+00
   5.0400000e+02  -1.5548460e-01   2.4049862e+00
   5.0500000e+02  -1.5219730e-01   2.4041293e+00
   5.0600000e+02  -1.5088346e-01   2.4012806e+00
   5.0700000e+02  -1.5047973e-01   2.3953802e+00
   5.0800000e+02  -1.5228067e-01   2.3855011e+00
   5.0900000e+02  -1.5444072e-01   2.3734350e+00
   5.1000000e+02  -1.5651639e-01   2.3614746e+00
   5.1100000e+02  -1.5507101e-01   2.3506868e+00
   5.1200000e+02  -1.5067589e-01   2.3424609e+00
   5.1300000e+02  -1.4480773e-01   2.3358976e+00
   5.1400000e+02  -1.3864443e-01   2.3274419e+00
   5.1500000e+02  -1.3482717e-01   2.3137544e+00
   5.1600000e+02  -1.3282153e-01   2.2946290e+00
   5.1700000e+02  -1.3042568e-01   2.2711562e+00
   5.1800000e+02  -1.2725300e-01   2.2521044e+00
   5.1900000e+02  -1.2347156e-01   2.2347646e+00
   5.2000000e+02  -1.1804734e-01   2.2173473e+00
   5.2100000e+02  -1.1268683e-01   2.1989082e+00
   5.2200000e+02  -1.0941834e-01   2.1802596e+00
   5.2300000e+02  -1.0842661e-01   2.1612991e+00
   5.2400000e+02  -1.1074197e-01   2.1427992e+00
   5.2500000e+02  -1.1603455e-01   2.1248923e+00
   5.2600000e+02  -1.2471036e-01   2.1084542e+00
   5.2700000e+02  -1.3533898e-01   2.0967499e+00
   5.2800000e+02  -1.4524013e-01   2.0917998e+00
   5.2900000e+02  -1.5336388e-01   2.0920555e+00
   5.3000000e+02  -1.5788477e-01   2.0929746e+00
   5.3100000e+02  -1.5929314e-01   2.0943433e+00
   5.3200000e+02  -1.6018692e-01   2.0952347e+00
   5.3300000e+02  -1.6124549e-01   2.0921893e+00
   5.3400000e+02  -1.6152705e-01   2.0851048e+00
   5.3500000e+02  -1.6219385e-01   2.0785611e+00
   5.3600000e+02  -1.6403346e-01   2.0771960e+00
   5.3700000e+02  -1.6765180e-01   2.0788285e+00
   5.3800000e+02  -1.7405645e-01   2.0810095e+00
   5.3900000e+02  -1.8193110e-01   2.0833445e+00
   5.4000000e+02  -1.8942330e-01   2.0834786e+00
   5.4100000e+02  -1.9766064e-01   2.0848731e+00
   5.4200000e+02  -2.0171055e-01   2.0841094e+00
   5.4300000e+02  -2.0860753e-01   2.0852433e+00
   5.4400000e+02  -2.1743038e-01   2.0859864e+00
   5.4500000e+02  -2.2820187e-01   2.0866385e+00
   5.4600000e+02  -2.3890768e-01   2.0878840e+00
   5.4700000e+02  -2.5026506e-01   2.0882206e+00
   5.4800000e+02  -2.6233574e-01   2.0876198e+00
   5.4900000e+02  -2.7293065e-01   2.0870684e+00
   5.5000000e+02  -2.8428763e-01   2.0835561e+00
   5.5100000e+02  -2.9340662e-01   2.0788220e+00
   5.5200000e+02  -3.0422728e-01   2.0728289e+00
   5.5300000e+02  -3.1592532e-01   2.0662703e+00
   5.5400000e+02  -3.3134700e-01   2.0625139e+00
   5.5500000e+02  -3.4746230e-01   2.0625625e+00
   5.5600000e+02  -3.6295114e-01   2.0655185e+00
   5.5700000e+02  -3.7768550e-01   2.0709153e+00
   5.5800000e+02  -3.9198339e-01   2.0766303e+00
   5.5900000e+02  -4.0583319e-01   2.0833413e+00
   5.6000000e+02  -4.1933861e-01   2.0907186e+00
   5.6100000e+02  -4.3212918e-01   2.0986914e+00
   5.6200000e+02  -4.4546925e-01   2.1063720e+00
   5.6300000e+02  -4.5957883e-01   2.1136763e+00
   5.6400000e+02  -4.7649652e-01   2.1207914e+00
   5.6500000e+02  -4.9715382e-01   2.1253430e+00
   5.6600000e+02  -5.1940382e-01   2.1308814e+00
   5.6700000e+02  -5.4128262e-01   2.1348348e+00
   5.6800000e+02  -5.6304708e-01   2.1366544e+00
   5.6900000e+02  -5.8599941e-01   2.1374399e+00
   5.7000000e+02  -6.1018868e-01   2.1347891e+00
   5.7100000e+02  -6.3553829e-01   2.1285644e+00
   5.7200000e+02  -6.5879937e-01   2.1188999e+00
   5.7300000e+02  -6.8047696e-01   2.1111282e+00
   5.7400000e+02  -7.0596010e-01   2.1098036e+00
   5.7500000e+02  -7.3929429e-01   2.1124360e+00
   5.7600000e+02  -7.7702450e-01   2.1171284e+00
   5.7700000e+02  -8.1247257e-01   2.1231954e+00
   5.7800000e+02  -8.4134100e-01   2.1311094e+00
   5.7900000e+02  -8.6299210e-01   2.1379301e+00
   5.8000000e+02  -8.7827682e-01   2.1426657e+00
   5.8100000e+02  -8.9115078e-01   2.1442782e+00
   5.8200000e+02  -9.0091219e-01   2.1421149e+00
   5.8300000e+02  -9.1327940e-01   2.1385806e+00
   5.8400000e+02  -9.2908505e-01   2.1370838e+00
   5.8500000e+02  -9.4680066e-01   2.1397484e+00
   5.8600000e+02  -9.6542570e-01   2.1457211e+00
   5.8700000e+02  -9.8784544e-01   2.1547517e+00
   5.8800000e+02  -1.0159234e+00   2.1676924e+00
   5.8900000e+02  -1.0487428e+00   2.1821131e+00
   5.9000000e+02  -1.0851217e+00   2.1951080e+00
   5.9100000e+02  -1.1235518e+00   2.2100494e+00
   5.9200000e+02  -1.1592783e+00   2.2252065e+00
   5.9300000e+02  -1.1903626e+00   2.2344952e+00
   5.9400000e+02  -1.2191587e+00   2.2404271e+00
   5.9500000e+02  -1.2439000e+00   2.2406989e+00
   5.9600000e+02  -1.2663720e+00   2.2376685e+00
   5.9700000e+02  -1.2855615e+00   2.2335367e+00
   5.9800000e+02  -1.3021109e+00   2.2305144e+00
   5.9900000e+02  -1.3192526e+00   2.2303012e+00
   6.0000000e+02  -1.3383536e+00   2.2307221e+00
   6.0100000e+02  -1.3580173e+00   2.2281459e+00
   6.0200000e+02  -1.3804151e+00   2.2255419e+00
   6.0300000e+02  -1.4042564e+00   2.2258898e+00
   6.0400000e+02  -1.4280725e+00   2.2297859e+00
   6.0500000e+02  -1.4523406e+00   2.2362509e+00
   6.0600000e+02  -1.4756292e+00   2.2416330e+00
   6.0700000e+02  -1.4964056e+00   2.2456085e+00
   6.0800000e+02  -1.5135702e+00   2.2515452e+00
   6.0900000e+02  -1.5261694e+00   2.2577794e+00
   6.1000000e+02  -1.5327019e+00   2.2654197e+00
   6.1100000e+02  -1.5352385e+00   2.2749606e+00
   6.1200000e+02  -1.5347256e+00   2.2864970e+00
   6.1300000e+02  -1.5336257e+00   2.3000852e+00
   6.1400000e+02  -1.5322669e+00   2.3143441e+00
   6.1500000e+02  -1.5266809e+00   2.3322464e+00
   6.1600000e+02  -1.5199732e+00   2.3497066e+00
   6.1700000e+02  -1.5143727e+00   2.3608726e+00
   6.1800000e+02  -1.5092025e+00   2.3594456e+00
   6.1900000e+02  -1.4998868e+00   2.3490613e+00
   6.2000000e+02  -1.4859675e+00   2.3322908e+00
   6.2100000e+02  -1.4670834e+00   2.3141227e+00
   6.2200000e+02  -1.4468807e+00   2.2981466e+00
   6.2300000e+02  -1.4261753e+00   2.2816677e+00
   6.2400000e+02  -1.4011937e+00   2.2661243e+00
   6.2500000e+02  -1.3745055e+00   2.2498587e+00
   6.2600000e+02  -1.3490109e+00   2.2363789e+00
   6.2700000e+02  -1.3240661e+00   2.2215756e+00
   6.2800000e+02  -1.2979979e+00   2.2068087e+00
   6.2900000e+02  -1.2702141e+00   2.1910651e+00
   6.3000000e+02  -1.2407712e+00   2.1728618e+00
   6.3100000e+02  -1.2127181e+00   2.1525318e+00
   6.3200000e+02  -1.1870530e+00   2.1294799e+00
   6.3300000e+02  -1.1623781e+00   2.1066959e+00
   6.3400000e+02  -1.1401065e+00   2.0855618e+00
   6.3500000e+02  -1.1192080e+00   2.0677636e+00
   6.3600000e+02  -1.0975732e+00   2.0530681e+00
   6.3700000e+02  -1.0750050e+00   2.0400652e+00
   6.3800000e+02  -1.0521799e+00   2.0288396e+00
   6.3900000e+02  -1.0280043e+00   2.0198820e+00
   6.4000000e+02  -9.9882678e-01   2.0101033e+00
   6.4100000e+02  -9.6566338e-01   2.0013537e+00
   6.4200000e+02  -9.3077739e-01   1.9941205e+00
   6.4300000e+02  -9.0112039e-01   1.9898931e+00
   6.4400000e+02  -8.7715543e-01   1.9875978e+00
   6.4500000e+02  -8.5480293e-01   1.9875167e+00
   6.4600000e+02  -8.3372105e-01   1.9882333e+00
   6.4700000e+02  -8.1620766e-01   1.9865131e+00
   6.4800000e+02  -8.0048578e-01   1.9854569e+00
   6.4900000e+02  -7.8685759e-01   1.9892067e+00
   6.5000000e+02  -7.7067354e-01   1.9931361e+00
   6.5100000e+02  -7.5483078e-01   1.9987788e+00
   6.5200000e+02  -7.3893057e-01   2.0017110e+00
   6.5300000e+02  -7.2295054e-01   2.0036821e+00
   6.5400000e+02  -7.0522042e-01   2.0049301e+00
   6.5500000e+02  -6.8674186e-01   2.0042828e+00
   6.5600000e+02  -6.6765753e-01   2.0021851e+00
   6.5700000e+02  -6.4784821e-01   1.9998151e+00
   6.5800000e+02  -6.2812370e-01   1.9986974e+00
   6.5900000e+02  -6.0630167e-01   1.9981751e+00
   6.6000000e+02  -5.8339356e-01   1.9969947e+00
   6.6100000e+02  -5.6019983e-01   1.9968585e+00
   6.6200000e+02  -5.3602519e-01   1.9991343e+00
   6.6300000e+02  -5.1038542e-01   2.0049869e+00
   6.6400000e+02  -4.7991987e-01   2.0111334e+00
   6.6500000e+02  -4.4808033e-01   2.0167138e+00
   6.6600000e+02  -4.2158361e-01   2.0217082e+00
   6.6700000e+02  -4.0119587e-01   2.0252570e+00
   6.6800000e+02  -3.8223651e-01   2.0274492e+00
   6.6900000e+02  -3.6250030e-01   2.0319732e+00
   6.7000000e+02  -3.4430601e-01   2.0410534e+00
   6.7100000e+02  -3.2939425e-01   2.0513956e+00
   6.7200000e+02  -3.1649026e-01   2.0609067e+00
   6.7300000e+02  -3.0391870e-01   2.0692517e+00
   6.7400000e+02  -2.8980905e-01   2.0766451e+00
   6.7500000e+02  -2.7457373e-01   2.0866445e+00
   6.7600000e+02  -2.6083608e-01   2.0970276e+00
   6.7700000e+02  -2.4944600e-01   2.1075569e+00
   6.7800000e+02  -2.4257098e-01   2.1162395e+00
   6.7900000e+02  -2.2996674e-01   2.1274624e+00
   6.8000000e+02  -2.0847288e-01   2.1397391e+00
   6.8100000e+02  -1.8047214e-01   2.1494450e+00
   6.8200000e+02  -1.5363786e-01   2.1601548e+00
   6.8300000e+02  -1.2906613e-01   2.1705930e+00
   6.8400000e+02  -1.0149178e-01   2.1779181e+00
   6.8500000e+02  -7.1811814e-02   2.1870561e+00
   6.8600000e+02  -4.6659652e-02   2.1950457e+00
   6.8700000e+02  -1.7866034e-02   2.2043245e+00
   6.8800000e+02   9.4622423e-03   2.2122169e+00
   6.8900000e+02   3.5208589e-02   2.2168779e+00
   6.9000000e+02   6.4384849e-02   2.2166193e+00
   6.9100000e+02   7.5971092e-02   2.2294657e+00
   6.9200000e+02   8.9238923e-02   2.2335118e+00
   6.9300000e+02   1.0043971e-01   2.2382720e+00
   6.9400000e+02   1.1453744e-01   2.2345866e+00
   6.9500000e+02   1.2255330e-01   2.2459522e+00
   6.9600000e+02   1.3593964e-01   2.2492836e+00
   6.9700000e+02   1.4281263e-01   2.2478467e+00
   6.9800000e+02   1.4529674e-01   2.2357706e+00
   6.9900000e+02   1.5133001e-01   2.2538621e+00
   7.0000000e+02   1.4675931e-01   2.2680087e+00
   7.0100000e+02   1.3365594e-01   2.2838478e+00
   7.0200000e+02   1.2778324e-01   2.3015832e+00
   7.0300000e+02   1.2739539e-01   2.3143433e+00
   7.0400000e+02   1.3393617e-01   2.3188679e+00
   7.0500000e+02   1.4388866e-01   2.3158219e+00
   7.0600000e+02   1.5699588e-01   2.3084832e+00
   7.0700000e+02   1.7100529e-01   2.3032091e+00
   7.0800000e+02   1.8578364e-01   2.3041906e+00
   7.0900000e+02   1.9712982e-01   2.3093976e+00
   7.1000000e+02   2.0915748e-01   2.3175835e+00
   7.1100000e+02   2.2288001e-01   2.3230346e+00
   7.1200000e+02   2.3895203e-01   2.3265218e+00
   7.1300000e+02   2.5138269e-01   2.3284478e+00
   7.1400000e+02   2.6170064e-01   2.3291485e+00
   7.1500000e+02   2.7253577e-01   2.3296133e+00
   7.1600000e+02   2.8237765e-01   2.3292777e+00
   7.1700000e+02   2.9222253e-01   2.3284792e+00
   7.1800000e+02   3.0383629e-01   2.3294123e+00
   7.1900000e+02   3.1533940e-01   2.3326710e+00
   7.2000000e+02   3.2751130e-01   2.3381496e+00
   7.2100000e+02   3.3822534e-01   2.3478591e+00
   7.2200000e+02   3.4826141e-01   2.3567136e+00
   7.2300000e+02   3.5673352e-01   2.3632758e+00
   7.2400000e+02   3.6359961e-01   2.3680973e+00
   7.2500000e+02   3.7010646e-01   2.3703508e+00
   7.2600000e+02   3.7492767e-01   2.3715586e+00
   7.2700000e+02   3.7751304e-01   2.3720141e+00
   7.2800000e+02   3.7749620e-01   2.3728022e+00
   7.2900000e+02   3.7367147e-01   2.3743723e+00
   7.3000000e+02   3.6676260e-01   2.3736594e+00
   7.3100000e+02   3.5890956e-01   2.3705207e+00
   7.3200000e+02   3.5253524e-01   2.3677605e+00
   7.3300000e+02   3.4716180e-01   2.3656240e+00
   7.3400000e+02   3.3920408e-01   2.3640863e+00
   7.3500000e+02   3.2801762e-01   2.3612282e+00
   7.3600000e+02   3.1430678e-01   2.3521339e+00
   7.3700000e+02   3.0001797e-01   2.3418609e+00
   7.3800000e+02   2.8700601e-01   2.3325287e+00
   7.3900000e+02   2.7429769e-01   2.3261256e+00
   7.4000000e+02   2.6398397e-01   2.3216393e+00
   7.4100000e+02   2.5613339e-01   2.3190752e+00
   7.4200000e+02   2.4958518e-01   2.3168070e+00
   7.4300000e+02   2.4422082e-01   2.3140062e+00
   7.4400000e+02   2.4033650e-01   2.3102282e+00
   7.4500000e+02   2.3695997e-01   2.3048687e+00
   7.4600000e+02   2.3481784e-01   2.2969392e+00
   7.4700000e+02   2.3177496e-01   2.2871139e+00
   7.4800000e+02   2.2769954e-01   2.2776068e+00
   7.4900000e+02   2.2421026e-01   2.2678872e+00
   7.5000000e+02   2.2238133e-01   2.2585438e+00
   7.5100000e+02   2.2126403e-01   2.2498727e+00
   7.5200000e+02   2.1894191e-01   2.2408788e+00
   7.5300000e+02   2.1656309e-01   2.2303059e+00
   7.5400000e+02   2.1362037e-01   2.2183440e+00
   7.5500000e+02   2.1177059e-01   2.2034924e+00
   7.5600000e+02   2.0826446e-01   2.1877118e+00
   7.5700000e+02   2.0243696e-01   2.1710776e+00
   7.5800000e+02   1.9415367e-01   2.1520415e+00
   7.5900000e+02   1.8472633e-01   2.1328107e+00
   7.6000000e+02   1.7624347e-01   2.1146407e+00
   7.6100000e+02   1.6934642e-01   2.0956445e+00
   7.6200000e+02   1.6387967e-01   2.0753162e+00
   7.6300000e+02   1.5834254e-01   2.0532505e+00
   7.6400000e+02   1.5298285e-01   2.0317462e+00
   7.6500000e+02   1.4559913e-01   2.0108715e+00
   7.6600000e+02   1.3408385e-01   1.9911071e+00
   7.6700000e+02   1.1893387e-01   1.9715849e+00
   7.6800000e+02   1.0116840e-01   1.9528138e+00
   7.6900000e+02   8.0133334e-02   1.9342266e+00
   7.7000000e+02   6.2011535e-02   1.9190448e+00
   7.7100000e+02   4.1934605e-02   1.9052978e+00
   7.7200000e+02   2.0104001e-02   1.8921416e+00
   7.7300000e+02   2.6142485e-04   1.8790905e+00
   7.7400000e+02  -1.8062716e-02   1.8671173e+00
   7.7500000e+02  -3.7277953e-02   1.8550998e+00
   7.7600000e+02  -5.9420558e-02   1.8429098e+00
   7.7700000e+02  -8.5304170e-02   1.8307206e+00
   7.7800000e+02  -1.1088982e-01   1.8186072e+00
   7.7900000e+02  -1.3594469e-01   1.8047346e+00
   7.8000000e+02  -1.6019686e-01   1.7891465e+00
   7.8100000e+02  -1.8552803e-01   1.7727779e+00
   7.8200000e+02  -2.1345325e-01   1.7563492e+00
   7.8300000e+02  -2.4480825e-01   1.7409201e+00
   7.8400000e+02  -2.7960650e-01   1.7280981e+00
   7.8500000e+02  -3.1589246e-01   1.7168604e+00
   7.8600000e+02  -3.5251041e-01   1.7069134e+00
   7.8700000e+02  -3.8736776e-01   1.7002354e+00
   7.8800000e+02  -4.2501184e-01   1.6935321e+00
   7.8900000e+02  -4.6758482e-01   1.6875478e+00
   7.9000000e+02  -5.1460983e-01   1.6828961e+00
   7.9100000e+02  -5.6233345e-01   1.6796617e+00
   7.9200000e+02  -6.0757760e-01   1.6783692e+00
   7.9300000e+02  -6.4555823e-01   1.6765487e+00
   7.9400000e+02  -6.7610428e-01   1.6748234e+00
   7.9500000e+02  -7.0340992e-01   1.6724522e+00
   7.9600000e+02  -7.2863599e-01   1.6711753e+00
   7.9700000e+02  -7.5132377e-01   1.6705475e+00
   7.9800000e+02  -7.7498539e-01   1.6686092e+00
   7.9900000e+02  -7.9845003e-01   1.6648421e+00
   8.0000000e+02  -8.2269679e-01   1.6592862e+00
   8.0100000e+02  -8.4985477e-01   1.6514173e+00
   8.0200000e+02  -8.7586925e-01   1.6429667e+00
   8.0300000e+02  -8.9808188e-01   1.6353153e+00
   8.0400000e+02  -9.1664685e-01   1.6280284e+00
   8.0500000e+02  -9.3306912e-01   1.6226111e+00
   8.0600000e+02  -9.4809789e-01   1.6186358e+00
   8.0700000e+02  -9.6273384e-01   1.6167685e+00
   8.0800000e+02  -9.7718419e-01   1.6140131e+00
   8.0900000e+02  -9.9065579e-01   1.6124470e+00
   8.1000000e+02  -1.0054642e+00   1.6139160e+00
   8.1100000e+02  -1.0235181e+00   1.6178919e+00
   8.1200000e+02  -1.0476584e+00   1.6248053e+00
   8.1300000e+02  -1.0740812e+00   1.6281555e+00
   8.1400000e+02  -1.0998231e+00   1.6294766e+00
   8.1500000e+02  -1.1247981e+00   1.6296140e+00
   8.1600000e+02  -1.1480757e+00   1.6301926e+00
   8.1700000e+02  -1.1698260e+00   1.6331483e+00
   8.1800000e+02  -1.1905203e+00   1.6405989e+00
   8.1900000e+02  -1.2112435e+00   1.6522571e+00
   8.2000000e+02  -1.2301181e+00   1.6657736e+00
   8.2100000e+02  -1.2460147e+00   1.6758689e+00
   8.2200000e+02  -1.2537941e+00   1.6798003e+00
   8.2300000e+02  -1.2515395e+00   1.6819248e+00
   8.2400000e+02  -1.2411579e+00   1.6860513e+00
   8.2500000e+02  -1.2237608e+00   1.6918313e+00
   8.2600000e+02  -1.2025903e+00   1.6979094e+00
   8.2700000e+02  -1.1808056e+00   1.7039618e+00
   8.2800000e+02  -1.1600832e+00   1.7108407e+00
   8.2900000e+02  -1.1430450e+00   1.7161323e+00
   8.3000000e+02  -1.1264808e+00   1.7208662e+00
   8.3100000e+02  -1.1157821e+00   1.7225029e+00
   8.3200000e+02  -1.1108545e+00   1.7196706e+00
   8.3300000e+02  -1.1077159e+00   1.7162155e+00
   8.3400000e+02  -1.1070486e+00   1.7135506e+00
   8.3500000e+02  -1.1076826e+00   1.7154222e+00
   8.3600000e+02  -1.1037991e+00   1.7202499e+00
   8.3700000e+02  -1.0932045e+00   1.7217809e+00
   8.3800000e+02  -1.0742923e+00   1.7186644e+00
   8.3900000e+02  -1.0499356e+00   1.7169931e+00
   8.4000000e+02  -1.0180880e+00   1.7177376e+00
   8.4100000e+02  -9.8326874e-01   1.7189355e+00
   8.4200000e+02  -9.4676505e-01   1.7197277e+00
   8.4300000e+02  -9.1800634e-01   1.7175361e+00
   8.4400000e+02  -9.1539111e-01   1.6981617e+00
   8.4500000e+02  -9.1873318e-01   1.6699718e+00
   8.4600000e+02  -9.1873199e-01   1.6447334e+00
   8.4700000e+02  -9.0945065e-01   1.6237117e+00
   8.4800000e+02  -8.9396955e-01   1.6047194e+00
   8.4900000e+02  -8.7680432e-01   1.5879341e+00
   8.5000000e+02  -8.5963342e-01   1.5730895e+00
   8.5100000e+02  -8.4329510e-01   1.5624399e+00
   8.5200000e+02  -8.2452812e-01   1.5599399e+00
   8.5300000e+02  -8.0632685e-01   1.5627372e+00
   8.5400000e+02  -7.8885878e-01   1.5660500e+00
   8.5500000e+02  -7.6933372e-01   1.5740200e+00
   8.5600000e+02  -7.5024000e-01   1.5861911e+00
   8.5700000e+02  -7.2946098e-01   1.6050716e+00
   8.5800000e+02  -7.0723927e-01   1.6258910e+00
   8.5900000e+02  -6.8658141e-01   1.6411524e+00
   8.6000000e+02  -6.7141979e-01   1.6517706e+00
   8.6100000e+02  -6.6417543e-01   1.6612781e+00
   8.6200000e+02  -6.5751766e-01   1.6672838e+00
   8.6300000e+02  -6.4954843e-01   1.6655016e+00
   8.6400000e+02  -6.4164673e-01   1.6607077e+00
   8.6500000e+02  -6.3109061e-01   1.6561689e+00
   8.6600000e+02  -6.1986094e-01   1.6551071e+00
   8.6700000e+02  -6.1020426e-01   1.6555501e+00
   8.6800000e+02  -6.0288315e-01   1.6559158e+00
   8.6900000e+02  -5.9764129e-01   1.6544540e+00
   8.7000000e+02  -5.9213335e-01   1.6508222e+00
   8.7100000e+02  -5.8414079e-01   1.6461827e+00
   8.7200000e+02  -5.6985281e-01   1.6423379e+00
   8.7300000e+02  -5.5216864e-01   1.6399582e+00
   8.7400000e+02  -5.3533310e-01   1.6394834e+00
   8.7500000e+02  -5.2192007e-01   1.6409383e+00
   8.7600000e+02  -5.1344482e-01   1.6465012e+00
   8.7700000e+02  -5.1045757e-01   1.6579624e+00
   8.7800000e+02  -5.0859052e-01   1.6754746e+00
   8.7900000e+02  -5.0614150e-01   1.6915948e+00
   8.8000000e+02  -5.0199167e-01   1.7002431e+00
   8.8100000e+02  -4.9679730e-01   1.7019706e+00
   8.8200000e+02  -4.8839282e-01   1.6977510e+00
   8.8300000e+02  -4.7828581e-01   1.6930186e+00
   8.8400000e+02  -4.6789928e-01   1.6905280e+00
   8.8500000e+02  -4.5350237e-01   1.6909112e+00
   8.8600000e+02  -4.3618463e-01   1.6929582e+00
   8.8700000e+02  -4.1738292e-01   1.6969968e+00
   8.8800000e+02  -4.0193210e-01   1.7012290e+00
   8.8900000e+02  -3.8830672e-01   1.7042575e+00
   8.9000000e+02  -3.7586513e-01   1.7093495e+00
   8.9100000e+02  -3.6452887e-01   1.7165590e+00
   8.9200000e+02  -3.5548806e-01   1.7225649e+00
   8.9300000e+02  -3.4750548e-01   1.7272396e+00
   8.9400000e+02  -3.3739716e-01   1.7304567e+00
   8.9500000e+02  -3.2236640e-01   1.7336346e+00
   8.9600000e+02  -3.0430515e-01   1.7366559e+00
   8.9700000e+02  -2.8320340e-01   1.7394439e+00
   8.9800000e+02  -2.6027108e-01   1.7419686e+00
   8.9900000e+02  -2.3675379e-01   1.7446932e+00
   9.0000000e+02  -2.1403210e-01   1.7470569e+00
   9.0100000e+02  -1.8874134e-01   1.7459828e+00
   9.0200000e+02  -1.6335107e-01   1.7459148e+00
   9.0300000e+02  -1.4113030e-01   1.7443326e+00
   9.0400000e+02  -1.1821085e-01   1.7453039e+00
   9.0500000e+02  -9.3741420e-02   1.7505760e+00
   9.0600000e+02  -6.9138338e-02   1.7549339e+00
   9.0700000e+02  -4.7064559e-02   1.7541174e+00
   9.0800000e+02  -2.7101940e-02   1.7474573e+00
   9.0900000e+02  -1.1952766e-02   1.7347204e+00
   9.1000000e+02  -2.2261075e-03   1.7149141e+00
   9.1100000e+02   5.6270612e-03   1.6940836e+00
   9.1200000e+02   1.5092600e-02   1.6770995e+00
   9.1300000e+02   2.8823364e-02   1.6653632e+00
   9.1400000e+02   4.4296120e-02   1.6552491e+00
   9.1500000e+02   6.1753320e-02   1.6448623e+00
   9.1600000e+02   7.7699944e-02   1.6330614e+00
   9.1700000e+02   8.9309480e-02   1.6222604e+00
   9.1800000e+02   9.7494518e-02   1.6123376e+00
   9.1900000e+02   1.0339903e-01   1.6069404e+00
   9.2000000e+02   1.0849708e-01   1.6045874e+00
   9.2100000e+02   1.1530838e-01   1.6036962e+00
   9.2200000e+02   1.2734272e-01   1.6032464e+00
   9.2300000e+02   1.4270976e-01   1.6027494e+00
   9.2400000e+02   1.5527496e-01   1.6012976e+00
   9.2500000e+02   1.6607597e-01   1.5998082e+00
   9.2600000e+02   1.7714308e-01   1.6024162e+00
   9.2700000e+02   1.8770739e-01   1.6093397e+00
   9.2800000e+02   1.9644484e-01   1.6199700e+00
   9.2900000e+02   2.0309107e-01   1.6308263e+00
   9.3000000e+02   2.0841805e-01   1.6406824e+00
   9.3100000e+02   2.1291947e-01   1.6476537e+00
   9.3200000e+02   2.1926003e-01   1.6538591e+00
   9.3300000e+02   2.2907409e-01   1.6600478e+00
   9.3400000e+02   2.4059222e-01   1.6668576e+00
   9.3500000e+02   2.5065274e-01   1.6728238e+00
   9.3600000e+02   2.5631917e-01   1.6751413e+00
   9.3700000e+02   2.5520391e-01   1.6749699e+00
   9.3800000e+02   2.4912505e-01   1.6734708e+00
   9.3900000e+02   2.4447598e-01   1.6736848e+00
   9.4000000e+02   2.3918425e-01   1.6757355e+00
   9.4100000e+02   2.3330734e-01   1.6767904e+00
   9.4200000e+02   2.2416966e-01   1.6765008e+00
   9.4300000e+02   2.1339232e-01   1.6742470e+00
   9.4400000e+02   2.0249534e-01   1.6696798e+00
   9.4500000e+02   1.9179006e-01   1.6641667e+00
   9.4600000e+02   1.8125247e-01   1.6567781e+00
   9.4700000e+02   1.7131132e-01   1.6477501e+00
   9.4800000e+02   1.6221629e-01   1.6370917e+00
   9.4900000e+02   1.5503110e-01   1.6237136e+00
   9.5000000e+02   1.5068544e-01   1.6077495e+00
   9.5100000e+02   1.4879107e-01   1.5899691e+00
   9.5200000e+02   1.4799558e-01   1.5707408e+00
   9.5300000e+02   1.4902841e-01   1.5517294e+00
   9.5400000e+02   1.5272468e-01   1.5329810e+00
   9.5500000e+02   1.5869038e-01   1.5147603e+00
   9.5600000e+02   1.6582245e-01   1.5035253e+00
   9.5700000e+02   1.7233801e-01   1.4975906e+00
   9.5800000e+02   1.7719672e-01   1.4929878e+00
   9.5900000e+02   1.8118801e-01   1.4863914e+00
   9.6000000e+02   1.8418914e-01   1.4803353e+00
   9.6100000e+02   1.8688662e-01   1.4737147e+00
   9.6200000e+02   1.8654798e-01   1.4655435e+00
   9.6300000e+02   1.8446695e-01   1.4569213e+00
   9.6400000e+02   1.7785651e-01   1.4478956e+00
   9.6500000e+02   1.6519741e-01   1.4413492e+00
   9.6600000e+02   1.4732578e-01   1.4365351e+00
   9.6700000e+02   1.2648112e-01   1.4343463e+00
   9.6800000e+02   1.0607701e-01   1.4323238e+00
   9.6900000e+02   8.9302104e-02   1.4325255e+00
   9.7000000e+02   7.5243115e-02   1.4337660e+00
   9.7100000e+02   6.3582718e-02   1.4343044e+00
   9.7200000e+02   5.2074936e-02   1.4330532e+00
   9.7300000e+02   4.1399586e-02   1.4299236e+00
   9.7400000e+02   2.9053304e-02   1.4256865e+00
   9.7500000e+02   1.4109242e-02   1.4218542e+00
   9.7600000e+02  -1.8409698e-03   1.4177418e+00
   9.7700000e+02  -1.8156619e-02   1.4136139e+00
   9.7800000e+02  -3.5355158e-02   1.4085901e+00
   9.7900000e+02  -5.3165989e-02   1.4027139e+00
   9.8000000e+02  -6.9746648e-02   1.3966503e+00
   9.8100000e+02  -8.3881763e-02   1.3918865e+00
   9.8200000e+02  -9.5414759e-02   1.3888246e+00
   9.8300000e+02  -1.0469301e-01   1.3867169e+00
   9.8400000e+02  -1.1045285e-01   1.3856930e+00
   9.8500000e+02  -1.1633005e-01   1.3847774e+00
   9.8600000e+02  -1.2178485e-01   1.3811809e+00
   9.8700000e+02  -1.2775701e-01   1.3796239e+00
   9.8800000e+02  -1.3381054e-01   1.3775114e+00
   9.8900000e+02  -1.3847399e-01   1.3767838e+00
   9.9000000e+02  -1.4297369e-01   1.3746968e+00
   9.9100000e+02  -1.4664752e-01   1.3729005e+00
   9.9200000e+02  -1.5121227e-01   1.3692178e+00
   9.9300000e+02  -1.5671287e-01   1.3653375e+00
   9.9400000e+02  -1.6437273e-01   1.3598248e+00
   9.9500000e+02  -1.7322338e-01   1.3519238e+00
   9.9600000e+02  -1.8600194e-01   1.3411425e+00
   9.9700000e+02  -2.0198444e-01   1.3262137e+00
   9.9800000e+02  -2.1902043e-01   1.3114899e+00
   9.9900000e+02  -2.3468103e-01   1.2940200e+00
   1.0000000e+03  -2.4719806e-01   1.2810085e+00
   1.0010000e+03  -2.5577146e-01   1.2686371e+00
   1.0020000e+03  -2.6209056e-01   1.2573712e+00
   1.0030000e+03  -2.6770189e-01   1.2450602e+00
   1.0040000e+03  -2.7377799e-01   1.2317545e+00
   1.0050000e+03  -2.7872664e-01   1.2196775e+00
   1.0060000e+03  -2.8405775e-01   1.2084324e+00
   1.0070000e+03  -2.8915430e-01   1.1976293e+00
   1.0080000e+03  -2.9573975e-01   1.1855487e+00
   1.0090000e+03  -3.0324263e-01   1.1717710e+00
   1.0100000e+03  -3.1284192e-01   1.1569673e+00
   1.0110000e+03  -3.2391826e-01   1.1425458e+00
   1.0120000e+03  -3.3196440e-01   1.1284483e+00
   1.0130000e+03  -3.3619844e-01   1.1175139e+00
   1.0140000e+03  -3.3624481e-01   1.1093474e+00
   1.0150000e+03  -3.3707307e-01   1.0994489e+00
   1.0160000e+03  -3.3757982e-01   1.0872347e+00
   1.0170000e+03  -3.3759282e-01   1.0733215e+00
   1.0180000e+03  -3.3724637e-01   1.0590986e+00
   1.0190000e+03  -3.3503996e-01   1.0460560e+00
   1.0200000e+03  -3.3087792e-01   1.0347227e+00
   1.0210000e+03  -3.2584116e-01   1.0226565e+00
   1.0220000e+03  -3.2303947e-01   1.0127629e+00
   1.0230000e+03  -3.2119106e-01   1.0063442e+00
   1.0240000e+03  -3.1932728e-01   1.0033025e+00
   1.0250000e+03  -3.1443242e-01   1.0046379e+00
   1.0260000e+03  -3.0816450e-01   1.0100177e+00
   1.0270000e+03  -3.0207239e-01   1.0164070e+00
   1.0280000e+03  -2.9410638e-01   1.0197575e+00
   1.0290000e+03  -2.8778403e-01   1.0197416e+00
   1.0300000e+03  -2.8277504e-01   1.0164205e+00
   1.0310000e+03  -2.7802347e-01   1.0132666e+00
   1.0320000e+03  -2.7351924e-01   1.0097105e+00
   1.0330000e+03  -2.6960973e-01   1.0064650e+00
   1.0340000e+03  -2.6636069e-01   9.9836740e-01
   1.0350000e+03  -2.6258764e-01   9.8784642e-01
   1.0360000e+03  -2.6127150e-01   9.7737362e-01
   1.0370000e+03  -2.6137764e-01   9.6680018e-01
   1.0380000e+03  -2.6081882e-01   9.5705250e-01
   1.0390000e+03  -2.5993506e-01   9.4863089e-01
   1.0400000e+03  -2.5890796e-01   9.4236691e-01
   1.0410000e+03  -2.5864402e-01   9.3703447e-01
   1.0420000e+03  -2.5699995e-01   9.3163173e-01
   1.0430000e+03  -2.5214938e-01   9.2239721e-01
   1.0440000e+03  -2.4336047e-01   9.1211372e-01
   1.0450000e+03  -2.3029770e-01   8.9534095e-01
   1.0460000e+03  -2.1790891e-01   8.8058597e-01
   1.0470000e+03  -2.0678138e-01   8.6898424e-01
   1.0480000e+03  -1.9960439e-01   8.6259192e-01
   1.0490000e+03  -1.9641212e-01   8.5813635e-01
   1.0500000e+03  -1.9533973e-01   8.5447367e-01
   1.0510000e+03  -1.9243457e-01   8.4841784e-01
   1.0520000e+03  -1.8927122e-01   8.4027306e-01
   1.0530000e+03  -1.8491401e-01   8.3208860e-01
   1.0540000e+03  -1.8357621e-01   8.2268285e-01
   1.0550000e+03  -1.8599212e-01   8.1237889e-01
   1.0560000e+03  -1.8915442e-01   8.0223943e-01
   1.0570000e+03  -1.9139803e-01   7.9130527e-01
   1.0580000e+03  -1.8809193e-01   7.8384756e-01
   1.0590000e+03  -1.8328723e-01   7.7609292e-01
   1.0600000e+03  -1.7802529e-01   7.6853752e-01
   1.0610000e+03  -1.7316860e-01   7.6097789e-01
   1.0620000e+03  -1.6594841e-01   7.5449897e-01
   1.0630000e+03  -1.5739994e-01   7.5032793e-01
   1.0640000e+03  -1.4790240e-01   7.4719028e-01
   1.0650000e+03  -1.3753847e-01   7.4183944e-01
   1.0660000e+03  -1.2383309e-01   7.3525164e-01
   1.0670000e+03  -1.0699412e-01   7.2588541e-01
   1.0680000e+03  -8.9630762e-02   7.1222655e-01
   1.0690000e+03  -7.2148780e-02   6.9414911e-01
   1.0700000e+03  -5.4999856e-02   6.7854531e-01
   1.0710000e+03  -4.0762475e-02   6.6537809e-01
   1.0720000e+03  -2.8333619e-02   6.5454778e-01
   1.0730000e+03  -1.6975964e-02   6.4459385e-01
   1.0740000e+03  -7.1253232e-03   6.3801635e-01
   1.0750000e+03   3.4806603e-03   6.3123062e-01
   1.0760000e+03   1.4387213e-02   6.2579331e-01
   1.0770000e+03   2.2888333e-02   6.1973793e-01
   1.0780000e+03   3.0012186e-02   6.1422305e-01
   1.0790000e+03   3.5402056e-02   6.1210058e-01
   1.0800000e+03   4.0106438e-02   6.1084268e-01
   1.0810000e+03   4.3356508e-02   6.0701368e-01
   1.0820000e+03   4.6509809e-02   6.0369186e-01
   1.0830000e+03   5.0793792e-02   6.0214203e-01
   1.0840000e+03   5.5815268e-02   6.0330655e-01
   1.0850000e+03   5.9661537e-02   6.0583160e-01
   1.0860000e+03   6.1035381e-02   6.0890234e-01
   1.0870000e+03   6.1386097e-02   6.1002168e-01
   1.0880000e+03   6.2541128e-02   6.0930674e-01
   1.0890000e+03   6.4526151e-02   6.0679690e-01
   1.0900000e+03   6.6612478e-02   6.0235424e-01
   1.0910000e+03   6.9639811e-02   5.9544267e-01
   1.0920000e+03   7.1013440e-02   5.9002855e-01
   1.0930000e+03   7.4505189e-02   5.8587038e-01
   1.0940000e+03   7.5411803e-02   5.8310644e-01
   1.0950000e+03   7.7125355e-02   5.8103016e-01
   1.0960000e+03   7.8064266e-02   5.7934057e-01
   1.0970000e+03   7.9956741e-02   5.7650389e-01
   1.0980000e+03   8.1910501e-02   5.7280807e-01
   1.0990000e+03   8.3533669e-02   5.6922782e-01
   1.1000000e+03   8.4467094e-02   5.6714405e-01
   1.1010000e+03   8.3340101e-02   5.6492690e-01
   1.1020000e+03   8.1028572e-02   5.6374169e-01
   1.1030000e+03   7.8287071e-02   5.6066380e-01
   1.1040000e+03   7.4823934e-02   5.5428652e-01
   1.1050000e+03   6.8697294e-02   5.4643252e-01
   1.1060000e+03   6.4724194e-02   5.3904230e-01
   1.1070000e+03   6.0061464e-02   5.3442948e-01
   1.1080000e+03   5.8594528e-02   5.3015579e-01
   1.1090000e+03   5.8296704e-02   5.2524018e-01
   1.1100000e+03   6.0046060e-02   5.1888281e-01
   1.1110000e+03   6.3873549e-02   5.1232493e-01
   1.1120000e+03   6.9022585e-02   5.0758681e-01
   1.1130000e+03   7.2746208e-02   5.0309449e-01
   1.1140000e+03   7.5342439e-02   4.9968514e-01
   1.1150000e+03   7.7646583e-02   4.9703701e-01
   1.1160000e+03   8.0037976e-02   4.9483012e-01
   1.1170000e+03   8.4714213e-02   4.9581641e-01
   1.1180000e+03   8.9979798e-02   4.9085956e-01
   1.1190000e+03   9.5126790e-02   4.8159255e-01
   1.1200000e+03   1.0112403e-01   4.6928680e-01
   1.1210000e+03   1.0729764e-01   4.5337079e-01
   1.1220000e+03   1.1632919e-01   4.3938733e-01
   1.1230000e+03   1.2236499e-01   4.3083677e-01
   1.1240000e+03   1.2770654e-01   4.3858847e-01
   1.1250000e+03   1.2631046e-01   4.3631617e-01
   1.1260000e+03   1.2470310e-01   4.3050580e-01
   1.1270000e+03   1.1947843e-01   4.1423921e-01
   1.1280000e+03   1.2199742e-01   4.1553811e-01
   1.1290000e+03   1.2703263e-01   4.1035958e-01
   1.1300000e+03   1.3281180e-01   3.8051433e-01
   1.1310000e+03   1.4270754e-01   3.9510361e-01
   1.1320000e+03   1.5604345e-01   3.9567277e-01
   1.1330000e+03   1.6810115e-01   3.9880898e-01
   1.1340000e+03   1.7767195e-01   4.0461350e-01
   1.1350000e+03   1.8294370e-01   4.0431720e-01
   1.1360000e+03   1.8810163e-01   4.1172386e-01
   1.1370000e+03   1.9081533e-01   4.1647116e-01
   1.1380000e+03   1.8879264e-01   4.2068848e-01
   1.1390000e+03   1.8781586e-01   4.1754730e-01
   1.1400000e+03   1.8833427e-01   4.1263092e-01
   1.1410000e+03   1.8827058e-01   4.0452856e-01
   1.1420000e+03   1.8615462e-01   4.0180797e-01
   1.1430000e+03   1.8308153e-01   3.9252381e-01
   1.1440000e+03   1.8260849e-01   3.9243618e-01
   1.1450000e+03   1.8157925e-01   3.9811379e-01
   1.1460000e+03   1.7807990e-01   3.9962438e-01
   1.1470000e+03   1.7487945e-01   4.0230435e-01
   1.1480000e+03   1.6974715e-01   4.0597130e-01
   1.1490000e+03   1.6332863e-01   4.1163487e-01
   1.1500000e+03   1.5565250e-01   4.1310097e-01
   1.1510000e+03   1.4537266e-01   4.1357477e-01
   1.1520000e+03   1.3909887e-01   4.2078972e-01
   1.1530000e+03   1.3287821e-01   4.3264074e-01
   1.1540000e+03   1.2920383e-01   4.3544020e-01
   1.1550000e+03   1.2640088e-01   4.3978681e-01
   1.1560000e+03   1.2484478e-01   4.4184050e-01
   1.1570000e+03   1.2438923e-01   4.3904728e-01
   1.1580000e+03   1.2545955e-01   4.3314360e-01
   1.1590000e+03   1.2612293e-01   4.2656281e-01
   1.1600000e+03   1.2989722e-01   4.2376123e-01
   1.1610000e+03   1.3251091e-01   4.1791435e-01
   1.1620000e+03   1.3385310e-01   4.0945445e-01
   1.1630000e+03   1.3269191e-01   4.0456158e-01
   1.1640000e+03   1.2847370e-01   3.9706855e-01
   1.1650000e+03   1.2060622e-01   3.8638730e-01
   1.1660000e+03   1.1913850e-01   3.7871796e-01
   1.1670000e+03   1.1900813e-01   3.7242841e-01
   1.1680000e+03   1.2421999e-01   3.6959561e-01
   1.1690000e+03   1.2442152e-01   3.6821232e-01
   1.1700000e+03   1.2914959e-01   3.6770165e-01
   1.1710000e+03   1.3206165e-01   3.6240448e-01
   1.1720000e+03   1.3463820e-01   3.5619861e-01
   1.1730000e+03   1.3517872e-01   3.5173741e-01
   1.1740000e+03   1.3808917e-01   3.4598917e-01
   1.1750000e+03   1.3989139e-01   3.4032436e-01
   1.1760000e+03   1.3987835e-01   3.3516430e-01
   1.1770000e+03   1.3921404e-01   3.2110124e-01
   1.1780000e+03   1.3663750e-01   3.1404338e-01
   1.1790000e+03   1.3312689e-01   3.0644016e-01
   1.1800000e+03   1.2728886e-01   3.0234015e-01
   1.1810000e+03   1.2626948e-01   2.7451138e-01
   1.1820000e+03   1.2475940e-01   2.7469269e-01
   1.1830000e+03   1.2134363e-01   2.6452425e-01
   1.1840000e+03   1.1703136e-01   2.5359106e-01
   1.1850000e+03   1.1395219e-01   2.4646477e-01
   1.1860000e+03   1.0575142e-01   2.4309683e-01
   1.1870000e+03   9.3174195e-02   2.4459128e-01
   1.1880000e+03   8.3046171e-02   2.4692782e-01
   1.1890000e+03   7.8713539e-02   2.4776882e-01
   1.1900000e+03   7.4656318e-02   2.4473225e-01
   1.1910000e+03   7.1193584e-02   2.3767612e-01
   1.1920000e+03   6.9612424e-02   2.3099635e-01
   1.1930000e+03   6.8203701e-02   2.2291252e-01
   1.1940000e+03   6.5484212e-02   2.1083969e-01
   1.1950000e+03   6.1464509e-02   1.9850429e-01
   1.1960000e+03   5.8099882e-02   1.8301132e-01
   1.1970000e+03   5.2093249e-02   1.6425643e-01
   1.1980000e+03   4.4627449e-02   1.4190980e-01
   1.1990000e+03   3.6383348e-02   1.1357521e-01
