   1.6500000e+02   1.0739941e+00   3.1451563e+00
   1.6600000e+02   1.0703675e+00   3.1240852e+00
   1.6700000e+02   1.0659075e+00   3.1051766e+00
   1.6800000e+02   1.0602029e+00   3.0872941e+00
   1.6900000e+02   1.0537149e+00   3.0707868e+00
   1.7000000e+02   1.0467226e+00   3.0550786e+00
   1.7100000e+02   1.0392599e+00   3.0419817e+00
   1.7200000e+02   1.0300726e+00   3.0289363e+00
   1.7300000e+02   1.0193838e+00   3.0180835e+00
   1.7400000e+02   1.0083017e+00   3.0077030e+00
   1.7500000e+02   9.9545952e-01   2.9974363e+00
   1.7600000e+02   9.8208948e-01   2.9865792e+00
   1.7700000e+02   9.6833772e-01   2.9739255e+00
   1.7800000e+02   9.5465249e-01   2.9598387e+00
   1.7900000e+02   9.4081286e-01   2.9437406e+00
   1.8000000e+02   9.2742072e-01   2.9255853e+00
   1.8100000e+02   9.1434283e-01   2.9078170e+00
   1.8200000e+02   9.0342791e-01   2.8879251e+00
   1.8300000e+02   8.9538303e-01   2.8673489e+00
   1.8400000e+02   8.9244955e-01   2.8467695e+00
   1.8500000e+02   8.9219545e-01   2.8258619e+00
   1.8600000e+02   8.9439462e-01   2.8059316e+00
   1.8700000e+02   8.9826928e-01   2.7869282e+00
   1.8800000e+02   9.0253733e-01   2.7673773e+00
   1.8900000e+02   9.0480857e-01   2.7501446e+00
   1.9000000e+02   9.0498253e-01   2.7349437e+00
   1.9100000e+02   9.0346801e-01   2.7220706e+00
   1.9200000e+02   9.0107086e-01   2.7113595e+00
   1.9300000e+02   8.9709301e-01   2.7012107e+00
   1.9400000e+02   8.9247410e-01   2.6920254e+00
   1.9500000e+02   8.8721766e-01   2.6835935e+00
   1.9600000e+02   8.8108472e-01   2.6760975e+00
   1.9700000e+02   8.7508103e-01   2.6693127e+00
   1.9800000e+02   8.7058390e-01   2.6649245e+00
   1.9900000e+02   8.6661973e-01   2.6617114e+00
   2.0000000e+02   8.6374896e-01   2.6601038e+00
   2.0100000e+02   8.6121631e-01   2.6590202e+00
   2.0200000e+02   8.5771841e-01   2.6579411e+00
   2.0300000e+02   8.5377822e-01   2.6570089e+00
   2.0400000e+02   8.4891366e-01   2.6550192e+00
   2.0500000e+02   8.4344907e-01   2.6514758e+00
   2.0600000e+02   8.3921603e-01   2.6473148e+00
   2.0700000e+02   8.3450947e-01   2.6423373e+00
   2.0800000e+02   8.3088056e-01   2.6373153e+00
   2.0900000e+02   8.2873353e-01   2.6321153e+00
   2.1000000e+02   8.2782711e-01   2.6271230e+00
   2.1100000e+02   8.2698501e-01   2.6225789e+00
   2.1200000e+02   8.3022508e-01   2.6204359e+00
   2.1300000e+02   8.3365428e-01   2.6181528e+00
   2.1400000e+02   8.3772546e-01   2.6172756e+00
   2.1500000e+02   8.4153357e-01   2.6169071e+00
   2.1600000e+02   8.4384016e-01   2.6173223e+00
   2.1700000e+02   8.4563012e-01   2.6185832e+00
   2.1800000e+02   8.4506823e-01   2.6195046e+00
   2.1900000e+02   8.4409047e-01   2.6203968e+00
   2.2000000e+02   8.4162692e-01   2.6208683e+00
   2.2100000e+02   8.3800321e-01   2.6210935e+00
   2.2200000e+02   8.3285922e-01   2.6215943e+00
   2.2300000e+02   8.2721570e-01   2.6219094e+00
   2.2400000e+02   8.2003267e-01   2.6217902e+00
   2.2500000e+02   8.1316154e-01   2.6213723e+00
   2.2600000e+02   8.0664691e-01   2.6193908e+00
   2.2700000e+02   8.0117030e-01   2.6181497e+00
   2.2800000e+02   7.9781145e-01   2.6152282e+00
   2.2900000e+02   7.9770942e-01   2.6118580e+00
   2.3000000e+02   8.0002287e-01   2.6074001e+00
   2.3100000e+02   8.0614080e-01   2.6007323e+00
   2.3200000e+02   8.1482274e-01   2.5913448e+00
   2.3300000e+02   8.2560435e-01   2.5793759e+00
   2.3400000e+02   8.3572911e-01   2.5648999e+00
   2.3500000e+02   8.4462135e-01   2.5473321e+00
   2.3600000e+02   8.5184342e-01   2.5298029e+00
   2.3700000e+02   8.5451200e-01   2.5124162e+00
   2.3800000e+02   8.5345252e-01   2.4959257e+00
   2.3900000e+02   8.4926034e-01   2.4811881e+00
   2.4000000e+02   8.4367020e-01   2.4692737e+00
   2.4100000e+02   8.3922547e-01   2.4604359e+00
   2.4200000e+02   8.3541103e-01   2.4541795e+00
   2.4300000e+02   8.3450031e-01   2.4500622e+00
   2.4400000e+02   8.3510712e-01   2.4463410e+00
   2.4500000e+02   8.3742711e-01   2.4439064e+00
   2.4600000e+02   8.4025515e-01   2.4423544e+00
   2.4700000e+02   8.4373254e-01   2.4408942e+00
   2.4800000e+02   8.4642204e-01   2.4408250e+00
   2.4900000e+02   8.4846852e-01   2.4428120e+00
   2.5000000e+02   8.4929142e-01   2.4443725e+00
   2.5100000e+02   8.4766927e-01   2.4457213e+00
   2.5200000e+02   8.4528161e-01   2.4492213e+00
   2.5300000e+02   8.4203304e-01   2.4536235e+00
   2.5400000e+02   8.3800399e-01   2.4580791e+00
   2.5500000e+02   8.3505229e-01   2.4618998e+00
   2.5600000e+02   8.3205177e-01   2.4643549e+00
   2.5700000e+02   8.2976163e-01   2.4653503e+00
   2.5800000e+02   8.2691308e-01   2.4640836e+00
   2.5900000e+02   8.2537003e-01   2.4620163e+00
   2.6000000e+02   8.2510134e-01   2.4572487e+00
   2.6100000e+02   8.2658143e-01   2.4531596e+00
   2.6200000e+02   8.2827300e-01   2.4492712e+00
   2.6300000e+02   8.2960677e-01   2.4457782e+00
   2.6400000e+02   8.3022349e-01   2.4439884e+00
   2.6500000e+02   8.2940548e-01   2.4437192e+00
   2.6600000e+02   8.2688235e-01   2.4426358e+00
   2.6700000e+02   8.2263701e-01   2.4431613e+00
   2.6800000e+02   8.1763632e-01   2.4430153e+00
   2.6900000e+02   8.1298285e-01   2.4419368e+00
   2.7000000e+02   8.0846140e-01   2.4408030e+00
   2.7100000e+02   8.0494538e-01   2.4393565e+00
   2.7200000e+02   8.0186125e-01   2.4374123e+00
   2.7300000e+02   7.9994093e-01   2.4350015e+00
   2.7400000e+02   7.9873980e-01   2.4324101e+00
   2.7500000e+02   7.9854775e-01   2.4302519e+00
   2.7600000e+02   7.9945381e-01   2.4270717e+00
   2.7700000e+02   8.0149862e-01   2.4236865e+00
   2.7800000e+02   8.0353621e-01   2.4194723e+00
   2.7900000e+02   8.0584308e-01   2.4155678e+00
   2.8000000e+02   8.0903733e-01   2.4128507e+00
   2.8100000e+02   8.1172665e-01   2.4099959e+00
   2.8200000e+02   8.1462075e-01   2.4090237e+00
   2.8300000e+02   8.1678391e-01   2.4078630e+00
   2.8400000e+02   8.1890339e-01   2.4081407e+00
   2.8500000e+02   8.2004314e-01   2.4086392e+00
   2.8600000e+02   8.1968836e-01   2.4076744e+00
   2.8700000e+02   8.1979032e-01   2.4091754e+00
   2.8800000e+02   8.1738070e-01   2.4073188e+00
   2.8900000e+02   8.1617414e-01   2.4053816e+00
   2.9000000e+02   8.1421143e-01   2.4043541e+00
   2.9100000e+02   8.1261748e-01   2.4030072e+00
   2.9200000e+02   8.1189471e-01   2.4025450e+00
   2.9300000e+02   8.1164489e-01   2.4021389e+00
   2.9400000e+02   8.1250194e-01   2.4038176e+00
   2.9500000e+02   8.1553415e-01   2.4066124e+00
   2.9600000e+02   8.2052815e-01   2.4095681e+00
   2.9700000e+02   8.2740427e-01   2.4127377e+00
   2.9800000e+02   8.3541702e-01   2.4146802e+00
   2.9900000e+02   8.4492778e-01   2.4163558e+00
   3.0000000e+02   8.5445300e-01   2.4187144e+00
   3.0100000e+02   8.6317450e-01   2.4206411e+00
   3.0200000e+02   8.7037882e-01   2.4224977e+00
   3.0300000e+02   8.7546626e-01   2.4234269e+00
   3.0400000e+02   8.7818922e-01   2.4239180e+00
   3.0500000e+02   8.7983192e-01   2.4226314e+00
   3.0600000e+02   8.8141302e-01   2.4202353e+00
   3.0700000e+02   8.8289172e-01   2.4171956e+00
   3.0800000e+02   8.8512724e-01   2.4128254e+00
   3.0900000e+02   8.8763789e-01   2.4085850e+00
   3.1000000e+02   8.9123630e-01   2.4034648e+00
   3.1100000e+02   8.9527250e-01   2.3972432e+00
   3.1200000e+02   9.0137794e-01   2.3913075e+00
   3.1300000e+02   9.0770357e-01   2.3848401e+00
   3.1400000e+02   9.1575534e-01   2.3788630e+00
   3.1500000e+02   9.2321092e-01   2.3735709e+00
   3.1600000e+02   9.3031231e-01   2.3692035e+00
   3.1700000e+02   9.3573424e-01   2.3653296e+00
   3.1800000e+02   9.3938298e-01   2.3634647e+00
   3.1900000e+02   9.4195740e-01   2.3629820e+00
   3.2000000e+02   9.4269886e-01   2.3631631e+00
   3.2100000e+02   9.4275802e-01   2.3635824e+00
   3.2200000e+02   9.4271770e-01   2.3629060e+00
   3.2300000e+02   9.4295087e-01   2.3610020e+00
   3.2400000e+02   9.4351438e-01   2.3580462e+00
   3.2500000e+02   9.4495199e-01   2.3541131e+00
   3.2600000e+02   9.4550753e-01   2.3479397e+00
   3.2700000e+02   9.4670212e-01   2.3416932e+00
   3.2800000e+02   9.4642950e-01   2.3360653e+00
   3.2900000e+02   9.4519533e-01   2.3315476e+00
   3.3000000e+02   9.4251998e-01   2.3281493e+00
   3.3100000e+02   9.3937408e-01   2.3265115e+00
   3.3200000e+02   9.3689009e-01   2.3262477e+00
   3.3300000e+02   9.3474321e-01   2.3278484e+00
   3.3400000e+02   9.3291214e-01   2.3308490e+00
   3.3500000e+02   9.3115978e-01   2.3342235e+00
   3.3600000e+02   9.2907258e-01   2.3377436e+00
   3.3700000e+02   9.2652368e-01   2.3415860e+00
   3.3800000e+02   9.2428008e-01   2.3441165e+00
   3.3900000e+02   9.2123504e-01   2.3465627e+00
   3.4000000e+02   9.1724431e-01   2.3484129e+00
   3.4100000e+02   9.1284738e-01   2.3494192e+00
   3.4200000e+02   9.0874503e-01   2.3495008e+00
   3.4300000e+02   9.0440028e-01   2.3486879e+00
   3.4400000e+02   9.0040874e-01   2.3472410e+00
   3.4500000e+02   8.9652977e-01   2.3458006e+00
   3.4600000e+02   8.9334719e-01   2.3443279e+00
   3.4700000e+02   8.9031861e-01   2.3421072e+00
   3.4800000e+02   8.8726267e-01   2.3398018e+00
   3.4900000e+02   8.8578248e-01   2.3369603e+00
   3.5000000e+02   8.8292756e-01   2.3338454e+00
   3.5100000e+02   8.7990505e-01   2.3313744e+00
   3.5200000e+02   8.7707530e-01   2.3293803e+00
   3.5300000e+02   8.7430802e-01   2.3279127e+00
   3.5400000e+02   8.7138912e-01   2.3273806e+00
   3.5500000e+02   8.6762013e-01   2.3279329e+00
   3.5600000e+02   8.6476380e-01   2.3294088e+00
   3.5700000e+02   8.6032891e-01   2.3307090e+00
   3.5800000e+02   8.5589463e-01   2.3326200e+00
   3.5900000e+02   8.5099969e-01   2.3344903e+00
   3.6000000e+02   8.4664631e-01   2.3359118e+00
   3.6100000e+02   8.4332301e-01   2.3375722e+00
   3.6200000e+02   8.4086790e-01   2.3401076e+00
   3.6300000e+02   8.3888474e-01   2.3413292e+00
   3.6400000e+02   8.3732690e-01   2.3428560e+00
   3.6500000e+02   8.3647604e-01   2.3431361e+00
   3.6600000e+02   8.3558047e-01   2.3426662e+00
   3.6700000e+02   8.3554131e-01   2.3407536e+00
   3.6800000e+02   8.3620799e-01   2.3382158e+00
   3.6900000e+02   8.3796746e-01   2.3342059e+00
   3.7000000e+02   8.3964830e-01   2.3297212e+00
   3.7100000e+02   8.4126472e-01   2.3244414e+00
   3.7200000e+02   8.4142605e-01   2.3180223e+00
   3.7300000e+02   8.4259928e-01   2.3124272e+00
   3.7400000e+02   8.4105705e-01   2.3042356e+00
   3.7500000e+02   8.3874096e-01   2.2960547e+00
   3.7600000e+02   8.3622593e-01   2.2869780e+00
   3.7700000e+02   8.3417336e-01   2.2766857e+00
   3.7800000e+02   8.3146582e-01   2.2670894e+00
   3.7900000e+02   8.3007083e-01   2.2574583e+00
   3.8000000e+02   8.2779985e-01   2.2480479e+00
   3.8100000e+02   8.2507453e-01   2.2378172e+00
   3.8200000e+02   8.2201647e-01   2.2274752e+00
   3.8300000e+02   8.1768706e-01   2.2165122e+00
   3.8400000e+02   8.1291535e-01   2.2056840e+00
   3.8500000e+02   8.0654103e-01   2.1947601e+00
   3.8600000e+02   8.0054952e-01   2.1851233e+00
   3.8700000e+02   7.9434645e-01   2.1772126e+00
   3.8800000e+02   7.8797274e-01   2.1689916e+00
   3.8900000e+02   7.8242564e-01   2.1632891e+00
   3.9000000e+02   7.7743443e-01   2.1589615e+00
   3.9100000e+02   7.7379702e-01   2.1563376e+00
   3.9200000e+02   7.7170024e-01   2.1544004e+00
   3.9300000e+02   7.7018713e-01   2.1537229e+00
   3.9400000e+02   7.6900450e-01   2.1533253e+00
   3.9500000e+02   7.6817184e-01   2.1531335e+00
   3.9600000e+02   7.6827424e-01   2.1521077e+00
   3.9700000e+02   7.6966002e-01   2.1519308e+00
   3.9800000e+02   7.7145454e-01   2.1502730e+00
   3.9900000e+02   7.7358444e-01   2.1483035e+00
   4.0000000e+02   7.7589645e-01   2.1465546e+00
   4.0100000e+02   7.7795137e-01   2.1440976e+00
   4.0200000e+02   7.8023808e-01   2.1417225e+00
   4.0300000e+02   7.8170156e-01   2.1393639e+00
   4.0400000e+02   7.8273037e-01   2.1368250e+00
   4.0500000e+02   7.8246373e-01   2.1343122e+00
   4.0600000e+02   7.8192577e-01   2.1315652e+00
   4.0700000e+02   7.8104026e-01   2.1282744e+00
   4.0800000e+02   7.7976867e-01   2.1256664e+00
   4.0900000e+02   7.7878396e-01   2.1242992e+00
   4.1000000e+02   7.7736491e-01   2.1237308e+00
   4.1100000e+02   7.7635547e-01   2.1245150e+00
   4.1200000e+02   7.7492272e-01   2.1279567e+00
   4.1300000e+02   7.7331251e-01   2.1319533e+00
   4.1400000e+02   7.7154639e-01   2.1374841e+00
   4.1500000e+02   7.6947203e-01   2.1439605e+00
   4.1600000e+02   7.6712222e-01   2.1495418e+00
   4.1700000e+02   7.6481797e-01   2.1551248e+00
   4.1800000e+02   7.6325277e-01   2.1594252e+00
   4.1900000e+02   7.6239996e-01   2.1627749e+00
   4.2000000e+02   7.6169782e-01   2.1657825e+00
   4.2100000e+02   7.6047181e-01   2.1693534e+00
   4.2200000e+02   7.6073853e-01   2.1717986e+00
   4.2300000e+02   7.6084364e-01   2.1736339e+00
   4.2400000e+02   7.6146255e-01   2.1743852e+00
   4.2500000e+02   7.6130074e-01   2.1751741e+00
   4.2600000e+02   7.6061311e-01   2.1748543e+00
   4.2700000e+02   7.5855663e-01   2.1740412e+00
   4.2800000e+02   7.5512249e-01   2.1720604e+00
   4.2900000e+02   7.5015470e-01   2.1686869e+00
   4.3000000e+02   7.4347332e-01   2.1645091e+00
   4.3100000e+02   7.3591953e-01   2.1593147e+00
   4.3200000e+02   7.2862071e-01   2.1540310e+00
   4.3300000e+02   7.2232027e-01   2.1499973e+00
   4.3400000e+02   7.1652555e-01   2.1467825e+00
   4.3500000e+02   7.1163831e-01   2.1442289e+00
   4.3600000e+02   7.0834596e-01   2.1430178e+00
   4.3700000e+02   7.0633671e-01   2.1422661e+00
   4.3800000e+02   7.0566390e-01   2.1439709e+00
   4.3900000e+02   7.0557027e-01   2.1457280e+00
   4.4000000e+02   7.0798783e-01   2.1482017e+00
   4.4100000e+02   7.1201934e-01   2.1509062e+00
   4.4200000e+02   7.1842285e-01   2.1539200e+00
   4.4300000e+02   7.2812437e-01   2.1571047e+00
   4.4400000e+02   7.4041631e-01   2.1591574e+00
   4.4500000e+02   7.5522459e-01   2.1602710e+00
   4.4600000e+02   7.6952187e-01   2.1608697e+00
   4.4700000e+02   7.8382972e-01   2.1608124e+00
   4.4800000e+02   7.9728312e-01   2.1605366e+00
   4.4900000e+02   8.1001981e-01   2.1616935e+00
   4.5000000e+02   8.2215642e-01   2.1636843e+00
   4.5100000e+02   8.3325086e-01   2.1659905e+00
   4.5200000e+02   8.4409608e-01   2.1677487e+00
   4.5300000e+02   8.5485549e-01   2.1689335e+00
   4.5400000e+02   8.6604341e-01   2.1691655e+00
   4.5500000e+02   8.7747951e-01   2.1683958e+00
   4.5600000e+02   8.8834318e-01   2.1670286e+00
   4.5700000e+02   8.9857032e-01   2.1650153e+00
   4.5800000e+02   9.0769791e-01   2.1629043e+00
   4.5900000e+02   9.1554180e-01   2.1612675e+00
   4.6000000e+02   9.2397183e-01   2.1575844e+00
   4.6100000e+02   9.3251005e-01   2.1529999e+00
   4.6200000e+02   9.4123481e-01   2.1472574e+00
   4.6300000e+02   9.5070150e-01   2.1409682e+00
   4.6400000e+02   9.6151598e-01   2.1354492e+00
   4.6500000e+02   9.7497474e-01   2.1317906e+00
   4.6600000e+02   9.9311894e-01   2.1281111e+00
   4.6700000e+02   1.0129069e+00   2.1248433e+00
   4.6800000e+02   1.0266491e+00   2.1406556e+00
   4.6900000e+02   1.0568189e+00   2.1211151e+00
   4.7000000e+02   1.0775414e+00   2.1198011e+00
   4.7100000e+02   1.0964480e+00   2.1185692e+00
   4.7200000e+02   1.1143069e+00   2.1168410e+00
   4.7300000e+02   1.1324811e+00   2.1164228e+00
   4.7400000e+02   1.1507952e+00   2.1181946e+00
   4.7500000e+02   1.1684158e+00   2.1229958e+00
   4.7600000e+02   1.1836410e+00   2.1292818e+00
   4.7700000e+02   1.1954709e+00   2.1387667e+00
   4.7800000e+02   1.2033036e+00   2.1490455e+00
   4.7900000e+02   1.2083809e+00   2.1604784e+00
   4.8000000e+02   1.2126850e+00   2.1708637e+00
   4.8100000e+02   1.2177188e+00   2.1781555e+00
   4.8200000e+02   1.2254999e+00   2.1823942e+00
   4.8300000e+02   1.2375239e+00   2.1834194e+00
   4.8400000e+02   1.2517990e+00   2.1821473e+00
   4.8500000e+02   1.2679808e+00   2.1804989e+00
   4.8600000e+02   1.2824854e+00   2.1793764e+00
   4.8700000e+02   1.2940032e+00   2.1795281e+00
   4.8800000e+02   1.3023832e+00   2.1820829e+00
   4.8900000e+02   1.3095278e+00   2.1861528e+00
   4.9000000e+02   1.3179023e+00   2.1923082e+00
   4.9100000e+02   1.3270226e+00   2.2000002e+00
   4.9200000e+02   1.3361564e+00   2.2077545e+00
   4.9300000e+02   1.3430536e+00   2.2141661e+00
   4.9400000e+02   1.3463428e+00   2.2181231e+00
   4.9500000e+02   1.3485059e+00   2.2190660e+00
   4.9600000e+02   1.3523255e+00   2.2179425e+00
   4.9700000e+02   1.3571178e+00   2.2146714e+00
   4.9800000e+02   1.3623443e+00   2.2119805e+00
   4.9900000e+02   1.3666755e+00   2.2103074e+00
   5.0000000e+02   1.3697720e+00   2.2113810e+00
   5.0100000e+02   1.3704754e+00   2.2140943e+00
   5.0200000e+02   1.3696031e+00   2.2184790e+00
   5.0300000e+02   1.3687606e+00   2.2233851e+00
   5.0400000e+02   1.3683799e+00   2.2289917e+00
   5.0500000e+02   1.3699700e+00   2.2344730e+00
   5.0600000e+02   1.3730853e+00   2.2408624e+00
   5.0700000e+02   1.3762653e+00   2.2479726e+00
   5.0800000e+02   1.3812684e+00   2.2559961e+00
   5.0900000e+02   1.3868457e+00   2.2644719e+00
   5.1000000e+02   1.3920204e+00   2.2722455e+00
   5.1100000e+02   1.3968432e+00   2.2791045e+00
   5.1200000e+02   1.4002946e+00   2.2852229e+00
   5.1300000e+02   1.4028390e+00   2.2908011e+00
   5.1400000e+02   1.4035998e+00   2.2971544e+00
   5.1500000e+02   1.4012456e+00   2.3041826e+00
   5.1600000e+02   1.3970647e+00   2.3086059e+00
   5.1700000e+02   1.3899062e+00   2.3114504e+00
   5.1800000e+02   1.3814104e+00   2.3112281e+00
   5.1900000e+02   1.3707494e+00   2.3101244e+00
   5.2000000e+02   1.3588102e+00   2.3083241e+00
   5.2100000e+02   1.3460511e+00   2.3057720e+00
   5.2200000e+02   1.3328637e+00   2.3012591e+00
   5.2300000e+02   1.3195999e+00   2.2968125e+00
   5.2400000e+02   1.3067725e+00   2.2908009e+00
   5.2500000e+02   1.2951058e+00   2.2836186e+00
   5.2600000e+02   1.2838510e+00   2.2761143e+00
   5.2700000e+02   1.2706553e+00   2.2677062e+00
   5.2800000e+02   1.2564335e+00   2.2587653e+00
   5.2900000e+02   1.2416757e+00   2.2490745e+00
   5.3000000e+02   1.2258045e+00   2.2399159e+00
   5.3100000e+02   1.2093982e+00   2.2315277e+00
   5.3200000e+02   1.1942514e+00   2.2234889e+00
   5.3300000e+02   1.1781294e+00   2.2160821e+00
   5.3400000e+02   1.1651309e+00   2.2097290e+00
   5.3500000e+02   1.1542166e+00   2.2027443e+00
   5.3600000e+02   1.1441805e+00   2.1960998e+00
   5.3700000e+02   1.1341955e+00   2.1879007e+00
   5.3800000e+02   1.1231204e+00   2.1802537e+00
   5.3900000e+02   1.1106932e+00   2.1728117e+00
   5.4000000e+02   1.0960493e+00   2.1678417e+00
   5.4100000e+02   1.0817061e+00   2.1649631e+00
   5.4200000e+02   1.0669620e+00   2.1629929e+00
   5.4300000e+02   1.0536468e+00   2.1623482e+00
   5.4400000e+02   1.0421240e+00   2.1612266e+00
   5.4500000e+02   1.0311534e+00   2.1600465e+00
   5.4600000e+02   1.0212310e+00   2.1590976e+00
   5.4700000e+02   1.0132012e+00   2.1574574e+00
   5.4800000e+02   1.0040965e+00   2.1549099e+00
   5.4900000e+02   9.9416166e-01   2.1506809e+00
   5.5000000e+02   9.8292512e-01   2.1453832e+00
   5.5100000e+02   9.7197709e-01   2.1409694e+00
   5.5200000e+02   9.6297630e-01   2.1408230e+00
   5.5300000e+02   9.5796006e-01   2.1425270e+00
   5.5400000e+02   9.5637297e-01   2.1465089e+00
   5.5500000e+02   9.5811013e-01   2.1514381e+00
   5.5600000e+02   9.6114065e-01   2.1551534e+00
   5.5700000e+02   9.6306057e-01   2.1589130e+00
   5.5800000e+02   9.6329256e-01   2.1612971e+00
   5.5900000e+02   9.6024998e-01   2.1639391e+00
   5.6000000e+02   9.5515027e-01   2.1655730e+00
   5.6100000e+02   9.4677874e-01   2.1662836e+00
   5.6200000e+02   9.3616529e-01   2.1654333e+00
   5.6300000e+02   9.2647851e-01   2.1643861e+00
   5.6400000e+02   9.1851059e-01   2.1628994e+00
   5.6500000e+02   9.1133928e-01   2.1605027e+00
   5.6600000e+02   9.0652787e-01   2.1592458e+00
   5.6700000e+02   9.0204201e-01   2.1569614e+00
   5.6800000e+02   8.9896989e-01   2.1548209e+00
   5.6900000e+02   8.9647325e-01   2.1536587e+00
   5.7000000e+02   8.9229399e-01   2.1525018e+00
   5.7100000e+02   8.8539635e-01   2.1509888e+00
   5.7200000e+02   8.7665893e-01   2.1492017e+00
   5.7300000e+02   8.6610469e-01   2.1461717e+00
   5.7400000e+02   8.5490070e-01   2.1423590e+00
   5.7500000e+02   8.4269499e-01   2.1380244e+00
   5.7600000e+02   8.2989837e-01   2.1330558e+00
   5.7700000e+02   8.1659007e-01   2.1298136e+00
   5.7800000e+02   8.0376968e-01   2.1261311e+00
   5.7900000e+02   7.9099422e-01   2.1232326e+00
   5.8000000e+02   7.8025221e-01   2.1211804e+00
   5.8100000e+02   7.7006859e-01   2.1198795e+00
   5.8200000e+02   7.6112729e-01   2.1178525e+00
   5.8300000e+02   7.5244573e-01   2.1166138e+00
   5.8400000e+02   7.4356647e-01   2.1158953e+00
   5.8500000e+02   7.3290784e-01   2.1167382e+00
   5.8600000e+02   7.1976567e-01   2.1181697e+00
   5.8700000e+02   7.0466889e-01   2.1193554e+00
   5.8800000e+02   6.8942863e-01   2.1198279e+00
   5.8900000e+02   6.7291727e-01   2.1203334e+00
   5.9000000e+02   6.5596321e-01   2.1206834e+00
   5.9100000e+02   6.3975646e-01   2.1224510e+00
   5.9200000e+02   6.2408784e-01   2.1265371e+00
   5.9300000e+02   6.0860553e-01   2.1332758e+00
   5.9400000e+02   5.9532726e-01   2.1411094e+00
   5.9500000e+02   5.8359240e-01   2.1500868e+00
   5.9600000e+02   5.7369378e-01   2.1595225e+00
   5.9700000e+02   5.6615808e-01   2.1676593e+00
   5.9800000e+02   5.5884261e-01   2.1743866e+00
   5.9900000e+02   5.4950633e-01   2.1800238e+00
   6.0000000e+02   5.3907918e-01   2.1863696e+00
   6.0100000e+02   5.2859003e-01   2.1920580e+00
   6.0200000e+02   5.1976960e-01   2.1970132e+00
   6.0300000e+02   5.0901320e-01   2.2005285e+00
   6.0400000e+02   5.0095641e-01   2.2006989e+00
   6.0500000e+02   4.9296644e-01   2.1966355e+00
   6.0600000e+02   4.8602999e-01   2.1892344e+00
   6.0700000e+02   4.8172620e-01   2.1794001e+00
   6.0800000e+02   4.7871920e-01   2.1665280e+00
   6.0900000e+02   4.7627413e-01   2.1525683e+00
   6.1000000e+02   4.7337304e-01   2.1362903e+00
   6.1100000e+02   4.6886131e-01   2.1177400e+00
   6.1200000e+02   4.6217501e-01   2.1003488e+00
   6.1300000e+02   4.5492748e-01   2.0823871e+00
   6.1400000e+02   4.5040587e-01   2.0673154e+00
   6.1500000e+02   4.4918571e-01   2.0542277e+00
   6.1600000e+02   4.4956519e-01   2.0406906e+00
   6.1700000e+02   4.4878140e-01   2.0289124e+00
   6.1800000e+02   4.4483977e-01   2.0169065e+00
   6.1900000e+02   4.3807126e-01   2.0051342e+00
   6.2000000e+02   4.3031231e-01   1.9937238e+00
   6.2100000e+02   4.2447103e-01   1.9838380e+00
   6.2200000e+02   4.2233019e-01   1.9783607e+00
   6.2300000e+02   4.2478534e-01   1.9763780e+00
   6.2400000e+02   4.3193900e-01   1.9754329e+00
   6.2500000e+02   4.4171870e-01   1.9744521e+00
   6.2600000e+02   4.5400709e-01   1.9728347e+00
   6.2700000e+02   4.6804887e-01   1.9716147e+00
   6.2800000e+02   4.8230170e-01   1.9720950e+00
   6.2900000e+02   4.9760377e-01   1.9716609e+00
   6.3000000e+02   5.1097999e-01   1.9705901e+00
   6.3100000e+02   5.2403754e-01   1.9688264e+00
   6.3200000e+02   5.3712856e-01   1.9672662e+00
   6.3300000e+02   5.5054148e-01   1.9661641e+00
   6.3400000e+02   5.6438555e-01   1.9660100e+00
   6.3500000e+02   5.7735418e-01   1.9669413e+00
   6.3600000e+02   5.8967444e-01   1.9682895e+00
   6.3700000e+02   6.0145264e-01   1.9693288e+00
   6.3800000e+02   6.1639564e-01   1.9704828e+00
   6.3900000e+02   6.3182401e-01   1.9711872e+00
   6.4000000e+02   6.5148842e-01   1.9713508e+00
   6.4100000e+02   6.7439025e-01   1.9726060e+00
   6.4200000e+02   6.9927500e-01   1.9749085e+00
   6.4300000e+02   7.2135757e-01   1.9802779e+00
   6.4400000e+02   7.3911942e-01   1.9860617e+00
   6.4500000e+02   7.5026137e-01   1.9906978e+00
   6.4600000e+02   7.5974823e-01   1.9923147e+00
   6.4700000e+02   7.6738362e-01   1.9880803e+00
   6.4800000e+02   7.7891091e-01   1.9798976e+00
   6.4900000e+02   7.9415918e-01   1.9687232e+00
   6.5000000e+02   8.1313146e-01   1.9616485e+00
   6.5100000e+02   8.3108859e-01   1.9547861e+00
   6.5200000e+02   8.4620422e-01   1.9487493e+00
   6.5300000e+02   8.6228283e-01   1.9461300e+00
   6.5400000e+02   8.7804461e-01   1.9466093e+00
   6.5500000e+02   8.9418932e-01   1.9498525e+00
   6.5600000e+02   9.1056170e-01   1.9560186e+00
   6.5700000e+02   9.2790034e-01   1.9611677e+00
   6.5800000e+02   9.4633991e-01   1.9656151e+00
   6.5900000e+02   9.6512267e-01   1.9692934e+00
   6.6000000e+02   9.8321934e-01   1.9717798e+00
   6.6100000e+02   1.0007955e+00   1.9746557e+00
   6.6200000e+02   1.0181689e+00   1.9763853e+00
   6.6300000e+02   1.0393570e+00   1.9765453e+00
   6.6400000e+02   1.0626915e+00   1.9757083e+00
   6.6500000e+02   1.0873521e+00   1.9745341e+00
   6.6600000e+02   1.1105137e+00   1.9735180e+00
   6.6700000e+02   1.1315950e+00   1.9728584e+00
   6.6800000e+02   1.1524464e+00   1.9743999e+00
   6.6900000e+02   1.1712454e+00   1.9766535e+00
   6.7000000e+02   1.1884431e+00   1.9800131e+00
   6.7100000e+02   1.2054938e+00   1.9821253e+00
   6.7200000e+02   1.2245978e+00   1.9839625e+00
   6.7300000e+02   1.2485487e+00   1.9829132e+00
   6.7400000e+02   1.2751457e+00   1.9825359e+00
   6.7500000e+02   1.3039615e+00   1.9813153e+00
   6.7600000e+02   1.3348013e+00   1.9820231e+00
   6.7700000e+02   1.3642415e+00   1.9834016e+00
   6.7800000e+02   1.3870234e+00   1.9832656e+00
   6.7900000e+02   1.4081798e+00   1.9841046e+00
   6.8000000e+02   1.4326129e+00   1.9859520e+00
   6.8100000e+02   1.4620181e+00   1.9923118e+00
   6.8200000e+02   1.4959570e+00   2.0008129e+00
   6.8300000e+02   1.5313509e+00   2.0100182e+00
   6.8400000e+02   1.5664131e+00   2.0218769e+00
   6.8500000e+02   1.5961370e+00   2.0379079e+00
   6.8600000e+02   1.6191247e+00   2.0586638e+00
   6.8700000e+02   1.6347259e+00   2.0816969e+00
   6.8800000e+02   1.6450185e+00   2.1067734e+00
   6.8900000e+02   1.6513555e+00   2.1320456e+00
   6.9000000e+02   1.6599695e+00   2.1521448e+00
   6.9100000e+02   1.6694646e+00   2.1649529e+00
   6.9200000e+02   1.6814813e+00   2.1756975e+00
   6.9300000e+02   1.6951700e+00   2.1840664e+00
   6.9400000e+02   1.7129832e+00   2.1890987e+00
   6.9500000e+02   1.7311161e+00   2.1899592e+00
   6.9600000e+02   1.7490390e+00   2.1857148e+00
   6.9700000e+02   1.7655656e+00   2.1800759e+00
   6.9800000e+02   1.7828406e+00   2.1740683e+00
   6.9900000e+02   1.7999297e+00   2.1681896e+00
   7.0000000e+02   1.8148527e+00   2.1630941e+00
   7.0100000e+02   1.8283041e+00   2.1578165e+00
   7.0200000e+02   1.8393566e+00   2.1513949e+00
   7.0300000e+02   1.8483492e+00   2.1439173e+00
   7.0400000e+02   1.8566950e+00   2.1389517e+00
   7.0500000e+02   1.8681469e+00   2.1374345e+00
   7.0600000e+02   1.8816638e+00   2.1374152e+00
   7.0700000e+02   1.8949778e+00   2.1390735e+00
   7.0800000e+02   1.9089466e+00   2.1412391e+00
   7.0900000e+02   1.9227936e+00   2.1446471e+00
   7.1000000e+02   1.9337751e+00   2.1492221e+00
   7.1100000e+02   1.9444579e+00   2.1578498e+00
   7.1200000e+02   1.9543813e+00   2.1685688e+00
   7.1300000e+02   1.9635290e+00   2.1824718e+00
   7.1400000e+02   1.9692384e+00   2.1987428e+00
   7.1500000e+02   1.9710100e+00   2.2154649e+00
   7.1600000e+02   1.9681202e+00   2.2312810e+00
   7.1700000e+02   1.9632081e+00   2.2431633e+00
   7.1800000e+02   1.9573877e+00   2.2505319e+00
   7.1900000e+02   1.9505688e+00   2.2531970e+00
   7.2000000e+02   1.9438894e+00   2.2519533e+00
   7.2100000e+02   1.9381997e+00   2.2496277e+00
   7.2200000e+02   1.9324735e+00   2.2464066e+00
   7.2300000e+02   1.9275852e+00   2.2444867e+00
   7.2400000e+02   1.9240321e+00   2.2429231e+00
   7.2500000e+02   1.9219714e+00   2.2398355e+00
   7.2600000e+02   1.9200379e+00   2.2340852e+00
   7.2700000e+02   1.9174032e+00   2.2251613e+00
   7.2800000e+02   1.9120849e+00   2.2140233e+00
   7.2900000e+02   1.9027652e+00   2.2017611e+00
   7.3000000e+02   1.8909828e+00   2.1919442e+00
   7.3100000e+02   1.8764977e+00   2.1835697e+00
   7.3200000e+02   1.8600229e+00   2.1743346e+00
   7.3300000e+02   1.8410401e+00   2.1643413e+00
   7.3400000e+02   1.8235317e+00   2.1490940e+00
   7.3500000e+02   1.8023300e+00   2.1327053e+00
   7.3600000e+02   1.7803234e+00   2.1136760e+00
   7.3700000e+02   1.7564846e+00   2.0941622e+00
   7.3800000e+02   1.7340382e+00   2.0751024e+00
   7.3900000e+02   1.7114556e+00   2.0572068e+00
   7.4000000e+02   1.6901333e+00   2.0410718e+00
   7.4100000e+02   1.6699608e+00   2.0263986e+00
   7.4200000e+02   1.6506233e+00   2.0123490e+00
   7.4300000e+02   1.6316664e+00   1.9995639e+00
   7.4400000e+02   1.6147533e+00   1.9859021e+00
   7.4500000e+02   1.6012092e+00   1.9700852e+00
   7.4600000e+02   1.5933062e+00   1.9546575e+00
   7.4700000e+02   1.5905035e+00   1.9411310e+00
   7.4800000e+02   1.5876095e+00   1.9287786e+00
   7.4900000e+02   1.5804493e+00   1.9181476e+00
   7.5000000e+02   1.5705287e+00   1.9088125e+00
   7.5100000e+02   1.5581046e+00   1.8997709e+00
   7.5200000e+02   1.5441417e+00   1.8916716e+00
   7.5300000e+02   1.5291107e+00   1.8853421e+00
   7.5400000e+02   1.5116757e+00   1.8795929e+00
   7.5500000e+02   1.4926202e+00   1.8728520e+00
   7.5600000e+02   1.4705107e+00   1.8671197e+00
   7.5700000e+02   1.4478032e+00   1.8621398e+00
   7.5800000e+02   1.4282063e+00   1.8585471e+00
   7.5900000e+02   1.4079556e+00   1.8532364e+00
   7.6000000e+02   1.3860271e+00   1.8460126e+00
   7.6100000e+02   1.3661292e+00   1.8357929e+00
   7.6200000e+02   1.3487611e+00   1.8224032e+00
   7.6300000e+02   1.3337359e+00   1.8063035e+00
   7.6400000e+02   1.3223174e+00   1.7877485e+00
   7.6500000e+02   1.3161046e+00   1.7679063e+00
   7.6600000e+02   1.3106002e+00   1.7506435e+00
   7.6700000e+02   1.3010125e+00   1.7335499e+00
   7.6800000e+02   1.2886201e+00   1.7188679e+00
   7.6900000e+02   1.2748287e+00   1.7032383e+00
   7.7000000e+02   1.2610808e+00   1.6894415e+00
   7.7100000e+02   1.2484160e+00   1.6770838e+00
   7.7200000e+02   1.2365538e+00   1.6666466e+00
   7.7300000e+02   1.2250391e+00   1.6577034e+00
   7.7400000e+02   1.2121125e+00   1.6474556e+00
   7.7500000e+02   1.1979129e+00   1.6374639e+00
   7.7600000e+02   1.1835707e+00   1.6290025e+00
   7.7700000e+02   1.1707786e+00   1.6228838e+00
   7.7800000e+02   1.1589628e+00   1.6187964e+00
   7.7900000e+02   1.1462145e+00   1.6157808e+00
   7.8000000e+02   1.1326998e+00   1.6143455e+00
   7.8100000e+02   1.1189063e+00   1.6139659e+00
   7.8200000e+02   1.1063942e+00   1.6134856e+00
   7.8300000e+02   1.0951950e+00   1.6097877e+00
   7.8400000e+02   1.0859651e+00   1.6045370e+00
   7.8500000e+02   1.0781037e+00   1.5972073e+00
   7.8600000e+02   1.0717021e+00   1.5870378e+00
   7.8700000e+02   1.0651813e+00   1.5757355e+00
   7.8800000e+02   1.0561707e+00   1.5635457e+00
   7.8900000e+02   1.0446222e+00   1.5526725e+00
   7.9000000e+02   1.0294021e+00   1.5434131e+00
   7.9100000e+02   1.0121897e+00   1.5354640e+00
   7.9200000e+02   9.9177727e-01   1.5297603e+00
   7.9300000e+02   9.7876777e-01   1.5323035e+00
   7.9400000e+02   9.4892339e-01   1.5218153e+00
   7.9500000e+02   9.2920411e-01   1.5174901e+00
   7.9600000e+02   9.0867543e-01   1.5119233e+00
   7.9700000e+02   8.9052710e-01   1.5044377e+00
   7.9800000e+02   8.7250105e-01   1.4952289e+00
   7.9900000e+02   8.5355178e-01   1.4858429e+00
   8.0000000e+02   8.3306298e-01   1.4768547e+00
   8.0100000e+02   8.1000828e-01   1.4692986e+00
   8.0200000e+02   7.8457070e-01   1.4650854e+00
   8.0300000e+02   7.5577169e-01   1.4636394e+00
   8.0400000e+02   7.2592591e-01   1.4644004e+00
   8.0500000e+02   6.9582499e-01   1.4672701e+00
   8.0600000e+02   6.6920228e-01   1.4693175e+00
   8.0700000e+02   6.4665587e-01   1.4712524e+00
   8.0800000e+02   6.3020099e-01   1.4733311e+00
   8.0900000e+02   6.1695462e-01   1.4755493e+00
   8.1000000e+02   6.0512797e-01   1.4760664e+00
   8.1100000e+02   5.9401226e-01   1.4733651e+00
   8.1200000e+02   5.8585868e-01   1.4679527e+00
   8.1300000e+02   5.7874922e-01   1.4603854e+00
   8.1400000e+02   5.7546741e-01   1.4500396e+00
   8.1500000e+02   5.7174389e-01   1.4395900e+00
   8.1600000e+02   5.6844186e-01   1.4276844e+00
   8.1700000e+02   5.6453525e-01   1.4142634e+00
   8.1800000e+02   5.5717291e-01   1.4053506e+00
   8.1900000e+02   5.4678114e-01   1.3978198e+00
   8.2000000e+02   5.3535492e-01   1.3947618e+00
   8.2100000e+02   5.2388725e-01   1.3934831e+00
   8.2200000e+02   5.1404082e-01   1.3922794e+00
   8.2300000e+02   5.0732502e-01   1.3897360e+00
   8.2400000e+02   5.0259962e-01   1.3866662e+00
   8.2500000e+02   5.0024853e-01   1.3834989e+00
   8.2600000e+02   5.0053547e-01   1.3803619e+00
   8.2700000e+02   5.0239980e-01   1.3775396e+00
   8.2800000e+02   5.0668098e-01   1.3744282e+00
   8.2900000e+02   5.1496603e-01   1.3699696e+00
   8.3000000e+02   5.2129763e-01   1.3647307e+00
   8.3100000e+02   5.2734487e-01   1.3605933e+00
   8.3200000e+02   5.3534463e-01   1.3556003e+00
   8.3300000e+02   5.4365832e-01   1.3500743e+00
   8.3400000e+02   5.5321876e-01   1.3451760e+00
   8.3500000e+02   5.6338356e-01   1.3407209e+00
   8.3600000e+02   5.7143977e-01   1.3359801e+00
   8.3700000e+02   5.7649122e-01   1.3323389e+00
   8.3800000e+02   5.7959847e-01   1.3277279e+00
   8.3900000e+02   5.8049612e-01   1.3239051e+00
   8.4000000e+02   5.7982623e-01   1.3204659e+00
   8.4100000e+02   5.8123056e-01   1.3171322e+00
   8.4200000e+02   5.8355740e-01   1.3148494e+00
   8.4300000e+02   5.8793843e-01   1.3130910e+00
   8.4400000e+02   5.9379216e-01   1.3131637e+00
   8.4500000e+02   6.0093572e-01   1.3143230e+00
   8.4600000e+02   6.0891470e-01   1.3176188e+00
   8.4700000e+02   6.1874554e-01   1.3211863e+00
   8.4800000e+02   6.2950057e-01   1.3265374e+00
   8.4900000e+02   6.4088156e-01   1.3332989e+00
   8.5000000e+02   6.5072879e-01   1.3411302e+00
   8.5100000e+02   6.6053713e-01   1.3504105e+00
   8.5200000e+02   6.7135438e-01   1.3608035e+00
   8.5300000e+02   6.8449719e-01   1.3724234e+00
   8.5400000e+02   6.9762108e-01   1.3828931e+00
   8.5500000e+02   7.1121239e-01   1.3946650e+00
   8.5600000e+02   7.2468887e-01   1.4059127e+00
   8.5700000e+02   7.3718271e-01   1.4164580e+00
   8.5800000e+02   7.4835699e-01   1.4268411e+00
   8.5900000e+02   7.5577187e-01   1.4344011e+00
   8.6000000e+02   7.6017494e-01   1.4414781e+00
   8.6100000e+02   7.6110491e-01   1.4476550e+00
   8.6200000e+02   7.5787767e-01   1.4519570e+00
   8.6300000e+02   7.5271162e-01   1.4550718e+00
   8.6400000e+02   7.4676691e-01   1.4571275e+00
   8.6500000e+02   7.4179450e-01   1.4596809e+00
   8.6600000e+02   7.3845057e-01   1.4613655e+00
   8.6700000e+02   7.3820270e-01   1.4625536e+00
   8.6800000e+02   7.3819729e-01   1.4646231e+00
   8.6900000e+02   7.3758524e-01   1.4682654e+00
   8.7000000e+02   7.3568491e-01   1.4733078e+00
   8.7100000e+02   7.3448783e-01   1.4783733e+00
   8.7200000e+02   7.3565955e-01   1.4841204e+00
   8.7300000e+02   7.3889945e-01   1.4889007e+00
   8.7400000e+02   7.4289822e-01   1.4926494e+00
   8.7500000e+02   7.4799391e-01   1.4946457e+00
   8.7600000e+02   7.5257859e-01   1.4953448e+00
   8.7700000e+02   7.5729003e-01   1.4951244e+00
   8.7800000e+02   7.5847744e-01   1.4935737e+00
   8.7900000e+02   7.5767071e-01   1.4912473e+00
   8.8000000e+02   7.5513440e-01   1.4883094e+00
   8.8100000e+02   7.5182265e-01   1.4864921e+00
   8.8200000e+02   7.4970773e-01   1.4842772e+00
   8.8300000e+02   7.4862549e-01   1.4823340e+00
   8.8400000e+02   7.4853510e-01   1.4806279e+00
   8.8500000e+02   7.4942825e-01   1.4784625e+00
   8.8600000e+02   7.5146850e-01   1.4756943e+00
   8.8700000e+02   7.5593232e-01   1.4738202e+00
   8.8800000e+02   7.6176385e-01   1.4719338e+00
   8.8900000e+02   7.6920138e-01   1.4696535e+00
   8.9000000e+02   7.7957543e-01   1.4669201e+00
   8.9100000e+02   7.9124430e-01   1.4646657e+00
   8.9200000e+02   8.0458972e-01   1.4619429e+00
   8.9300000e+02   8.1893203e-01   1.4595136e+00
   8.9400000e+02   8.3354570e-01   1.4557518e+00
   8.9500000e+02   8.4727336e-01   1.4511532e+00
   8.9600000e+02   8.5991562e-01   1.4471646e+00
   8.9700000e+02   8.7056081e-01   1.4440966e+00
   8.9800000e+02   8.7940463e-01   1.4390184e+00
   8.9900000e+02   8.8974589e-01   1.4308747e+00
   9.0000000e+02   9.0226751e-01   1.4209352e+00
   9.0100000e+02   9.1922414e-01   1.4102906e+00
   9.0200000e+02   9.3651672e-01   1.3999307e+00
   9.0300000e+02   9.5246120e-01   1.3900336e+00
   9.0400000e+02   9.6927644e-01   1.3791463e+00
   9.0500000e+02   9.8487414e-01   1.3660810e+00
   9.0600000e+02   1.0013287e+00   1.3492617e+00
   9.0700000e+02   1.0205891e+00   1.3309743e+00
   9.0800000e+02   1.0437575e+00   1.3121171e+00
   9.0900000e+02   1.0696149e+00   1.2935464e+00
   9.1000000e+02   1.1002802e+00   1.2758971e+00
   9.1100000e+02   1.1326885e+00   1.2571076e+00
   9.1200000e+02   1.1645173e+00   1.2383887e+00
   9.1300000e+02   1.1920136e+00   1.2212258e+00
   9.1400000e+02   1.2127018e+00   1.2089814e+00
   9.1500000e+02   1.2299028e+00   1.2012091e+00
   9.1600000e+02   1.2417051e+00   1.1947334e+00
   9.1700000e+02   1.2541726e+00   1.1880883e+00
   9.1800000e+02   1.2712325e+00   1.1772971e+00
   9.1900000e+02   1.2902476e+00   1.1629434e+00
   9.2000000e+02   1.3094106e+00   1.1476730e+00
   9.2100000e+02   1.3264177e+00   1.1332035e+00
   9.2200000e+02   1.3401236e+00   1.1194614e+00
   9.2300000e+02   1.3510397e+00   1.1072394e+00
   9.2400000e+02   1.3593925e+00   1.0965550e+00
   9.2500000e+02   1.3659740e+00   1.0877577e+00
   9.2600000e+02   1.3719716e+00   1.0816184e+00
   9.2700000e+02   1.3789456e+00   1.0779466e+00
   9.2800000e+02   1.3870602e+00   1.0761501e+00
   9.2900000e+02   1.3975741e+00   1.0742529e+00
   9.3000000e+02   1.4079010e+00   1.0726095e+00
   9.3100000e+02   1.4189219e+00   1.0726938e+00
   9.3200000e+02   1.4291663e+00   1.0758226e+00
   9.3300000e+02   1.4395668e+00   1.0797339e+00
   9.3400000e+02   1.4526670e+00   1.0861106e+00
   9.3500000e+02   1.4674960e+00   1.0921296e+00
   9.3600000e+02   1.4830366e+00   1.0980450e+00
   9.3700000e+02   1.5003414e+00   1.1035843e+00
   9.3800000e+02   1.5149042e+00   1.1087250e+00
   9.3900000e+02   1.5273659e+00   1.1131906e+00
   9.4000000e+02   1.5377859e+00   1.1170367e+00
   9.4100000e+02   1.5478504e+00   1.1199933e+00
   9.4200000e+02   1.5568723e+00   1.1222841e+00
   9.4300000e+02   1.5652484e+00   1.1249109e+00
   9.4400000e+02   1.5723341e+00   1.1281385e+00
   9.4500000e+02   1.5765831e+00   1.1345178e+00
   9.4600000e+02   1.5783079e+00   1.1430806e+00
   9.4700000e+02   1.5780468e+00   1.1523500e+00
   9.4800000e+02   1.5743555e+00   1.1617767e+00
   9.4900000e+02   1.5678318e+00   1.1695256e+00
   9.5000000e+02   1.5582256e+00   1.1754034e+00
   9.5100000e+02   1.5475846e+00   1.1796967e+00
   9.5200000e+02   1.5352568e+00   1.1813661e+00
   9.5300000e+02   1.5207287e+00   1.1813997e+00
   9.5400000e+02   1.5062413e+00   1.1800880e+00
   9.5500000e+02   1.4920641e+00   1.1788369e+00
   9.5600000e+02   1.4786773e+00   1.1779233e+00
   9.5700000e+02   1.4664805e+00   1.1773561e+00
   9.5800000e+02   1.4551026e+00   1.1782654e+00
   9.5900000e+02   1.4464170e+00   1.1798434e+00
   9.6000000e+02   1.4378080e+00   1.1811552e+00
   9.6100000e+02   1.4284977e+00   1.1792758e+00
   9.6200000e+02   1.4187930e+00   1.1772950e+00
   9.6300000e+02   1.4069007e+00   1.1747884e+00
   9.6400000e+02   1.3943566e+00   1.1729033e+00
   9.6500000e+02   1.3834511e+00   1.1709914e+00
   9.6600000e+02   1.3730159e+00   1.1674794e+00
   9.6700000e+02   1.3612209e+00   1.1640523e+00
   9.6800000e+02   1.3494796e+00   1.1605463e+00
   9.6900000e+02   1.3380074e+00   1.1574166e+00
   9.7000000e+02   1.3270257e+00   1.1539303e+00
   9.7100000e+02   1.3164639e+00   1.1504362e+00
   9.7200000e+02   1.3057300e+00   1.1470036e+00
   9.7300000e+02   1.2947694e+00   1.1431674e+00
   9.7400000e+02   1.2829838e+00   1.1410139e+00
   9.7500000e+02   1.2697453e+00   1.1382058e+00
   9.7600000e+02   1.2561331e+00   1.1350704e+00
   9.7700000e+02   1.2440088e+00   1.1325287e+00
   9.7800000e+02   1.2337197e+00   1.1290490e+00
   9.7900000e+02   1.2238266e+00   1.1247542e+00
   9.8000000e+02   1.2144603e+00   1.1193438e+00
   9.8100000e+02   1.2042587e+00   1.1123827e+00
   9.8200000e+02   1.1925115e+00   1.1068447e+00
   9.8300000e+02   1.1792852e+00   1.1026734e+00
   9.8400000e+02   1.1651205e+00   1.1002677e+00
   9.8500000e+02   1.1501750e+00   1.1004218e+00
   9.8600000e+02   1.1353127e+00   1.1014047e+00
   9.8700000e+02   1.1187304e+00   1.1051935e+00
   9.8800000e+02   1.1014035e+00   1.1074057e+00
   9.8900000e+02   1.0855267e+00   1.1088040e+00
   9.9000000e+02   1.0694920e+00   1.1090044e+00
   9.9100000e+02   1.0539216e+00   1.1070847e+00
   9.9200000e+02   1.0368892e+00   1.1044979e+00
   9.9300000e+02   1.0187456e+00   1.1032723e+00
   9.9400000e+02   9.9903678e-01   1.1032212e+00
   9.9500000e+02   9.7933978e-01   1.1030054e+00
   9.9600000e+02   9.6167468e-01   1.0998221e+00
   9.9700000e+02   9.4670468e-01   1.0931084e+00
   9.9800000e+02   9.3427967e-01   1.0844130e+00
   9.9900000e+02   9.2456494e-01   1.0742540e+00
   1.0000000e+03   9.1767570e-01   1.0645461e+00
   1.0010000e+03   9.1347392e-01   1.0546512e+00
   1.0020000e+03   9.1160552e-01   1.0454690e+00
   1.0030000e+03   9.1104433e-01   1.0349917e+00
   1.0040000e+03   9.0921528e-01   1.0232041e+00
   1.0050000e+03   9.0432329e-01   1.0112934e+00
   1.0060000e+03   8.9352820e-01   9.9922235e-01
   1.0070000e+03   8.7868330e-01   9.8611203e-01
   1.0080000e+03   8.6119524e-01   9.7235666e-01
   1.0090000e+03   8.4252164e-01   9.5588174e-01
   1.0100000e+03   8.2303561e-01   9.3641214e-01
   1.0110000e+03   8.0742212e-01   9.1540840e-01
   1.0120000e+03   7.9750596e-01   8.9331799e-01
   1.0130000e+03   7.9222321e-01   8.7485100e-01
   1.0140000e+03   7.8789923e-01   8.6211881e-01
   1.0150000e+03   7.8257017e-01   8.5515458e-01
   1.0160000e+03   7.7783809e-01   8.5359387e-01
   1.0170000e+03   7.7679330e-01   8.5560222e-01
   1.0180000e+03   7.7828360e-01   8.5817341e-01
   1.0190000e+03   7.8225953e-01   8.5852741e-01
   1.0200000e+03   7.8710039e-01   8.5721177e-01
   1.0210000e+03   7.9114026e-01   8.5649956e-01
   1.0220000e+03   7.9353052e-01   8.5401859e-01
   1.0230000e+03   7.9504235e-01   8.5209295e-01
   1.0240000e+03   7.9633505e-01   8.5038039e-01
   1.0250000e+03   7.9717131e-01   8.4796306e-01
   1.0260000e+03   7.9672177e-01   8.4630759e-01
   1.0270000e+03   7.9580378e-01   8.4427341e-01
   1.0280000e+03   7.9347352e-01   8.4131852e-01
   1.0290000e+03   7.8919947e-01   8.3731005e-01
   1.0300000e+03   7.8612789e-01   8.3255032e-01
   1.0310000e+03   7.8473490e-01   8.2773484e-01
   1.0320000e+03   7.8628404e-01   8.2308423e-01
   1.0330000e+03   7.8948481e-01   8.1909066e-01
   1.0340000e+03   7.9536602e-01   8.1706340e-01
   1.0350000e+03   8.0097015e-01   8.1613836e-01
   1.0360000e+03   8.0496918e-01   8.1404583e-01
   1.0370000e+03   8.0821649e-01   8.1224915e-01
   1.0380000e+03   8.1069388e-01   8.0967431e-01
   1.0390000e+03   8.1345675e-01   8.0706618e-01
   1.0400000e+03   8.1670927e-01   8.0526443e-01
   1.0410000e+03   8.2113411e-01   8.0324488e-01
   1.0420000e+03   8.2555173e-01   8.0224640e-01
   1.0430000e+03   8.3115391e-01   8.0107399e-01
   1.0440000e+03   8.3773094e-01   8.0120511e-01
   1.0450000e+03   8.4401109e-01   8.0135103e-01
   1.0460000e+03   8.4937195e-01   8.0219155e-01
   1.0470000e+03   8.5518386e-01   8.0272634e-01
   1.0480000e+03   8.5900812e-01   8.0319584e-01
   1.0490000e+03   8.6297601e-01   8.0383308e-01
   1.0500000e+03   8.6565868e-01   8.0472365e-01
   1.0510000e+03   8.6627455e-01   8.0481791e-01
   1.0520000e+03   8.6551386e-01   8.0518116e-01
   1.0530000e+03   8.6413613e-01   8.0603141e-01
   1.0540000e+03   8.6284215e-01   8.0781915e-01
   1.0550000e+03   8.6190213e-01   8.0988442e-01
   1.0560000e+03   8.6270783e-01   8.1225266e-01
   1.0570000e+03   8.6509325e-01   8.1372734e-01
   1.0580000e+03   8.6918694e-01   8.1608792e-01
   1.0590000e+03   8.7254018e-01   8.1643814e-01
   1.0600000e+03   8.7741448e-01   8.1718187e-01
   1.0610000e+03   8.8213225e-01   8.1835268e-01
   1.0620000e+03   8.8639809e-01   8.1914463e-01
   1.0630000e+03   8.8999638e-01   8.2019309e-01
   1.0640000e+03   8.9355248e-01   8.2088204e-01
   1.0650000e+03   8.9928358e-01   8.2282786e-01
   1.0660000e+03   9.0646700e-01   8.2510967e-01
   1.0670000e+03   9.1591691e-01   8.2781607e-01
   1.0680000e+03   9.2751900e-01   8.3058620e-01
   1.0690000e+03   9.3908541e-01   8.3295696e-01
   1.0700000e+03   9.4909223e-01   8.3547154e-01
   1.0710000e+03   9.5792712e-01   8.3766530e-01
   1.0720000e+03   9.6601750e-01   8.3878491e-01
   1.0730000e+03   9.7332436e-01   8.3808377e-01
   1.0740000e+03   9.8121934e-01   8.3552746e-01
   1.0750000e+03   9.8917653e-01   8.3116367e-01
   1.0760000e+03   9.9666256e-01   8.2672545e-01
   1.0770000e+03   1.0033727e+00   8.2168299e-01
   1.0780000e+03   1.0098487e+00   8.1685037e-01
   1.0790000e+03   1.0145556e+00   8.1241662e-01
   1.0800000e+03   1.0192825e+00   8.0891322e-01
   1.0810000e+03   1.0245356e+00   8.0643182e-01
   1.0820000e+03   1.0293104e+00   8.0552640e-01
   1.0830000e+03   1.0339613e+00   8.0481593e-01
   1.0840000e+03   1.0381175e+00   8.0527928e-01
   1.0850000e+03   1.0423172e+00   8.0620720e-01
   1.0860000e+03   1.0463879e+00   8.0763709e-01
   1.0870000e+03   1.0491356e+00   8.0883119e-01
   1.0880000e+03   1.0513523e+00   8.0969550e-01
   1.0890000e+03   1.0533856e+00   8.1013242e-01
   1.0900000e+03   1.0542970e+00   8.0861731e-01
   1.0910000e+03   1.0553632e+00   8.0718637e-01
   1.0920000e+03   1.0548073e+00   8.0474649e-01
   1.0930000e+03   1.0560952e+00   8.0373201e-01
   1.0940000e+03   1.0550841e+00   8.0181873e-01
   1.0950000e+03   1.0536152e+00   7.9981226e-01
   1.0960000e+03   1.0519747e+00   7.9800271e-01
   1.0970000e+03   1.0500249e+00   7.9731468e-01
   1.0980000e+03   1.0483888e+00   7.9718555e-01
   1.0990000e+03   1.0471519e+00   7.9891998e-01
   1.1000000e+03   1.0454450e+00   8.0167029e-01
   1.1010000e+03   1.0436793e+00   8.0573636e-01
   1.1020000e+03   1.0406642e+00   8.1029654e-01
   1.1030000e+03   1.0367088e+00   8.1487194e-01
   1.1040000e+03   1.0325670e+00   8.1826919e-01
   1.1050000e+03   1.0285614e+00   8.2133119e-01
   1.1060000e+03   1.0241638e+00   8.2321801e-01
   1.1070000e+03   1.0206294e+00   8.2425116e-01
   1.1080000e+03   1.0173186e+00   8.2449339e-01
   1.1090000e+03   1.0140714e+00   8.2337465e-01
   1.1100000e+03   1.0102950e+00   8.2223741e-01
   1.1110000e+03   1.0071594e+00   8.2019932e-01
   1.1120000e+03   1.0057933e+00   8.1875478e-01
   1.1130000e+03   1.0066188e+00   8.1684766e-01
   1.1140000e+03   1.0086357e+00   8.1607620e-01
   1.1150000e+03   1.0101585e+00   8.1523593e-01
   1.1160000e+03   1.0119510e+00   8.1520517e-01
   1.1170000e+03   1.0139946e+00   8.1518521e-01
   1.1180000e+03   1.0166341e+00   8.1441029e-01
   1.1190000e+03   1.0183241e+00   8.1338371e-01
   1.1200000e+03   1.0192559e+00   8.1300966e-01
   1.1210000e+03   1.0188449e+00   8.1274000e-01
   1.1220000e+03   1.0178546e+00   8.1098956e-01
   1.1230000e+03   1.0173918e+00   8.0903881e-01
   1.1240000e+03   1.0182988e+00   8.0732215e-01
   1.1250000e+03   1.0194462e+00   8.0705169e-01
   1.1260000e+03   1.0195947e+00   8.0745644e-01
   1.1270000e+03   1.0194385e+00   8.0960955e-01
   1.1280000e+03   1.0190249e+00   8.1409682e-01
   1.1290000e+03   1.0200774e+00   8.2017362e-01
   1.1300000e+03   1.0207726e+00   8.2393758e-01
   1.1310000e+03   1.0228212e+00   8.2674060e-01
   1.1320000e+03   1.0248618e+00   8.2904401e-01
   1.1330000e+03   1.0276043e+00   8.2986316e-01
   1.1340000e+03   1.0310838e+00   8.3006491e-01
   1.1350000e+03   1.0348909e+00   8.3108640e-01
   1.1360000e+03   1.0385769e+00   8.3174860e-01
   1.1370000e+03   1.0406703e+00   8.3337138e-01
   1.1380000e+03   1.0421144e+00   8.3573865e-01
   1.1390000e+03   1.0436840e+00   8.3825703e-01
   1.1400000e+03   1.0455376e+00   8.4120205e-01
   1.1410000e+03   1.0469803e+00   8.4299521e-01
   1.1420000e+03   1.0469094e+00   8.4517140e-01
   1.1430000e+03   1.0443120e+00   8.4611887e-01
   1.1440000e+03   1.0390801e+00   8.4505022e-01
   1.1450000e+03   1.0325756e+00   8.4268245e-01
   1.1460000e+03   1.0253700e+00   8.3887894e-01
   1.1470000e+03   1.0201542e+00   8.3386392e-01
   1.1480000e+03   1.0168645e+00   8.2807028e-01
   1.1490000e+03   1.0145681e+00   8.2207824e-01
   1.1500000e+03   1.0122098e+00   8.1717806e-01
   1.1510000e+03   1.0091357e+00   8.1387454e-01
   1.1520000e+03   1.0060691e+00   8.1175094e-01
   1.1530000e+03   1.0032919e+00   8.1073443e-01
   1.1540000e+03   1.0017713e+00   8.0889116e-01
   1.1550000e+03   9.9993239e-01   8.0738670e-01
   1.1560000e+03   9.9916505e-01   8.0606944e-01
   1.1570000e+03   9.9958735e-01   8.0475194e-01
   1.1580000e+03   9.9932464e-01   8.0437666e-01
   1.1590000e+03   9.9925819e-01   8.0514401e-01
   1.1600000e+03   9.9757308e-01   8.0678712e-01
   1.1610000e+03   9.9360004e-01   8.0905572e-01
   1.1620000e+03   9.8901962e-01   8.1149731e-01
   1.1630000e+03   9.8354412e-01   8.1595820e-01
   1.1640000e+03   9.7805526e-01   8.2200808e-01
   1.1650000e+03   9.7186922e-01   8.2993369e-01
   1.1660000e+03   9.6472099e-01   8.3782754e-01
   1.1670000e+03   9.5687219e-01   8.4573977e-01
   1.1680000e+03   9.5055865e-01   8.5365190e-01
   1.1690000e+03   9.4420412e-01   8.6057802e-01
   1.1700000e+03   9.3765892e-01   8.6567578e-01
   1.1710000e+03   9.3094959e-01   8.6841016e-01
   1.1720000e+03   9.2592974e-01   8.7026263e-01
   1.1730000e+03   9.2157831e-01   8.7153391e-01
   1.1740000e+03   9.1835258e-01   8.7148646e-01
   1.1750000e+03   9.1665243e-01   8.7030208e-01
   1.1760000e+03   9.1622898e-01   8.6791516e-01
   1.1770000e+03   9.1640014e-01   8.6337914e-01
   1.1780000e+03   9.1482376e-01   8.5874318e-01
   1.1790000e+03   9.1232435e-01   8.5404299e-01
   1.1800000e+03   9.0791961e-01   8.4890085e-01
   1.1810000e+03   9.0131955e-01   8.4500511e-01
   1.1820000e+03   8.9398731e-01   8.4063014e-01
   1.1830000e+03   8.8480947e-01   8.3626648e-01
   1.1840000e+03   8.7419304e-01   8.3168307e-01
   1.1850000e+03   8.6073247e-01   8.2904964e-01
   1.1860000e+03   8.4696983e-01   8.2800080e-01
   1.1870000e+03   8.3053907e-01   8.2850262e-01
   1.1880000e+03   8.1483123e-01   8.2864656e-01
   1.1890000e+03   8.0036273e-01   8.2916173e-01
   1.1900000e+03   7.8548937e-01   8.2749813e-01
   1.1910000e+03   7.7294168e-01   8.2864343e-01
   1.1920000e+03   7.6353108e-01   8.3076692e-01
   1.1930000e+03   7.5708427e-01   8.3523578e-01
   1.1940000e+03   7.5260722e-01   8.4035262e-01
   1.1950000e+03   7.4875503e-01   8.4585749e-01
   1.1960000e+03   7.4507073e-01   8.5078651e-01
   1.1970000e+03   7.4288462e-01   8.5547732e-01
   1.1980000e+03   7.4385893e-01   8.5860055e-01
   1.1990000e+03   7.4687347e-01   8.6067914e-01
   1.2000000e+03   7.5156328e-01   8.6132044e-01
   1.2010000e+03   7.5657651e-01   8.6107522e-01
   1.2020000e+03   7.6224597e-01   8.6012399e-01
   1.2030000e+03   7.6780524e-01   8.5841354e-01
   1.2040000e+03   7.7441388e-01   8.5631512e-01
   1.2050000e+03   7.8057698e-01   8.5475326e-01
   1.2060000e+03   7.8819107e-01   8.5440872e-01
   1.2070000e+03   7.9662987e-01   8.5539169e-01
   1.2080000e+03   8.0528617e-01   8.5938606e-01
   1.2090000e+03   8.1315114e-01   8.6572576e-01
   1.2100000e+03   8.1856471e-01   8.7387153e-01
   1.2110000e+03   8.2169692e-01   8.8186077e-01
   1.2120000e+03   8.2406950e-01   8.8912341e-01
   1.2130000e+03   8.2913839e-01   8.9569413e-01
   1.2140000e+03   8.3731401e-01   8.9881783e-01
   1.2150000e+03   8.4784358e-01   8.9887787e-01
   1.2160000e+03   8.6174350e-01   8.9628300e-01
   1.2170000e+03   8.7549430e-01   8.9133931e-01
   1.2180000e+03   8.8750346e-01   8.8525362e-01
   1.2190000e+03   8.9704212e-01   8.7856135e-01
   1.2200000e+03   9.0435841e-01   8.7187893e-01
   1.2210000e+03   9.0806696e-01   8.6675715e-01
   1.2220000e+03   9.0887279e-01   8.6254143e-01
   1.2230000e+03   9.0677332e-01   8.5972364e-01
   1.2240000e+03   9.0282084e-01   8.5800489e-01
   1.2250000e+03   8.9665395e-01   8.5579711e-01
   1.2260000e+03   8.9200240e-01   8.5266618e-01
   1.2270000e+03   8.8898918e-01   8.4854626e-01
   1.2280000e+03   8.8634500e-01   8.4409228e-01
   1.2290000e+03   8.8491923e-01   8.3848407e-01
   1.2300000e+03   8.8306913e-01   8.3207481e-01
   1.2310000e+03   8.8082708e-01   8.2542409e-01
   1.2320000e+03   8.7697029e-01   8.1965900e-01
   1.2330000e+03   8.6996356e-01   8.1687344e-01
   1.2340000e+03   8.6091309e-01   8.1602885e-01
   1.2350000e+03   8.4914436e-01   8.1617040e-01
   1.2360000e+03   8.3559095e-01   8.1685786e-01
   1.2370000e+03   8.2214183e-01   8.1549876e-01
   1.2380000e+03   8.1072720e-01   8.1142351e-01
   1.2390000e+03   8.0088142e-01   8.0576615e-01
   1.2400000e+03   7.9271578e-01   7.9824236e-01
   1.2410000e+03   7.8662255e-01   7.8955569e-01
   1.2420000e+03   7.8342146e-01   7.8014833e-01
   1.2430000e+03   7.8262092e-01   7.7112696e-01
   1.2440000e+03   7.8195465e-01   7.6506559e-01
   1.2450000e+03   7.8200431e-01   7.6275790e-01
   1.2460000e+03   7.7943500e-01   7.6422360e-01
   1.2470000e+03   7.7478791e-01   7.6615525e-01
   1.2480000e+03   7.6871775e-01   7.6803365e-01
   1.2490000e+03   7.6288890e-01   7.6964656e-01
   1.2500000e+03   7.5837768e-01   7.6814059e-01
   1.2510000e+03   7.5240673e-01   7.6525044e-01
   1.2520000e+03   7.4576274e-01   7.6066904e-01
   1.2530000e+03   7.3864163e-01   7.5609546e-01
   1.2540000e+03   7.3074358e-01   7.5329180e-01
   1.2550000e+03   7.2646567e-01   7.5213338e-01
   1.2560000e+03   7.2535114e-01   7.5337976e-01
   1.2570000e+03   7.2579747e-01   7.5717872e-01
   1.2580000e+03   7.3010651e-01   7.6319096e-01
   1.2590000e+03   7.3771717e-01   7.7048351e-01
   1.2600000e+03   7.4479901e-01   7.7676090e-01
   1.2610000e+03   7.5177766e-01   7.8026890e-01
   1.2620000e+03   7.5938668e-01   7.8143253e-01
   1.2630000e+03   7.6718592e-01   7.8046294e-01
   1.2640000e+03   7.7440747e-01   7.8040908e-01
   1.2650000e+03   7.8155685e-01   7.7933083e-01
   1.2660000e+03   7.8882558e-01   7.7681588e-01
   1.2670000e+03   7.9710670e-01   7.7332439e-01
   1.2680000e+03   8.0591104e-01   7.6947754e-01
   1.2690000e+03   8.1276527e-01   7.6641757e-01
   1.2700000e+03   8.1803197e-01   7.6464279e-01
   1.2710000e+03   8.2143571e-01   7.6355814e-01
   1.2720000e+03   8.2315994e-01   7.6409674e-01
   1.2730000e+03   8.2305279e-01   7.6364628e-01
   1.2740000e+03   8.2045236e-01   7.6194867e-01
   1.2750000e+03   8.1619791e-01   7.5965436e-01
   1.2760000e+03   8.1080602e-01   7.5599254e-01
   1.2770000e+03   8.0627179e-01   7.5129096e-01
   1.2780000e+03   8.0050614e-01   7.4654165e-01
   1.2790000e+03   7.9431431e-01   7.4282825e-01
   1.2800000e+03   7.8877694e-01   7.3903570e-01
   1.2810000e+03   7.8371693e-01   7.3506308e-01
   1.2820000e+03   7.8000392e-01   7.3175997e-01
   1.2830000e+03   7.7674976e-01   7.2797011e-01
   1.2840000e+03   7.7392940e-01   7.2352037e-01
   1.2850000e+03   7.6819714e-01   7.1843506e-01
   1.2860000e+03   7.6198450e-01   7.1199803e-01
   1.2870000e+03   7.5425298e-01   7.0449627e-01
   1.2880000e+03   7.4691250e-01   6.9612134e-01
   1.2890000e+03   7.4154129e-01   6.8722895e-01
   1.2900000e+03   7.3653713e-01   6.7702519e-01
   1.2910000e+03   7.3282496e-01   6.6617254e-01
   1.2920000e+03   7.2857178e-01   6.5497400e-01
   1.2930000e+03   7.2236753e-01   6.4341010e-01
   1.2940000e+03   7.1476834e-01   6.3156634e-01
   1.2950000e+03   7.0496336e-01   6.1939914e-01
   1.2960000e+03   6.9441037e-01   6.0843666e-01
   1.2970000e+03   6.8534817e-01   5.9876798e-01
   1.2980000e+03   6.7913914e-01   5.9342340e-01
   1.2990000e+03   6.7552135e-01   5.8963701e-01
   1.3000000e+03   6.7619319e-01   5.8824294e-01
   1.3010000e+03   6.8104218e-01   5.8637905e-01
   1.3020000e+03   6.8861605e-01   5.8289329e-01
   1.3030000e+03   6.9687180e-01   5.7621582e-01
   1.3040000e+03   7.0519619e-01   5.6854970e-01
   1.3050000e+03   7.1060448e-01   5.6173806e-01
   1.3060000e+03   7.1495429e-01   5.5690113e-01
   1.3070000e+03   7.2096553e-01   5.5334527e-01
   1.3080000e+03   7.2930491e-01   5.5220656e-01
   1.3090000e+03   7.3915508e-01   5.5226298e-01
   1.3100000e+03   7.4804070e-01   5.5332005e-01
   1.3110000e+03   7.5730888e-01   5.5541207e-01
   1.3120000e+03   7.6937495e-01   5.5877302e-01
   1.3130000e+03   7.8449322e-01   5.6173757e-01
   1.3140000e+03   8.0077235e-01   5.6589500e-01
   1.3150000e+03   8.1658224e-01   5.7140181e-01
   1.3160000e+03   8.3033661e-01   5.7768650e-01
   1.3170000e+03   8.4141419e-01   5.8372320e-01
   1.3180000e+03   8.5056667e-01   5.8753115e-01
   1.3190000e+03   8.5426045e-01   5.8996693e-01
   1.3200000e+03   8.5459889e-01   5.9138445e-01
   1.3210000e+03   8.4999290e-01   5.9256784e-01
   1.3220000e+03   8.4157503e-01   5.9548998e-01
   1.3230000e+03   8.3055394e-01   5.9778761e-01
   1.3240000e+03   8.1625608e-01   6.0124978e-01
   1.3250000e+03   8.0328119e-01   6.0411855e-01
   1.3260000e+03   7.8999124e-01   6.0652476e-01
   1.3270000e+03   7.7628545e-01   6.0800023e-01
   1.3280000e+03   7.6216224e-01   6.0854662e-01
   1.3290000e+03   7.4896780e-01   6.0743451e-01
   1.3300000e+03   7.3672721e-01   6.0556659e-01
   1.3310000e+03   7.2541113e-01   6.0292496e-01
   1.3320000e+03   7.1377513e-01   5.9895264e-01
   1.3330000e+03   7.0181264e-01   5.9405281e-01
   1.3340000e+03   6.8561541e-01   5.9077750e-01
   1.3350000e+03   6.6471658e-01   5.8668669e-01
   1.3360000e+03   6.4249666e-01   5.8521085e-01
   1.3370000e+03   6.1767611e-01   5.8664964e-01
   1.3380000e+03   5.9100221e-01   5.9204142e-01
   1.3390000e+03   5.6541673e-01   5.9949933e-01
   1.3400000e+03   5.3972900e-01   6.1009448e-01
   1.3410000e+03   5.1681068e-01   6.1777625e-01
   1.3420000e+03   4.9561613e-01   6.2331444e-01
   1.3430000e+03   4.7806669e-01   6.2213430e-01
   1.3440000e+03   4.6280668e-01   6.1656455e-01
   1.3450000e+03   4.4683070e-01   6.0914862e-01
   1.3460000e+03   4.2958947e-01   6.0241729e-01
   1.3470000e+03   4.1290562e-01   5.9674809e-01
   1.3480000e+03   3.9872859e-01   5.9344173e-01
   1.3490000e+03   3.8710498e-01   5.9252621e-01
   1.3500000e+03   3.7861638e-01   5.9296804e-01
   1.3510000e+03   3.7390364e-01   5.9517482e-01
   1.3520000e+03   3.7330824e-01   5.9959720e-01
   1.3530000e+03   3.7481848e-01   6.0560496e-01
   1.3540000e+03   3.8001818e-01   6.1205192e-01
   1.3550000e+03   3.8800367e-01   6.1723518e-01
   1.3560000e+03   3.9680600e-01   6.2003421e-01
   1.3570000e+03   4.0802721e-01   6.2386222e-01
   1.3580000e+03   4.1642264e-01   6.2231825e-01
   1.3590000e+03   4.2554336e-01   6.2113785e-01
   1.3600000e+03   4.3344926e-01   6.1997424e-01
   1.3610000e+03   4.3992575e-01   6.2018854e-01
   1.3620000e+03   4.4479290e-01   6.2264628e-01
   1.3630000e+03   4.4834483e-01   6.2700150e-01
   1.3640000e+03   4.5251619e-01   6.3248654e-01
   1.3650000e+03   4.5768377e-01   6.3851345e-01
   1.3660000e+03   4.6396675e-01   6.4517888e-01
   1.3670000e+03   4.6950746e-01   6.5033891e-01
   1.3680000e+03   4.7427843e-01   6.5744525e-01
   1.3690000e+03   4.7811130e-01   6.6520989e-01
   1.3700000e+03   4.7642059e-01   6.7204033e-01
   1.3710000e+03   4.7167328e-01   6.7684918e-01
   1.3720000e+03   4.6545941e-01   6.7789477e-01
   1.3730000e+03   4.6081769e-01   6.7708287e-01
   1.3740000e+03   4.5722754e-01   6.7600957e-01
   1.3750000e+03   4.5399556e-01   6.7701840e-01
   1.3760000e+03   4.4947688e-01   6.8023101e-01
   1.3770000e+03   4.4511929e-01   6.8534810e-01
   1.3780000e+03   4.4038620e-01   6.9191983e-01
   1.3790000e+03   4.3574844e-01   6.9760844e-01
   1.3800000e+03   4.3265109e-01   7.0168170e-01
   1.3810000e+03   4.2789746e-01   7.0643600e-01
   1.3820000e+03   4.2440186e-01   7.0717102e-01
   1.3830000e+03   4.1920488e-01   7.0628837e-01
   1.3840000e+03   4.1506681e-01   7.0387608e-01
   1.3850000e+03   4.1182406e-01   6.9778395e-01
   1.3860000e+03   4.0833713e-01   6.8808693e-01
   1.3870000e+03   4.0466686e-01   6.7743855e-01
   1.3880000e+03   4.0044256e-01   6.6433601e-01
   1.3890000e+03   3.9628859e-01   6.4979975e-01
   1.3900000e+03   3.9201762e-01   6.3436703e-01
   1.3910000e+03   3.8393953e-01   6.1781930e-01
   1.3920000e+03   3.7383399e-01   6.0134999e-01
   1.3930000e+03   3.6276465e-01   5.8559318e-01
   1.3940000e+03   3.4776043e-01   5.6809018e-01
   1.3950000e+03   3.2975011e-01   5.4775912e-01
   1.3960000e+03   3.1249073e-01   5.2625199e-01
   1.3970000e+03   2.9381437e-01   5.0420148e-01
   1.3980000e+03   2.7501085e-01   4.8379369e-01
   1.3990000e+03   2.5643928e-01   4.6336850e-01
   1.4000000e+03   2.3941391e-01   4.4536632e-01
   1.4010000e+03   2.2381134e-01   4.3128430e-01
   1.4020000e+03   2.0927957e-01   4.1921114e-01
   1.4030000e+03   1.9663556e-01   4.1065232e-01
   1.4040000e+03   1.8720155e-01   4.0877567e-01
   1.4050000e+03   1.8408763e-01   4.0621882e-01
   1.4060000e+03   1.7961026e-01   3.9765510e-01
   1.4070000e+03   1.7980421e-01   3.8650245e-01
   1.4080000e+03   1.8041915e-01   3.7096851e-01
   1.4090000e+03   1.8023715e-01   3.5404121e-01
   1.4100000e+03   1.7604487e-01   3.3778430e-01
   1.4110000e+03   1.6756773e-01   3.2447412e-01
   1.4120000e+03   1.5482308e-01   3.1342777e-01
   1.4130000e+03   1.3715011e-01   3.0172232e-01
   1.4140000e+03   1.1210334e-01   2.8638610e-01
   1.4150000e+03   8.0992536e-02   2.5615597e-01
   1.4160000e+03   6.6063908e-02   2.4364300e-01
   1.4170000e+03   6.7746523e-02   2.2038296e-01
   1.4180000e+03   8.1475556e-02   1.9547090e-01
   1.4190000e+03   9.7152831e-02   1.7320560e-01
   1.4200000e+03   1.1061917e-01   1.5349409e-01
   1.4210000e+03   1.2024931e-01   1.3603508e-01
   1.4220000e+03   1.2994839e-01   1.2010419e-01
