   3.9000000e+02  -2.9036672e+00   1.1209371e+00
   3.9100000e+02  -2.8837814e+00   1.1266938e+00
   3.9200000e+02  -2.8749742e+00   1.1326368e+00
   3.9300000e+02  -2.8683528e+00   1.1384785e+00
   3.9400000e+02  -2.8636213e+00   1.1442328e+00
   3.9500000e+02  -2.8615474e+00   1.1498387e+00
   3.9600000e+02  -2.8600820e+00   1.1549578e+00
   3.9700000e+02  -2.8621330e+00   1.1620302e+00
   3.9800000e+02  -2.8654080e+00   1.1669935e+00
   3.9900000e+02  -2.8685416e+00   1.1705351e+00
   4.0000000e+02  -2.8725608e+00   1.1735148e+00
   4.0100000e+02  -2.8760003e+00   1.1749084e+00
   4.0200000e+02  -2.8784886e+00   1.1755586e+00
   4.0300000e+02  -2.8801985e+00   1.1750270e+00
   4.0400000e+02  -2.8819405e+00   1.1732844e+00
   4.0500000e+02  -2.8840432e+00   1.1708495e+00
   4.0600000e+02  -2.8867814e+00   1.1671739e+00
   4.0700000e+02  -2.8886213e+00   1.1619399e+00
   4.0800000e+02  -2.8891663e+00   1.1545843e+00
   4.0900000e+02  -2.8890717e+00   1.1469239e+00
   4.1000000e+02  -2.8809765e+00   1.1377477e+00
   4.1100000e+02  -2.8686140e+00   1.1336754e+00
   4.1200000e+02  -2.8489577e+00   1.1341330e+00
   4.1300000e+02  -2.8242498e+00   1.1378428e+00
   4.1400000e+02  -2.7967335e+00   1.1440596e+00
   4.1500000e+02  -2.7677112e+00   1.1488048e+00
   4.1600000e+02  -2.7378728e+00   1.1518595e+00
   4.1700000e+02  -2.7055723e+00   1.1558217e+00
   4.1800000e+02  -2.6715598e+00   1.1581718e+00
   4.1900000e+02  -2.6365004e+00   1.1575724e+00
   4.2000000e+02  -2.6020596e+00   1.1502113e+00
   4.2100000e+02  -2.5661160e+00   1.1384321e+00
   4.2200000e+02  -2.5298637e+00   1.1263396e+00
   4.2300000e+02  -2.4914984e+00   1.1148634e+00
   4.2400000e+02  -2.4578397e+00   1.1041322e+00
   4.2500000e+02  -2.4308747e+00   1.0923721e+00
   4.2600000e+02  -2.4064971e+00   1.0884293e+00
   4.2700000e+02  -2.3858569e+00   1.0917783e+00
   4.2800000e+02  -2.3637580e+00   1.0998230e+00
   4.2900000e+02  -2.3392732e+00   1.1117530e+00
   4.3000000e+02  -2.3138022e+00   1.1318926e+00
   4.3100000e+02  -2.2973556e+00   1.1580128e+00
   4.3200000e+02  -2.2877738e+00   1.1860411e+00
   4.3300000e+02  -2.2833756e+00   1.2150020e+00
   4.3400000e+02  -2.2788352e+00   1.2431163e+00
   4.3500000e+02  -2.2764586e+00   1.2713420e+00
   4.3600000e+02  -2.2789708e+00   1.2988107e+00
   4.3700000e+02  -2.2829193e+00   1.3242302e+00
   4.3800000e+02  -2.2858793e+00   1.3496766e+00
   4.3900000e+02  -2.2881745e+00   1.3728544e+00
   4.4000000e+02  -2.2859238e+00   1.3942391e+00
   4.4100000e+02  -2.2787353e+00   1.4124241e+00
   4.4200000e+02  -2.2658453e+00   1.4283159e+00
   4.4300000e+02  -2.2488462e+00   1.4434085e+00
   4.4400000e+02  -2.2323419e+00   1.4590821e+00
   4.4500000e+02  -2.2152069e+00   1.4738092e+00
   4.4600000e+02  -2.2003687e+00   1.4882631e+00
   4.4700000e+02  -2.1882215e+00   1.5022648e+00
   4.4800000e+02  -2.1782415e+00   1.5171642e+00
   4.4900000e+02  -2.1669269e+00   1.5348810e+00
   4.5000000e+02  -2.1599609e+00   1.5522069e+00
   4.5100000e+02  -2.1601334e+00   1.5703892e+00
   4.5200000e+02  -2.1698342e+00   1.5889007e+00
   4.5300000e+02  -2.1813598e+00   1.6036523e+00
   4.5400000e+02  -2.1887165e+00   1.6154198e+00
   4.5500000e+02  -2.1935828e+00   1.6246315e+00
   4.5600000e+02  -2.1924310e+00   1.6276784e+00
   4.5700000e+02  -2.1880720e+00   1.6228813e+00
   4.5800000e+02  -2.1776004e+00   1.6139631e+00
   4.5900000e+02  -2.1655477e+00   1.6007866e+00
   4.6000000e+02  -2.1508993e+00   1.5825370e+00
   4.6100000e+02  -2.1356682e+00   1.5617283e+00
   4.6200000e+02  -2.1225193e+00   1.5380233e+00
   4.6300000e+02  -2.1128780e+00   1.5146362e+00
   4.6400000e+02  -2.1046639e+00   1.4950239e+00
   4.6500000e+02  -2.0974038e+00   1.4787316e+00
   4.6600000e+02  -2.0941303e+00   1.4683619e+00
   4.6700000e+02  -2.0958398e+00   1.4626196e+00
   4.6800000e+02  -2.1010053e+00   1.4580614e+00
   4.6900000e+02  -2.1104170e+00   1.4534401e+00
   4.7000000e+02  -2.1189414e+00   1.4470660e+00
   4.7100000e+02  -2.1254419e+00   1.4433307e+00
   4.7200000e+02  -2.1301841e+00   1.4407780e+00
   4.7300000e+02  -2.1323757e+00   1.4378021e+00
   4.7400000e+02  -2.1334965e+00   1.4331538e+00
   4.7500000e+02  -2.1343981e+00   1.4280234e+00
   4.7600000e+02  -2.1319678e+00   1.4234256e+00
   4.7700000e+02  -2.1238267e+00   1.4207307e+00
   4.7800000e+02  -2.1092351e+00   1.4216255e+00
   4.7900000e+02  -2.0884036e+00   1.4228665e+00
   4.8000000e+02  -2.0616736e+00   1.4219393e+00
   4.8100000e+02  -2.0301012e+00   1.4193178e+00
   4.8200000e+02  -1.9902254e+00   1.4159533e+00
   4.8300000e+02  -1.9466696e+00   1.4145601e+00
   4.8400000e+02  -1.9029834e+00   1.4151004e+00
   4.8500000e+02  -1.8617205e+00   1.4139166e+00
   4.8600000e+02  -1.8171458e+00   1.4054818e+00
   4.8700000e+02  -1.7719215e+00   1.3928190e+00
   4.8800000e+02  -1.7275863e+00   1.3770207e+00
   4.8900000e+02  -1.6841439e+00   1.3620989e+00
   4.9000000e+02  -1.6482180e+00   1.3470158e+00
   4.9100000e+02  -1.6272034e+00   1.3338584e+00
   4.9200000e+02  -1.6132089e+00   1.3234778e+00
   4.9300000e+02  -1.6035758e+00   1.3150842e+00
   4.9400000e+02  -1.5921270e+00   1.3063110e+00
   4.9500000e+02  -1.5811844e+00   1.2992522e+00
   4.9600000e+02  -1.5710033e+00   1.2956687e+00
   4.9700000e+02  -1.5631090e+00   1.2967457e+00
   4.9800000e+02  -1.5548605e+00   1.2988249e+00
   4.9900000e+02  -1.5485305e+00   1.3014532e+00
   5.0000000e+02  -1.5420166e+00   1.3044347e+00
   5.0100000e+02  -1.5348062e+00   1.3073165e+00
   5.0200000e+02  -1.5255574e+00   1.3106012e+00
   5.0300000e+02  -1.5167241e+00   1.3152255e+00
   5.0400000e+02  -1.5124149e+00   1.3189218e+00
   5.0500000e+02  -1.5141923e+00   1.3199868e+00
   5.0600000e+02  -1.5248057e+00   1.3211803e+00
   5.0700000e+02  -1.5438970e+00   1.3235662e+00
   5.0800000e+02  -1.5667526e+00   1.3253826e+00
   5.0900000e+02  -1.5963671e+00   1.3282102e+00
   5.1000000e+02  -1.6294717e+00   1.3316899e+00
   5.1100000e+02  -1.6610529e+00   1.3344936e+00
   5.1200000e+02  -1.6911662e+00   1.3379401e+00
   5.1300000e+02  -1.7183260e+00   1.3408399e+00
   5.1400000e+02  -1.7399186e+00   1.3423841e+00
   5.1500000e+02  -1.7527007e+00   1.3420086e+00
   5.1600000e+02  -1.7586187e+00   1.3400010e+00
   5.1700000e+02  -1.7580744e+00   1.3381019e+00
   5.1800000e+02  -1.7511805e+00   1.3335912e+00
   5.1900000e+02  -1.7438545e+00   1.3306842e+00
   5.2000000e+02  -1.7379763e+00   1.3307062e+00
   5.2100000e+02  -1.7360381e+00   1.3294220e+00
   5.2200000e+02  -1.7399023e+00   1.3255084e+00
   5.2300000e+02  -1.7473389e+00   1.3192679e+00
   5.2400000e+02  -1.7522126e+00   1.3116261e+00
   5.2500000e+02  -1.7552014e+00   1.3038248e+00
   5.2600000e+02  -1.7585325e+00   1.2933035e+00
   5.2700000e+02  -1.7623190e+00   1.2793883e+00
   5.2800000e+02  -1.7611888e+00   1.2633355e+00
   5.2900000e+02  -1.7557773e+00   1.2461304e+00
   5.3000000e+02  -1.7453238e+00   1.2296436e+00
   5.3100000e+02  -1.7384185e+00   1.2130610e+00
   5.3200000e+02  -1.7355697e+00   1.1946858e+00
   5.3300000e+02  -1.7349540e+00   1.1733486e+00
   5.3400000e+02  -1.7365349e+00   1.1499171e+00
   5.3500000e+02  -1.7399773e+00   1.1278938e+00
   5.3600000e+02  -1.7483809e+00   1.1104576e+00
   5.3700000e+02  -1.7605019e+00   1.0986313e+00
   5.3800000e+02  -1.7739234e+00   1.0904574e+00
   5.3900000e+02  -1.7840599e+00   1.0860797e+00
   5.4000000e+02  -1.7879651e+00   1.0832044e+00
   5.4100000e+02  -1.7865622e+00   1.0816994e+00
   5.4200000e+02  -1.7798331e+00   1.0823649e+00
   5.4300000e+02  -1.7715826e+00   1.0860373e+00
   5.4400000e+02  -1.7638902e+00   1.0891674e+00
   5.4500000e+02  -1.7567582e+00   1.0934657e+00
   5.4600000e+02  -1.7492757e+00   1.1023430e+00
   5.4700000e+02  -1.7404529e+00   1.1144637e+00
   5.4800000e+02  -1.7323650e+00   1.1274461e+00
   5.4900000e+02  -1.7253944e+00   1.1395807e+00
   5.5000000e+02  -1.7211940e+00   1.1499093e+00
   5.5100000e+02  -1.7199024e+00   1.1599045e+00
   5.5200000e+02  -1.7245303e+00   1.1668448e+00
   5.5300000e+02  -1.7336827e+00   1.1724740e+00
   5.5400000e+02  -1.7453878e+00   1.1745858e+00
   5.5500000e+02  -1.7641561e+00   1.1757366e+00
   5.5600000e+02  -1.7867654e+00   1.1759593e+00
   5.5700000e+02  -1.8122413e+00   1.1781707e+00
   5.5800000e+02  -1.8435663e+00   1.1835363e+00
   5.5900000e+02  -1.8792541e+00   1.1905146e+00
   5.6000000e+02  -1.9181738e+00   1.1967048e+00
   5.6100000e+02  -1.9590032e+00   1.2004529e+00
   5.6200000e+02  -1.9991775e+00   1.1988638e+00
   5.6300000e+02  -2.0330901e+00   1.1923729e+00
   5.6400000e+02  -2.0571314e+00   1.1809531e+00
   5.6500000e+02  -2.0754938e+00   1.1692870e+00
   5.6600000e+02  -2.0825127e+00   1.1582822e+00
   5.6700000e+02  -2.0912523e+00   1.1531200e+00
   5.6800000e+02  -2.1023098e+00   1.1573367e+00
   5.6900000e+02  -2.1163108e+00   1.1633763e+00
   5.7000000e+02  -2.1343109e+00   1.1669279e+00
   5.7100000e+02  -2.1583980e+00   1.1654581e+00
   5.7200000e+02  -2.1863442e+00   1.1618466e+00
   5.7300000e+02  -2.2147823e+00   1.1587756e+00
   5.7400000e+02  -2.2448783e+00   1.1549160e+00
   5.7500000e+02  -2.2752192e+00   1.1496158e+00
   5.7600000e+02  -2.3058442e+00   1.1424252e+00
   5.7700000e+02  -2.3374178e+00   1.1331691e+00
   5.7800000e+02  -2.3710749e+00   1.1265230e+00
   5.7900000e+02  -2.4070192e+00   1.1234196e+00
   5.8000000e+02  -2.4407121e+00   1.1214792e+00
   5.8100000e+02  -2.4668035e+00   1.1218991e+00
   5.8200000e+02  -2.4891124e+00   1.1256994e+00
   5.8300000e+02  -2.5100535e+00   1.1300786e+00
   5.8400000e+02  -2.5321593e+00   1.1350049e+00
   5.8500000e+02  -2.5537384e+00   1.1350693e+00
   5.8600000e+02  -2.5772310e+00   1.1277526e+00
   5.8700000e+02  -2.5982813e+00   1.1196311e+00
   5.8800000e+02  -2.6153768e+00   1.1150920e+00
   5.8900000e+02  -2.6295427e+00   1.1135327e+00
   5.9000000e+02  -2.6391843e+00   1.1100241e+00
   5.9100000e+02  -2.6515720e+00   1.1067978e+00
   5.9200000e+02  -2.6642711e+00   1.1045974e+00
   5.9300000e+02  -2.6770752e+00   1.1021785e+00
   5.9400000e+02  -2.6849937e+00   1.0970836e+00
   5.9500000e+02  -2.6866788e+00   1.0867364e+00
   5.9600000e+02  -2.6825330e+00   1.0726959e+00
   5.9700000e+02  -2.6762296e+00   1.0556311e+00
   5.9800000e+02  -2.6704713e+00   1.0319708e+00
   5.9900000e+02  -2.6591494e+00   1.0070556e+00
   6.0000000e+02  -2.6430225e+00   9.8645662e-01
   6.0100000e+02  -2.6317810e+00   9.6936390e-01
   6.0200000e+02  -2.6233247e+00   9.5411791e-01
   6.0300000e+02  -2.6143886e+00   9.4533112e-01
   6.0400000e+02  -2.6015026e+00   9.4159069e-01
   6.0500000e+02  -2.5837837e+00   9.4270242e-01
   6.0600000e+02  -2.5695898e+00   9.4414194e-01
   6.0700000e+02  -2.5619106e+00   9.5119657e-01
   6.0800000e+02  -2.5547448e+00   9.6934481e-01
   6.0900000e+02  -2.5478428e+00   9.9944497e-01
   6.1000000e+02  -2.5432754e+00   1.0280111e+00
   6.1100000e+02  -2.5378931e+00   1.0490603e+00
   6.1200000e+02  -2.5255248e+00   1.0666273e+00
   6.1300000e+02  -2.5126608e+00   1.0803705e+00
   6.1400000e+02  -2.5007799e+00   1.0870826e+00
   6.1500000e+02  -2.4933777e+00   1.0888918e+00
   6.1600000e+02  -2.4897790e+00   1.0879287e+00
   6.1700000e+02  -2.4921781e+00   1.0866139e+00
   6.1800000e+02  -2.4948048e+00   1.0850413e+00
   6.1900000e+02  -2.4985903e+00   1.0834518e+00
   6.2000000e+02  -2.5055684e+00   1.0826167e+00
   6.2100000e+02  -2.5168273e+00   1.0853409e+00
   6.2200000e+02  -2.5321074e+00   1.0915556e+00
   6.2300000e+02  -2.5470511e+00   1.0998176e+00
   6.2400000e+02  -2.5630851e+00   1.1124358e+00
   6.2500000e+02  -2.5712676e+00   1.1261390e+00
   6.2600000e+02  -2.5716124e+00   1.1406506e+00
   6.2700000e+02  -2.5734071e+00   1.1446194e+00
   6.2800000e+02  -2.5805041e+00   1.1364996e+00
   6.2900000e+02  -2.5876086e+00   1.1219719e+00
   6.3000000e+02  -2.5896429e+00   1.1083595e+00
   6.3100000e+02  -2.5915776e+00   1.1010474e+00
   6.3200000e+02  -2.5974670e+00   1.1019715e+00
   6.3300000e+02  -2.6043617e+00   1.1091703e+00
   6.3400000e+02  -2.6090047e+00   1.1212062e+00
   6.3500000e+02  -2.6112119e+00   1.1366820e+00
   6.3600000e+02  -2.6111245e+00   1.1538860e+00
   6.3700000e+02  -2.6103661e+00   1.1716472e+00
   6.3800000e+02  -2.6027280e+00   1.1845295e+00
   6.3900000e+02  -2.5947976e+00   1.1930682e+00
   6.4000000e+02  -2.5874552e+00   1.2002983e+00
   6.4100000e+02  -2.5781176e+00   1.2088126e+00
   6.4200000e+02  -2.5667021e+00   1.2196120e+00
   6.4300000e+02  -2.5533379e+00   1.2335628e+00
   6.4400000e+02  -2.5416381e+00   1.2493847e+00
   6.4500000e+02  -2.5347175e+00   1.2650762e+00
   6.4600000e+02  -2.5330119e+00   1.2792620e+00
   6.4700000e+02  -2.5301011e+00   1.2905971e+00
   6.4800000e+02  -2.5224314e+00   1.2995078e+00
   6.4900000e+02  -2.5086441e+00   1.3034689e+00
   6.5000000e+02  -2.4839727e+00   1.3037775e+00
   6.5100000e+02  -2.4522001e+00   1.3016800e+00
   6.5200000e+02  -2.4165388e+00   1.2978831e+00
   6.5300000e+02  -2.3761010e+00   1.2926299e+00
   6.5400000e+02  -2.3352817e+00   1.2853484e+00
   6.5500000e+02  -2.2940821e+00   1.2762258e+00
   6.5600000e+02  -2.2568977e+00   1.2660711e+00
   6.5700000e+02  -2.2260432e+00   1.2534818e+00
   6.5800000e+02  -2.1968869e+00   1.2405596e+00
   6.5900000e+02  -2.1695427e+00   1.2274727e+00
   6.6000000e+02  -2.1438751e+00   1.2153522e+00
   6.6100000e+02  -2.1213196e+00   1.2037106e+00
   6.6200000e+02  -2.0987474e+00   1.1967517e+00
   6.6300000e+02  -2.0767607e+00   1.1936363e+00
   6.6400000e+02  -2.0519195e+00   1.1966378e+00
   6.6500000e+02  -2.0251585e+00   1.2073851e+00
   6.6600000e+02  -1.9972218e+00   1.2202590e+00
   6.6700000e+02  -1.9684863e+00   1.2343571e+00
   6.6800000e+02  -1.9379555e+00   1.2479915e+00
   6.6900000e+02  -1.9052141e+00   1.2589141e+00
   6.7000000e+02  -1.8692560e+00   1.2652017e+00
   6.7100000e+02  -1.8325042e+00   1.2660433e+00
   6.7200000e+02  -1.7972130e+00   1.2636548e+00
   6.7300000e+02  -1.7657089e+00   1.2600091e+00
   6.7400000e+02  -1.7350023e+00   1.2561428e+00
   6.7500000e+02  -1.7043460e+00   1.2511123e+00
   6.7600000e+02  -1.6716718e+00   1.2420127e+00
   6.7700000e+02  -1.6372380e+00   1.2301587e+00
   6.7800000e+02  -1.6023265e+00   1.2186583e+00
   6.7900000e+02  -1.5644482e+00   1.2100772e+00
   6.8000000e+02  -1.5262182e+00   1.2056378e+00
   6.8100000e+02  -1.4908226e+00   1.2047771e+00
   6.8200000e+02  -1.4588368e+00   1.2063591e+00
   6.8300000e+02  -1.4306294e+00   1.2083960e+00
   6.8400000e+02  -1.4076615e+00   1.2126791e+00
   6.8500000e+02  -1.3834599e+00   1.2170304e+00
   6.8600000e+02  -1.3596891e+00   1.2196575e+00
   6.8700000e+02  -1.3322685e+00   1.2210370e+00
   6.8800000e+02  -1.3028979e+00   1.2238247e+00
   6.8900000e+02  -1.2724002e+00   1.2302810e+00
   6.9000000e+02  -1.2413015e+00   1.2404510e+00
   6.9100000e+02  -1.2124595e+00   1.2575676e+00
   6.9200000e+02  -1.1899459e+00   1.2786225e+00
   6.9300000e+02  -1.1731799e+00   1.3016111e+00
   6.9400000e+02  -1.1610890e+00   1.3211630e+00
   6.9500000e+02  -1.1533145e+00   1.3337940e+00
   6.9600000e+02  -1.1499130e+00   1.3402828e+00
   6.9700000e+02  -1.1499817e+00   1.3441959e+00
   6.9800000e+02  -1.1465091e+00   1.3487993e+00
   6.9900000e+02  -1.1338605e+00   1.3525023e+00
   7.0000000e+02  -1.1144247e+00   1.3582540e+00
   7.0100000e+02  -1.0892665e+00   1.3673903e+00
   7.0200000e+02  -1.0642038e+00   1.3771637e+00
   7.0300000e+02  -1.0448470e+00   1.3838486e+00
   7.0400000e+02  -1.0315321e+00   1.3850841e+00
   7.0500000e+02  -1.0207844e+00   1.3833980e+00
   7.0600000e+02  -1.0119756e+00   1.3829230e+00
   7.0700000e+02  -1.0054606e+00   1.3848188e+00
   7.0800000e+02  -1.0009415e+00   1.3875030e+00
   7.0900000e+02  -9.9612167e-01   1.3909313e+00
   7.1000000e+02  -9.9481778e-01   1.3952964e+00
   7.1100000e+02  -9.9626390e-01   1.4001577e+00
   7.1200000e+02  -9.9989133e-01   1.4041390e+00
   7.1300000e+02  -1.0047659e+00   1.4079961e+00
   7.1400000e+02  -1.0104573e+00   1.4148374e+00
   7.1500000e+02  -1.0142006e+00   1.4237758e+00
   7.1600000e+02  -1.0163205e+00   1.4345462e+00
   7.1700000e+02  -1.0160267e+00   1.4468930e+00
   7.1800000e+02  -1.0119766e+00   1.4581040e+00
   7.1900000e+02  -1.0065830e+00   1.4664788e+00
   7.2000000e+02  -1.0040328e+00   1.4717289e+00
   7.2100000e+02  -1.0062338e+00   1.4728994e+00
   7.2200000e+02  -1.0121952e+00   1.4713912e+00
   7.2300000e+02  -1.0213529e+00   1.4684623e+00
   7.2400000e+02  -1.0303453e+00   1.4643808e+00
   7.2500000e+02  -1.0376994e+00   1.4603221e+00
   7.2600000e+02  -1.0439343e+00   1.4562299e+00
   7.2700000e+02  -1.0483016e+00   1.4517855e+00
   7.2800000e+02  -1.0507163e+00   1.4476785e+00
   7.2900000e+02  -1.0478731e+00   1.4452432e+00
   7.3000000e+02  -1.0392668e+00   1.4442723e+00
   7.3100000e+02  -1.0280951e+00   1.4439433e+00
   7.3200000e+02  -1.0164815e+00   1.4446102e+00
   7.3300000e+02  -1.0087148e+00   1.4462684e+00
   7.3400000e+02  -1.0059622e+00   1.4528197e+00
   7.3500000e+02  -1.0084861e+00   1.4649214e+00
   7.3600000e+02  -1.0125775e+00   1.4828481e+00
   7.3700000e+02  -1.0191816e+00   1.5055489e+00
   7.3800000e+02  -1.0292216e+00   1.5286244e+00
   7.3900000e+02  -1.0443486e+00   1.5499571e+00
   7.4000000e+02  -1.0599045e+00   1.5669135e+00
   7.4100000e+02  -1.0740484e+00   1.5849496e+00
   7.4200000e+02  -1.0889204e+00   1.6008107e+00
   7.4300000e+02  -1.1048499e+00   1.6139130e+00
   7.4400000e+02  -1.1229550e+00   1.6259284e+00
   7.4500000e+02  -1.1425806e+00   1.6358648e+00
   7.4600000e+02  -1.1582851e+00   1.6459664e+00
   7.4700000e+02  -1.1724427e+00   1.6550805e+00
   7.4800000e+02  -1.1874499e+00   1.6613785e+00
   7.4900000e+02  -1.2024458e+00   1.6646791e+00
   7.5000000e+02  -1.2174208e+00   1.6653240e+00
   7.5100000e+02  -1.2325253e+00   1.6645577e+00
   7.5200000e+02  -1.2492976e+00   1.6603610e+00
   7.5300000e+02  -1.2666383e+00   1.6559697e+00
   7.5400000e+02  -1.2830477e+00   1.6514072e+00
   7.5500000e+02  -1.2984412e+00   1.6494172e+00
   7.5600000e+02  -1.3135892e+00   1.6483389e+00
   7.5700000e+02  -1.3289899e+00   1.6477223e+00
   7.5800000e+02  -1.3413379e+00   1.6460801e+00
   7.5900000e+02  -1.3524753e+00   1.6457750e+00
   7.6000000e+02  -1.3640112e+00   1.6461509e+00
   7.6100000e+02  -1.3738841e+00   1.6478587e+00
   7.6200000e+02  -1.3831919e+00   1.6523500e+00
   7.6300000e+02  -1.3939309e+00   1.6598344e+00
   7.6400000e+02  -1.4045911e+00   1.6689835e+00
   7.6500000e+02  -1.4150031e+00   1.6807741e+00
   7.6600000e+02  -1.4232513e+00   1.6920151e+00
   7.6700000e+02  -1.4267950e+00   1.7003158e+00
   7.6800000e+02  -1.4291172e+00   1.7058664e+00
   7.6900000e+02  -1.4354089e+00   1.7095669e+00
   7.7000000e+02  -1.4451190e+00   1.7093224e+00
   7.7100000e+02  -1.4554178e+00   1.7082919e+00
   7.7200000e+02  -1.4656106e+00   1.7056179e+00
   7.7300000e+02  -1.4764752e+00   1.7021694e+00
   7.7400000e+02  -1.4869317e+00   1.6976045e+00
   7.7500000e+02  -1.4973755e+00   1.6927969e+00
   7.7600000e+02  -1.5069824e+00   1.6886860e+00
   7.7700000e+02  -1.5182631e+00   1.6847841e+00
   7.7800000e+02  -1.5311760e+00   1.6810261e+00
   7.7900000e+02  -1.5423561e+00   1.6771998e+00
   7.8000000e+02  -1.5564148e+00   1.6750267e+00
   7.8100000e+02  -1.5783694e+00   1.6734565e+00
   7.8200000e+02  -1.6044723e+00   1.6736651e+00
   7.8300000e+02  -1.6320763e+00   1.6737246e+00
   7.8400000e+02  -1.6604951e+00   1.6747027e+00
   7.8500000e+02  -1.6888687e+00   1.6776952e+00
   7.8600000e+02  -1.7140665e+00   1.6802419e+00
   7.8700000e+02  -1.7338451e+00   1.6829718e+00
   7.8800000e+02  -1.7505923e+00   1.6874281e+00
   7.8900000e+02  -1.7672630e+00   1.6946755e+00
   7.9000000e+02  -1.7793819e+00   1.7009212e+00
   7.9100000e+02  -1.7881382e+00   1.7038796e+00
   7.9200000e+02  -1.7938696e+00   1.7034419e+00
   7.9300000e+02  -1.7961099e+00   1.6981663e+00
   7.9400000e+02  -1.8006938e+00   1.6909448e+00
   7.9500000e+02  -1.8110553e+00   1.6852942e+00
   7.9600000e+02  -1.8258418e+00   1.6832631e+00
   7.9700000e+02  -1.8461635e+00   1.6824666e+00
   7.9800000e+02  -1.8702494e+00   1.6819245e+00
   7.9900000e+02  -1.8952804e+00   1.6831297e+00
   8.0000000e+02  -1.9173122e+00   1.6897937e+00
   8.0100000e+02  -1.9370759e+00   1.7036968e+00
   8.0200000e+02  -1.9589612e+00   1.7217559e+00
   8.0300000e+02  -1.9825741e+00   1.7378580e+00
   8.0400000e+02  -2.0071169e+00   1.7477434e+00
   8.0500000e+02  -2.0315028e+00   1.7552424e+00
   8.0600000e+02  -2.0543165e+00   1.7614818e+00
   8.0700000e+02  -2.0728610e+00   1.7698791e+00
   8.0800000e+02  -2.0922451e+00   1.7813148e+00
   8.0900000e+02  -2.1128582e+00   1.7934391e+00
   8.1000000e+02  -2.1321135e+00   1.8024315e+00
   8.1100000e+02  -2.1495687e+00   1.8066813e+00
   8.1200000e+02  -2.1663072e+00   1.8063751e+00
   8.1300000e+02  -2.1840509e+00   1.7981319e+00
   8.1400000e+02  -2.1994747e+00   1.7845704e+00
   8.1500000e+02  -2.2143359e+00   1.7649805e+00
   8.1600000e+02  -2.2278569e+00   1.7418139e+00
   8.1700000e+02  -2.2415073e+00   1.7142808e+00
   8.1800000e+02  -2.2544115e+00   1.6848951e+00
   8.1900000e+02  -2.2676242e+00   1.6526394e+00
   8.2000000e+02  -2.2795201e+00   1.6220351e+00
   8.2100000e+02  -2.2850658e+00   1.5961312e+00
   8.2200000e+02  -2.2939749e+00   1.5767360e+00
   8.2300000e+02  -2.3002283e+00   1.5653302e+00
   8.2400000e+02  -2.3047202e+00   1.5594647e+00
   8.2500000e+02  -2.3091748e+00   1.5579960e+00
   8.2600000e+02  -2.3107647e+00   1.5577277e+00
   8.2700000e+02  -2.3101636e+00   1.5595290e+00
   8.2800000e+02  -2.3112936e+00   1.5616486e+00
   8.2900000e+02  -2.3100442e+00   1.5621997e+00
   8.3000000e+02  -2.3066871e+00   1.5681045e+00
   8.3100000e+02  -2.3010415e+00   1.5765396e+00
   8.3200000e+02  -2.2939453e+00   1.5888905e+00
   8.3300000e+02  -2.2886701e+00   1.6026155e+00
   8.3400000e+02  -2.2844511e+00   1.6179537e+00
   8.3500000e+02  -2.2807084e+00   1.6368896e+00
   8.3600000e+02  -2.2754225e+00   1.6592019e+00
   8.3700000e+02  -2.2693849e+00   1.6829676e+00
   8.3800000e+02  -2.2583055e+00   1.7111413e+00
   8.3900000e+02  -2.2473979e+00   1.7348064e+00
   8.4000000e+02  -2.2357622e+00   1.7529687e+00
   8.4100000e+02  -2.2247155e+00   1.7590277e+00
   8.4200000e+02  -2.2152141e+00   1.7536945e+00
   8.4300000e+02  -2.2068162e+00   1.7396591e+00
   8.4400000e+02  -2.2036023e+00   1.7189154e+00
   8.4500000e+02  -2.2050252e+00   1.6965203e+00
   8.4600000e+02  -2.2081771e+00   1.6703726e+00
   8.4700000e+02  -2.2096793e+00   1.6464724e+00
   8.4800000e+02  -2.2088397e+00   1.6283535e+00
   8.4900000e+02  -2.2034879e+00   1.6137778e+00
   8.5000000e+02  -2.1923464e+00   1.6027092e+00
   8.5100000e+02  -2.1775029e+00   1.5939054e+00
   8.5200000e+02  -2.1599057e+00   1.5890021e+00
   8.5300000e+02  -2.1371828e+00   1.5874715e+00
   8.5400000e+02  -2.1123142e+00   1.5878791e+00
   8.5500000e+02  -2.0916560e+00   1.5911476e+00
   8.5600000e+02  -2.0791297e+00   1.5963736e+00
   8.5700000e+02  -2.0707202e+00   1.6029791e+00
   8.5800000e+02  -2.0655151e+00   1.6096661e+00
   8.5900000e+02  -2.0647411e+00   1.6105608e+00
   8.6000000e+02  -2.0678977e+00   1.6033764e+00
   8.6100000e+02  -2.0722387e+00   1.5891727e+00
   8.6200000e+02  -2.0773591e+00   1.5719756e+00
   8.6300000e+02  -2.0828446e+00   1.5525965e+00
   8.6400000e+02  -2.0911497e+00   1.5303009e+00
   8.6500000e+02  -2.0971710e+00   1.5059503e+00
   8.6600000e+02  -2.1005104e+00   1.4808926e+00
   8.6700000e+02  -2.1032619e+00   1.4553274e+00
   8.6800000e+02  -2.1069027e+00   1.4354653e+00
   8.6900000e+02  -2.1089819e+00   1.4234720e+00
   8.7000000e+02  -2.1095632e+00   1.4206536e+00
   8.7100000e+02  -2.1077199e+00   1.4248500e+00
   8.7200000e+02  -2.0993579e+00   1.4303826e+00
   8.7300000e+02  -2.0828648e+00   1.4325587e+00
   8.7400000e+02  -2.0642156e+00   1.4309547e+00
   8.7500000e+02  -2.0436486e+00   1.4253821e+00
   8.7600000e+02  -2.0266005e+00   1.4176868e+00
   8.7700000e+02  -2.0123637e+00   1.4089325e+00
   8.7800000e+02  -2.0040500e+00   1.4012704e+00
   8.7900000e+02  -2.0070908e+00   1.3974432e+00
   8.8000000e+02  -2.0190412e+00   1.3991748e+00
   8.8100000e+02  -2.0381545e+00   1.4042967e+00
   8.8200000e+02  -2.0594866e+00   1.4119449e+00
   8.8300000e+02  -2.0841470e+00   1.4201357e+00
   8.8400000e+02  -2.1102407e+00   1.4269221e+00
   8.8500000e+02  -2.1331388e+00   1.4321413e+00
   8.8600000e+02  -2.1519483e+00   1.4345192e+00
   8.8700000e+02  -2.1692547e+00   1.4360832e+00
   8.8800000e+02  -2.1902933e+00   1.4352935e+00
   8.8900000e+02  -2.2131842e+00   1.4332554e+00
   8.9000000e+02  -2.2349832e+00   1.4291836e+00
   8.9100000e+02  -2.2561913e+00   1.4235810e+00
   8.9200000e+02  -2.2732705e+00   1.4183978e+00
   8.9300000e+02  -2.2861942e+00   1.4164257e+00
   8.9400000e+02  -2.2952580e+00   1.4160690e+00
   8.9500000e+02  -2.3004288e+00   1.4172568e+00
   8.9600000e+02  -2.3046526e+00   1.4201606e+00
   8.9700000e+02  -2.3069765e+00   1.4234403e+00
   8.9800000e+02  -2.3097515e+00   1.4261955e+00
   8.9900000e+02  -2.3117528e+00   1.4270182e+00
   9.0000000e+02  -2.3113541e+00   1.4274054e+00
   9.0100000e+02  -2.3095826e+00   1.4279467e+00
   9.0200000e+02  -2.2993534e+00   1.4316685e+00
   9.0300000e+02  -2.2838100e+00   1.4375989e+00
   9.0400000e+02  -2.2638360e+00   1.4462444e+00
   9.0500000e+02  -2.2395176e+00   1.4565927e+00
   9.0600000e+02  -2.2105332e+00   1.4678354e+00
   9.0700000e+02  -2.1796473e+00   1.4810521e+00
   9.0800000e+02  -2.1495618e+00   1.4949274e+00
   9.0900000e+02  -2.1229269e+00   1.5102096e+00
   9.1000000e+02  -2.0994730e+00   1.5276984e+00
   9.1100000e+02  -2.0795674e+00   1.5471486e+00
   9.1200000e+02  -2.0612228e+00   1.5712033e+00
   9.1300000e+02  -2.0426296e+00   1.5990877e+00
   9.1400000e+02  -2.0269002e+00   1.6315164e+00
   9.1500000e+02  -2.0090360e+00   1.6664393e+00
   9.1600000e+02  -1.9917773e+00   1.7045920e+00
   9.1700000e+02  -1.9757184e+00   1.7404461e+00
   9.1800000e+02  -1.9618551e+00   1.7693379e+00
   9.1900000e+02  -1.9475867e+00   1.7820651e+00
   9.2000000e+02  -1.9327161e+00   1.7843168e+00
   9.2100000e+02  -1.9159664e+00   1.7776358e+00
   9.2200000e+02  -1.8984393e+00   1.7682133e+00
   9.2300000e+02  -1.8826613e+00   1.7576842e+00
   9.2400000e+02  -1.8668249e+00   1.7469823e+00
   9.2500000e+02  -1.8508670e+00   1.7348642e+00
   9.2600000e+02  -1.8342840e+00   1.7248727e+00
   9.2700000e+02  -1.8166139e+00   1.7134683e+00
   9.2800000e+02  -1.8013475e+00   1.7000872e+00
   9.2900000e+02  -1.7859790e+00   1.6841998e+00
   9.3000000e+02  -1.7684132e+00   1.6664233e+00
   9.3100000e+02  -1.7496648e+00   1.6439948e+00
   9.3200000e+02  -1.7256190e+00   1.6192704e+00
   9.3300000e+02  -1.7004463e+00   1.5964711e+00
   9.3400000e+02  -1.6782811e+00   1.5799026e+00
   9.3500000e+02  -1.6571616e+00   1.5642314e+00
   9.3600000e+02  -1.6372977e+00   1.5461979e+00
   9.3700000e+02  -1.6219687e+00   1.5291292e+00
   9.3800000e+02  -1.6051196e+00   1.5153212e+00
   9.3900000e+02  -1.5838219e+00   1.5022582e+00
   9.4000000e+02  -1.5563726e+00   1.4911775e+00
   9.4100000e+02  -1.5246997e+00   1.4827230e+00
   9.4200000e+02  -1.4913742e+00   1.4775554e+00
   9.4300000e+02  -1.4600936e+00   1.4752814e+00
   9.4400000e+02  -1.4310789e+00   1.4737016e+00
   9.4500000e+02  -1.4079655e+00   1.4756953e+00
   9.4600000e+02  -1.3867811e+00   1.4827662e+00
   9.4700000e+02  -1.3651112e+00   1.4926883e+00
   9.4800000e+02  -1.3440279e+00   1.5078926e+00
   9.4900000e+02  -1.3241910e+00   1.5244113e+00
   9.5000000e+02  -1.3111963e+00   1.5437284e+00
   9.5100000e+02  -1.3009062e+00   1.5625502e+00
   9.5200000e+02  -1.2939066e+00   1.5804637e+00
   9.5300000e+02  -1.2884103e+00   1.5972864e+00
   9.5400000e+02  -1.2829855e+00   1.6134565e+00
   9.5500000e+02  -1.2774664e+00   1.6261991e+00
   9.5600000e+02  -1.2730635e+00   1.6350734e+00
   9.5700000e+02  -1.2694229e+00   1.6398704e+00
   9.5800000e+02  -1.2672693e+00   1.6414840e+00
   9.5900000e+02  -1.2681861e+00   1.6397851e+00
   9.6000000e+02  -1.2726165e+00   1.6345045e+00
   9.6100000e+02  -1.2807582e+00   1.6258271e+00
   9.6200000e+02  -1.2903366e+00   1.6154805e+00
   9.6300000e+02  -1.2984098e+00   1.6042940e+00
   9.6400000e+02  -1.3044216e+00   1.5918861e+00
   9.6500000e+02  -1.3093842e+00   1.5783738e+00
   9.6600000e+02  -1.3145177e+00   1.5606852e+00
   9.6700000e+02  -1.3189946e+00   1.5392024e+00
   9.6800000e+02  -1.3242262e+00   1.5166190e+00
   9.6900000e+02  -1.3294995e+00   1.4963727e+00
   9.7000000e+02  -1.3332053e+00   1.4808312e+00
   9.7100000e+02  -1.3330693e+00   1.4686328e+00
   9.7200000e+02  -1.3312943e+00   1.4600877e+00
   9.7300000e+02  -1.3298828e+00   1.4521976e+00
   9.7400000e+02  -1.3302989e+00   1.4447800e+00
   9.7500000e+02  -1.3299831e+00   1.4379589e+00
   9.7600000e+02  -1.3297000e+00   1.4308761e+00
   9.7700000e+02  -1.3318783e+00   1.4265524e+00
   9.7800000e+02  -1.3339258e+00   1.4252228e+00
   9.7900000e+02  -1.3361494e+00   1.4272315e+00
   9.8000000e+02  -1.3375183e+00   1.4307079e+00
   9.8100000e+02  -1.3403210e+00   1.4350732e+00
   9.8200000e+02  -1.3441237e+00   1.4401924e+00
   9.8300000e+02  -1.3471116e+00   1.4460114e+00
   9.8400000e+02  -1.3476609e+00   1.4537258e+00
   9.8500000e+02  -1.3478518e+00   1.4659971e+00
   9.8600000e+02  -1.3491444e+00   1.4789308e+00
   9.8700000e+02  -1.3558940e+00   1.4913582e+00
   9.8800000e+02  -1.3691393e+00   1.5031157e+00
   9.8900000e+02  -1.3851913e+00   1.5143703e+00
   9.9000000e+02  -1.4045666e+00   1.5240605e+00
   9.9100000e+02  -1.4264610e+00   1.5295921e+00
   9.9200000e+02  -1.4518733e+00   1.5300532e+00
   9.9300000e+02  -1.4777297e+00   1.5281328e+00
   9.9400000e+02  -1.5001404e+00   1.5276093e+00
   9.9500000e+02  -1.5135605e+00   1.5305055e+00
   9.9600000e+02  -1.5222548e+00   1.5343410e+00
   9.9700000e+02  -1.5302154e+00   1.5388739e+00
   9.9800000e+02  -1.5429242e+00   1.5458486e+00
   9.9900000e+02  -1.5581310e+00   1.5527240e+00
   1.0000000e+03  -1.5735801e+00   1.5601453e+00
   1.0010000e+03  -1.5897230e+00   1.5687129e+00
   1.0020000e+03  -1.6050436e+00   1.5783852e+00
   1.0030000e+03  -1.6186358e+00   1.5899946e+00
   1.0040000e+03  -1.6303600e+00   1.6039954e+00
   1.0050000e+03  -1.6402782e+00   1.6205631e+00
   1.0060000e+03  -1.6493835e+00   1.6389066e+00
   1.0070000e+03  -1.6563422e+00   1.6570492e+00
   1.0080000e+03  -1.6579806e+00   1.6765796e+00
   1.0090000e+03  -1.6525512e+00   1.6973096e+00
   1.0100000e+03  -1.6411730e+00   1.7148633e+00
   1.0110000e+03  -1.6248262e+00   1.7297872e+00
   1.0120000e+03  -1.6044153e+00   1.7421762e+00
   1.0130000e+03  -1.5894929e+00   1.7517161e+00
   1.0140000e+03  -1.5836438e+00   1.7559909e+00
   1.0150000e+03  -1.5808975e+00   1.7562353e+00
   1.0160000e+03  -1.5773022e+00   1.7538226e+00
   1.0170000e+03  -1.5724465e+00   1.7488242e+00
   1.0180000e+03  -1.5694286e+00   1.7408323e+00
   1.0190000e+03  -1.5678536e+00   1.7310603e+00
   1.0200000e+03  -1.5665322e+00   1.7202053e+00
   1.0210000e+03  -1.5658931e+00   1.7090252e+00
   1.0220000e+03  -1.5676052e+00   1.6982243e+00
   1.0230000e+03  -1.5674247e+00   1.6858064e+00
   1.0240000e+03  -1.5633377e+00   1.6708787e+00
   1.0250000e+03  -1.5562064e+00   1.6561591e+00
   1.0260000e+03  -1.5439553e+00   1.6418407e+00
   1.0270000e+03  -1.5270586e+00   1.6293326e+00
   1.0280000e+03  -1.5067838e+00   1.6189066e+00
   1.0290000e+03  -1.4835913e+00   1.6079342e+00
   1.0300000e+03  -1.4597954e+00   1.5975174e+00
   1.0310000e+03  -1.4363954e+00   1.5887873e+00
   1.0320000e+03  -1.4146000e+00   1.5822268e+00
   1.0330000e+03  -1.3922125e+00   1.5741135e+00
   1.0340000e+03  -1.3768907e+00   1.5657013e+00
   1.0350000e+03  -1.3638004e+00   1.5554022e+00
   1.0360000e+03  -1.3552585e+00   1.5453392e+00
   1.0370000e+03  -1.3489855e+00   1.5359011e+00
   1.0380000e+03  -1.3436183e+00   1.5279550e+00
   1.0390000e+03  -1.3367665e+00   1.5222428e+00
   1.0400000e+03  -1.3272752e+00   1.5191906e+00
   1.0410000e+03  -1.3151529e+00   1.5179777e+00
   1.0420000e+03  -1.3017734e+00   1.5185021e+00
   1.0430000e+03  -1.2879052e+00   1.5195495e+00
   1.0440000e+03  -1.2733435e+00   1.5219022e+00
   1.0450000e+03  -1.2571700e+00   1.5234922e+00
   1.0460000e+03  -1.2390929e+00   1.5228344e+00
   1.0470000e+03  -1.2202596e+00   1.5215312e+00
   1.0480000e+03  -1.2015096e+00   1.5207183e+00
   1.0490000e+03  -1.1826843e+00   1.5209242e+00
   1.0500000e+03  -1.1632717e+00   1.5234379e+00
   1.0510000e+03  -1.1405062e+00   1.5276369e+00
   1.0520000e+03  -1.1135106e+00   1.5316110e+00
   1.0530000e+03  -1.0853339e+00   1.5343022e+00
   1.0540000e+03  -1.0574279e+00   1.5342314e+00
   1.0550000e+03  -1.0295767e+00   1.5311002e+00
   1.0560000e+03  -1.0049895e+00   1.5233790e+00
   1.0570000e+03  -9.8647350e-01   1.5104764e+00
   1.0580000e+03  -9.7500455e-01   1.4987118e+00
   1.0590000e+03  -9.6846271e-01   1.4880414e+00
   1.0600000e+03  -9.6382861e-01   1.4779131e+00
   1.0610000e+03  -9.5994774e-01   1.4676090e+00
   1.0620000e+03  -9.5612569e-01   1.4591413e+00
   1.0630000e+03  -9.5333486e-01   1.4518469e+00
   1.0640000e+03  -9.5000085e-01   1.4446315e+00
   1.0650000e+03  -9.4149978e-01   1.4376750e+00
   1.0660000e+03  -9.2746762e-01   1.4306359e+00
   1.0670000e+03  -9.0934685e-01   1.4240143e+00
   1.0680000e+03  -8.9079645e-01   1.4172776e+00
   1.0690000e+03  -8.7469902e-01   1.4123742e+00
   1.0700000e+03  -8.6272766e-01   1.4096708e+00
   1.0710000e+03  -8.5259552e-01   1.4075182e+00
   1.0720000e+03  -8.4039352e-01   1.4045166e+00
   1.0730000e+03  -8.2569815e-01   1.4004602e+00
   1.0740000e+03  -8.0809970e-01   1.3964739e+00
   1.0750000e+03  -7.9028313e-01   1.3921759e+00
   1.0760000e+03  -7.7421220e-01   1.3896404e+00
   1.0770000e+03  -7.6078961e-01   1.3872145e+00
   1.0780000e+03  -7.5132869e-01   1.3865708e+00
   1.0790000e+03  -7.4509165e-01   1.3875612e+00
   1.0800000e+03  -7.4025716e-01   1.3913814e+00
   1.0810000e+03  -7.3650097e-01   1.3977030e+00
   1.0820000e+03  -7.3342486e-01   1.4076231e+00
   1.0830000e+03  -7.3305498e-01   1.4210954e+00
   1.0840000e+03  -7.3398792e-01   1.4365466e+00
   1.0850000e+03  -7.3619490e-01   1.4543426e+00
   1.0860000e+03  -7.3755339e-01   1.4734894e+00
   1.0870000e+03  -7.3814462e-01   1.4946916e+00
   1.0880000e+03  -7.3955366e-01   1.5164248e+00
   1.0890000e+03  -7.4095511e-01   1.5340842e+00
   1.0900000e+03  -7.3651386e-01   1.5393403e+00
   1.0910000e+03  -7.2908103e-01   1.5319930e+00
   1.0920000e+03  -7.2255364e-01   1.5193773e+00
   1.0930000e+03  -7.1904781e-01   1.5074264e+00
   1.0940000e+03  -7.1979253e-01   1.4988336e+00
   1.0950000e+03  -7.2370962e-01   1.4887858e+00
   1.0960000e+03  -7.2883689e-01   1.4780659e+00
   1.0970000e+03  -7.3299501e-01   1.4683644e+00
   1.0980000e+03  -7.3514432e-01   1.4574002e+00
   1.0990000e+03  -7.3387526e-01   1.4462941e+00
   1.1000000e+03  -7.2720020e-01   1.4347668e+00
   1.1010000e+03  -7.1691089e-01   1.4233954e+00
   1.1020000e+03  -7.0940193e-01   1.4140730e+00
   1.1030000e+03  -7.0602469e-01   1.4069307e+00
   1.1040000e+03  -7.0421987e-01   1.4027532e+00
   1.1050000e+03  -7.0249977e-01   1.4024944e+00
   1.1060000e+03  -6.9545655e-01   1.4043237e+00
   1.1070000e+03  -6.8528313e-01   1.4060553e+00
   1.1080000e+03  -6.7285385e-01   1.4049280e+00
   1.1090000e+03  -6.5912026e-01   1.3989314e+00
   1.1100000e+03  -6.4567709e-01   1.3879541e+00
   1.1110000e+03  -6.2975779e-01   1.3739888e+00
   1.1120000e+03  -6.1138750e-01   1.3555272e+00
   1.1130000e+03  -5.9252350e-01   1.3332623e+00
   1.1140000e+03  -5.7543653e-01   1.3110405e+00
   1.1150000e+03  -5.6822887e-01   1.2952872e+00
   1.1160000e+03  -5.6938949e-01   1.2815031e+00
   1.1170000e+03  -5.7616140e-01   1.2685697e+00
   1.1180000e+03  -5.8751486e-01   1.2562330e+00
   1.1190000e+03  -5.9890033e-01   1.2463470e+00
   1.1200000e+03  -6.0691721e-01   1.2382495e+00
   1.1210000e+03  -6.0950159e-01   1.2304468e+00
   1.1220000e+03  -6.0866712e-01   1.2224465e+00
   1.1230000e+03  -6.0546223e-01   1.2120332e+00
   1.1240000e+03  -6.0302273e-01   1.1983720e+00
   1.1250000e+03  -6.0281070e-01   1.1833377e+00
   1.1260000e+03  -6.0549607e-01   1.1671364e+00
   1.1270000e+03  -6.0830173e-01   1.1545222e+00
   1.1280000e+03  -6.0830546e-01   1.1451406e+00
   1.1290000e+03  -6.0714236e-01   1.1380013e+00
   1.1300000e+03  -6.0326632e-01   1.1337142e+00
   1.1310000e+03  -5.9739738e-01   1.1294682e+00
   1.1320000e+03  -5.9318330e-01   1.1271360e+00
   1.1330000e+03  -5.9049301e-01   1.1247664e+00
   1.1340000e+03  -5.8778358e-01   1.1248223e+00
   1.1350000e+03  -5.8437090e-01   1.1268882e+00
   1.1360000e+03  -5.7899893e-01   1.1298809e+00
   1.1370000e+03  -5.6917786e-01   1.1310288e+00
   1.1380000e+03  -5.5532428e-01   1.1316363e+00
   1.1390000e+03  -5.3769717e-01   1.1307882e+00
   1.1400000e+03  -5.1973619e-01   1.1298883e+00
   1.1410000e+03  -5.0533839e-01   1.1320954e+00
   1.1420000e+03  -5.0021772e-01   1.1340549e+00
   1.1430000e+03  -5.0034405e-01   1.1375507e+00
   1.1440000e+03  -5.0493128e-01   1.1440983e+00
   1.1450000e+03  -5.1399241e-01   1.1531453e+00
   1.1460000e+03  -5.2701840e-01   1.1635619e+00
   1.1470000e+03  -5.4145079e-01   1.1757570e+00
   1.1480000e+03  -5.5655248e-01   1.1887390e+00
   1.1490000e+03  -5.7102933e-01   1.2018173e+00
   1.1500000e+03  -5.8587902e-01   1.2154264e+00
   1.1510000e+03  -6.0122343e-01   1.2309458e+00
   1.1520000e+03  -6.1735258e-01   1.2451028e+00
   1.1530000e+03  -6.3500892e-01   1.2590442e+00
   1.1540000e+03  -6.5115187e-01   1.2725090e+00
   1.1550000e+03  -6.6759492e-01   1.2853607e+00
   1.1560000e+03  -6.8668889e-01   1.2991383e+00
   1.1570000e+03  -7.0823501e-01   1.3113442e+00
   1.1580000e+03  -7.3406456e-01   1.3201034e+00
   1.1590000e+03  -7.6030107e-01   1.3327769e+00
   1.1600000e+03  -7.8485173e-01   1.3511909e+00
   1.1610000e+03  -8.0920997e-01   1.3713496e+00
   1.1620000e+03  -8.3284657e-01   1.3904620e+00
   1.1630000e+03  -8.5631866e-01   1.4121940e+00
   1.1640000e+03  -8.7962027e-01   1.4369963e+00
   1.1650000e+03  -9.0129427e-01   1.4623115e+00
   1.1660000e+03  -9.2044161e-01   1.4824002e+00
   1.1670000e+03  -9.3944576e-01   1.4975822e+00
   1.1680000e+03  -9.5518956e-01   1.5078499e+00
   1.1690000e+03  -9.7002103e-01   1.5152655e+00
   1.1700000e+03  -9.8468061e-01   1.5206675e+00
   1.1710000e+03  -9.9836935e-01   1.5262158e+00
   1.1720000e+03  -1.0127699e+00   1.5317533e+00
   1.1730000e+03  -1.0279237e+00   1.5371398e+00
   1.1740000e+03  -1.0423422e+00   1.5449086e+00
   1.1750000e+03  -1.0542749e+00   1.5529505e+00
   1.1760000e+03  -1.0622871e+00   1.5622257e+00
   1.1770000e+03  -1.0664191e+00   1.5699589e+00
   1.1780000e+03  -1.0662443e+00   1.5760457e+00
   1.1790000e+03  -1.0631704e+00   1.5792362e+00
   1.1800000e+03  -1.0596725e+00   1.5800051e+00
   1.1810000e+03  -1.0563173e+00   1.5770444e+00
   1.1820000e+03  -1.0536693e+00   1.5695201e+00
   1.1830000e+03  -1.0511009e+00   1.5580431e+00
   1.1840000e+03  -1.0487707e+00   1.5409046e+00
   1.1850000e+03  -1.0490976e+00   1.5207584e+00
   1.1860000e+03  -1.0507926e+00   1.4979832e+00
   1.1870000e+03  -1.0511688e+00   1.4728663e+00
   1.1880000e+03  -1.0493981e+00   1.4451912e+00
   1.1890000e+03  -1.0458307e+00   1.4174436e+00
   1.1900000e+03  -1.0355264e+00   1.3915943e+00
   1.1910000e+03  -1.0196997e+00   1.3672631e+00
   1.1920000e+03  -9.9849758e-01   1.3482965e+00
   1.1930000e+03  -9.7260148e-01   1.3348402e+00
   1.1940000e+03  -9.4374925e-01   1.3284307e+00
   1.1950000e+03  -9.1718483e-01   1.3240640e+00
   1.1960000e+03  -8.9046343e-01   1.3162832e+00
   1.1970000e+03  -8.6797696e-01   1.3072034e+00
   1.1980000e+03  -8.4832940e-01   1.2991850e+00
   1.1990000e+03  -8.3093208e-01   1.2922622e+00
   1.2000000e+03  -8.1317678e-01   1.2862783e+00
   1.2010000e+03  -7.9210889e-01   1.2764974e+00
   1.2020000e+03  -7.7091811e-01   1.2636048e+00
   1.2030000e+03  -7.5349167e-01   1.2503674e+00
   1.2040000e+03  -7.4233444e-01   1.2394506e+00
   1.2050000e+03  -7.3576119e-01   1.2296854e+00
   1.2060000e+03  -7.3295483e-01   1.2207155e+00
   1.2070000e+03  -7.3314613e-01   1.2119328e+00
   1.2080000e+03  -7.3291699e-01   1.2036103e+00
   1.2090000e+03  -7.3227303e-01   1.1959400e+00
   1.2100000e+03  -7.2870409e-01   1.1857803e+00
   1.2110000e+03  -7.1924882e-01   1.1731879e+00
   1.2120000e+03  -7.0248378e-01   1.1585216e+00
   1.2130000e+03  -6.7908425e-01   1.1445204e+00
   1.2140000e+03  -6.5372500e-01   1.1329202e+00
   1.2150000e+03  -6.3057038e-01   1.1247561e+00
   1.2160000e+03  -6.1305672e-01   1.1199649e+00
   1.2170000e+03  -6.0294303e-01   1.1157488e+00
   1.2180000e+03  -5.9731457e-01   1.1110973e+00
   1.2190000e+03  -5.9587917e-01   1.1071613e+00
   1.2200000e+03  -5.9700571e-01   1.1023375e+00
   1.2210000e+03  -6.0102919e-01   1.0983960e+00
   1.2220000e+03  -6.0576132e-01   1.0949073e+00
   1.2230000e+03  -6.0941894e-01   1.0908495e+00
   1.2240000e+03  -6.1408617e-01   1.0869059e+00
   1.2250000e+03  -6.1669610e-01   1.0825505e+00
   1.2260000e+03  -6.1842956e-01   1.0788958e+00
   1.2270000e+03  -6.2127385e-01   1.0744986e+00
   1.2280000e+03  -6.2870562e-01   1.0691074e+00
   1.2290000e+03  -6.3775522e-01   1.0635777e+00
   1.2300000e+03  -6.4227622e-01   1.0592136e+00
   1.2310000e+03  -6.4372041e-01   1.0572770e+00
   1.2320000e+03  -6.3919530e-01   1.0591595e+00
   1.2330000e+03  -6.3010109e-01   1.0619257e+00
   1.2340000e+03  -6.1725248e-01   1.0648724e+00
   1.2350000e+03  -6.0482993e-01   1.0700631e+00
   1.2360000e+03  -5.9617197e-01   1.0770804e+00
   1.2370000e+03  -5.8959679e-01   1.0852086e+00
   1.2380000e+03  -5.8768246e-01   1.0901176e+00
   1.2390000e+03  -5.8864075e-01   1.0941984e+00
   1.2400000e+03  -5.9373607e-01   1.0956810e+00
   1.2410000e+03  -6.0056064e-01   1.0946828e+00
   1.2420000e+03  -6.0948466e-01   1.0952900e+00
   1.2430000e+03  -6.1782892e-01   1.0988196e+00
   1.2440000e+03  -6.2801052e-01   1.1046298e+00
   1.2450000e+03  -6.4068731e-01   1.1090174e+00
   1.2460000e+03  -6.5679336e-01   1.1118412e+00
   1.2470000e+03  -6.7416984e-01   1.1116482e+00
   1.2480000e+03  -6.8889692e-01   1.1103664e+00
   1.2490000e+03  -6.9981654e-01   1.1110111e+00
   1.2500000e+03  -7.0451617e-01   1.1096512e+00
   1.2510000e+03  -7.0694733e-01   1.1041748e+00
   1.2520000e+03  -7.0561348e-01   1.0951963e+00
   1.2530000e+03  -7.0046662e-01   1.0839825e+00
   1.2540000e+03  -6.9156323e-01   1.0703786e+00
   1.2550000e+03  -6.7785640e-01   1.0534556e+00
   1.2560000e+03  -6.6376186e-01   1.0361821e+00
   1.2570000e+03  -6.5038220e-01   1.0211139e+00
   1.2580000e+03  -6.3781169e-01   1.0099066e+00
   1.2590000e+03  -6.2438103e-01   1.0030334e+00
   1.2600000e+03  -6.1291460e-01   9.9790258e-01
   1.2610000e+03  -6.0300908e-01   9.9305816e-01
   1.2620000e+03  -5.9186504e-01   9.8672099e-01
   1.2630000e+03  -5.8195200e-01   9.7947368e-01
   1.2640000e+03  -5.7024095e-01   9.7197089e-01
   1.2650000e+03  -5.5373954e-01   9.6509681e-01
   1.2660000e+03  -5.3705145e-01   9.6180660e-01
   1.2670000e+03  -5.2097530e-01   9.6296194e-01
   1.2680000e+03  -5.0774230e-01   9.6625905e-01
   1.2690000e+03  -4.9632045e-01   9.7154867e-01
   1.2700000e+03  -4.8700044e-01   9.7713737e-01
   1.2710000e+03  -4.8025152e-01   9.8165392e-01
   1.2720000e+03  -4.7641642e-01   9.8354928e-01
   1.2730000e+03  -4.7485379e-01   9.8280983e-01
   1.2740000e+03  -4.7717433e-01   9.8025351e-01
   1.2750000e+03  -4.8128900e-01   9.7445824e-01
   1.2760000e+03  -4.8992648e-01   9.6737434e-01
   1.2770000e+03  -5.0024970e-01   9.5959687e-01
   1.2780000e+03  -5.1323792e-01   9.5385097e-01
   1.2790000e+03  -5.2857760e-01   9.5027337e-01
   1.2800000e+03  -5.4780460e-01   9.4850867e-01
   1.2810000e+03  -5.6504551e-01   9.4821623e-01
   1.2820000e+03  -5.8180536e-01   9.4604076e-01
   1.2830000e+03  -5.9532478e-01   9.3995083e-01
   1.2840000e+03  -6.0675341e-01   9.3209419e-01
   1.2850000e+03  -6.1984229e-01   9.2546625e-01
   1.2860000e+03  -6.3285980e-01   9.1996842e-01
   1.2870000e+03  -6.4736269e-01   9.1574997e-01
   1.2880000e+03  -6.6361203e-01   9.1019670e-01
   1.2890000e+03  -6.7784781e-01   9.0398381e-01
   1.2900000e+03  -6.8572482e-01   8.9806361e-01
   1.2910000e+03  -6.8923367e-01   8.8999883e-01
   1.2920000e+03  -6.8745997e-01   8.8171321e-01
   1.2930000e+03  -6.8378105e-01   8.7059141e-01
   1.2940000e+03  -6.7753392e-01   8.5489244e-01
   1.2950000e+03  -6.7266740e-01   8.4219500e-01
   1.2960000e+03  -6.6957379e-01   8.3372191e-01
   1.2970000e+03  -6.6609258e-01   8.2550812e-01
   1.2980000e+03  -6.6184492e-01   8.1945199e-01
   1.2990000e+03  -6.5631399e-01   8.1607069e-01
   1.3000000e+03  -6.5182374e-01   8.1294987e-01
   1.3010000e+03  -6.4757781e-01   8.1215282e-01
   1.3020000e+03  -6.4153838e-01   8.0863458e-01
   1.3030000e+03  -6.3412396e-01   8.0350749e-01
   1.3040000e+03  -6.2508043e-01   7.9580797e-01
   1.3050000e+03  -6.1326839e-01   7.8723151e-01
   1.3060000e+03  -6.0134902e-01   7.7771269e-01
   1.3070000e+03  -5.9690127e-01   7.7316012e-01
   1.3080000e+03  -5.9991160e-01   7.7402820e-01
   1.3090000e+03  -6.0961498e-01   7.7675916e-01
   1.3100000e+03  -6.2731930e-01   7.8152272e-01
   1.3110000e+03  -6.5057987e-01   7.8897750e-01
   1.3120000e+03  -6.7399829e-01   7.9737975e-01
   1.3130000e+03  -6.9483207e-01   8.0714863e-01
   1.3140000e+03  -7.1195155e-01   8.1739536e-01
   1.3150000e+03  -7.2371350e-01   8.2463865e-01
   1.3160000e+03  -7.3016699e-01   8.2927650e-01
   1.3170000e+03  -7.3168910e-01   8.3238421e-01
   1.3180000e+03  -7.2978423e-01   8.3597245e-01
   1.3190000e+03  -7.2456073e-01   8.4179206e-01
   1.3200000e+03  -7.1729582e-01   8.4886997e-01
   1.3210000e+03  -7.0789898e-01   8.5844768e-01
   1.3220000e+03  -7.0255245e-01   8.6798548e-01
   1.3230000e+03  -7.0045509e-01   8.7811785e-01
   1.3240000e+03  -7.0353634e-01   8.8732088e-01
   1.3250000e+03  -7.1123401e-01   8.9338494e-01
   1.3260000e+03  -7.2344698e-01   8.9810165e-01
   1.3270000e+03  -7.3975880e-01   9.0223487e-01
   1.3280000e+03  -7.5718390e-01   9.0905096e-01
   1.3290000e+03  -7.7361688e-01   9.1911008e-01
   1.3300000e+03  -7.8657801e-01   9.3188052e-01
   1.3310000e+03  -7.9436147e-01   9.4688544e-01
   1.3320000e+03  -7.9667201e-01   9.6062005e-01
   1.3330000e+03  -7.9478050e-01   9.7718334e-01
   1.3340000e+03  -7.9656497e-01   9.9128373e-01
   1.3350000e+03  -8.0286607e-01   1.0043497e+00
   1.3360000e+03  -8.1230665e-01   1.0167188e+00
   1.3370000e+03  -8.2657992e-01   1.0242343e+00
   1.3380000e+03  -8.3824319e-01   1.0298303e+00
   1.3390000e+03  -8.4814070e-01   1.0348187e+00
   1.3400000e+03  -8.5559891e-01   1.0380344e+00
   1.3410000e+03  -8.5975613e-01   1.0395131e+00
   1.3420000e+03  -8.6054699e-01   1.0407537e+00
   1.3430000e+03  -8.5583231e-01   1.0446685e+00
   1.3440000e+03  -8.4586894e-01   1.0497725e+00
   1.3450000e+03  -8.3202317e-01   1.0535605e+00
   1.3460000e+03  -8.1567071e-01   1.0591708e+00
   1.3470000e+03  -7.9553238e-01   1.0668035e+00
   1.3480000e+03  -7.7818506e-01   1.0724118e+00
   1.3490000e+03  -7.6233757e-01   1.0795327e+00
   1.3500000e+03  -7.5398662e-01   1.0882728e+00
   1.3510000e+03  -7.5433338e-01   1.0982721e+00
   1.3520000e+03  -7.6319620e-01   1.1087326e+00
   1.3530000e+03  -7.8022285e-01   1.1217032e+00
   1.3540000e+03  -8.0152770e-01   1.1363876e+00
   1.3550000e+03  -8.2670211e-01   1.1502706e+00
   1.3560000e+03  -8.5239890e-01   1.1628074e+00
   1.3570000e+03  -8.7965981e-01   1.1721713e+00
   1.3580000e+03  -9.0325020e-01   1.1795938e+00
   1.3590000e+03  -9.2433745e-01   1.1857186e+00
   1.3600000e+03  -9.4182772e-01   1.1930770e+00
   1.3610000e+03  -9.5367571e-01   1.2028312e+00
   1.3620000e+03  -9.6372077e-01   1.2147374e+00
   1.3630000e+03  -9.6985098e-01   1.2281764e+00
   1.3640000e+03  -9.7472514e-01   1.2434433e+00
   1.3650000e+03  -9.7700321e-01   1.2597446e+00
   1.3660000e+03  -9.7380199e-01   1.2728107e+00
   1.3670000e+03  -9.6619261e-01   1.2876551e+00
   1.3680000e+03  -9.5540254e-01   1.3034268e+00
   1.3690000e+03  -9.4246151e-01   1.3194283e+00
   1.3700000e+03  -9.2857671e-01   1.3358817e+00
   1.3710000e+03  -9.1568350e-01   1.3496064e+00
   1.3720000e+03  -9.0399774e-01   1.3609386e+00
   1.3730000e+03  -8.9806705e-01   1.3696896e+00
   1.3740000e+03  -8.9982237e-01   1.3750316e+00
   1.3750000e+03  -9.0650703e-01   1.3790748e+00
   1.3760000e+03  -9.1572956e-01   1.3840839e+00
   1.3770000e+03  -9.2648863e-01   1.3894074e+00
   1.3780000e+03  -9.3727063e-01   1.3955695e+00
   1.3790000e+03  -9.4481872e-01   1.4003313e+00
   1.3800000e+03  -9.4774884e-01   1.4044260e+00
   1.3810000e+03  -9.4603177e-01   1.4068236e+00
   1.3820000e+03  -9.4216849e-01   1.4072668e+00
   1.3830000e+03  -9.3776607e-01   1.4060895e+00
   1.3840000e+03  -9.3667103e-01   1.4026376e+00
   1.3850000e+03  -9.3903287e-01   1.3981217e+00
   1.3860000e+03  -9.4689669e-01   1.3917945e+00
   1.3870000e+03  -9.5865076e-01   1.3855657e+00
   1.3880000e+03  -9.7535649e-01   1.3798690e+00
   1.3890000e+03  -9.9558207e-01   1.3761545e+00
   1.3900000e+03  -1.0183267e+00   1.3748241e+00
   1.3910000e+03  -1.0406104e+00   1.3729546e+00
   1.3920000e+03  -1.0605954e+00   1.3689236e+00
   1.3930000e+03  -1.0776917e+00   1.3609658e+00
   1.3940000e+03  -1.0877280e+00   1.3510047e+00
   1.3950000e+03  -1.0942822e+00   1.3401159e+00
   1.3960000e+03  -1.0964035e+00   1.3302515e+00
   1.3970000e+03  -1.0952773e+00   1.3195162e+00
   1.3980000e+03  -1.0921973e+00   1.3101650e+00
   1.3990000e+03  -1.0880261e+00   1.2991655e+00
   1.4000000e+03  -1.0803563e+00   1.2885771e+00
   1.4010000e+03  -1.0690910e+00   1.2768284e+00
   1.4020000e+03  -1.0550152e+00   1.2624210e+00
   1.4030000e+03  -1.0389049e+00   1.2497814e+00
   1.4040000e+03  -1.0221527e+00   1.2371497e+00
   1.4050000e+03  -1.0037765e+00   1.2264450e+00
   1.4060000e+03  -9.8545162e-01   1.2164789e+00
   1.4070000e+03  -9.6755053e-01   1.2072066e+00
   1.4080000e+03  -9.5103569e-01   1.1987509e+00
   1.4090000e+03  -9.3354694e-01   1.1912053e+00
   1.4100000e+03  -9.1701326e-01   1.1846192e+00
   1.4110000e+03  -9.0158883e-01   1.1757452e+00
   1.4120000e+03  -8.8789173e-01   1.1652462e+00
   1.4130000e+03  -8.7468767e-01   1.1538559e+00
   1.4140000e+03  -8.6353540e-01   1.1418786e+00
   1.4150000e+03  -8.5403880e-01   1.1265776e+00
   1.4160000e+03  -8.4609580e-01   1.1117123e+00
   1.4170000e+03  -8.3699266e-01   1.0931557e+00
   1.4180000e+03  -8.2879909e-01   1.0771529e+00
   1.4190000e+03  -8.2017038e-01   1.0602183e+00
   1.4200000e+03  -8.0836501e-01   1.0455698e+00
   1.4210000e+03  -7.9149192e-01   1.0315595e+00
   1.4220000e+03  -7.7055319e-01   1.0185112e+00
   1.4230000e+03  -7.4713942e-01   1.0059170e+00
   1.4240000e+03  -7.2037348e-01   9.9339157e-01
   1.4250000e+03  -6.9286607e-01   9.8171099e-01
   1.4260000e+03  -6.6573282e-01   9.7060614e-01
   1.4270000e+03  -6.4228750e-01   9.6030056e-01
   1.4280000e+03  -6.2157403e-01   9.5065201e-01
   1.4290000e+03  -6.0206704e-01   9.3932609e-01
   1.4300000e+03  -5.8544010e-01   9.2688147e-01
   1.4310000e+03  -5.7160216e-01   9.1239681e-01
   1.4320000e+03  -5.5781462e-01   8.9849660e-01
   1.4330000e+03  -5.4594626e-01   8.8649815e-01
   1.4340000e+03  -5.3381986e-01   8.7737860e-01
   1.4350000e+03  -5.2325508e-01   8.7078829e-01
   1.4360000e+03  -5.1424321e-01   8.6655683e-01
   1.4370000e+03  -5.0989559e-01   8.6419388e-01
   1.4380000e+03  -5.0926090e-01   8.6312803e-01
   1.4390000e+03  -5.1053445e-01   8.5882181e-01
   1.4400000e+03  -5.1185424e-01   8.5048509e-01
   1.4410000e+03  -5.1254077e-01   8.4124774e-01
   1.4420000e+03  -5.1178357e-01   8.2964217e-01
   1.4430000e+03  -5.1134469e-01   8.1544383e-01
   1.4440000e+03  -5.1034381e-01   8.0231039e-01
   1.4450000e+03  -5.0786385e-01   7.8910801e-01
   1.4460000e+03  -5.0321207e-01   7.7631110e-01
   1.4470000e+03  -4.9751519e-01   7.6430547e-01
   1.4480000e+03  -4.9299473e-01   7.5619452e-01
   1.4490000e+03  -4.8870830e-01   7.5009104e-01
   1.4500000e+03  -4.8402793e-01   7.4528277e-01
   1.4510000e+03  -4.7836408e-01   7.4213365e-01
   1.4520000e+03  -4.6998922e-01   7.3951322e-01
   1.4530000e+03  -4.5989865e-01   7.3810304e-01
   1.4540000e+03  -4.5078133e-01   7.3490556e-01
   1.4550000e+03  -4.4271651e-01   7.3162359e-01
   1.4560000e+03  -4.3522468e-01   7.2333832e-01
   1.4570000e+03  -4.2835023e-01   7.1185914e-01
   1.4580000e+03  -4.2390330e-01   6.9628107e-01
   1.4590000e+03  -4.2274732e-01   6.7921283e-01
   1.4600000e+03  -4.2472989e-01   6.6182972e-01
   1.4610000e+03  -4.3013792e-01   6.4465281e-01
   1.4620000e+03  -4.3810314e-01   6.3170593e-01
   1.4630000e+03  -4.4498134e-01   6.2141360e-01
   1.4640000e+03  -4.4760781e-01   6.1077296e-01
   1.4650000e+03  -4.4494034e-01   5.9663273e-01
   1.4660000e+03  -4.3801605e-01   5.8760688e-01
   1.4670000e+03  -4.3028356e-01   5.8252063e-01
   1.4680000e+03  -4.2286625e-01   5.8182542e-01
   1.4690000e+03  -4.1646681e-01   5.8136945e-01
   1.4700000e+03  -4.0986485e-01   5.8250542e-01
   1.4710000e+03  -4.0352456e-01   5.8215068e-01
   1.4720000e+03  -3.9803412e-01   5.8064463e-01
   1.4730000e+03  -3.9209431e-01   5.7956194e-01
   1.4740000e+03  -3.8316444e-01   5.7674100e-01
   1.4750000e+03  -3.7233524e-01   5.7040316e-01
   1.4760000e+03  -3.6194907e-01   5.6366332e-01
   1.4770000e+03  -3.5286201e-01   5.5747039e-01
   1.4780000e+03  -3.4548968e-01   5.4559822e-01
   1.4790000e+03  -3.3763611e-01   5.2856291e-01
   1.4800000e+03  -3.3250407e-01   5.0153112e-01
   1.4810000e+03  -3.2664992e-01   4.6959355e-01
   1.4820000e+03  -3.2079851e-01   4.4601601e-01
   1.4830000e+03  -3.1896312e-01   4.3317841e-01
   1.4840000e+03  -3.2471372e-01   4.1951588e-01
   1.4850000e+03  -3.3564828e-01   4.0486003e-01
   1.4860000e+03  -3.4581834e-01   3.8763473e-01
   1.4870000e+03  -3.5733483e-01   3.7104938e-01
   1.4880000e+03  -3.6784178e-01   3.5582406e-01
   1.4890000e+03  -3.7792448e-01   3.4098444e-01
   1.4900000e+03  -3.9061786e-01   3.3665268e-01
   1.4910000e+03  -4.0469600e-01   3.3775347e-01
   1.4920000e+03  -4.1725644e-01   3.4039520e-01
   1.4930000e+03  -4.2496582e-01   3.4378341e-01
   1.4940000e+03  -4.3191616e-01   3.4695919e-01
   1.4950000e+03  -4.3716703e-01   3.5190177e-01
   1.4960000e+03  -4.4010023e-01   3.5777250e-01
   1.4970000e+03  -4.4273651e-01   3.6652932e-01
   1.4980000e+03  -4.4453770e-01   3.7353109e-01
   1.4990000e+03  -4.4624416e-01   3.7413559e-01
   1.5000000e+03  -4.4980656e-01   3.6717412e-01
   1.5010000e+03  -4.5526695e-01   3.5160254e-01
   1.5020000e+03  -4.6979224e-01   3.3859752e-01
   1.5030000e+03  -4.8682798e-01   3.3421509e-01
   1.5040000e+03  -5.0991164e-01   3.3605911e-01
   1.5050000e+03  -5.3366353e-01   3.4133681e-01
   1.5060000e+03  -5.5422481e-01   3.4468426e-01
   1.5070000e+03  -5.6433876e-01   3.4578291e-01
   1.5080000e+03  -5.6547217e-01   3.4437750e-01
   1.5090000e+03  -5.5645038e-01   3.4146263e-01
   1.5100000e+03  -5.4400785e-01   3.3900545e-01
   1.5110000e+03  -5.3469759e-01   3.4004963e-01
   1.5120000e+03  -5.2939116e-01   3.4385590e-01
   1.5130000e+03  -5.2513660e-01   3.5020028e-01
   1.5140000e+03  -5.1918271e-01   3.5512548e-01
   1.5150000e+03  -5.0712397e-01   3.5648917e-01
   1.5160000e+03  -4.8895614e-01   3.5492728e-01
   1.5170000e+03  -4.6469623e-01   3.5059778e-01
   1.5180000e+03  -4.3775087e-01   3.4636447e-01
   1.5190000e+03  -4.1381835e-01   3.3879224e-01
   1.5200000e+03  -3.9351489e-01   3.3165866e-01
   1.5210000e+03  -3.6970601e-01   3.2391493e-01
   1.5220000e+03  -3.4018582e-01   3.1126236e-01
   1.5230000e+03  -3.0783986e-01   2.9344375e-01
   1.5240000e+03  -2.7566828e-01   2.6965244e-01
   1.5250000e+03  -2.4113474e-01   2.3548530e-01
   1.5260000e+03  -2.0035606e-01   1.9960888e-01
   1.5270000e+03  -1.5897438e-01   1.6460870e-01
   1.5280000e+03  -1.1768394e-01   1.2481128e-01
