   1.3900000e+02   2.7474898e+00   1.9241905e+00
   1.4000000e+02   2.7301813e+00   1.9100309e+00
   1.4100000e+02   2.7130100e+00   1.8954617e+00
   1.4200000e+02   2.6966758e+00   1.8803956e+00
   1.4300000e+02   2.6834058e+00   1.8646234e+00
   1.4400000e+02   2.6703888e+00   1.8488610e+00
   1.4500000e+02   2.6595092e+00   1.8314869e+00
   1.4600000e+02   2.6484017e+00   1.8154691e+00
   1.4700000e+02   2.6356222e+00   1.7994273e+00
   1.4800000e+02   2.6218874e+00   1.7832756e+00
   1.4900000e+02   2.6076656e+00   1.7661369e+00
   1.5000000e+02   2.5945705e+00   1.7472679e+00
   1.5100000e+02   2.5816140e+00   1.7258751e+00
   1.5200000e+02   2.5687350e+00   1.7056246e+00
   1.5300000e+02   2.5537624e+00   1.6863543e+00
   1.5400000e+02   2.5384236e+00   1.6703481e+00
   1.5500000e+02   2.5233146e+00   1.6571658e+00
   1.5600000e+02   2.5094166e+00   1.6472609e+00
   1.5700000e+02   2.4950224e+00   1.6413292e+00
   1.5800000e+02   2.4810617e+00   1.6368877e+00
   1.5900000e+02   2.4635420e+00   1.6322928e+00
   1.6000000e+02   2.4430083e+00   1.6279758e+00
   1.6100000e+02   2.4185449e+00   1.6232378e+00
   1.6200000e+02   2.3928999e+00   1.6189533e+00
   1.6300000e+02   2.3660114e+00   1.6142498e+00
   1.6400000e+02   2.3387396e+00   1.6076574e+00
   1.6500000e+02   2.3111168e+00   1.6004343e+00
   1.6600000e+02   2.2847980e+00   1.5925618e+00
   1.6700000e+02   2.2605356e+00   1.5832240e+00
   1.6800000e+02   2.2373800e+00   1.5720585e+00
   1.6900000e+02   2.2169233e+00   1.5563377e+00
   1.7000000e+02   2.1983471e+00   1.5420665e+00
   1.7100000e+02   2.1818771e+00   1.5305113e+00
   1.7200000e+02   2.1681013e+00   1.5212706e+00
   1.7300000e+02   2.1573549e+00   1.5155004e+00
   1.7400000e+02   2.1487861e+00   1.5090265e+00
   1.7500000e+02   2.1402649e+00   1.5027639e+00
   1.7600000e+02   2.1334862e+00   1.4981101e+00
   1.7700000e+02   2.1268001e+00   1.4927831e+00
   1.7800000e+02   2.1212576e+00   1.4863124e+00
   1.7900000e+02   2.1158226e+00   1.4793666e+00
   1.8000000e+02   2.1102506e+00   1.4722160e+00
   1.8100000e+02   2.1025724e+00   1.4640454e+00
   1.8200000e+02   2.0940979e+00   1.4582961e+00
   1.8300000e+02   2.0819630e+00   1.4544401e+00
   1.8400000e+02   2.0683999e+00   1.4504963e+00
   1.8500000e+02   2.0543751e+00   1.4450989e+00
   1.8600000e+02   2.0412778e+00   1.4391563e+00
   1.8700000e+02   2.0281892e+00   1.4327765e+00
   1.8800000e+02   2.0149405e+00   1.4270867e+00
   1.8900000e+02   1.9997517e+00   1.4225065e+00
   1.9000000e+02   1.9859478e+00   1.4190081e+00
   1.9100000e+02   1.9723034e+00   1.4156332e+00
   1.9200000e+02   1.9613844e+00   1.4146601e+00
   1.9300000e+02   1.9525451e+00   1.4136742e+00
   1.9400000e+02   1.9465367e+00   1.4109158e+00
   1.9500000e+02   1.9430287e+00   1.4068455e+00
   1.9600000e+02   1.9425707e+00   1.4031561e+00
   1.9700000e+02   1.9430922e+00   1.4001404e+00
   1.9800000e+02   1.9451754e+00   1.3983775e+00
   1.9900000e+02   1.9468522e+00   1.3960180e+00
   2.0000000e+02   1.9468512e+00   1.3928090e+00
   2.0100000e+02   1.9459778e+00   1.3893962e+00
   2.0200000e+02   1.9455393e+00   1.3878031e+00
   2.0300000e+02   1.9455561e+00   1.3861430e+00
   2.0400000e+02   1.9438771e+00   1.3839153e+00
   2.0500000e+02   1.9423090e+00   1.3819702e+00
   2.0600000e+02   1.9410907e+00   1.3812443e+00
   2.0700000e+02   1.9407474e+00   1.3795550e+00
   2.0800000e+02   1.9428511e+00   1.3773730e+00
   2.0900000e+02   1.9464789e+00   1.3739999e+00
   2.1000000e+02   1.9514190e+00   1.3697191e+00
   2.1100000e+02   1.9558584e+00   1.3641901e+00
   2.1200000e+02   1.9610527e+00   1.3571065e+00
   2.1300000e+02   1.9658386e+00   1.3494829e+00
   2.1400000e+02   1.9698180e+00   1.3421112e+00
   2.1500000e+02   1.9720299e+00   1.3352513e+00
   2.1600000e+02   1.9725912e+00   1.3312372e+00
   2.1700000e+02   1.9702726e+00   1.3261983e+00
   2.1800000e+02   1.9673432e+00   1.3233348e+00
   2.1900000e+02   1.9629747e+00   1.3182882e+00
   2.2000000e+02   1.9590939e+00   1.3135168e+00
   2.2100000e+02   1.9566501e+00   1.3080040e+00
   2.2200000e+02   1.9571313e+00   1.3026518e+00
   2.2300000e+02   1.9606517e+00   1.2983316e+00
   2.2400000e+02   1.9671548e+00   1.2957197e+00
   2.2500000e+02   1.9735865e+00   1.2960407e+00
   2.2600000e+02   1.9785275e+00   1.2970827e+00
   2.2700000e+02   1.9823714e+00   1.2990511e+00
   2.2800000e+02   1.9855260e+00   1.3021391e+00
   2.2900000e+02   1.9901375e+00   1.3062183e+00
   2.3000000e+02   1.9946697e+00   1.3107947e+00
   2.3100000e+02   1.9996069e+00   1.3144510e+00
   2.3200000e+02   2.0048163e+00   1.3186624e+00
   2.3300000e+02   2.0100789e+00   1.3226987e+00
   2.3400000e+02   2.0154768e+00   1.3252359e+00
   2.3500000e+02   2.0200644e+00   1.3256030e+00
   2.3600000e+02   2.0256192e+00   1.3261624e+00
   2.3700000e+02   2.0295931e+00   1.3268474e+00
   2.3800000e+02   2.0314077e+00   1.3276181e+00
   2.3900000e+02   2.0320997e+00   1.3272022e+00
   2.4000000e+02   2.0292950e+00   1.3238018e+00
   2.4100000e+02   2.0266774e+00   1.3163237e+00
   2.4200000e+02   2.0192604e+00   1.3064389e+00
   2.4300000e+02   2.0117575e+00   1.2945398e+00
   2.4400000e+02   2.0036716e+00   1.2808557e+00
   2.4500000e+02   1.9927692e+00   1.2668817e+00
   2.4600000e+02   1.9798121e+00   1.2544736e+00
   2.4700000e+02   1.9672726e+00   1.2445848e+00
   2.4800000e+02   1.9571665e+00   1.2382768e+00
   2.4900000e+02   1.9476110e+00   1.2342788e+00
   2.5000000e+02   1.9414220e+00   1.2323932e+00
   2.5100000e+02   1.9380823e+00   1.2313352e+00
   2.5200000e+02   1.9368300e+00   1.2301704e+00
   2.5300000e+02   1.9387450e+00   1.2288294e+00
   2.5400000e+02   1.9393428e+00   1.2271448e+00
   2.5500000e+02   1.9420930e+00   1.2251185e+00
   2.5600000e+02   1.9466453e+00   1.2229925e+00
   2.5700000e+02   1.9527875e+00   1.2218969e+00
   2.5800000e+02   1.9577769e+00   1.2226017e+00
   2.5900000e+02   1.9605015e+00   1.2244946e+00
   2.6000000e+02   1.9616816e+00   1.2282497e+00
   2.6100000e+02   1.9609815e+00   1.2321212e+00
   2.6200000e+02   1.9598607e+00   1.2362096e+00
   2.6300000e+02   1.9575545e+00   1.2398742e+00
   2.6400000e+02   1.9563999e+00   1.2439865e+00
   2.6500000e+02   1.9554627e+00   1.2490785e+00
   2.6600000e+02   1.9559015e+00   1.2554243e+00
   2.6700000e+02   1.9581851e+00   1.2628666e+00
   2.6800000e+02   1.9603496e+00   1.2684210e+00
   2.6900000e+02   1.9616597e+00   1.2732713e+00
   2.7000000e+02   1.9612808e+00   1.2783123e+00
   2.7100000e+02   1.9595178e+00   1.2832012e+00
   2.7200000e+02   1.9577885e+00   1.2885981e+00
   2.7300000e+02   1.9553720e+00   1.2938105e+00
   2.7400000e+02   1.9518543e+00   1.2986422e+00
   2.7500000e+02   1.9474411e+00   1.3033692e+00
   2.7600000e+02   1.9427788e+00   1.3063264e+00
   2.7700000e+02   1.9382287e+00   1.3087087e+00
   2.7800000e+02   1.9334842e+00   1.3095406e+00
   2.7900000e+02   1.9285070e+00   1.3101208e+00
   2.8000000e+02   1.9261243e+00   1.3105968e+00
   2.8100000e+02   1.9264006e+00   1.3113322e+00
   2.8200000e+02   1.9294368e+00   1.3126920e+00
   2.8300000e+02   1.9340892e+00   1.3142884e+00
   2.8400000e+02   1.9393464e+00   1.3152233e+00
   2.8500000e+02   1.9427190e+00   1.3149089e+00
   2.8600000e+02   1.9424486e+00   1.3135051e+00
   2.8700000e+02   1.9387019e+00   1.3112837e+00
   2.8800000e+02   1.9318653e+00   1.3085903e+00
   2.8900000e+02   1.9229852e+00   1.3041299e+00
   2.9000000e+02   1.9152855e+00   1.3004227e+00
   2.9100000e+02   1.9095703e+00   1.2962339e+00
   2.9200000e+02   1.9060128e+00   1.2904606e+00
   2.9300000e+02   1.9044973e+00   1.2832203e+00
   2.9400000e+02   1.9050227e+00   1.2750983e+00
   2.9500000e+02   1.9063481e+00   1.2653631e+00
   2.9600000e+02   1.9080422e+00   1.2556845e+00
   2.9700000e+02   1.9098877e+00   1.2469891e+00
   2.9800000e+02   1.9125359e+00   1.2402833e+00
   2.9900000e+02   1.9143379e+00   1.2358315e+00
   3.0000000e+02   1.9157857e+00   1.2326799e+00
   3.0100000e+02   1.9172487e+00   1.2299378e+00
   3.0200000e+02   1.9194452e+00   1.2265110e+00
   3.0300000e+02   1.9211049e+00   1.2227669e+00
   3.0400000e+02   1.9219579e+00   1.2183157e+00
   3.0500000e+02   1.9208404e+00   1.2141625e+00
   3.0600000e+02   1.9190004e+00   1.2115452e+00
   3.0700000e+02   1.9167767e+00   1.2092604e+00
   3.0800000e+02   1.9146759e+00   1.2092671e+00
   3.0900000e+02   1.9138605e+00   1.2113045e+00
   3.1000000e+02   1.9138211e+00   1.2140062e+00
   3.1100000e+02   1.9137834e+00   1.2172637e+00
   3.1200000e+02   1.9147331e+00   1.2211494e+00
   3.1300000e+02   1.9165801e+00   1.2262578e+00
   3.1400000e+02   1.9205818e+00   1.2309683e+00
   3.1500000e+02   1.9264369e+00   1.2362894e+00
   3.1600000e+02   1.9323208e+00   1.2425837e+00
   3.1700000e+02   1.9366518e+00   1.2489927e+00
   3.1800000e+02   1.9411986e+00   1.2562339e+00
   3.1900000e+02   1.9455466e+00   1.2624164e+00
   3.2000000e+02   1.9492806e+00   1.2687849e+00
   3.2100000e+02   1.9527793e+00   1.2744892e+00
   3.2200000e+02   1.9550359e+00   1.2800290e+00
   3.2300000e+02   1.9571451e+00   1.2842904e+00
   3.2400000e+02   1.9584777e+00   1.2868317e+00
   3.2500000e+02   1.9590308e+00   1.2885528e+00
   3.2600000e+02   1.9574382e+00   1.2893748e+00
   3.2700000e+02   1.9544494e+00   1.2896580e+00
   3.2800000e+02   1.9511512e+00   1.2890428e+00
   3.2900000e+02   1.9485243e+00   1.2888067e+00
   3.3000000e+02   1.9467326e+00   1.2874781e+00
   3.3100000e+02   1.9456540e+00   1.2875211e+00
   3.3200000e+02   1.9450318e+00   1.2886552e+00
   3.3300000e+02   1.9450483e+00   1.2907896e+00
   3.3400000e+02   1.9437023e+00   1.2942410e+00
   3.3500000e+02   1.9407384e+00   1.2964739e+00
   3.3600000e+02   1.9344886e+00   1.2968779e+00
   3.3700000e+02   1.9285491e+00   1.2945360e+00
   3.3800000e+02   1.9191412e+00   1.2910104e+00
   3.3900000e+02   1.9101135e+00   1.2863878e+00
   3.4000000e+02   1.9011220e+00   1.2835643e+00
   3.4100000e+02   1.8905398e+00   1.2820419e+00
   3.4200000e+02   1.8803349e+00   1.2835244e+00
   3.4300000e+02   1.8697403e+00   1.2864914e+00
   3.4400000e+02   1.8609339e+00   1.2914058e+00
   3.4500000e+02   1.8549454e+00   1.2974202e+00
   3.4600000e+02   1.8509680e+00   1.3027316e+00
   3.4700000e+02   1.8488056e+00   1.3069306e+00
   3.4800000e+02   1.8465710e+00   1.3110992e+00
   3.4900000e+02   1.8433478e+00   1.3135670e+00
   3.5000000e+02   1.8391779e+00   1.3150986e+00
   3.5100000e+02   1.8357794e+00   1.3152281e+00
   3.5200000e+02   1.8316390e+00   1.3147463e+00
   3.5300000e+02   1.8296127e+00   1.3149629e+00
   3.5400000e+02   1.8284536e+00   1.3163208e+00
   3.5500000e+02   1.8271731e+00   1.3167045e+00
   3.5600000e+02   1.8268745e+00   1.3151626e+00
   3.5700000e+02   1.8247571e+00   1.3113125e+00
   3.5800000e+02   1.8225039e+00   1.3085212e+00
   3.5900000e+02   1.8180304e+00   1.3051706e+00
   3.6000000e+02   1.8106318e+00   1.3023644e+00
   3.6100000e+02   1.8016024e+00   1.2992051e+00
   3.6200000e+02   1.7891134e+00   1.2917953e+00
   3.6300000e+02   1.7769463e+00   1.2807830e+00
   3.6400000e+02   1.7658029e+00   1.2676517e+00
   3.6500000e+02   1.7559752e+00   1.2533288e+00
   3.6600000e+02   1.7465651e+00   1.2374909e+00
   3.6700000e+02   1.7403139e+00   1.2241057e+00
   3.6800000e+02   1.7354452e+00   1.2127463e+00
   3.6900000e+02   1.7353878e+00   1.2010453e+00
   3.7000000e+02   1.7398042e+00   1.1907633e+00
   3.7100000e+02   1.7447766e+00   1.1796844e+00
   3.7200000e+02   1.7527841e+00   1.1750481e+00
   3.7300000e+02   1.7585184e+00   1.1738771e+00
   3.7400000e+02   1.7598952e+00   1.1762624e+00
   3.7500000e+02   1.7584575e+00   1.1800601e+00
   3.7600000e+02   1.7540708e+00   1.1845041e+00
   3.7700000e+02   1.7489799e+00   1.1902117e+00
   3.7800000e+02   1.7406899e+00   1.1951622e+00
   3.7900000e+02   1.7326568e+00   1.1989608e+00
   3.8000000e+02   1.7245239e+00   1.2027348e+00
   3.8100000e+02   1.7193345e+00   1.2015018e+00
   3.8200000e+02   1.7149721e+00   1.2001704e+00
   3.8300000e+02   1.7137885e+00   1.1985574e+00
   3.8400000e+02   1.7120073e+00   1.1942265e+00
   3.8500000e+02   1.7102350e+00   1.1894152e+00
   3.8600000e+02   1.7078928e+00   1.1829163e+00
   3.8700000e+02   1.7084345e+00   1.1778512e+00
   3.8800000e+02   1.7078110e+00   1.1742834e+00
   3.8900000e+02   1.7092425e+00   1.1727010e+00
   3.9000000e+02   1.7104482e+00   1.1712018e+00
   3.9100000e+02   1.7119132e+00   1.1703184e+00
   3.9200000e+02   1.7116432e+00   1.1682597e+00
   3.9300000e+02   1.7068195e+00   1.1641616e+00
   3.9400000e+02   1.6983577e+00   1.1588681e+00
   3.9500000e+02   1.6881998e+00   1.1526140e+00
   3.9600000e+02   1.6779917e+00   1.1447736e+00
   3.9700000e+02   1.6724440e+00   1.1419483e+00
   3.9800000e+02   1.6702339e+00   1.1380197e+00
   3.9900000e+02   1.6706930e+00   1.1344462e+00
   4.0000000e+02   1.6789485e+00   1.1325799e+00
   4.0100000e+02   1.6890218e+00   1.1371274e+00
   4.0200000e+02   1.7024501e+00   1.1424782e+00
   4.0300000e+02   1.7128092e+00   1.1478569e+00
   4.0400000e+02   1.7224610e+00   1.1560532e+00
   4.0500000e+02   1.7254129e+00   1.1633170e+00
   4.0600000e+02   1.7233426e+00   1.1704260e+00
   4.0700000e+02   1.7175776e+00   1.1758765e+00
   4.0800000e+02   1.7083939e+00   1.1800269e+00
   4.0900000e+02   1.6972503e+00   1.1820277e+00
   4.1000000e+02   1.6826549e+00   1.1828565e+00
   4.1100000e+02   1.6661728e+00   1.1819935e+00
   4.1200000e+02   1.6491049e+00   1.1795558e+00
   4.1300000e+02   1.6323395e+00   1.1748180e+00
   4.1400000e+02   1.6176082e+00   1.1690650e+00
   4.1500000e+02   1.6063864e+00   1.1601553e+00
   4.1600000e+02   1.5995906e+00   1.1502001e+00
   4.1700000e+02   1.5967952e+00   1.1389923e+00
   4.1800000e+02   1.5968207e+00   1.1297867e+00
   4.1900000e+02   1.5958965e+00   1.1287554e+00
   4.2000000e+02   1.5948453e+00   1.1334054e+00
   4.2100000e+02   1.6005154e+00   1.1422273e+00
   4.2200000e+02   1.6032187e+00   1.1495740e+00
   4.2300000e+02   1.6018611e+00   1.1594990e+00
   4.2400000e+02   1.6072457e+00   1.1742092e+00
   4.2500000e+02   1.6075352e+00   1.1689462e+00
   4.2600000e+02   1.6071198e+00   1.1794620e+00
   4.2700000e+02   1.6023831e+00   1.1903724e+00
   4.2800000e+02   1.5948899e+00   1.2014453e+00
   4.2900000e+02   1.5847553e+00   1.2131940e+00
   4.3000000e+02   1.5729901e+00   1.2218955e+00
   4.3100000e+02   1.5611560e+00   1.2249081e+00
   4.3200000e+02   1.5491990e+00   1.2203206e+00
   4.3300000e+02   1.5384377e+00   1.2091742e+00
   4.3400000e+02   1.5300032e+00   1.1931436e+00
   4.3500000e+02   1.5230728e+00   1.1734830e+00
   4.3600000e+02   1.5204891e+00   1.1539809e+00
   4.3700000e+02   1.5214868e+00   1.1401230e+00
   4.3800000e+02   1.5254725e+00   1.1329702e+00
   4.3900000e+02   1.5335130e+00   1.1287387e+00
   4.4000000e+02   1.5472894e+00   1.1258771e+00
   4.4100000e+02   1.5635074e+00   1.1246405e+00
   4.4200000e+02   1.5781936e+00   1.1251867e+00
   4.4300000e+02   1.5892915e+00   1.1278465e+00
   4.4400000e+02   1.5970221e+00   1.1286659e+00
   4.4500000e+02   1.6032284e+00   1.1243741e+00
   4.4600000e+02   1.6062597e+00   1.1164179e+00
   4.4700000e+02   1.6079690e+00   1.1054617e+00
   4.4800000e+02   1.6069637e+00   1.0906765e+00
   4.4900000e+02   1.6022548e+00   1.0715732e+00
   4.5000000e+02   1.5970034e+00   1.0523250e+00
   4.5100000e+02   1.5928493e+00   1.0366766e+00
   4.5200000e+02   1.5915915e+00   1.0276933e+00
   4.5300000e+02   1.5952386e+00   1.0254655e+00
   4.5400000e+02   1.6001551e+00   1.0261562e+00
   4.5500000e+02   1.6075433e+00   1.0279267e+00
   4.5600000e+02   1.6168859e+00   1.0289992e+00
   4.5700000e+02   1.6280799e+00   1.0293023e+00
   4.5800000e+02   1.6360017e+00   1.0289333e+00
   4.5900000e+02   1.6419133e+00   1.0281172e+00
   4.6000000e+02   1.6457278e+00   1.0270311e+00
   4.6100000e+02   1.6516167e+00   1.0273560e+00
   4.6200000e+02   1.6579455e+00   1.0294387e+00
   4.6300000e+02   1.6676216e+00   1.0302021e+00
   4.6400000e+02   1.6815085e+00   1.0304103e+00
   4.6500000e+02   1.7018832e+00   1.0305912e+00
   4.6600000e+02   1.7272352e+00   1.0313823e+00
   4.6700000e+02   1.7564233e+00   1.0341354e+00
   4.6800000e+02   1.7838344e+00   1.0397325e+00
   4.6900000e+02   1.8122836e+00   1.0485544e+00
   4.7000000e+02   1.8371718e+00   1.0592607e+00
   4.7100000e+02   1.8605711e+00   1.0724020e+00
   4.7200000e+02   1.8812821e+00   1.0843306e+00
   4.7300000e+02   1.9001054e+00   1.0929981e+00
   4.7400000e+02   1.9178695e+00   1.0999423e+00
   4.7500000e+02   1.9358150e+00   1.1064717e+00
   4.7600000e+02   1.9525931e+00   1.1120568e+00
   4.7700000e+02   1.9659029e+00   1.1186165e+00
   4.7800000e+02   1.9746496e+00   1.1259108e+00
   4.7900000e+02   1.9783767e+00   1.1298978e+00
   4.8000000e+02   1.9802579e+00   1.1313575e+00
   4.8100000e+02   1.9833045e+00   1.1316676e+00
   4.8200000e+02   1.9835578e+00   1.1339047e+00
   4.8300000e+02   1.9810124e+00   1.1369706e+00
   4.8400000e+02   1.9767036e+00   1.1396827e+00
   4.8500000e+02   1.9701237e+00   1.1410257e+00
   4.8600000e+02   1.9615413e+00   1.1407448e+00
   4.8700000e+02   1.9495591e+00   1.1400350e+00
   4.8800000e+02   1.9363299e+00   1.1383876e+00
   4.8900000e+02   1.9255959e+00   1.1350424e+00
   4.9000000e+02   1.9179180e+00   1.1315508e+00
   4.9100000e+02   1.9142826e+00   1.1258156e+00
   4.9200000e+02   1.9119840e+00   1.1180253e+00
   4.9300000e+02   1.9109368e+00   1.1077333e+00
   4.9400000e+02   1.9117292e+00   1.0976924e+00
   4.9500000e+02   1.9146649e+00   1.0894656e+00
   4.9600000e+02   1.9198842e+00   1.0861884e+00
   4.9700000e+02   1.9267182e+00   1.0873781e+00
   4.9800000e+02   1.9333883e+00   1.0921020e+00
   4.9900000e+02   1.9407954e+00   1.1002765e+00
   5.0000000e+02   1.9477770e+00   1.1096162e+00
   5.0100000e+02   1.9549982e+00   1.1192565e+00
   5.0200000e+02   1.9632527e+00   1.1271999e+00
   5.0300000e+02   1.9712081e+00   1.1353638e+00
   5.0400000e+02   1.9772459e+00   1.1427579e+00
   5.0500000e+02   1.9819552e+00   1.1500644e+00
   5.0600000e+02   1.9857925e+00   1.1561079e+00
   5.0700000e+02   1.9893840e+00   1.1602379e+00
   5.0800000e+02   1.9919575e+00   1.1649551e+00
   5.0900000e+02   1.9946011e+00   1.1689584e+00
   5.1000000e+02   1.9962996e+00   1.1727951e+00
   5.1100000e+02   1.9967547e+00   1.1770980e+00
   5.1200000e+02   1.9946362e+00   1.1796763e+00
   5.1300000e+02   1.9895891e+00   1.1803490e+00
   5.1400000e+02   1.9816044e+00   1.1792857e+00
   5.1500000e+02   1.9724156e+00   1.1764781e+00
   5.1600000e+02   1.9615987e+00   1.1722460e+00
   5.1700000e+02   1.9508290e+00   1.1672370e+00
   5.1800000e+02   1.9415413e+00   1.1613527e+00
   5.1900000e+02   1.9356289e+00   1.1563633e+00
   5.2000000e+02   1.9323546e+00   1.1515855e+00
   5.2100000e+02   1.9308854e+00   1.1466537e+00
   5.2200000e+02   1.9287813e+00   1.1419314e+00
   5.2300000e+02   1.9262491e+00   1.1374113e+00
   5.2400000e+02   1.9247538e+00   1.1348129e+00
   5.2500000e+02   1.9246547e+00   1.1345041e+00
   5.2600000e+02   1.9252720e+00   1.1376551e+00
   5.2700000e+02   1.9251838e+00   1.1421208e+00
   5.2800000e+02   1.9252472e+00   1.1459546e+00
   5.2900000e+02   1.9240047e+00   1.1476901e+00
   5.3000000e+02   1.9228146e+00   1.1490032e+00
   5.3100000e+02   1.9196293e+00   1.1497201e+00
   5.3200000e+02   1.9150812e+00   1.1498431e+00
   5.3300000e+02   1.9114303e+00   1.1473204e+00
   5.3400000e+02   1.9113992e+00   1.1409698e+00
   5.3500000e+02   1.9135546e+00   1.1324370e+00
   5.3600000e+02   1.9178306e+00   1.1232301e+00
   5.3700000e+02   1.9237162e+00   1.1137720e+00
   5.3800000e+02   1.9300891e+00   1.1052295e+00
   5.3900000e+02   1.9382634e+00   1.0974723e+00
   5.4000000e+02   1.9473612e+00   1.0915536e+00
   5.4100000e+02   1.9577484e+00   1.0867593e+00
   5.4200000e+02   1.9644345e+00   1.0816652e+00
   5.4300000e+02   1.9676805e+00   1.0792954e+00
   5.4400000e+02   1.9669381e+00   1.0768825e+00
   5.4500000e+02   1.9606597e+00   1.0775738e+00
   5.4600000e+02   1.9504916e+00   1.0794215e+00
   5.4700000e+02   1.9391272e+00   1.0837227e+00
   5.4800000e+02   1.9253600e+00   1.0897245e+00
   5.4900000e+02   1.9079540e+00   1.0974744e+00
   5.5000000e+02   1.8878043e+00   1.1056520e+00
   5.5100000e+02   1.8648688e+00   1.1133938e+00
   5.5200000e+02   1.8394608e+00   1.1195504e+00
   5.5300000e+02   1.8194149e+00   1.1206591e+00
   5.5400000e+02   1.8037222e+00   1.1200172e+00
   5.5500000e+02   1.7887118e+00   1.1210817e+00
   5.5600000e+02   1.7712672e+00   1.1245488e+00
   5.5700000e+02   1.7549714e+00   1.1313941e+00
   5.5800000e+02   1.7399808e+00   1.1379079e+00
   5.5900000e+02   1.7263953e+00   1.1432796e+00
   5.6000000e+02   1.7182061e+00   1.1502578e+00
   5.6100000e+02   1.7131058e+00   1.1577500e+00
   5.6200000e+02   1.7079307e+00   1.1662190e+00
   5.6300000e+02   1.6998570e+00   1.1744961e+00
   5.6400000e+02   1.6895599e+00   1.1806514e+00
   5.6500000e+02   1.6783529e+00   1.1838522e+00
   5.6600000e+02   1.6657339e+00   1.1858812e+00
   5.6700000e+02   1.6536118e+00   1.1865227e+00
   5.6800000e+02   1.6425139e+00   1.1855272e+00
   5.6900000e+02   1.6283953e+00   1.1818316e+00
   5.7000000e+02   1.6114227e+00   1.1747447e+00
   5.7100000e+02   1.5929743e+00   1.1654273e+00
   5.7200000e+02   1.5729916e+00   1.1549237e+00
   5.7300000e+02   1.5530052e+00   1.1447207e+00
   5.7400000e+02   1.5343021e+00   1.1364198e+00
   5.7500000e+02   1.5191800e+00   1.1302884e+00
   5.7600000e+02   1.5090014e+00   1.1236635e+00
   5.7700000e+02   1.5020888e+00   1.1178013e+00
   5.7800000e+02   1.4947878e+00   1.1127793e+00
   5.7900000e+02   1.4872341e+00   1.1096932e+00
   5.8000000e+02   1.4788996e+00   1.1091692e+00
   5.8100000e+02   1.4712554e+00   1.1102189e+00
   5.8200000e+02   1.4642507e+00   1.1109994e+00
   5.8300000e+02   1.4589558e+00   1.1111990e+00
   5.8400000e+02   1.4567629e+00   1.1092807e+00
   5.8500000e+02   1.4574136e+00   1.1064845e+00
   5.8600000e+02   1.4597631e+00   1.1038618e+00
   5.8700000e+02   1.4650995e+00   1.1024882e+00
   5.8800000e+02   1.4704741e+00   1.1030863e+00
   5.8900000e+02   1.4730730e+00   1.1043635e+00
   5.9000000e+02   1.4772621e+00   1.1085839e+00
   5.9100000e+02   1.4793793e+00   1.1117067e+00
   5.9200000e+02   1.4805134e+00   1.1192594e+00
   5.9300000e+02   1.4804515e+00   1.1301070e+00
   5.9400000e+02   1.4801800e+00   1.1438578e+00
   5.9500000e+02   1.4812696e+00   1.1605579e+00
   5.9600000e+02   1.4796559e+00   1.1763259e+00
   5.9700000e+02   1.4782698e+00   1.1966366e+00
   5.9800000e+02   1.4748211e+00   1.2183549e+00
   5.9900000e+02   1.4725975e+00   1.2413112e+00
   6.0000000e+02   1.4710912e+00   1.2644222e+00
   6.0100000e+02   1.4707762e+00   1.2872091e+00
   6.0200000e+02   1.4689719e+00   1.3059780e+00
   6.0300000e+02   1.4662901e+00   1.3212434e+00
   6.0400000e+02   1.4630281e+00   1.3321431e+00
   6.0500000e+02   1.4618022e+00   1.3414958e+00
   6.0600000e+02   1.4618052e+00   1.3498455e+00
   6.0700000e+02   1.4616556e+00   1.3546168e+00
   6.0800000e+02   1.4600313e+00   1.3553641e+00
   6.0900000e+02   1.4526747e+00   1.3554529e+00
   6.1000000e+02   1.4398929e+00   1.3576389e+00
   6.1100000e+02   1.4230477e+00   1.3626818e+00
   6.1200000e+02   1.4051850e+00   1.3684009e+00
   6.1300000e+02   1.3872427e+00   1.3765265e+00
   6.1400000e+02   1.3743294e+00   1.3899836e+00
   6.1500000e+02   1.3659828e+00   1.4064555e+00
   6.1600000e+02   1.3575467e+00   1.4250470e+00
   6.1700000e+02   1.3494538e+00   1.4391809e+00
   6.1800000e+02   1.3408733e+00   1.4461467e+00
   6.1900000e+02   1.3325185e+00   1.4434897e+00
   6.2000000e+02   1.3216273e+00   1.4358750e+00
   6.2100000e+02   1.3087654e+00   1.4275182e+00
   6.2200000e+02   1.2945269e+00   1.4198341e+00
   6.2300000e+02   1.2809971e+00   1.4119754e+00
   6.2400000e+02   1.2702297e+00   1.4026095e+00
   6.2500000e+02   1.2640886e+00   1.3908770e+00
   6.2600000e+02   1.2611066e+00   1.3784639e+00
   6.2700000e+02   1.2586437e+00   1.3663850e+00
   6.2800000e+02   1.2559268e+00   1.3549703e+00
   6.2900000e+02   1.2545042e+00   1.3460478e+00
   6.3000000e+02   1.2533230e+00   1.3377566e+00
   6.3100000e+02   1.2546032e+00   1.3280285e+00
   6.3200000e+02   1.2596281e+00   1.3161116e+00
   6.3300000e+02   1.2683088e+00   1.3008147e+00
   6.3400000e+02   1.2797196e+00   1.2824404e+00
   6.3500000e+02   1.2942937e+00   1.2618924e+00
   6.3600000e+02   1.3131769e+00   1.2397383e+00
   6.3700000e+02   1.3344535e+00   1.2189671e+00
   6.3800000e+02   1.3539590e+00   1.2019486e+00
   6.3900000e+02   1.3708096e+00   1.1896588e+00
   6.4000000e+02   1.3860406e+00   1.1822236e+00
   6.4100000e+02   1.4018864e+00   1.1786008e+00
   6.4200000e+02   1.4193705e+00   1.1780265e+00
   6.4300000e+02   1.4376184e+00   1.1796636e+00
   6.4400000e+02   1.4569615e+00   1.1805886e+00
   6.4500000e+02   1.4761162e+00   1.1817171e+00
   6.4600000e+02   1.4933785e+00   1.1817306e+00
   6.4700000e+02   1.5104361e+00   1.1804285e+00
   6.4800000e+02   1.5269257e+00   1.1770106e+00
   6.4900000e+02   1.5440322e+00   1.1704851e+00
   6.5000000e+02   1.5597179e+00   1.1609812e+00
   6.5100000e+02   1.5730677e+00   1.1517264e+00
   6.5200000e+02   1.5810240e+00   1.1438065e+00
   6.5300000e+02   1.5844407e+00   1.1382265e+00
   6.5400000e+02   1.5876088e+00   1.1341054e+00
   6.5500000e+02   1.5953898e+00   1.1299826e+00
   6.5600000e+02   1.6046667e+00   1.1242904e+00
   6.5700000e+02   1.6140224e+00   1.1145598e+00
   6.5800000e+02   1.6211743e+00   1.1013424e+00
   6.5900000e+02   1.6276102e+00   1.0854573e+00
   6.6000000e+02   1.6320013e+00   1.0699995e+00
   6.6100000e+02   1.6341210e+00   1.0567859e+00
   6.6200000e+02   1.6332091e+00   1.0459327e+00
   6.6300000e+02   1.6334645e+00   1.0407743e+00
   6.6400000e+02   1.6353658e+00   1.0401055e+00
   6.6500000e+02   1.6420311e+00   1.0439087e+00
   6.6600000e+02   1.6528812e+00   1.0515171e+00
   6.6700000e+02   1.6693057e+00   1.0618274e+00
   6.6800000e+02   1.6873328e+00   1.0688732e+00
   6.6900000e+02   1.7056299e+00   1.0710671e+00
   6.7000000e+02   1.7215835e+00   1.0695736e+00
   6.7100000e+02   1.7376656e+00   1.0660154e+00
   6.7200000e+02   1.7526277e+00   1.0618351e+00
   6.7300000e+02   1.7682795e+00   1.0594512e+00
   6.7400000e+02   1.7837392e+00   1.0577175e+00
   6.7500000e+02   1.7984244e+00   1.0589837e+00
   6.7600000e+02   1.8114837e+00   1.0604431e+00
   6.7700000e+02   1.8254832e+00   1.0610262e+00
   6.7800000e+02   1.8416015e+00   1.0589981e+00
   6.7900000e+02   1.8593641e+00   1.0562182e+00
   6.8000000e+02   1.8756609e+00   1.0559038e+00
   6.8100000e+02   1.8889125e+00   1.0569402e+00
   6.8200000e+02   1.8999937e+00   1.0577824e+00
   6.8300000e+02   1.9109842e+00   1.0558998e+00
   6.8400000e+02   1.9216391e+00   1.0519460e+00
   6.8500000e+02   1.9331558e+00   1.0488482e+00
   6.8600000e+02   1.9449800e+00   1.0526611e+00
   6.8700000e+02   1.9574220e+00   1.0631158e+00
   6.8800000e+02   1.9711789e+00   1.0782768e+00
   6.8900000e+02   1.9841482e+00   1.0962851e+00
   6.9000000e+02   1.9949815e+00   1.1144353e+00
   6.9100000e+02   2.0026331e+00   1.1314152e+00
   6.9200000e+02   2.0104292e+00   1.1427645e+00
   6.9300000e+02   2.0201934e+00   1.1471405e+00
   6.9400000e+02   2.0313676e+00   1.1464404e+00
   6.9500000e+02   2.0431386e+00   1.1416376e+00
   6.9600000e+02   2.0550182e+00   1.1341342e+00
   6.9700000e+02   2.0690052e+00   1.1271101e+00
   6.9800000e+02   2.0790628e+00   1.1191260e+00
   6.9900000e+02   2.0886498e+00   1.1096155e+00
   7.0000000e+02   2.0948918e+00   1.1015013e+00
   7.0100000e+02   2.0987018e+00   1.0940807e+00
   7.0200000e+02   2.1014506e+00   1.0875066e+00
   7.0300000e+02   2.1035448e+00   1.0814695e+00
   7.0400000e+02   2.1066412e+00   1.0754337e+00
   7.0500000e+02   2.1098796e+00   1.0699690e+00
   7.0600000e+02   2.1111401e+00   1.0653083e+00
   7.0700000e+02   2.1083539e+00   1.0621612e+00
   7.0800000e+02   2.1045428e+00   1.0619023e+00
   7.0900000e+02   2.0999609e+00   1.0655025e+00
   7.1000000e+02   2.0967978e+00   1.0729448e+00
   7.1100000e+02   2.0942224e+00   1.0811027e+00
   7.1200000e+02   2.0913545e+00   1.0871172e+00
   7.1300000e+02   2.0879290e+00   1.0899961e+00
   7.1400000e+02   2.0838163e+00   1.0919022e+00
   7.1500000e+02   2.0814925e+00   1.0952325e+00
   7.1600000e+02   2.0810710e+00   1.0993846e+00
   7.1700000e+02   2.0793389e+00   1.1014642e+00
   7.1800000e+02   2.0766258e+00   1.1021212e+00
   7.1900000e+02   2.0716409e+00   1.1035878e+00
   7.2000000e+02   2.0634228e+00   1.1065235e+00
   7.2100000e+02   2.0526922e+00   1.1108843e+00
   7.2200000e+02   2.0435140e+00   1.1143374e+00
   7.2300000e+02   2.0389096e+00   1.1157233e+00
   7.2400000e+02   2.0365575e+00   1.1156581e+00
   7.2500000e+02   2.0359345e+00   1.1148916e+00
   7.2600000e+02   2.0358602e+00   1.1127402e+00
   7.2700000e+02   2.0360540e+00   1.1072111e+00
   7.2800000e+02   2.0347142e+00   1.1000926e+00
   7.2900000e+02   2.0296826e+00   1.0926801e+00
   7.3000000e+02   2.0235470e+00   1.0848741e+00
   7.3100000e+02   2.0139719e+00   1.0758622e+00
   7.3200000e+02   2.0049145e+00   1.0652876e+00
   7.3300000e+02   1.9979307e+00   1.0541797e+00
   7.3400000e+02   1.9901353e+00   1.0455538e+00
   7.3500000e+02   1.9814585e+00   1.0379010e+00
   7.3600000e+02   1.9725440e+00   1.0307420e+00
   7.3700000e+02   1.9650512e+00   1.0243866e+00
   7.3800000e+02   1.9572073e+00   1.0211005e+00
   7.3900000e+02   1.9485146e+00   1.0210976e+00
   7.4000000e+02   1.9406454e+00   1.0262798e+00
   7.4100000e+02   1.9336666e+00   1.0347773e+00
   7.4200000e+02   1.9279834e+00   1.0458658e+00
   7.4300000e+02   1.9225454e+00   1.0560395e+00
   7.4400000e+02   1.9164128e+00   1.0619076e+00
   7.4500000e+02   1.9109940e+00   1.0647337e+00
   7.4600000e+02   1.9055751e+00   1.0639197e+00
   7.4700000e+02   1.9021798e+00   1.0593395e+00
   7.4800000e+02   1.8993511e+00   1.0517622e+00
   7.4900000e+02   1.8954288e+00   1.0472177e+00
   7.5000000e+02   1.8877545e+00   1.0480637e+00
   7.5100000e+02   1.8754185e+00   1.0555136e+00
   7.5200000e+02   1.8603730e+00   1.0654264e+00
   7.5300000e+02   1.8444925e+00   1.0758747e+00
   7.5400000e+02   1.8283884e+00   1.0835622e+00
   7.5500000e+02   1.8162384e+00   1.0876740e+00
   7.5600000e+02   1.8077407e+00   1.0852099e+00
   7.5700000e+02   1.8002229e+00   1.0763023e+00
   7.5800000e+02   1.7892987e+00   1.0670055e+00
   7.5900000e+02   1.7765662e+00   1.0605797e+00
   7.6000000e+02   1.7601140e+00   1.0563728e+00
   7.6100000e+02   1.7443826e+00   1.0543967e+00
   7.6200000e+02   1.7309987e+00   1.0533675e+00
   7.6300000e+02   1.7215228e+00   1.0559757e+00
   7.6400000e+02   1.7128673e+00   1.0618792e+00
   7.6500000e+02   1.7027216e+00   1.0695388e+00
   7.6600000e+02   1.6881731e+00   1.0780622e+00
   7.6700000e+02   1.6711006e+00   1.0861131e+00
   7.6800000e+02   1.6562476e+00   1.0908001e+00
   7.6900000e+02   1.6502124e+00   1.0910311e+00
   7.7000000e+02   1.6487158e+00   1.0865339e+00
   7.7100000e+02   1.6511048e+00   1.0818818e+00
   7.7200000e+02   1.6558629e+00   1.0771209e+00
   7.7300000e+02   1.6626847e+00   1.0729631e+00
   7.7400000e+02   1.6727878e+00   1.0697462e+00
   7.7500000e+02   1.6858943e+00   1.0684209e+00
   7.7600000e+02   1.6980736e+00   1.0672923e+00
   7.7700000e+02   1.7073522e+00   1.0644991e+00
   7.7800000e+02   1.7129205e+00   1.0610327e+00
   7.7900000e+02   1.7149545e+00   1.0571129e+00
   7.8000000e+02   1.7149000e+00   1.0540356e+00
   7.8100000e+02   1.7125995e+00   1.0520165e+00
   7.8200000e+02   1.7087155e+00   1.0496513e+00
   7.8300000e+02   1.7007234e+00   1.0477977e+00
   7.8400000e+02   1.6897768e+00   1.0455563e+00
   7.8500000e+02   1.6760345e+00   1.0433370e+00
   7.8600000e+02   1.6641896e+00   1.0418209e+00
   7.8700000e+02   1.6532177e+00   1.0401121e+00
   7.8800000e+02   1.6437633e+00   1.0402696e+00
   7.8900000e+02   1.6362787e+00   1.0385344e+00
   7.9000000e+02   1.6285390e+00   1.0342102e+00
   7.9100000e+02   1.6188158e+00   1.0246410e+00
   7.9200000e+02   1.6078987e+00   1.0099922e+00
   7.9300000e+02   1.5962120e+00   9.8997885e-01
   7.9400000e+02   1.5841714e+00   9.6821822e-01
   7.9500000e+02   1.5697890e+00   9.4295121e-01
   7.9600000e+02   1.5559429e+00   9.2068622e-01
   7.9700000e+02   1.5425216e+00   9.0343777e-01
   7.9800000e+02   1.5291385e+00   8.9210676e-01
   7.9900000e+02   1.5140329e+00   8.8796369e-01
   8.0000000e+02   1.4966517e+00   8.8805614e-01
   8.0100000e+02   1.4761040e+00   8.8961036e-01
   8.0200000e+02   1.4553506e+00   8.9157455e-01
   8.0300000e+02   1.4351475e+00   8.9200059e-01
   8.0400000e+02   1.4197809e+00   8.8911468e-01
   8.0500000e+02   1.4093664e+00   8.8500464e-01
   8.0600000e+02   1.4006475e+00   8.8145994e-01
   8.0700000e+02   1.3908428e+00   8.8010978e-01
   8.0800000e+02   1.3813224e+00   8.8011430e-01
   8.0900000e+02   1.3732516e+00   8.8039041e-01
   8.1000000e+02   1.3675179e+00   8.7934469e-01
   8.1100000e+02   1.3657006e+00   8.7613065e-01
   8.1200000e+02   1.3658723e+00   8.7074376e-01
   8.1300000e+02   1.3670332e+00   8.6382879e-01
   8.1400000e+02   1.3708853e+00   8.5734394e-01
   8.1500000e+02   1.3756823e+00   8.5106322e-01
   8.1600000e+02   1.3806424e+00   8.4351419e-01
   8.1700000e+02   1.3853090e+00   8.3559132e-01
   8.1800000e+02   1.3868600e+00   8.2925032e-01
   8.1900000e+02   1.3869310e+00   8.2459190e-01
   8.2000000e+02   1.3857047e+00   8.2174012e-01
   8.2100000e+02   1.3842774e+00   8.1850148e-01
   8.2200000e+02   1.3817561e+00   8.1498118e-01
   8.2300000e+02   1.3814051e+00   8.1065687e-01
   8.2400000e+02   1.3820026e+00   8.0704578e-01
   8.2500000e+02   1.3823402e+00   8.0355355e-01
   8.2600000e+02   1.3837139e+00   8.0161147e-01
   8.2700000e+02   1.3841991e+00   7.9937871e-01
   8.2800000e+02   1.3850746e+00   7.9829888e-01
   8.2900000e+02   1.3869583e+00   7.9667573e-01
   8.3000000e+02   1.3887894e+00   7.9788999e-01
   8.3100000e+02   1.3907339e+00   8.0165568e-01
   8.3200000e+02   1.3932970e+00   8.0599547e-01
   8.3300000e+02   1.3914303e+00   8.0993270e-01
   8.3400000e+02   1.3880267e+00   8.1122212e-01
   8.3500000e+02   1.3829252e+00   8.1007977e-01
   8.3600000e+02   1.3746488e+00   8.0739312e-01
   8.3700000e+02   1.3649202e+00   8.0721791e-01
   8.3800000e+02   1.3528159e+00   8.0728258e-01
   8.3900000e+02   1.3384281e+00   8.0873521e-01
   8.4000000e+02   1.3239641e+00   8.1037578e-01
   8.4100000e+02   1.3089787e+00   8.1176440e-01
   8.4200000e+02   1.2928155e+00   8.1318838e-01
   8.4300000e+02   1.2781573e+00   8.1293668e-01
   8.4400000e+02   1.2620412e+00   8.1234670e-01
   8.4500000e+02   1.2472095e+00   8.1106904e-01
   8.4600000e+02   1.2349635e+00   8.0995661e-01
   8.4700000e+02   1.2245573e+00   8.0899167e-01
   8.4800000e+02   1.2175130e+00   8.1029084e-01
   8.4900000e+02   1.2126133e+00   8.1318045e-01
   8.5000000e+02   1.2096127e+00   8.1750991e-01
   8.5100000e+02   1.2066232e+00   8.2256554e-01
   8.5200000e+02   1.2029297e+00   8.2847769e-01
   8.5300000e+02   1.1983270e+00   8.3564088e-01
   8.5400000e+02   1.1937573e+00   8.4230869e-01
   8.5500000e+02   1.1880383e+00   8.4811296e-01
   8.5600000e+02   1.1820291e+00   8.5261572e-01
   8.5700000e+02   1.1764046e+00   8.5463136e-01
   8.5800000e+02   1.1690842e+00   8.5589226e-01
   8.5900000e+02   1.1618830e+00   8.5732376e-01
   8.6000000e+02   1.1540832e+00   8.5932032e-01
   8.6100000e+02   1.1465157e+00   8.6228260e-01
   8.6200000e+02   1.1409137e+00   8.6494011e-01
   8.6300000e+02   1.1379352e+00   8.6696756e-01
   8.6400000e+02   1.1365168e+00   8.6869460e-01
   8.6500000e+02   1.1374573e+00   8.7037053e-01
   8.6600000e+02   1.1367023e+00   8.7125552e-01
   8.6700000e+02   1.1362603e+00   8.7041057e-01
   8.6800000e+02   1.1362174e+00   8.6797033e-01
   8.6900000e+02   1.1357220e+00   8.6468355e-01
   8.7000000e+02   1.1335592e+00   8.6102626e-01
   8.7100000e+02   1.1322785e+00   8.5750366e-01
   8.7200000e+02   1.1313262e+00   8.5497854e-01
   8.7300000e+02   1.1300160e+00   8.5426137e-01
   8.7400000e+02   1.1271954e+00   8.5540418e-01
   8.7500000e+02   1.1223740e+00   8.5757105e-01
   8.7600000e+02   1.1156895e+00   8.5993773e-01
   8.7700000e+02   1.1086382e+00   8.6241984e-01
   8.7800000e+02   1.1044366e+00   8.6390657e-01
   8.7900000e+02   1.1029325e+00   8.6506571e-01
   8.8000000e+02   1.1047140e+00   8.6696470e-01
   8.8100000e+02   1.1082674e+00   8.6949332e-01
   8.8200000e+02   1.1142595e+00   8.7168829e-01
   8.8300000e+02   1.1214815e+00   8.7372467e-01
   8.8400000e+02   1.1292004e+00   8.7538014e-01
   8.8500000e+02   1.1365615e+00   8.7686129e-01
   8.8600000e+02   1.1424985e+00   8.7686352e-01
   8.8700000e+02   1.1481663e+00   8.7574938e-01
   8.8800000e+02   1.1536945e+00   8.7220580e-01
   8.8900000e+02   1.1596489e+00   8.6761730e-01
   8.9000000e+02   1.1650520e+00   8.6172474e-01
   8.9100000e+02   1.1707901e+00   8.5612396e-01
   8.9200000e+02   1.1767975e+00   8.5112991e-01
   8.9300000e+02   1.1833761e+00   8.4624100e-01
   8.9400000e+02   1.1897051e+00   8.4043620e-01
   8.9500000e+02   1.1965148e+00   8.3463345e-01
   8.9600000e+02   1.2042752e+00   8.2817303e-01
   8.9700000e+02   1.2123979e+00   8.2124814e-01
   8.9800000e+02   1.2201067e+00   8.1440319e-01
   8.9900000e+02   1.2277550e+00   8.0825656e-01
   9.0000000e+02   1.2338635e+00   8.0257928e-01
   9.0100000e+02   1.2400367e+00   7.9536397e-01
   9.0200000e+02   1.2476276e+00   7.8851815e-01
   9.0300000e+02   1.2576378e+00   7.8098338e-01
   9.0400000e+02   1.2668349e+00   7.7249285e-01
   9.0500000e+02   1.2759337e+00   7.6296369e-01
   9.0600000e+02   1.2865895e+00   7.5071616e-01
   9.0700000e+02   1.3015993e+00   7.3839146e-01
   9.0800000e+02   1.3220982e+00   7.2742349e-01
   9.0900000e+02   1.3439052e+00   7.1955081e-01
   9.1000000e+02   1.3651866e+00   7.1446322e-01
   9.1100000e+02   1.3838784e+00   7.1111931e-01
   9.1200000e+02   1.4009776e+00   7.0943074e-01
   9.1300000e+02   1.4141770e+00   7.0799874e-01
   9.1400000e+02   1.4231182e+00   7.0402349e-01
   9.1500000e+02   1.4293693e+00   6.9863181e-01
   9.1600000e+02   1.4348294e+00   6.9122521e-01
   9.1700000e+02   1.4406347e+00   6.8624059e-01
   9.1800000e+02   1.4470642e+00   6.8481350e-01
   9.1900000e+02   1.4556181e+00   6.8539969e-01
   9.2000000e+02   1.4652583e+00   6.8548493e-01
   9.2100000e+02   1.4758797e+00   6.8487137e-01
   9.2200000e+02   1.4864985e+00   6.8364496e-01
   9.2300000e+02   1.4962884e+00   6.8131180e-01
   9.2400000e+02   1.5035934e+00   6.7881149e-01
   9.2500000e+02   1.5108743e+00   6.7606638e-01
   9.2600000e+02   1.5161360e+00   6.7249677e-01
   9.2700000e+02   1.5222225e+00   6.6697770e-01
   9.2800000e+02   1.5280717e+00   6.5962158e-01
   9.2900000e+02   1.5341521e+00   6.5292630e-01
   9.3000000e+02   1.5421207e+00   6.4839301e-01
   9.3100000e+02   1.5504447e+00   6.4646886e-01
   9.3200000e+02   1.5599957e+00   6.4500957e-01
   9.3300000e+02   1.5695524e+00   6.4386899e-01
   9.3400000e+02   1.5787472e+00   6.4245746e-01
   9.3500000e+02   1.5869819e+00   6.4205428e-01
   9.3600000e+02   1.5951333e+00   6.4215610e-01
   9.3700000e+02   1.6034439e+00   6.4079718e-01
   9.3800000e+02   1.6111779e+00   6.3864486e-01
   9.3900000e+02   1.6185492e+00   6.3699400e-01
   9.4000000e+02   1.6269901e+00   6.3691086e-01
   9.4100000e+02   1.6347626e+00   6.3891888e-01
   9.4200000e+02   1.6429970e+00   6.4135062e-01
   9.4300000e+02   1.6511940e+00   6.4587537e-01
   9.4400000e+02   1.6581332e+00   6.5123684e-01
   9.4500000e+02   1.6623861e+00   6.5938370e-01
   9.4600000e+02   1.6650331e+00   6.6913597e-01
   9.4700000e+02   1.6654160e+00   6.7890714e-01
   9.4800000e+02   1.6635391e+00   6.8942737e-01
   9.4900000e+02   1.6588578e+00   6.9859589e-01
   9.5000000e+02   1.6499955e+00   7.0847151e-01
   9.5100000e+02   1.6394976e+00   7.1650981e-01
   9.5200000e+02   1.6264091e+00   7.2283910e-01
   9.5300000e+02   1.6115957e+00   7.2815138e-01
   9.5400000e+02   1.5956503e+00   7.3271792e-01
   9.5500000e+02   1.5806209e+00   7.3592432e-01
   9.5600000e+02   1.5676502e+00   7.3688262e-01
   9.5700000e+02   1.5572588e+00   7.3529357e-01
   9.5800000e+02   1.5499226e+00   7.3339296e-01
   9.5900000e+02   1.5445944e+00   7.3066485e-01
   9.6000000e+02   1.5422279e+00   7.2711183e-01
   9.6100000e+02   1.5416679e+00   7.2366242e-01
   9.6200000e+02   1.5432588e+00   7.2053793e-01
   9.6300000e+02   1.5470151e+00   7.1878229e-01
   9.6400000e+02   1.5505143e+00   7.1831714e-01
   9.6500000e+02   1.5533777e+00   7.1716578e-01
   9.6600000e+02   1.5553124e+00   7.1603761e-01
   9.6700000e+02   1.5577328e+00   7.1468682e-01
   9.6800000e+02   1.5590251e+00   7.1081258e-01
   9.6900000e+02   1.5601515e+00   7.0620343e-01
   9.7000000e+02   1.5591991e+00   7.0122117e-01
   9.7100000e+02   1.5555720e+00   6.9651722e-01
   9.7200000e+02   1.5497749e+00   6.9309839e-01
   9.7300000e+02   1.5412184e+00   6.9030249e-01
   9.7400000e+02   1.5316133e+00   6.8564642e-01
   9.7500000e+02   1.5220487e+00   6.8220401e-01
   9.7600000e+02   1.5110004e+00   6.7869657e-01
   9.7700000e+02   1.4983280e+00   6.7547945e-01
   9.7800000e+02   1.4821369e+00   6.7115635e-01
   9.7900000e+02   1.4643340e+00   6.6442033e-01
   9.8000000e+02   1.4454477e+00   6.5742892e-01
   9.8100000e+02   1.4283389e+00   6.5300815e-01
   9.8200000e+02   1.4153244e+00   6.5422058e-01
   9.8300000e+02   1.4038307e+00   6.5832542e-01
   9.8400000e+02   1.3925229e+00   6.6173571e-01
   9.8500000e+02   1.3807154e+00   6.6533479e-01
   9.8600000e+02   1.3675776e+00   6.6759277e-01
   9.8700000e+02   1.3525068e+00   6.6998374e-01
   9.8800000e+02   1.3353602e+00   6.7008760e-01
   9.8900000e+02   1.3164305e+00   6.6810065e-01
   9.9000000e+02   1.2949922e+00   6.6399204e-01
   9.9100000e+02   1.2726097e+00   6.5765515e-01
   9.9200000e+02   1.2506579e+00   6.5023703e-01
   9.9300000e+02   1.2291211e+00   6.4284802e-01
   9.9400000e+02   1.2066611e+00   6.3410131e-01
   9.9500000e+02   1.1833917e+00   6.2375333e-01
   9.9600000e+02   1.1640162e+00   6.1386917e-01
   9.9700000e+02   1.1480513e+00   5.9963339e-01
   9.9800000e+02   1.1367976e+00   5.8532269e-01
   9.9900000e+02   1.1268300e+00   5.7117096e-01
   1.0000000e+03   1.1172775e+00   5.6011003e-01
   1.0010000e+03   1.1082106e+00   5.5288542e-01
   1.0020000e+03   1.0997861e+00   5.4997610e-01
   1.0030000e+03   1.0913270e+00   5.4860660e-01
   1.0040000e+03   1.0833616e+00   5.4810151e-01
   1.0050000e+03   1.0749209e+00   5.4704711e-01
   1.0060000e+03   1.0700003e+00   5.4659272e-01
   1.0070000e+03   1.0697538e+00   5.4502272e-01
   1.0080000e+03   1.0731657e+00   5.4211077e-01
   1.0090000e+03   1.0792454e+00   5.3680412e-01
   1.0100000e+03   1.0835605e+00   5.3112771e-01
   1.0110000e+03   1.0836123e+00   5.2597655e-01
   1.0120000e+03   1.0804170e+00   5.2166886e-01
   1.0130000e+03   1.0751660e+00   5.1683105e-01
   1.0140000e+03   1.0703110e+00   5.1233662e-01
   1.0150000e+03   1.0666464e+00   5.0761625e-01
   1.0160000e+03   1.0654654e+00   5.0393550e-01
   1.0170000e+03   1.0659439e+00   5.0173583e-01
   1.0180000e+03   1.0666923e+00   5.0183412e-01
   1.0190000e+03   1.0680546e+00   5.0327790e-01
   1.0200000e+03   1.0684255e+00   5.0490923e-01
   1.0210000e+03   1.0686631e+00   5.0434241e-01
   1.0220000e+03   1.0670801e+00   5.0343787e-01
   1.0230000e+03   1.0652440e+00   5.0251228e-01
   1.0240000e+03   1.0630629e+00   5.0164268e-01
   1.0250000e+03   1.0632058e+00   5.0066878e-01
   1.0260000e+03   1.0656737e+00   5.0114833e-01
   1.0270000e+03   1.0689257e+00   5.0205880e-01
   1.0280000e+03   1.0725254e+00   5.0444652e-01
   1.0290000e+03   1.0752476e+00   5.0687276e-01
   1.0300000e+03   1.0776087e+00   5.0883891e-01
   1.0310000e+03   1.0802388e+00   5.1054491e-01
   1.0320000e+03   1.0832042e+00   5.1149244e-01
   1.0330000e+03   1.0871408e+00   5.1176836e-01
   1.0340000e+03   1.0914772e+00   5.1067436e-01
   1.0350000e+03   1.0965200e+00   5.0867066e-01
   1.0360000e+03   1.1018417e+00   5.0781612e-01
   1.0370000e+03   1.1070775e+00   5.0687647e-01
   1.0380000e+03   1.1118708e+00   5.0677552e-01
   1.0390000e+03   1.1158710e+00   5.0561584e-01
   1.0400000e+03   1.1188936e+00   5.0435510e-01
   1.0410000e+03   1.1215813e+00   5.0237881e-01
   1.0420000e+03   1.1224993e+00   5.0060253e-01
   1.0430000e+03   1.1226420e+00   4.9776883e-01
   1.0440000e+03   1.1223041e+00   4.9488985e-01
   1.0450000e+03   1.1234651e+00   4.9271101e-01
   1.0460000e+03   1.1247133e+00   4.8936082e-01
   1.0470000e+03   1.1250129e+00   4.8643200e-01
   1.0480000e+03   1.1240643e+00   4.8335088e-01
   1.0490000e+03   1.1224995e+00   4.8151094e-01
   1.0500000e+03   1.1200711e+00   4.8052755e-01
   1.0510000e+03   1.1170084e+00   4.8214727e-01
   1.0520000e+03   1.1151599e+00   4.8475368e-01
   1.0530000e+03   1.1133387e+00   4.8759804e-01
   1.0540000e+03   1.1135477e+00   4.9017116e-01
   1.0550000e+03   1.1146737e+00   4.9185538e-01
   1.0560000e+03   1.1166120e+00   4.9494196e-01
   1.0570000e+03   1.1194846e+00   4.9982087e-01
   1.0580000e+03   1.1228309e+00   5.0450175e-01
   1.0590000e+03   1.1276312e+00   5.0957583e-01
   1.0600000e+03   1.1341646e+00   5.1474150e-01
   1.0610000e+03   1.1413867e+00   5.1864439e-01
   1.0620000e+03   1.1488799e+00   5.2236008e-01
   1.0630000e+03   1.1554931e+00   5.2538594e-01
   1.0640000e+03   1.1618790e+00   5.2942754e-01
   1.0650000e+03   1.1692718e+00   5.3414519e-01
   1.0660000e+03   1.1769742e+00   5.3788727e-01
   1.0670000e+03   1.1847000e+00   5.4207638e-01
   1.0680000e+03   1.1915222e+00   5.4656559e-01
   1.0690000e+03   1.1968349e+00   5.4985709e-01
   1.0700000e+03   1.2019307e+00   5.5414120e-01
   1.0710000e+03   1.2070880e+00   5.5630978e-01
   1.0720000e+03   1.2120465e+00   5.5622598e-01
   1.0730000e+03   1.2182977e+00   5.5257033e-01
   1.0740000e+03   1.2259846e+00   5.4727863e-01
   1.0750000e+03   1.2348964e+00   5.4081594e-01
   1.0760000e+03   1.2431077e+00   5.3552290e-01
   1.0770000e+03   1.2507577e+00   5.3078625e-01
   1.0780000e+03   1.2564483e+00   5.2604201e-01
   1.0790000e+03   1.2615404e+00   5.2284874e-01
   1.0800000e+03   1.2674635e+00   5.2052522e-01
   1.0810000e+03   1.2737176e+00   5.1916756e-01
   1.0820000e+03   1.2812531e+00   5.1819898e-01
   1.0830000e+03   1.2875003e+00   5.1770443e-01
   1.0840000e+03   1.2940940e+00   5.1762856e-01
   1.0850000e+03   1.3002002e+00   5.1854752e-01
   1.0860000e+03   1.3069784e+00   5.1913165e-01
   1.0870000e+03   1.3136252e+00   5.2063418e-01
   1.0880000e+03   1.3199809e+00   5.2203821e-01
   1.0890000e+03   1.3254631e+00   5.2433981e-01
   1.0900000e+03   1.3297792e+00   5.2626177e-01
   1.0910000e+03   1.3328577e+00   5.2874668e-01
   1.0920000e+03   1.3342946e+00   5.3080730e-01
   1.0930000e+03   1.3349797e+00   5.3274612e-01
   1.0940000e+03   1.3362463e+00   5.3689512e-01
   1.0950000e+03   1.3372768e+00   5.3982903e-01
   1.0960000e+03   1.3373784e+00   5.4134010e-01
   1.0970000e+03   1.3356480e+00   5.4245760e-01
   1.0980000e+03   1.3333624e+00   5.4219645e-01
   1.0990000e+03   1.3290445e+00   5.4359489e-01
   1.1000000e+03   1.3244443e+00   5.4508575e-01
   1.1010000e+03   1.3201922e+00   5.4626152e-01
   1.1020000e+03   1.3173347e+00   5.4594551e-01
   1.1030000e+03   1.3157198e+00   5.4375704e-01
   1.1040000e+03   1.3144949e+00   5.4114173e-01
   1.1050000e+03   1.3146872e+00   5.3755248e-01
   1.1060000e+03   1.3136595e+00   5.3588452e-01
   1.1070000e+03   1.3142160e+00   5.3464142e-01
   1.1080000e+03   1.3146224e+00   5.3584859e-01
   1.1090000e+03   1.3155740e+00   5.3797581e-01
   1.1100000e+03   1.3157165e+00   5.4043561e-01
   1.1110000e+03   1.3155210e+00   5.4228989e-01
   1.1120000e+03   1.3150907e+00   5.4418589e-01
   1.1130000e+03   1.3134483e+00   5.4603881e-01
   1.1140000e+03   1.3118784e+00   5.4715739e-01
   1.1150000e+03   1.3165594e+00   5.5014451e-01
   1.1160000e+03   1.3211380e+00   5.5313396e-01
   1.1170000e+03   1.3211805e+00   5.5725516e-01
   1.1180000e+03   1.3308211e+00   5.6383912e-01
   1.1190000e+03   1.3273617e+00   5.6536181e-01
   1.1200000e+03   1.3310683e+00   5.7178543e-01
   1.1210000e+03   1.3363043e+00   5.7780439e-01
   1.1220000e+03   1.3384202e+00   5.8136112e-01
   1.1230000e+03   1.3410645e+00   5.8392482e-01
   1.1240000e+03   1.3428212e+00   5.8541452e-01
   1.1250000e+03   1.3438959e+00   5.8650215e-01
   1.1260000e+03   1.3447578e+00   5.8738384e-01
   1.1270000e+03   1.3456289e+00   5.8808367e-01
   1.1280000e+03   1.3473549e+00   5.8994629e-01
   1.1290000e+03   1.3486659e+00   5.9192697e-01
   1.1300000e+03   1.3512627e+00   5.9670255e-01
   1.1310000e+03   1.3529330e+00   6.0079691e-01
   1.1320000e+03   1.3571028e+00   6.0530820e-01
   1.1330000e+03   1.3611887e+00   6.0996662e-01
   1.1340000e+03   1.3652183e+00   6.1534305e-01
   1.1350000e+03   1.3696555e+00   6.2262747e-01
   1.1360000e+03   1.3735789e+00   6.3013093e-01
   1.1370000e+03   1.3779560e+00   6.3993816e-01
   1.1380000e+03   1.3823391e+00   6.4947407e-01
   1.1390000e+03   1.3861604e+00   6.5912653e-01
   1.1400000e+03   1.3896974e+00   6.6722986e-01
   1.1410000e+03   1.3918092e+00   6.7461930e-01
   1.1420000e+03   1.3925108e+00   6.8095304e-01
   1.1430000e+03   1.3920277e+00   6.8564359e-01
   1.1440000e+03   1.3913192e+00   6.8807332e-01
   1.1450000e+03   1.3872515e+00   6.8800072e-01
   1.1460000e+03   1.3827661e+00   6.8592243e-01
   1.1470000e+03   1.3782671e+00   6.8387930e-01
   1.1480000e+03   1.3727944e+00   6.8091340e-01
   1.1490000e+03   1.3680409e+00   6.7915442e-01
   1.1500000e+03   1.3633786e+00   6.7812839e-01
   1.1510000e+03   1.3597033e+00   6.7893252e-01
   1.1520000e+03   1.3566866e+00   6.8022702e-01
   1.1530000e+03   1.3548247e+00   6.8189206e-01
   1.1540000e+03   1.3525238e+00   6.8344453e-01
   1.1550000e+03   1.3510530e+00   6.8431779e-01
   1.1560000e+03   1.3481515e+00   6.8569330e-01
   1.1570000e+03   1.3459415e+00   6.8802096e-01
   1.1580000e+03   1.3433708e+00   6.9203619e-01
   1.1590000e+03   1.3392430e+00   6.9552935e-01
   1.1600000e+03   1.3338210e+00   6.9824830e-01
   1.1610000e+03   1.3279495e+00   6.9956769e-01
   1.1620000e+03   1.3210482e+00   7.0006836e-01
   1.1630000e+03   1.3137713e+00   6.9954571e-01
   1.1640000e+03   1.3073192e+00   6.9742223e-01
   1.1650000e+03   1.3010328e+00   6.9453983e-01
   1.1660000e+03   1.2935151e+00   6.9081146e-01
   1.1670000e+03   1.2852514e+00   6.8933689e-01
   1.1680000e+03   1.2778194e+00   6.8875977e-01
   1.1690000e+03   1.2724981e+00   6.8884959e-01
   1.1700000e+03   1.2679020e+00   6.8759420e-01
   1.1710000e+03   1.2639272e+00   6.8408758e-01
   1.1720000e+03   1.2605983e+00   6.7873021e-01
   1.1730000e+03   1.2573863e+00   6.7087014e-01
   1.1740000e+03   1.2542265e+00   6.6160322e-01
   1.1750000e+03   1.2511772e+00   6.5135084e-01
   1.1760000e+03   1.2486959e+00   6.4029814e-01
   1.1770000e+03   1.2461499e+00   6.2920758e-01
   1.1780000e+03   1.2449334e+00   6.2113485e-01
   1.1790000e+03   1.2430144e+00   6.1491124e-01
   1.1800000e+03   1.2425947e+00   6.1106187e-01
   1.1810000e+03   1.2424279e+00   6.0852716e-01
   1.1820000e+03   1.2415230e+00   6.0725550e-01
   1.1830000e+03   1.2400070e+00   6.0588331e-01
   1.1840000e+03   1.2383776e+00   6.0648962e-01
   1.1850000e+03   1.2348799e+00   6.0739729e-01
   1.1860000e+03   1.2309127e+00   6.0891726e-01
   1.1870000e+03   1.2254195e+00   6.0945554e-01
   1.1880000e+03   1.2178904e+00   6.0998786e-01
   1.1890000e+03   1.2097201e+00   6.0975123e-01
   1.1900000e+03   1.2004145e+00   6.1083471e-01
   1.1910000e+03   1.1910985e+00   6.1296094e-01
   1.1920000e+03   1.1831320e+00   6.1447236e-01
   1.1930000e+03   1.1754687e+00   6.1525660e-01
   1.1940000e+03   1.1708795e+00   6.1381723e-01
   1.1950000e+03   1.1662877e+00   6.1072616e-01
   1.1960000e+03   1.1638690e+00   6.0646901e-01
   1.1970000e+03   1.1618580e+00   6.0266315e-01
   1.1980000e+03   1.1606716e+00   5.9971894e-01
   1.1990000e+03   1.1587048e+00   5.9739054e-01
   1.2000000e+03   1.1560995e+00   5.9672949e-01
   1.2010000e+03   1.1535789e+00   5.9640185e-01
   1.2020000e+03   1.1523039e+00   5.9616109e-01
   1.2030000e+03   1.1516888e+00   5.9652256e-01
   1.2040000e+03   1.1489365e+00   5.9637503e-01
   1.2050000e+03   1.1468290e+00   5.9744295e-01
   1.2060000e+03   1.1437313e+00   6.0008288e-01
   1.2070000e+03   1.1395507e+00   6.0345937e-01
   1.2080000e+03   1.1360257e+00   6.0850650e-01
   1.2090000e+03   1.1325893e+00   6.1405236e-01
   1.2100000e+03   1.1281125e+00   6.2005294e-01
   1.2110000e+03   1.1243333e+00   6.2441808e-01
   1.2120000e+03   1.1207209e+00   6.2595705e-01
   1.2130000e+03   1.1176346e+00   6.2412058e-01
   1.2140000e+03   1.1175554e+00   6.1736363e-01
   1.2150000e+03   1.1190813e+00   6.0768083e-01
   1.2160000e+03   1.1209235e+00   5.9658174e-01
   1.2170000e+03   1.1232351e+00   5.8446391e-01
   1.2180000e+03   1.1255680e+00   5.7481610e-01
   1.2190000e+03   1.1272849e+00   5.6725835e-01
   1.2200000e+03   1.1285142e+00   5.6146415e-01
   1.2210000e+03   1.1290523e+00   5.5708924e-01
   1.2220000e+03   1.1284755e+00   5.5398458e-01
   1.2230000e+03   1.1269409e+00   5.5155245e-01
   1.2240000e+03   1.1258083e+00   5.4968963e-01
   1.2250000e+03   1.1250263e+00   5.4748830e-01
   1.2260000e+03   1.1244413e+00   5.4609446e-01
   1.2270000e+03   1.1250421e+00   5.4458175e-01
   1.2280000e+03   1.1246053e+00   5.4236848e-01
   1.2290000e+03   1.1236686e+00   5.3983221e-01
   1.2300000e+03   1.1211860e+00   5.3640372e-01
   1.2310000e+03   1.1179401e+00   5.3296253e-01
   1.2320000e+03   1.1138211e+00   5.2971559e-01
   1.2330000e+03   1.1090361e+00   5.2736984e-01
   1.2340000e+03   1.1028839e+00   5.2622216e-01
   1.2350000e+03   1.0952698e+00   5.2532496e-01
   1.2360000e+03   1.0867158e+00   5.2517646e-01
   1.2370000e+03   1.0767923e+00   5.2491852e-01
   1.2380000e+03   1.0681992e+00   5.2590819e-01
   1.2390000e+03   1.0602387e+00   5.2756280e-01
   1.2400000e+03   1.0522964e+00   5.2899842e-01
   1.2410000e+03   1.0453301e+00   5.3102022e-01
   1.2420000e+03   1.0393429e+00   5.3142604e-01
   1.2430000e+03   1.0347560e+00   5.2985608e-01
   1.2440000e+03   1.0314986e+00   5.2829038e-01
   1.2450000e+03   1.0284036e+00   5.2663497e-01
   1.2460000e+03   1.0254803e+00   5.2853270e-01
   1.2470000e+03   1.0231012e+00   5.3418184e-01
   1.2480000e+03   1.0203734e+00   5.4116762e-01
   1.2490000e+03   1.0176931e+00   5.4620079e-01
   1.2500000e+03   1.0152282e+00   5.4832745e-01
   1.2510000e+03   1.0119288e+00   5.4727763e-01
   1.2520000e+03   1.0089606e+00   5.4461613e-01
   1.2530000e+03   1.0044962e+00   5.4083888e-01
   1.2540000e+03   9.9737481e-01   5.3822067e-01
   1.2550000e+03   9.8812513e-01   5.3643126e-01
   1.2560000e+03   9.7692977e-01   5.3518688e-01
   1.2570000e+03   9.6676560e-01   5.3533231e-01
   1.2580000e+03   9.5713831e-01   5.3791557e-01
   1.2590000e+03   9.4902441e-01   5.4143821e-01
   1.2600000e+03   9.4270137e-01   5.4717175e-01
   1.2610000e+03   9.3793826e-01   5.5188480e-01
   1.2620000e+03   9.3783647e-01   5.5642584e-01
   1.2630000e+03   9.4091265e-01   5.5801020e-01
   1.2640000e+03   9.4507402e-01   5.5816061e-01
   1.2650000e+03   9.5031853e-01   5.5677477e-01
   1.2660000e+03   9.5568536e-01   5.5373348e-01
   1.2670000e+03   9.6203004e-01   5.4955990e-01
   1.2680000e+03   9.6874953e-01   5.4504900e-01
   1.2690000e+03   9.7529827e-01   5.4075179e-01
   1.2700000e+03   9.8071870e-01   5.3545135e-01
   1.2710000e+03   9.8631878e-01   5.2986032e-01
   1.2720000e+03   9.9197773e-01   5.2539999e-01
   1.2730000e+03   9.9754000e-01   5.2250980e-01
   1.2740000e+03   1.0022852e+00   5.2110663e-01
   1.2750000e+03   1.0067717e+00   5.2037347e-01
   1.2760000e+03   1.0104835e+00   5.1999659e-01
   1.2770000e+03   1.0134899e+00   5.1852104e-01
   1.2780000e+03   1.0159996e+00   5.1814781e-01
   1.2790000e+03   1.0188577e+00   5.1831545e-01
   1.2800000e+03   1.0211003e+00   5.1976950e-01
   1.2810000e+03   1.0234448e+00   5.2146701e-01
   1.2820000e+03   1.0245723e+00   5.2348594e-01
   1.2830000e+03   1.0245182e+00   5.2510258e-01
   1.2840000e+03   1.0231181e+00   5.2544361e-01
   1.2850000e+03   1.0204317e+00   5.2425527e-01
   1.2860000e+03   1.0178505e+00   5.2327830e-01
   1.2870000e+03   1.0152653e+00   5.1984867e-01
   1.2880000e+03   1.0133758e+00   5.1457930e-01
   1.2890000e+03   1.0119084e+00   5.0630066e-01
   1.2900000e+03   1.0110913e+00   4.9727871e-01
   1.2910000e+03   1.0081012e+00   4.8844643e-01
   1.2920000e+03   1.0041485e+00   4.8126316e-01
   1.2930000e+03   9.9817766e-01   4.7349784e-01
   1.2940000e+03   9.9072060e-01   4.6689562e-01
   1.2950000e+03   9.8071357e-01   4.6046366e-01
   1.2960000e+03   9.7016076e-01   4.5638609e-01
   1.2970000e+03   9.5854768e-01   4.5273092e-01
   1.2980000e+03   9.4800494e-01   4.4937316e-01
   1.2990000e+03   9.4094759e-01   4.4804408e-01
   1.3000000e+03   9.3694424e-01   4.5045655e-01
   1.3010000e+03   9.3797122e-01   4.5613986e-01
   1.3020000e+03   9.4342615e-01   4.6031369e-01
   1.3030000e+03   9.5211245e-01   4.6148640e-01
   1.3040000e+03   9.6347770e-01   4.6026461e-01
   1.3050000e+03   9.7592933e-01   4.5850396e-01
   1.3060000e+03   9.8983774e-01   4.5631744e-01
   1.3070000e+03   1.0031408e+00   4.5444692e-01
   1.3080000e+03   1.0144261e+00   4.5456124e-01
   1.3090000e+03   1.0223627e+00   4.5598185e-01
   1.3100000e+03   1.0284636e+00   4.5952932e-01
   1.3110000e+03   1.0331354e+00   4.6417825e-01
   1.3120000e+03   1.0359244e+00   4.6935578e-01
   1.3130000e+03   1.0377095e+00   4.7585880e-01
   1.3140000e+03   1.0411804e+00   4.8394497e-01
   1.3150000e+03   1.0463522e+00   4.9262545e-01
   1.3160000e+03   1.0521269e+00   4.9922193e-01
   1.3170000e+03   1.0579742e+00   5.0284707e-01
   1.3180000e+03   1.0628984e+00   5.0387205e-01
   1.3190000e+03   1.0668996e+00   5.0308795e-01
   1.3200000e+03   1.0707341e+00   5.0199950e-01
   1.3210000e+03   1.0732169e+00   5.0195041e-01
   1.3220000e+03   1.0737746e+00   5.0225627e-01
   1.3230000e+03   1.0708925e+00   5.0203039e-01
   1.3240000e+03   1.0657876e+00   5.0204549e-01
   1.3250000e+03   1.0578240e+00   5.0232743e-01
   1.3260000e+03   1.0487509e+00   5.0328591e-01
   1.3270000e+03   1.0378349e+00   5.0606342e-01
   1.3280000e+03   1.0274676e+00   5.1178525e-01
   1.3290000e+03   1.0176622e+00   5.1926865e-01
   1.3300000e+03   1.0083889e+00   5.2889751e-01
   1.3310000e+03   1.0007507e+00   5.4003755e-01
   1.3320000e+03   9.9207368e-01   5.5248950e-01
   1.3330000e+03   9.8214307e-01   5.6575325e-01
   1.3340000e+03   9.6961821e-01   5.7921129e-01
   1.3350000e+03   9.5460322e-01   5.9410349e-01
   1.3360000e+03   9.3673212e-01   6.1084370e-01
   1.3370000e+03   9.1836533e-01   6.2486985e-01
   1.3380000e+03   9.0160357e-01   6.3575707e-01
   1.3390000e+03   8.8536013e-01   6.4351630e-01
   1.3400000e+03   8.6976004e-01   6.4773983e-01
   1.3410000e+03   8.5337226e-01   6.4984294e-01
   1.3420000e+03   8.3350572e-01   6.4810144e-01
   1.3430000e+03   8.1134125e-01   6.4140442e-01
   1.3440000e+03   7.9078586e-01   6.2675501e-01
   1.3450000e+03   7.7099783e-01   6.1045612e-01
   1.3460000e+03   7.5637284e-01   5.9748799e-01
   1.3470000e+03   7.4453617e-01   5.9183464e-01
   1.3480000e+03   7.3314784e-01   5.9118177e-01
   1.3490000e+03   7.2200620e-01   5.9253612e-01
   1.3500000e+03   7.1162366e-01   5.9376418e-01
   1.3510000e+03   7.0354881e-01   5.9277381e-01
   1.3520000e+03   6.9548258e-01   5.9171609e-01
   1.3530000e+03   6.8454505e-01   5.9210038e-01
   1.3540000e+03   6.7298932e-01   5.9409825e-01
   1.3550000e+03   6.6352535e-01   5.9713862e-01
   1.3560000e+03   6.5891950e-01   5.9989943e-01
   1.3570000e+03   6.6090212e-01   6.0392389e-01
   1.3580000e+03   6.6843782e-01   6.0654810e-01
   1.3590000e+03   6.7722481e-01   6.1077740e-01
   1.3600000e+03   6.8405359e-01   6.1541823e-01
   1.3610000e+03   6.8922983e-01   6.1850094e-01
   1.3620000e+03   6.9301497e-01   6.1618667e-01
   1.3630000e+03   6.9432768e-01   6.0993260e-01
   1.3640000e+03   6.9284897e-01   6.0216153e-01
   1.3650000e+03   6.8937411e-01   5.9299106e-01
   1.3660000e+03   6.8460062e-01   5.8239304e-01
   1.3670000e+03   6.7849723e-01   5.7252865e-01
   1.3680000e+03   6.7007426e-01   5.6400119e-01
   1.3690000e+03   6.6008031e-01   5.5662027e-01
   1.3700000e+03   6.4957363e-01   5.5108930e-01
   1.3710000e+03   6.3918131e-01   5.4454883e-01
   1.3720000e+03   6.2725981e-01   5.3745529e-01
   1.3730000e+03   6.1603851e-01   5.2776030e-01
   1.3740000e+03   6.0802957e-01   5.2058889e-01
   1.3750000e+03   6.0161418e-01   5.1495895e-01
   1.3760000e+03   5.9860385e-01   5.1414641e-01
   1.3770000e+03   5.9508331e-01   5.1430198e-01
   1.3780000e+03   5.9364443e-01   5.1627815e-01
   1.3790000e+03   5.9305071e-01   5.1833281e-01
   1.3800000e+03   5.9355040e-01   5.2227157e-01
   1.3810000e+03   5.9580461e-01   5.3043527e-01
   1.3820000e+03   5.9741799e-01   5.3435620e-01
   1.3830000e+03   5.9668326e-01   5.3824126e-01
   1.3840000e+03   5.9149684e-01   5.3949233e-01
   1.3850000e+03   5.8517235e-01   5.3588567e-01
   1.3860000e+03   5.8132006e-01   5.2761393e-01
   1.3870000e+03   5.7994764e-01   5.1754208e-01
   1.3880000e+03   5.8066885e-01   5.0683316e-01
   1.3890000e+03   5.8043655e-01   4.9670062e-01
   1.3900000e+03   5.8112851e-01   4.8560174e-01
   1.3910000e+03   5.7770420e-01   4.7649897e-01
   1.3920000e+03   5.7268205e-01   4.6894631e-01
   1.3930000e+03   5.6417088e-01   4.6194152e-01
   1.3940000e+03   5.5217104e-01   4.5586415e-01
   1.3950000e+03   5.3878583e-01   4.5045330e-01
   1.3960000e+03   5.2602005e-01   4.4380913e-01
   1.3970000e+03   5.1494922e-01   4.3581563e-01
   1.3980000e+03   5.0528794e-01   4.2801315e-01
   1.3990000e+03   4.9699883e-01   4.2252615e-01
   1.4000000e+03   4.8712104e-01   4.1896427e-01
   1.4010000e+03   4.7292637e-01   4.1650638e-01
   1.4020000e+03   4.6095377e-01   4.1744770e-01
   1.4030000e+03   4.4724219e-01   4.2067227e-01
   1.4040000e+03   4.3627792e-01   4.2033362e-01
   1.4050000e+03   4.2482880e-01   4.1344579e-01
   1.4060000e+03   4.1751477e-01   4.0323500e-01
   1.4070000e+03   4.1384559e-01   3.9351305e-01
   1.4080000e+03   4.1183578e-01   3.8546735e-01
   1.4090000e+03   4.0876285e-01   3.7879830e-01
   1.4100000e+03   4.0412434e-01   3.7388231e-01
   1.4110000e+03   3.9692226e-01   3.6816516e-01
   1.4120000e+03   3.8806520e-01   3.6383347e-01
   1.4130000e+03   3.8016651e-01   3.6133069e-01
   1.4140000e+03   3.7194589e-01   3.5826025e-01
   1.4150000e+03   3.6137718e-01   3.5294515e-01
   1.4160000e+03   3.4555460e-01   3.4515808e-01
   1.4170000e+03   3.2338207e-01   3.3548647e-01
   1.4180000e+03   3.0664283e-01   3.2323908e-01
   1.4190000e+03   2.9755806e-01   3.1209388e-01
   1.4200000e+03   2.9371758e-01   3.0464976e-01
   1.4210000e+03   2.9512216e-01   2.9709940e-01
   1.4220000e+03   2.9976957e-01   2.9277178e-01
   1.4230000e+03   3.0403126e-01   2.9111678e-01
   1.4240000e+03   3.1156720e-01   2.9587419e-01
   1.4250000e+03   3.1246290e-01   2.9450883e-01
   1.4260000e+03   3.1322822e-01   2.9167243e-01
   1.4270000e+03   3.1384066e-01   2.8833303e-01
   1.4280000e+03   3.1872312e-01   2.8187797e-01
   1.4290000e+03   3.2198351e-01   2.7377562e-01
   1.4300000e+03   3.2012434e-01   2.6621855e-01
   1.4310000e+03   3.1321623e-01   2.5412929e-01
   1.4320000e+03   3.0741013e-01   2.3492604e-01
   1.4330000e+03   3.0143018e-01   2.1481692e-01
   1.4340000e+03   2.9713474e-01   1.9291493e-01
   1.4350000e+03   2.9023733e-01   1.7500487e-01
   1.4360000e+03   2.8318636e-01   1.6147698e-01
   1.4370000e+03   2.7276509e-01   1.4871253e-01
   1.4380000e+03   2.6235893e-01   1.3441303e-01
   1.4390000e+03   2.5328878e-01   1.1869447e-01
