   1.0000000e+00   1.3902377e-01   1.6768425e-01
   2.0000000e+00   1.3569506e-01   1.6711499e-01
   3.0000000e+00   1.3374117e-01   1.6657394e-01
   4.0000000e+00   1.3198606e-01   1.6668279e-01
   5.0000000e+00   1.3050652e-01   1.6770211e-01
   6.0000000e+00   1.2970971e-01   1.6792123e-01
   7.0000000e+00   1.2981582e-01   1.6784744e-01
   8.0000000e+00   1.3026660e-01   1.6720716e-01
   9.0000000e+00   1.3120461e-01   1.6676387e-01
   1.0000000e+01   1.3284372e-01   1.6630557e-01
   1.1000000e+01   1.3543091e-01   1.6663082e-01
   1.2000000e+01   1.3961824e-01   1.6716636e-01
   1.3000000e+01   1.4596662e-01   1.6841708e-01
   1.4000000e+01   1.5010694e-01   1.6902133e-01
   1.5000000e+01   1.5347889e-01   1.6916376e-01
   1.6000000e+01   1.5853796e-01   1.7159703e-01
   1.7000000e+01   1.6291793e-01   1.7278001e-01
   1.8000000e+01   1.6695325e-01   1.7442046e-01
   1.9000000e+01   1.7146328e-01   1.7642469e-01
   2.0000000e+01   1.7675077e-01   1.7882266e-01
   2.1000000e+01   1.8216315e-01   1.8083518e-01
   2.2000000e+01   1.8734762e-01   1.8246920e-01
   2.3000000e+01   1.9266759e-01   1.8445220e-01
   2.4000000e+01   1.9861594e-01   1.8712795e-01
   2.5000000e+01   2.0520915e-01   1.8652275e-01
   2.6000000e+01   2.1237791e-01   1.8859862e-01
   2.7000000e+01   2.2051376e-01   1.8966299e-01
   2.8000000e+01   2.2667714e-01   1.8982113e-01
   2.9000000e+01   2.3253861e-01   1.9086577e-01
   3.0000000e+01   2.3728285e-01   1.9114498e-01
   3.1000000e+01   2.4055318e-01   1.9096795e-01
   3.2000000e+01   2.4317625e-01   1.9161264e-01
   3.3000000e+01   2.4525099e-01   1.9111361e-01
   3.4000000e+01   2.4566826e-01   1.8965311e-01
   3.5000000e+01   2.4128186e-01   1.8794450e-01
   3.6000000e+01   2.3652004e-01   1.8554521e-01
   3.7000000e+01   2.2936649e-01   1.7771449e-01
   3.8000000e+01   2.2214214e-01   1.7322092e-01
   3.9000000e+01   2.1313472e-01   1.6812036e-01
   4.0000000e+01   2.0352697e-01   1.6574722e-01
   4.1000000e+01   1.9667206e-01   1.6300964e-01
   4.2000000e+01   1.9029462e-01   1.6143630e-01
   4.3000000e+01   1.8484833e-01   1.6071652e-01
   4.4000000e+01   1.7941140e-01   1.6061159e-01
   4.5000000e+01   1.7468553e-01   1.6019201e-01
   4.6000000e+01   1.7088275e-01   1.6015844e-01
   4.7000000e+01   1.6738685e-01   1.6043093e-01
   4.8000000e+01   1.6524553e-01   1.6038461e-01
   4.9000000e+01   1.6307344e-01   1.6214219e-01
   5.0000000e+01   1.6320195e-01   1.6302236e-01
   5.1000000e+01   1.6422838e-01   1.6395902e-01
   5.2000000e+01   1.6491618e-01   1.6536106e-01
   5.3000000e+01   1.6645902e-01   1.6704200e-01
   5.4000000e+01   1.6840655e-01   1.6853034e-01
   5.5000000e+01   1.6983915e-01   1.7078643e-01
   5.6000000e+01   1.7079723e-01   1.7253576e-01
   5.7000000e+01   1.7177095e-01   1.7327905e-01
   5.8000000e+01   1.7286058e-01   1.7286279e-01
   5.9000000e+01   1.7242074e-01   1.7320258e-01
   6.0000000e+01   1.7140398e-01   1.7277835e-01
   6.1000000e+01   1.6979244e-01   1.6991392e-01
   6.2000000e+01   1.6860216e-01   1.6687971e-01
   6.3000000e+01   1.6632866e-01   1.6404839e-01
   6.4000000e+01   1.6454625e-01   1.6172665e-01
   6.5000000e+01   1.6214690e-01   1.6045059e-01
   6.6000000e+01   1.5988787e-01   1.5864496e-01
   6.7000000e+01   1.5813283e-01   1.5776786e-01
   6.8000000e+01   1.5622161e-01   1.5778230e-01
   6.9000000e+01   1.5543705e-01   1.5943285e-01
   7.0000000e+01   1.5483614e-01   1.6167812e-01
   7.1000000e+01   1.5632730e-01   1.6751889e-01
   7.2000000e+01   1.5990497e-01   1.7257274e-01
   7.3000000e+01   1.6319568e-01   1.7947250e-01
   7.4000000e+01   1.6293481e-01   1.8990676e-01
   7.5000000e+01   1.6429037e-01   1.9829245e-01
   7.6000000e+01   1.6831496e-01   2.0658389e-01
   7.7000000e+01   1.7468673e-01   2.1733067e-01
   7.8000000e+01   1.8064850e-01   2.2458504e-01
   7.9000000e+01   1.8557948e-01   2.3085241e-01
   8.0000000e+01   1.9026427e-01   2.3597699e-01
   8.1000000e+01   1.9520648e-01   2.4021842e-01
   8.2000000e+01   1.9975737e-01   2.4333031e-01
   8.3000000e+01   2.0485635e-01   2.4631816e-01
   8.4000000e+01   2.1099163e-01   2.4610084e-01
   8.5000000e+01   2.1529381e-01   2.4863683e-01
   8.6000000e+01   2.1897526e-01   2.4988052e-01
   8.7000000e+01   2.2210121e-01   2.5045187e-01
   8.8000000e+01   2.2454805e-01   2.5144874e-01
   8.9000000e+01   2.2661563e-01   2.5151120e-01
   9.0000000e+01   2.2730592e-01   2.5213868e-01
   9.1000000e+01   2.2732400e-01   2.5217537e-01
   9.2000000e+01   2.2438482e-01   2.5134351e-01
   9.3000000e+01   2.2157842e-01   2.4938921e-01
   9.4000000e+01   2.1801045e-01   2.4551070e-01
   9.5000000e+01   2.1414961e-01   2.4055151e-01
   9.6000000e+01   2.1042870e-01   2.3520856e-01
   9.7000000e+01   2.1010116e-01   2.3073930e-01
   9.8000000e+01   2.0700619e-01   2.2425872e-01
   9.9000000e+01   2.0364922e-01   2.1226563e-01
   1.0000000e+02   1.9055462e-01   1.9528358e-01
   1.0100000e+02   1.6897202e-01   1.7429680e-01
   1.0200000e+02   1.4091957e-01   1.4805959e-01
   1.0300000e+02   1.0877359e-01   1.1372387e-01
