   1.0000000e+00   7.5629237e-01   2.5544411e+00
   2.0000000e+00   7.4456555e-01   2.5503059e+00
   3.0000000e+00   7.3564932e-01   2.5462684e+00
   4.0000000e+00   7.2955390e-01   2.5421283e+00
   5.0000000e+00   7.2647206e-01   2.5378100e+00
   6.0000000e+00   7.2630246e-01   2.5334977e+00
   7.0000000e+00   7.2783599e-01   2.5281710e+00
   8.0000000e+00   7.3038671e-01   2.5222697e+00
   9.0000000e+00   7.3295198e-01   2.5152892e+00
   1.0000000e+01   7.3567510e-01   2.5074891e+00
   1.1000000e+01   7.3812759e-01   2.4997630e+00
   1.2000000e+01   7.4026744e-01   2.4917776e+00
   1.3000000e+01   7.4258081e-01   2.4835466e+00
   1.4000000e+01   7.4446829e-01   2.4765046e+00
   1.5000000e+01   7.4620560e-01   2.4697954e+00
   1.6000000e+01   7.4829930e-01   2.4650445e+00
   1.7000000e+01   7.4949054e-01   2.4607494e+00
   1.8000000e+01   7.5060377e-01   2.4589720e+00
   1.9000000e+01   7.5169071e-01   2.4588681e+00
   2.0000000e+01   7.5249549e-01   2.4609121e+00
   2.1000000e+01   7.5352821e-01   2.4650088e+00
   2.2000000e+01   7.5485520e-01   2.4710213e+00
   2.3000000e+01   7.5676485e-01   2.4790659e+00
   2.4000000e+01   7.5838877e-01   2.4884546e+00
   2.5000000e+01   7.6112853e-01   2.4988387e+00
   2.6000000e+01   7.6493672e-01   2.5078381e+00
   2.7000000e+01   7.6921539e-01   2.5172510e+00
   2.8000000e+01   7.7333192e-01   2.5251534e+00
   2.9000000e+01   7.7744523e-01   2.5315724e+00
   3.0000000e+01   7.8228691e-01   2.5356562e+00
   3.1000000e+01   7.8728670e-01   2.5381185e+00
   3.2000000e+01   7.9094212e-01   2.5396670e+00
   3.3000000e+01   7.9351086e-01   2.5411736e+00
   3.4000000e+01   7.9453919e-01   2.5437198e+00
   3.5000000e+01   7.9484193e-01   2.5467603e+00
   3.6000000e+01   7.9356436e-01   2.5503463e+00
   3.7000000e+01   7.9272797e-01   2.5535538e+00
   3.8000000e+01   7.9039901e-01   2.5584271e+00
   3.9000000e+01   7.8820851e-01   2.5634133e+00
   4.0000000e+01   7.8550826e-01   2.5682568e+00
   4.1000000e+01   7.8293222e-01   2.5726736e+00
   4.2000000e+01   7.8027807e-01   2.5776344e+00
   4.3000000e+01   7.7888303e-01   2.5828566e+00
   4.4000000e+01   7.7846629e-01   2.5874645e+00
   4.5000000e+01   7.7908451e-01   2.5912234e+00
   4.6000000e+01   7.7990579e-01   2.5934355e+00
   4.7000000e+01   7.8096912e-01   2.5943812e+00
   4.8000000e+01   7.8227041e-01   2.5941848e+00
   4.9000000e+01   7.8407745e-01   2.5934735e+00
   5.0000000e+01   7.8624716e-01   2.5920920e+00
   5.1000000e+01   7.8893838e-01   2.5914555e+00
   5.2000000e+01   7.9175964e-01   2.5914669e+00
   5.3000000e+01   7.9371495e-01   2.5921252e+00
   5.4000000e+01   7.9524278e-01   2.5931533e+00
   5.5000000e+01   7.9695312e-01   2.5950494e+00
   5.6000000e+01   7.9824192e-01   2.5972850e+00
   5.7000000e+01   7.9940358e-01   2.5999235e+00
   5.8000000e+01   8.0082015e-01   2.6025874e+00
   5.9000000e+01   8.0213235e-01   2.6049235e+00
   6.0000000e+01   8.0365769e-01   2.6070832e+00
   6.1000000e+01   8.0513122e-01   2.6102452e+00
   6.2000000e+01   8.0617299e-01   2.6127610e+00
   6.3000000e+01   8.0701842e-01   2.6168838e+00
   6.4000000e+01   8.0703686e-01   2.6215767e+00
   6.5000000e+01   8.0622421e-01   2.6280138e+00
   6.6000000e+01   8.0530520e-01   2.6350730e+00
   6.7000000e+01   8.0520885e-01   2.6432835e+00
   6.8000000e+01   8.0561077e-01   2.6512589e+00
   6.9000000e+01   8.0700934e-01   2.6595266e+00
   7.0000000e+01   8.0837909e-01   2.6680321e+00
   7.1000000e+01   8.0960219e-01   2.6752022e+00
   7.2000000e+01   8.1104745e-01   2.6814436e+00
   7.3000000e+01   8.1303069e-01   2.6864978e+00
   7.4000000e+01   8.1599699e-01   2.6891747e+00
   7.5000000e+01   8.2003999e-01   2.6890567e+00
   7.6000000e+01   8.2378287e-01   2.6879854e+00
   7.7000000e+01   8.2564978e-01   2.6854842e+00
   7.8000000e+01   8.2620314e-01   2.6830939e+00
   7.9000000e+01   8.2565840e-01   2.6821151e+00
   8.0000000e+01   8.2453875e-01   2.6814980e+00
   8.1000000e+01   8.2376701e-01   2.6822809e+00
   8.2000000e+01   8.2347199e-01   2.6834502e+00
   8.3000000e+01   8.2419799e-01   2.6836023e+00
   8.4000000e+01   8.2501645e-01   2.6827483e+00
   8.5000000e+01   8.2690933e-01   2.6815895e+00
   8.6000000e+01   8.2782031e-01   2.6794135e+00
   8.7000000e+01   8.2804148e-01   2.6770400e+00
   8.8000000e+01   8.2815818e-01   2.6747117e+00
   8.9000000e+01   8.2800226e-01   2.6701780e+00
   9.0000000e+01   8.2724894e-01   2.6643850e+00
   9.1000000e+01   8.2635940e-01   2.6569422e+00
   9.2000000e+01   8.2477285e-01   2.6506323e+00
   9.3000000e+01   8.2259686e-01   2.6450898e+00
   9.4000000e+01   8.2025586e-01   2.6398916e+00
   9.5000000e+01   8.1747255e-01   2.6351077e+00
   9.6000000e+01   8.1452677e-01   2.6302037e+00
   9.7000000e+01   8.1148029e-01   2.6261296e+00
   9.8000000e+01   8.0869271e-01   2.6225879e+00
   9.9000000e+01   8.0516159e-01   2.6195923e+00
   1.0000000e+02   8.0259449e-01   2.6178600e+00
   1.0100000e+02   8.0042582e-01   2.6167240e+00
   1.0200000e+02   7.9912155e-01   2.6163135e+00
   1.0300000e+02   7.9974143e-01   2.6169622e+00
   1.0400000e+02   8.0144402e-01   2.6190518e+00
   1.0500000e+02   8.0332085e-01   2.6217959e+00
   1.0600000e+02   8.0531408e-01   2.6261972e+00
   1.0700000e+02   8.0678173e-01   2.6314066e+00
   1.0800000e+02   8.0738086e-01   2.6377369e+00
   1.0900000e+02   8.0790425e-01   2.6440357e+00
   1.1000000e+02   8.0641660e-01   2.6503232e+00
   1.1100000e+02   8.0161817e-01   2.6559425e+00
   1.1200000e+02   7.9537434e-01   2.6583796e+00
   1.1300000e+02   7.8854417e-01   2.6583984e+00
   1.1400000e+02   7.7954070e-01   2.6549666e+00
   1.1500000e+02   7.7067506e-01   2.6493591e+00
   1.1600000e+02   7.6150657e-01   2.6412153e+00
   1.1700000e+02   7.5241586e-01   2.6311659e+00
   1.1800000e+02   7.4346042e-01   2.6198444e+00
   1.1900000e+02   7.3427973e-01   2.6044412e+00
   1.2000000e+02   7.2574450e-01   2.5828849e+00
   1.2100000e+02   7.1541121e-01   2.5556164e+00
   1.2200000e+02   7.0408441e-01   2.5239134e+00
   1.2300000e+02   6.9010901e-01   2.4879252e+00
   1.2400000e+02   6.7200721e-01   2.4480962e+00
   1.2500000e+02   6.5190281e-01   2.4061304e+00
   1.2600000e+02   6.2999119e-01   2.3614711e+00
   1.2700000e+02   6.0868978e-01   2.3214998e+00
   1.2800000e+02   5.8783917e-01   2.2894862e+00
   1.2900000e+02   5.6872687e-01   2.2679111e+00
   1.3000000e+02   5.4850426e-01   2.2525626e+00
   1.3100000e+02   5.2512699e-01   2.2393502e+00
   1.3200000e+02   4.9773546e-01   2.2246388e+00
   1.3300000e+02   4.6796849e-01   2.2084872e+00
   1.3400000e+02   4.3698389e-01   2.1936227e+00
   1.3500000e+02   4.0627926e-01   2.1780688e+00
   1.3600000e+02   3.7657270e-01   2.1616667e+00
   1.3700000e+02   3.4720821e-01   2.1433322e+00
   1.3800000e+02   3.1784572e-01   2.1236698e+00
   1.3900000e+02   2.8880224e-01   2.1039181e+00
   1.4000000e+02   2.5788285e-01   2.0834037e+00
   1.4100000e+02   2.2630365e-01   2.0631440e+00
   1.4200000e+02   1.9735271e-01   2.0460619e+00
   1.4300000e+02   1.7225401e-01   2.0324086e+00
   1.4400000e+02   1.4835626e-01   2.0208988e+00
   1.4500000e+02   1.2156133e-01   2.0060510e+00
   1.4600000e+02   9.8716933e-02   1.9940752e+00
   1.4700000e+02   7.9502498e-02   1.9851311e+00
   1.4800000e+02   5.8545149e-02   1.9790466e+00
   1.4900000e+02   3.4744831e-02   1.9734215e+00
   1.5000000e+02   1.2538619e-02   1.9668377e+00
   1.5100000e+02  -1.1817306e-02   1.9597372e+00
   1.5200000e+02  -3.8901875e-02   1.9536607e+00
   1.5300000e+02  -6.6570658e-02   1.9482352e+00
   1.5400000e+02  -9.1819100e-02   1.9416343e+00
   1.5500000e+02  -1.1482952e-01   1.9363399e+00
   1.5600000e+02  -1.3652251e-01   1.9305962e+00
   1.5700000e+02  -1.5789186e-01   1.9194678e+00
   1.5800000e+02  -1.7757987e-01   1.9080706e+00
   1.5900000e+02  -1.9448405e-01   1.8959336e+00
   1.6000000e+02  -2.0666732e-01   1.8851772e+00
   1.6100000e+02  -2.1487073e-01   1.8729330e+00
   1.6200000e+02  -2.2217016e-01   1.8597204e+00
   1.6300000e+02  -2.2899006e-01   1.8478225e+00
   1.6400000e+02  -2.3412093e-01   1.8359336e+00
   1.6500000e+02  -2.3762759e-01   1.8255352e+00
   1.6600000e+02  -2.3847653e-01   1.8151668e+00
   1.6700000e+02  -2.3590831e-01   1.8066572e+00
   1.6800000e+02  -2.3049001e-01   1.7993055e+00
   1.6900000e+02  -2.2283231e-01   1.7917524e+00
   1.7000000e+02  -2.1735731e-01   1.7867426e+00
   1.7100000e+02  -2.1225100e-01   1.7838203e+00
   1.7200000e+02  -2.0860524e-01   1.7829449e+00
   1.7300000e+02  -2.0743963e-01   1.7826786e+00
   1.7400000e+02  -2.0648146e-01   1.7797686e+00
   1.7500000e+02  -2.0752213e-01   1.7773083e+00
   1.7600000e+02  -2.0833870e-01   1.7746600e+00
   1.7700000e+02  -2.0659086e-01   1.7690761e+00
   1.7800000e+02  -2.0513173e-01   1.7601808e+00
   1.7900000e+02  -2.0602185e-01   1.7494614e+00
   1.8000000e+02  -2.0728653e-01   1.7363886e+00
   1.8100000e+02  -2.0800539e-01   1.7223247e+00
   1.8200000e+02  -2.0515391e-01   1.7103391e+00
   1.8300000e+02  -1.9921491e-01   1.6982649e+00
   1.8400000e+02  -1.9123216e-01   1.6876119e+00
   1.8500000e+02  -1.8098764e-01   1.6786554e+00
   1.8600000e+02  -1.7005445e-01   1.6722343e+00
   1.8700000e+02  -1.5947630e-01   1.6674644e+00
   1.8800000e+02  -1.5100068e-01   1.6627832e+00
   1.8900000e+02  -1.4295375e-01   1.6568990e+00
   1.9000000e+02  -1.3373545e-01   1.6488627e+00
   1.9100000e+02  -1.2552629e-01   1.6397164e+00
   1.9200000e+02  -1.1770517e-01   1.6290632e+00
   1.9300000e+02  -1.1199384e-01   1.6208732e+00
   1.9400000e+02  -1.0889165e-01   1.6118107e+00
   1.9500000e+02  -1.0713991e-01   1.6019945e+00
   1.9600000e+02  -1.0628745e-01   1.5933046e+00
   1.9700000e+02  -1.0471758e-01   1.5873263e+00
   1.9800000e+02  -1.0264535e-01   1.5839754e+00
   1.9900000e+02  -1.0099415e-01   1.5825256e+00
   2.0000000e+02  -9.9726437e-02   1.5809584e+00
   2.0100000e+02  -9.9079853e-02   1.5775398e+00
   2.0200000e+02  -9.8353578e-02   1.5734172e+00
   2.0300000e+02  -9.7078400e-02   1.5688344e+00
   2.0400000e+02  -9.5792696e-02   1.5638364e+00
   2.0500000e+02  -9.4896524e-02   1.5571612e+00
   2.0600000e+02  -9.2770131e-02   1.5522383e+00
   2.0700000e+02  -8.8550296e-02   1.5477184e+00
   2.0800000e+02  -8.3316803e-02   1.5432391e+00
   2.0900000e+02  -7.7519305e-02   1.5388184e+00
   2.1000000e+02  -7.1613477e-02   1.5334634e+00
   2.1100000e+02  -6.6712195e-02   1.5272946e+00
   2.1200000e+02  -6.3510278e-02   1.5201899e+00
   2.1300000e+02  -6.3099626e-02   1.5126308e+00
   2.1400000e+02  -6.3731202e-02   1.5045510e+00
   2.1500000e+02  -6.4224416e-02   1.4958091e+00
   2.1600000e+02  -6.5153805e-02   1.4882342e+00
   2.1700000e+02  -6.5516212e-02   1.4819681e+00
   2.1800000e+02  -6.4928099e-02   1.4770980e+00
   2.1900000e+02  -6.2524649e-02   1.4743929e+00
   2.2000000e+02  -5.9715124e-02   1.4735172e+00
   2.2100000e+02  -5.8081742e-02   1.4728251e+00
   2.2200000e+02  -5.7514727e-02   1.4729213e+00
   2.2300000e+02  -5.7642555e-02   1.4722368e+00
   2.2400000e+02  -5.9114939e-02   1.4691224e+00
   2.2500000e+02  -6.0978367e-02   1.4648509e+00
   2.2600000e+02  -6.4359378e-02   1.4586203e+00
   2.2700000e+02  -6.8751176e-02   1.4515274e+00
   2.2800000e+02  -7.5286388e-02   1.4439361e+00
   2.2900000e+02  -8.2215845e-02   1.4354928e+00
   2.3000000e+02  -8.8913877e-02   1.4265810e+00
   2.3100000e+02  -9.4345660e-02   1.4167298e+00
   2.3200000e+02  -9.9326368e-02   1.4073656e+00
   2.3300000e+02  -1.0321226e-01   1.3969384e+00
   2.3400000e+02  -1.0668308e-01   1.3874859e+00
   2.3500000e+02  -1.0936734e-01   1.3776717e+00
   2.3600000e+02  -1.1047657e-01   1.3697975e+00
   2.3700000e+02  -1.1159332e-01   1.3626153e+00
   2.3800000e+02  -1.1146746e-01   1.3561721e+00
   2.3900000e+02  -1.1041637e-01   1.3505809e+00
   2.4000000e+02  -1.0822948e-01   1.3446538e+00
   2.4100000e+02  -1.0590864e-01   1.3388785e+00
   2.4200000e+02  -1.0243543e-01   1.3324361e+00
   2.4300000e+02  -9.7993370e-02   1.3243582e+00
   2.4400000e+02  -9.3003618e-02   1.3148991e+00
   2.4500000e+02  -8.6564880e-02   1.3045358e+00
   2.4600000e+02  -8.1209077e-02   1.2957454e+00
   2.4700000e+02  -7.7422297e-02   1.2878355e+00
   2.4800000e+02  -7.4975956e-02   1.2798378e+00
   2.4900000e+02  -7.3490967e-02   1.2707354e+00
   2.5000000e+02  -7.1026384e-02   1.2602089e+00
   2.5100000e+02  -6.7761155e-02   1.2482623e+00
   2.5200000e+02  -6.4029229e-02   1.2355115e+00
   2.5300000e+02  -5.9809486e-02   1.2228617e+00
   2.5400000e+02  -5.6751207e-02   1.2107351e+00
   2.5500000e+02  -5.3509203e-02   1.2004264e+00
   2.5600000e+02  -5.0857000e-02   1.1912005e+00
   2.5700000e+02  -4.7313684e-02   1.1818909e+00
   2.5800000e+02  -4.2849156e-02   1.1734517e+00
   2.5900000e+02  -3.5917648e-02   1.1656990e+00
   2.6000000e+02  -2.7956356e-02   1.1585305e+00
   2.6100000e+02  -1.9674394e-02   1.1534254e+00
   2.6200000e+02  -1.4079327e-02   1.1509938e+00
   2.6300000e+02  -1.0685007e-02   1.1500734e+00
   2.6400000e+02  -8.8213951e-03   1.1490205e+00
   2.6500000e+02  -7.5945846e-03   1.1485785e+00
   2.6600000e+02  -7.5458890e-03   1.1459864e+00
   2.6700000e+02  -8.3141690e-03   1.1416843e+00
   2.6800000e+02  -9.6756464e-03   1.1379885e+00
   2.6900000e+02  -1.0496650e-02   1.1337102e+00
   2.7000000e+02  -1.1391434e-02   1.1294620e+00
   2.7100000e+02  -1.1655370e-02   1.1244533e+00
   2.7200000e+02  -1.2455439e-02   1.1206647e+00
   2.7300000e+02  -1.3118469e-02   1.1165215e+00
   2.7400000e+02  -1.3605510e-02   1.1130191e+00
   2.7500000e+02  -1.2783041e-02   1.1102585e+00
   2.7600000e+02  -1.1247302e-02   1.1089459e+00
   2.7700000e+02  -7.1330239e-03   1.1085286e+00
   2.7800000e+02  -3.5731248e-03   1.1099533e+00
   2.7900000e+02   1.5820775e-03   1.1129086e+00
   2.8000000e+02   8.0288539e-03   1.1157337e+00
   2.8100000e+02   1.5451217e-02   1.1179746e+00
   2.8200000e+02   2.4597949e-02   1.1179205e+00
   2.8300000e+02   3.3579582e-02   1.1168420e+00
   2.8400000e+02   4.1145420e-02   1.1140985e+00
   2.8500000e+02   4.6270940e-02   1.1117825e+00
   2.8600000e+02   4.8529579e-02   1.1107739e+00
   2.8700000e+02   4.8958677e-02   1.1106953e+00
   2.8800000e+02   4.7600772e-02   1.1105676e+00
   2.8900000e+02   4.6153439e-02   1.1081848e+00
   2.9000000e+02   4.4006928e-02   1.1035197e+00
   2.9100000e+02   4.1103404e-02   1.0980369e+00
   2.9200000e+02   3.9258604e-02   1.0915441e+00
   2.9300000e+02   3.7749895e-02   1.0840292e+00
   2.9400000e+02   3.6157789e-02   1.0779337e+00
   2.9500000e+02   3.4206073e-02   1.0710879e+00
   2.9600000e+02   3.2180522e-02   1.0642251e+00
   2.9700000e+02   3.0340106e-02   1.0573707e+00
   2.9800000e+02   2.9231902e-02   1.0492537e+00
   2.9900000e+02   2.8775782e-02   1.0408835e+00
   3.0000000e+02   2.9631722e-02   1.0313602e+00
   3.0100000e+02   3.1088215e-02   1.0229092e+00
   3.0200000e+02   3.3156062e-02   1.0149734e+00
   3.0300000e+02   3.4851237e-02   1.0090743e+00
   3.0400000e+02   3.5102971e-02   1.0049469e+00
   3.0500000e+02   3.4575346e-02   1.0025821e+00
   3.0600000e+02   3.4764679e-02   1.0000326e+00
   3.0700000e+02   3.5630107e-02   9.9782117e-01
   3.0800000e+02   3.7420618e-02   9.9487818e-01
   3.0900000e+02   3.9786841e-02   9.9122491e-01
   3.1000000e+02   4.2526758e-02   9.8740360e-01
   3.1100000e+02   4.5491321e-02   9.8333875e-01
   3.1200000e+02   4.8270649e-02   9.7946258e-01
   3.1300000e+02   5.1049257e-02   9.7724347e-01
   3.1400000e+02   5.2297295e-02   9.7259569e-01
   3.1500000e+02   5.2509355e-02   9.6736495e-01
   3.1600000e+02   5.2441514e-02   9.6164747e-01
   3.1700000e+02   5.2914407e-02   9.5607739e-01
   3.1800000e+02   5.3276135e-02   9.5000373e-01
   3.1900000e+02   5.3915737e-02   9.4554660e-01
   3.2000000e+02   5.5420072e-02   9.4114315e-01
   3.2100000e+02   5.8582601e-02   9.3775120e-01
   3.2200000e+02   6.3083637e-02   9.3597864e-01
   3.2300000e+02   6.6867046e-02   9.3523122e-01
   3.2400000e+02   7.0752280e-02   9.3558709e-01
   3.2500000e+02   7.4347628e-02   9.3457663e-01
   3.2600000e+02   7.6585541e-02   9.3362744e-01
   3.2700000e+02   7.7706180e-02   9.3173419e-01
   3.2800000e+02   7.8240190e-02   9.2840516e-01
   3.2900000e+02   7.6665317e-02   9.2440918e-01
   3.3000000e+02   7.3699212e-02   9.2122725e-01
   3.3100000e+02   6.6775640e-02   9.1944761e-01
   3.3200000e+02   5.9158138e-02   9.1917699e-01
   3.3300000e+02   4.9416861e-02   9.2087717e-01
   3.3400000e+02   3.9437194e-02   9.2399049e-01
   3.3500000e+02   3.0278667e-02   9.2792669e-01
   3.3600000e+02   2.2411766e-02   9.3155038e-01
   3.3700000e+02   1.5713220e-02   9.3377803e-01
   3.3800000e+02   9.5779296e-03   9.3268291e-01
   3.3900000e+02   4.6362778e-03   9.2991088e-01
   3.4000000e+02   1.1455270e-03   9.2626748e-01
   3.4100000e+02  -2.7299610e-03   9.2425967e-01
   3.4200000e+02  -6.6799887e-03   9.2460550e-01
   3.4300000e+02  -1.0056585e-02   9.2699034e-01
   3.4400000e+02  -1.3075942e-02   9.2884591e-01
   3.4500000e+02  -1.5718692e-02   9.3090384e-01
   3.4600000e+02  -1.8341689e-02   9.3246892e-01
   3.4700000e+02  -2.0175705e-02   9.3581580e-01
   3.4800000e+02  -1.9946061e-02   9.3951271e-01
   3.4900000e+02  -1.7792296e-02   9.4078027e-01
   3.5000000e+02  -1.5960609e-02   9.4082668e-01
   3.5100000e+02  -1.5874350e-02   9.3917623e-01
   3.5200000e+02  -1.6391664e-02   9.3555192e-01
   3.5300000e+02  -1.7002458e-02   9.3223583e-01
   3.5400000e+02  -1.7468877e-02   9.2986581e-01
   3.5500000e+02  -1.6441023e-02   9.2784757e-01
   3.5600000e+02  -1.5548807e-02   9.2615280e-01
   3.5700000e+02  -1.5852930e-02   9.2543635e-01
   3.5800000e+02  -1.7362111e-02   9.2433923e-01
   3.5900000e+02  -1.9514271e-02   9.2200867e-01
   3.6000000e+02  -2.1521666e-02   9.1885709e-01
   3.6100000e+02  -2.2350682e-02   9.1408589e-01
   3.6200000e+02  -2.0903607e-02   9.1040552e-01
   3.6300000e+02  -1.9632433e-02   9.0539137e-01
   3.6400000e+02  -1.7312616e-02   9.0043257e-01
   3.6500000e+02  -1.6178443e-02   8.9562796e-01
   3.6600000e+02  -1.8288084e-02   8.9093274e-01
   3.6700000e+02  -2.3328752e-02   8.8821162e-01
   3.6800000e+02  -3.0747410e-02   8.8729057e-01
   3.6900000e+02  -3.7849826e-02   8.8721921e-01
   3.7000000e+02  -4.2434678e-02   8.8780519e-01
   3.7100000e+02  -4.7099036e-02   8.8566567e-01
   3.7200000e+02  -5.4144068e-02   8.8398902e-01
   3.7300000e+02  -6.7092277e-02   8.7784418e-01
   3.7400000e+02  -8.5499923e-02   8.7603925e-01
   3.7500000e+02  -1.0658374e-01   8.7551958e-01
   3.7600000e+02  -1.2497946e-01   8.7649455e-01
   3.7700000e+02  -1.3815867e-01   8.7809887e-01
   3.7800000e+02  -1.4969693e-01   8.7984817e-01
   3.7900000e+02  -1.6317196e-01   8.8386940e-01
   3.8000000e+02  -1.7577102e-01   8.9176032e-01
   3.8100000e+02  -1.8862290e-01   9.0198450e-01
   3.8200000e+02  -1.9820334e-01   9.1154630e-01
   3.8300000e+02  -2.0429798e-01   9.1916747e-01
   3.8400000e+02  -2.0988930e-01   9.2649631e-01
   3.8500000e+02  -2.1523698e-01   9.3272409e-01
   3.8600000e+02  -2.1883039e-01   9.3724443e-01
   3.8700000e+02  -2.2109106e-01   9.4308478e-01
   3.8800000e+02  -2.2293575e-01   9.4910935e-01
   3.8900000e+02  -2.2527121e-01   9.5793030e-01
   3.9000000e+02  -2.2901818e-01   9.6894174e-01
   3.9100000e+02  -2.3428668e-01   9.8179529e-01
   3.9200000e+02  -2.3841147e-01   9.9251479e-01
   3.9300000e+02  -2.3963407e-01   1.0000903e+00
   3.9400000e+02  -2.3792206e-01   1.0037540e+00
   3.9500000e+02  -2.3637910e-01   1.0046446e+00
   3.9600000e+02  -2.3822053e-01   1.0034034e+00
   3.9700000e+02  -2.3938411e-01   9.9770106e-01
   3.9800000e+02  -2.4202199e-01   9.9493065e-01
   3.9900000e+02  -2.4335932e-01   9.9091935e-01
   4.0000000e+02  -2.4314609e-01   9.8774881e-01
   4.0100000e+02  -2.4505510e-01   9.8711152e-01
   4.0200000e+02  -2.4825061e-01   9.8855794e-01
   4.0300000e+02  -2.5270744e-01   9.8934477e-01
   4.0400000e+02  -2.5901870e-01   9.9011504e-01
   4.0500000e+02  -2.6775271e-01   9.9050259e-01
   4.0600000e+02  -2.7815618e-01   9.9267396e-01
   4.0700000e+02  -2.9145172e-01   9.9561578e-01
   4.0800000e+02  -3.0614313e-01   9.9648465e-01
   4.0900000e+02  -3.2136541e-01   9.9605459e-01
   4.1000000e+02  -3.3940762e-01   9.9451330e-01
   4.1100000e+02  -3.5989269e-01   9.9044788e-01
   4.1200000e+02  -3.8022848e-01   9.8251556e-01
   4.1300000e+02  -3.9886401e-01   9.6924499e-01
   4.1400000e+02  -4.1264974e-01   9.5660272e-01
   4.1500000e+02  -4.2431182e-01   9.4425199e-01
   4.1600000e+02  -4.4102398e-01   9.3158778e-01
   4.1700000e+02  -4.6093586e-01   9.1900777e-01
   4.1800000e+02  -4.8068946e-01   9.0912636e-01
   4.1900000e+02  -4.9723129e-01   8.9899763e-01
   4.2000000e+02  -5.1266212e-01   8.8709581e-01
   4.2100000e+02  -5.2037447e-01   8.7052339e-01
   4.2200000e+02  -5.1867096e-01   8.5518213e-01
   4.2300000e+02  -5.1146303e-01   8.4199348e-01
   4.2400000e+02  -5.0673438e-01   8.2832327e-01
   4.2500000e+02  -5.0488443e-01   8.1667713e-01
   4.2600000e+02  -5.0704528e-01   8.0650351e-01
   4.2700000e+02  -5.0867064e-01   7.9772336e-01
   4.2800000e+02  -5.0137161e-01   7.8390490e-01
   4.2900000e+02  -4.8931036e-01   7.7031692e-01
   4.3000000e+02  -4.8278672e-01   7.5930798e-01
   4.3100000e+02  -4.7492360e-01   7.5549093e-01
   4.3200000e+02  -4.6338238e-01   7.4557716e-01
   4.3300000e+02  -4.4849888e-01   7.2747325e-01
   4.3400000e+02  -4.3637109e-01   7.0482540e-01
   4.3500000e+02  -4.2640096e-01   6.8981812e-01
   4.3600000e+02  -4.1059834e-01   6.7390169e-01
   4.3700000e+02  -3.9670353e-01   6.5045667e-01
   4.3800000e+02  -3.8106245e-01   6.2647976e-01
   4.3900000e+02  -3.6790128e-01   6.0430845e-01
   4.4000000e+02  -3.5614749e-01   5.8969554e-01
   4.4100000e+02  -3.4607696e-01   5.8182235e-01
   4.4200000e+02  -3.3781717e-01   5.7266295e-01
   4.4300000e+02  -3.2882402e-01   5.6095129e-01
   4.4400000e+02  -3.2365724e-01   5.5186509e-01
   4.4500000e+02  -3.2117126e-01   5.4532251e-01
   4.4600000e+02  -3.1829154e-01   5.4130202e-01
   4.4700000e+02  -3.1446567e-01   5.3963768e-01
   4.4800000e+02  -3.1266420e-01   5.4539213e-01
   4.4900000e+02  -3.1203663e-01   5.5289470e-01
   4.5000000e+02  -3.1310307e-01   5.5566863e-01
   4.5100000e+02  -3.1118392e-01   5.5157280e-01
   4.5200000e+02  -3.0782807e-01   5.4780584e-01
   4.5300000e+02  -3.0511346e-01   5.4231718e-01
   4.5400000e+02  -3.0459981e-01   5.3939719e-01
   4.5500000e+02  -3.0168794e-01   5.3545520e-01
   4.5600000e+02  -2.9578807e-01   5.3094365e-01
   4.5700000e+02  -2.9042915e-01   5.2716268e-01
   4.5800000e+02  -2.8635028e-01   5.2481749e-01
   4.5900000e+02  -2.8323019e-01   5.2258645e-01
   4.6000000e+02  -2.8010862e-01   5.1918196e-01
   4.6100000e+02  -2.7673405e-01   5.1516725e-01
   4.6200000e+02  -2.7400936e-01   5.1071144e-01
   4.6300000e+02  -2.6928623e-01   5.0405063e-01
   4.6400000e+02  -2.6312937e-01   4.9864212e-01
   4.6500000e+02  -2.5507724e-01   4.9526167e-01
   4.6600000e+02  -2.4851708e-01   4.9327352e-01
   4.6700000e+02  -2.4316935e-01   4.9024827e-01
   4.6800000e+02  -2.3682701e-01   4.8506910e-01
   4.6900000e+02  -2.2315338e-01   4.7342252e-01
   4.7000000e+02  -2.0978883e-01   4.6554079e-01
   4.7100000e+02  -1.9389724e-01   4.4913684e-01
   4.7200000e+02  -1.7557690e-01   4.2796858e-01
   4.7300000e+02  -1.5561464e-01   4.0329127e-01
   4.7400000e+02  -1.3152853e-01   3.7404814e-01
   4.7500000e+02  -1.0856818e-01   3.4492601e-01
   4.7600000e+02  -8.7459199e-02   3.1870762e-01
   4.7700000e+02  -7.1732890e-02   3.0287535e-01
   4.7800000e+02  -5.9386294e-02   2.9395920e-01
   4.7900000e+02  -4.9450447e-02   2.8758347e-01
   4.8000000e+02  -4.2039800e-02   2.7766153e-01
   4.8100000e+02  -3.1007894e-02   2.7005793e-01
   4.8200000e+02  -2.1053870e-02   2.6456532e-01
   4.8300000e+02  -1.3497252e-02   2.6103543e-01
   4.8400000e+02  -4.9413529e-03   2.6810707e-01
   4.8500000e+02   4.9249197e-03   2.8033361e-01
   4.8600000e+02   1.1915972e-02   2.8597532e-01
   4.8700000e+02   2.0360218e-02   2.9526600e-01
   4.8800000e+02   3.1151103e-02   3.0539311e-01
   4.8900000e+02   4.2291211e-02   3.1920876e-01
   4.9000000e+02   5.0960351e-02   3.3642964e-01
   4.9100000e+02   5.7492487e-02   3.5591919e-01
   4.9200000e+02   6.1818738e-02   3.7455087e-01
   4.9300000e+02   6.4303474e-02   3.8846096e-01
   4.9400000e+02   7.0408546e-02   4.0392823e-01
   4.9500000e+02   7.9288884e-02   4.1740054e-01
   4.9600000e+02   9.0461904e-02   4.3049717e-01
   4.9700000e+02   1.0144663e-01   4.3803280e-01
   4.9800000e+02   1.1581762e-01   4.4121245e-01
   4.9900000e+02   1.3195527e-01   4.4631750e-01
   5.0000000e+02   1.3447386e-01   4.4115786e-01
   5.0100000e+02   1.3591509e-01   4.3087861e-01
   5.0200000e+02   1.4400895e-01   4.2383494e-01
   5.0300000e+02   1.5422514e-01   4.1725291e-01
   5.0400000e+02   1.5905029e-01   4.1029218e-01
   5.0500000e+02   1.5629574e-01   3.9669454e-01
   5.0600000e+02   1.5071664e-01   3.8990797e-01
   5.0700000e+02   1.4654202e-01   3.8377425e-01
   5.0800000e+02   1.4166299e-01   3.7840845e-01
   5.0900000e+02   1.4435012e-01   3.7792195e-01
   5.1000000e+02   1.3981060e-01   3.7184972e-01
   5.1100000e+02   1.3817144e-01   3.7209343e-01
   5.1200000e+02   1.3444251e-01   3.7368655e-01
   5.1300000e+02   1.3540729e-01   3.7954591e-01
   5.1400000e+02   1.3222816e-01   3.7957815e-01
   5.1500000e+02   1.2392239e-01   3.6521181e-01
   5.1600000e+02   1.2016549e-01   3.5776674e-01
   5.1700000e+02   1.2317079e-01   3.5164390e-01
   5.1800000e+02   1.1631419e-01   3.3540143e-01
   5.1900000e+02   1.1338411e-01   3.2642242e-01
   5.2000000e+02   1.0526147e-01   3.1231981e-01
   5.2100000e+02   1.0035301e-01   3.0158070e-01
   5.2200000e+02   1.0455947e-01   3.0237916e-01
   5.2300000e+02   1.0241138e-01   3.0159324e-01
   5.2400000e+02   1.0373022e-01   3.0158840e-01
   5.2500000e+02   1.1005096e-01   2.9811696e-01
   5.2600000e+02   1.1540588e-01   2.9448422e-01
   5.2700000e+02   1.1604844e-01   2.9152610e-01
   5.2800000e+02   1.1750661e-01   2.8423872e-01
   5.2900000e+02   1.1415673e-01   2.7640347e-01
   5.3000000e+02   1.0984777e-01   2.7257170e-01
   5.3100000e+02   1.0880507e-01   2.6533532e-01
   5.3200000e+02   9.6401718e-02   2.5813944e-01
   5.3300000e+02   8.3056058e-02   2.5493378e-01
   5.3400000e+02   7.5160988e-02   2.4660213e-01
   5.3500000e+02   6.7295104e-02   2.3985137e-01
   5.3600000e+02   6.4542775e-02   2.3305225e-01
   5.3700000e+02   6.6290140e-02   2.2505717e-01
   5.3800000e+02   6.9483163e-02   2.1821834e-01
   5.3900000e+02   7.2902093e-02   2.1396073e-01
   5.4000000e+02   7.5398944e-02   2.1282572e-01
   5.4100000e+02   7.7803121e-02   2.1454151e-01
   5.4200000e+02   8.0612711e-02   2.2127895e-01
   5.4300000e+02   7.8379189e-02   2.3128001e-01
   5.4400000e+02   7.6680839e-02   2.4588399e-01
   5.4500000e+02   6.8838169e-02   2.5362828e-01
   5.4600000e+02   6.5830339e-02   2.5390708e-01
   5.4700000e+02   6.7871615e-02   2.4663039e-01
   5.4800000e+02   7.2209271e-02   2.3598015e-01
   5.4900000e+02   7.6626247e-02   2.2424727e-01
   5.5000000e+02   7.8898468e-02   2.0983423e-01
   5.5100000e+02   7.4939724e-02   1.9057781e-01
   5.5200000e+02   6.8098115e-02   1.7615949e-01
   5.5300000e+02   5.0813543e-02   1.6027932e-01
   5.5400000e+02   4.0572864e-02   1.5121007e-01
   5.5500000e+02   3.3631064e-02   1.4276879e-01
   5.5600000e+02   2.6541084e-02   1.3666594e-01
   5.5700000e+02   1.9422840e-02   1.3104529e-01
   5.5800000e+02   1.0121254e-02   1.2639824e-01
   5.5900000e+02   3.4662545e-03   1.2380539e-01
   5.6000000e+02  -2.3512130e-03   1.1806720e-01
   5.6100000e+02  -6.0710279e-03   1.1107213e-01
