   5.9300000e+02   2.8563416e-02   3.1476071e+00
   5.9400000e+02   2.8201672e-02   3.1392276e+00
   5.9500000e+02   2.7651321e-02   3.1332686e+00
   5.9600000e+02   2.6546726e-02   3.1280708e+00
   5.9700000e+02   2.4476617e-02   3.1235223e+00
   5.9800000e+02   2.2954725e-02   3.1200715e+00
   5.9900000e+02   2.0582807e-02   3.1181022e+00
   6.0000000e+02   1.8224920e-02   3.1166448e+00
   6.0100000e+02   1.6554006e-02   3.1137627e+00
   6.0200000e+02   1.5964808e-02   3.1120440e+00
   6.0300000e+02   1.7709148e-02   3.1117473e+00
   6.0400000e+02   2.0312395e-02   3.1118117e+00
   6.0500000e+02   2.3285668e-02   3.1113617e+00
   6.0600000e+02   2.4709853e-02   3.1094367e+00
   6.0700000e+02   2.4328325e-02   3.1065193e+00
   6.0800000e+02   2.1761311e-02   3.1019131e+00
   6.0900000e+02   1.8309096e-02   3.0956135e+00
   6.1000000e+02   1.5045199e-02   3.0877914e+00
   6.1100000e+02   1.2547055e-02   3.0784678e+00
   6.1200000e+02   1.1679593e-02   3.0685932e+00
   6.1300000e+02   1.3352084e-02   3.0580189e+00
   6.1400000e+02   1.7594195e-02   3.0467790e+00
   6.1500000e+02   2.3000475e-02   3.0353201e+00
   6.1600000e+02   2.8289260e-02   3.0232907e+00
   6.1700000e+02   3.3356481e-02   3.0130064e+00
   6.1800000e+02   3.7893855e-02   3.0060295e+00
   6.1900000e+02   4.3256713e-02   3.0023244e+00
   6.2000000e+02   4.9581708e-02   3.0023570e+00
   6.2100000e+02   5.6803551e-02   3.0068651e+00
   6.2200000e+02   6.3904031e-02   3.0134407e+00
   6.2300000e+02   7.2028424e-02   3.0202732e+00
   6.2400000e+02   8.0541879e-02   3.0268958e+00
   6.2500000e+02   8.9106612e-02   3.0312143e+00
   6.2600000e+02   9.6590264e-02   3.0331352e+00
   6.2700000e+02   1.0292403e-01   3.0336325e+00
   6.2800000e+02   1.0929151e-01   3.0331891e+00
   6.2900000e+02   1.1414165e-01   3.0326068e+00
   6.3000000e+02   1.1671040e-01   3.0301140e+00
   6.3100000e+02   1.1526659e-01   3.0250133e+00
   6.3200000e+02   1.1076122e-01   3.0172993e+00
   6.3300000e+02   1.0318909e-01   3.0081579e+00
   6.3400000e+02   9.3991303e-02   2.9992149e+00
   6.3500000e+02   8.6162738e-02   2.9895079e+00
   6.3600000e+02   8.1870284e-02   2.9800660e+00
   6.3700000e+02   8.0982032e-02   2.9726764e+00
   6.3800000e+02   8.2589372e-02   2.9699976e+00
   6.3900000e+02   8.3901384e-02   2.9680406e+00
   6.4000000e+02   8.5610256e-02   2.9657581e+00
   6.4100000e+02   8.7013092e-02   2.9640480e+00
   6.4200000e+02   8.7323813e-02   2.9636585e+00
   6.4300000e+02   8.5930185e-02   2.9640712e+00
   6.4400000e+02   8.5570672e-02   2.9625908e+00
   6.4500000e+02   8.7457693e-02   2.9588866e+00
   6.4600000e+02   8.9987884e-02   2.9522376e+00
   6.4700000e+02   9.2307838e-02   2.9440533e+00
   6.4800000e+02   9.6142756e-02   2.9349436e+00
   6.4900000e+02   1.0250816e-01   2.9258293e+00
   6.5000000e+02   1.0941747e-01   2.9187484e+00
   6.5100000e+02   1.1475584e-01   2.9115710e+00
   6.5200000e+02   1.2011082e-01   2.9046701e+00
   6.5300000e+02   1.2446719e-01   2.8975818e+00
   6.5400000e+02   1.2749027e-01   2.8894177e+00
   6.5500000e+02   1.2968130e-01   2.8800923e+00
   6.5600000e+02   1.3101180e-01   2.8720534e+00
   6.5700000e+02   1.3371351e-01   2.8644506e+00
   6.5800000e+02   1.3774401e-01   2.8596227e+00
   6.5900000e+02   1.4151565e-01   2.8566716e+00
   6.6000000e+02   1.4566879e-01   2.8534645e+00
   6.6100000e+02   1.4818308e-01   2.8518419e+00
   6.6200000e+02   1.4865101e-01   2.8529382e+00
   6.6300000e+02   1.4869154e-01   2.8561250e+00
   6.6400000e+02   1.4891892e-01   2.8601649e+00
   6.6500000e+02   1.4781960e-01   2.8655287e+00
   6.6600000e+02   1.4536471e-01   2.8710462e+00
   6.6700000e+02   1.4239635e-01   2.8776673e+00
   6.6800000e+02   1.4039973e-01   2.8839651e+00
   6.6900000e+02   1.4048524e-01   2.8903425e+00
   6.7000000e+02   1.4082769e-01   2.8991028e+00
   6.7100000e+02   1.4335056e-01   2.9054990e+00
   6.7200000e+02   1.4633987e-01   2.9093959e+00
   6.7300000e+02   1.4898879e-01   2.9116693e+00
   6.7400000e+02   1.5159349e-01   2.9104074e+00
   6.7500000e+02   1.5408582e-01   2.9087224e+00
   6.7600000e+02   1.5549953e-01   2.9047147e+00
   6.7700000e+02   1.5801692e-01   2.8985339e+00
   6.7800000e+02   1.6195467e-01   2.8910344e+00
   6.7900000e+02   1.6836714e-01   2.8836128e+00
   6.8000000e+02   1.7783103e-01   2.8782358e+00
   6.8100000e+02   1.9104116e-01   2.8747997e+00
   6.8200000e+02   2.0698066e-01   2.8751019e+00
   6.8300000e+02   2.2345744e-01   2.8761852e+00
   6.8400000e+02   2.3739357e-01   2.8771740e+00
   6.8500000e+02   2.5030460e-01   2.8778565e+00
   6.8600000e+02   2.6238496e-01   2.8766907e+00
   6.8700000e+02   2.7554813e-01   2.8736808e+00
   6.8800000e+02   2.8881778e-01   2.8694194e+00
   6.8900000e+02   3.0287664e-01   2.8658999e+00
   6.9000000e+02   3.1660291e-01   2.8645731e+00
   6.9100000e+02   3.3047990e-01   2.8663602e+00
   6.9200000e+02   3.4570922e-01   2.8703752e+00
   6.9300000e+02   3.6025965e-01   2.8739873e+00
   6.9400000e+02   3.7290791e-01   2.8749907e+00
   6.9500000e+02   3.8051629e-01   2.8718396e+00
   6.9600000e+02   3.8641774e-01   2.8669595e+00
   6.9700000e+02   3.9132889e-01   2.8636343e+00
   6.9800000e+02   3.9703165e-01   2.8627490e+00
   6.9900000e+02   4.0337987e-01   2.8659077e+00
   7.0000000e+02   4.1006974e-01   2.8734145e+00
   7.0100000e+02   4.1828328e-01   2.8853042e+00
   7.0200000e+02   4.2808913e-01   2.8997848e+00
   7.0300000e+02   4.3797636e-01   2.9155329e+00
   7.0400000e+02   4.4703845e-01   2.9318981e+00
   7.0500000e+02   4.5722082e-01   2.9474389e+00
   7.0600000e+02   4.6759055e-01   2.9623055e+00
   7.0700000e+02   4.7677417e-01   2.9764116e+00
   7.0800000e+02   4.8434442e-01   2.9874873e+00
   7.0900000e+02   4.8805481e-01   2.9948719e+00
   7.1000000e+02   4.8658088e-01   2.9998649e+00
   7.1100000e+02   4.8212461e-01   3.0022573e+00
   7.1200000e+02   4.7458060e-01   3.0025046e+00
   7.1300000e+02   4.6469012e-01   2.9989725e+00
   7.1400000e+02   4.5378311e-01   2.9910347e+00
   7.1500000e+02   4.4254561e-01   2.9809583e+00
   7.1600000e+02   4.3180772e-01   2.9692215e+00
   7.1700000e+02   4.2157114e-01   2.9576626e+00
   7.1800000e+02   4.1048452e-01   2.9467112e+00
   7.1900000e+02   3.9768235e-01   2.9361830e+00
   7.2000000e+02   3.8351013e-01   2.9255861e+00
   7.2100000e+02   3.6756592e-01   2.9174388e+00
   7.2200000e+02   3.5330522e-01   2.9105489e+00
   7.2300000e+02   3.4149104e-01   2.9058089e+00
   7.2400000e+02   3.3398135e-01   2.9027309e+00
   7.2500000e+02   3.3129805e-01   2.9013699e+00
   7.2600000e+02   3.2996020e-01   2.9012721e+00
   7.2700000e+02   3.2816317e-01   2.9048521e+00
   7.2800000e+02   3.2410730e-01   2.9111352e+00
   7.2900000e+02   3.2020107e-01   2.9186688e+00
   7.3000000e+02   3.1608807e-01   2.9257906e+00
   7.3100000e+02   3.1218466e-01   2.9303548e+00
   7.3200000e+02   3.0804372e-01   2.9342598e+00
   7.3300000e+02   3.0405228e-01   2.9381395e+00
   7.3400000e+02   3.0137332e-01   2.9440875e+00
   7.3500000e+02   3.0004666e-01   2.9504567e+00
   7.3600000e+02   3.0035495e-01   2.9547230e+00
   7.3700000e+02   3.0355353e-01   2.9577129e+00
   7.3800000e+02   3.0823739e-01   2.9597047e+00
   7.3900000e+02   3.1363488e-01   2.9604314e+00
   7.4000000e+02   3.1843201e-01   2.9592695e+00
   7.4100000e+02   3.2158557e-01   2.9562865e+00
   7.4200000e+02   3.2300227e-01   2.9516863e+00
   7.4300000e+02   3.2385057e-01   2.9459521e+00
   7.4400000e+02   3.2604307e-01   2.9385731e+00
   7.4500000e+02   3.2987754e-01   2.9278445e+00
   7.4600000e+02   3.3449417e-01   2.9157092e+00
   7.4700000e+02   3.3915875e-01   2.9000378e+00
   7.4800000e+02   3.4105886e-01   2.8855743e+00
   7.4900000e+02   3.4162332e-01   2.8729497e+00
   7.5000000e+02   3.4242170e-01   2.8648532e+00
   7.5100000e+02   3.4247015e-01   2.8607331e+00
   7.5200000e+02   3.3861838e-01   2.8577800e+00
   7.5300000e+02   3.3262409e-01   2.8541530e+00
   7.5400000e+02   3.2599346e-01   2.8483272e+00
   7.5500000e+02   3.2162087e-01   2.8412828e+00
   7.5600000e+02   3.1928869e-01   2.8324757e+00
   7.5700000e+02   3.1793373e-01   2.8214680e+00
   7.5800000e+02   3.1807349e-01   2.8080160e+00
   7.5900000e+02   3.1933351e-01   2.7962264e+00
   7.6000000e+02   3.2456889e-01   2.7871674e+00
   7.6100000e+02   3.3521336e-01   2.7804116e+00
   7.6200000e+02   3.5418354e-01   2.7724018e+00
   7.6300000e+02   3.7987708e-01   2.7626007e+00
   7.6400000e+02   4.0664287e-01   2.7529022e+00
   7.6500000e+02   4.2480859e-01   2.7375649e+00
   7.6600000e+02   4.3426311e-01   2.7143801e+00
   7.6700000e+02   4.3673655e-01   2.6868691e+00
   7.6800000e+02   4.3243413e-01   2.6583669e+00
   7.6900000e+02   4.2407875e-01   2.6291754e+00
   7.7000000e+02   4.1574982e-01   2.5993940e+00
   7.7100000e+02   4.1001152e-01   2.5673895e+00
   7.7200000e+02   4.0478637e-01   2.5360895e+00
   7.7300000e+02   4.0309779e-01   2.5054380e+00
   7.7400000e+02   4.0390066e-01   2.4781473e+00
   7.7500000e+02   4.0423470e-01   2.4557356e+00
   7.7600000e+02   3.9969725e-01   2.4350115e+00
   7.7700000e+02   3.8709266e-01   2.4120434e+00
   7.7800000e+02   3.6423526e-01   2.3861102e+00
   7.7900000e+02   3.3382380e-01   2.3566070e+00
   7.8000000e+02   3.0166092e-01   2.3226562e+00
   7.8100000e+02   2.7055505e-01   2.2889306e+00
   7.8200000e+02   2.4040938e-01   2.2572572e+00
   7.8300000e+02   2.0983666e-01   2.2245927e+00
   7.8400000e+02   1.7866179e-01   2.1905862e+00
   7.8500000e+02   1.4427537e-01   2.1593864e+00
   7.8600000e+02   1.0991810e-01   2.1260018e+00
   7.8700000e+02   8.5381485e-02   2.0907912e+00
   7.8800000e+02   7.4292007e-02   2.0508498e+00
   7.8900000e+02   7.1417590e-02   2.0162620e+00
   7.9000000e+02   6.2260548e-02   1.9864968e+00
   7.9100000e+02   4.2277255e-02   1.9606325e+00
   7.9200000e+02   1.1857064e-02   1.9361744e+00
   7.9300000e+02  -2.2763203e-02   1.9144636e+00
   7.9400000e+02  -5.8311570e-02   1.9025238e+00
   7.9500000e+02  -9.0717297e-02   1.8958244e+00
   7.9600000e+02  -1.2350664e-01   1.8934355e+00
   7.9700000e+02  -1.5376261e-01   1.8914594e+00
   7.9800000e+02  -1.8151397e-01   1.8891469e+00
   7.9900000e+02  -2.0528499e-01   1.8845318e+00
   8.0000000e+02  -2.2764236e-01   1.8736866e+00
   8.0100000e+02  -2.4756020e-01   1.8578508e+00
   8.0200000e+02  -2.6603494e-01   1.8426212e+00
   8.0300000e+02  -2.8741746e-01   1.8304031e+00
   8.0400000e+02  -3.0739385e-01   1.8227844e+00
   8.0500000e+02  -3.2258079e-01   1.8126365e+00
   8.0600000e+02  -3.2815532e-01   1.7998402e+00
   8.0700000e+02  -3.2935790e-01   1.7886815e+00
   8.0800000e+02  -3.2863675e-01   1.7834563e+00
   8.0900000e+02  -3.2829707e-01   1.7875819e+00
   8.1000000e+02  -3.3019741e-01   1.8029916e+00
   8.1100000e+02  -3.3189883e-01   1.8243911e+00
   8.1200000e+02  -3.3508346e-01   1.8479924e+00
   8.1300000e+02  -3.4020139e-01   1.8729284e+00
   8.1400000e+02  -3.4655396e-01   1.8897683e+00
   8.1500000e+02  -3.5288651e-01   1.8964992e+00
   8.1600000e+02  -3.5613788e-01   1.8940493e+00
   8.1700000e+02  -3.5947235e-01   1.8868891e+00
   8.1800000e+02  -3.6047438e-01   1.8737183e+00
   8.1900000e+02  -3.6175558e-01   1.8559026e+00
   8.2000000e+02  -3.6062610e-01   1.8358698e+00
   8.2100000e+02  -3.5617958e-01   1.8185930e+00
   8.2200000e+02  -3.4845608e-01   1.8110304e+00
   8.2300000e+02  -3.4050218e-01   1.8110429e+00
   8.2400000e+02  -3.3793173e-01   1.8189454e+00
   8.2500000e+02  -3.4103775e-01   1.8314877e+00
   8.2600000e+02  -3.5066605e-01   1.8458352e+00
   8.2700000e+02  -3.6495117e-01   1.8521379e+00
   8.2800000e+02  -3.7821820e-01   1.8497954e+00
   8.2900000e+02  -3.8506874e-01   1.8485212e+00
   8.3000000e+02  -3.8439556e-01   1.8464450e+00
   8.3100000e+02  -3.8173702e-01   1.8431560e+00
   8.3200000e+02  -3.8295940e-01   1.8371164e+00
   8.3300000e+02  -3.8525701e-01   1.8258842e+00
   8.3400000e+02  -3.8537720e-01   1.8154581e+00
   8.3500000e+02  -3.7990788e-01   1.8036399e+00
   8.3600000e+02  -3.6960981e-01   1.7918517e+00
   8.3700000e+02  -3.5479853e-01   1.7833006e+00
   8.3800000e+02  -3.4059170e-01   1.7730279e+00
   8.3900000e+02  -3.2954243e-01   1.7592650e+00
   8.4000000e+02  -3.2358826e-01   1.7428061e+00
   8.4100000e+02  -3.2262965e-01   1.7276411e+00
   8.4200000e+02  -3.2615636e-01   1.7156179e+00
   8.4300000e+02  -3.3064922e-01   1.7058551e+00
   8.4400000e+02  -3.3220829e-01   1.6966654e+00
   8.4500000e+02  -3.2811306e-01   1.6906148e+00
   8.4600000e+02  -3.1808239e-01   1.6879456e+00
   8.4700000e+02  -3.0571113e-01   1.6866588e+00
   8.4800000e+02  -2.9635225e-01   1.6849552e+00
   8.4900000e+02  -2.9069891e-01   1.6828950e+00
   8.5000000e+02  -2.8850852e-01   1.6838818e+00
   8.5100000e+02  -2.8491594e-01   1.6890345e+00
   8.5200000e+02  -2.7761529e-01   1.6956387e+00
   8.5300000e+02  -2.6908447e-01   1.7002018e+00
   8.5400000e+02  -2.6131347e-01   1.7087608e+00
   8.5500000e+02  -2.5441965e-01   1.7236555e+00
   8.5600000e+02  -2.4622218e-01   1.7432933e+00
   8.5700000e+02  -2.4194647e-01   1.7632002e+00
   8.5800000e+02  -2.4417793e-01   1.7817074e+00
   8.5900000e+02  -2.5084077e-01   1.7967352e+00
   8.6000000e+02  -2.5866798e-01   1.8078261e+00
   8.6100000e+02  -2.6395901e-01   1.8148848e+00
   8.6200000e+02  -2.6903013e-01   1.8175414e+00
   8.6300000e+02  -2.7148818e-01   1.8180229e+00
   8.6400000e+02  -2.6766561e-01   1.8160417e+00
   8.6500000e+02  -2.5928353e-01   1.8115726e+00
   8.6600000e+02  -2.5397184e-01   1.8078061e+00
   8.6700000e+02  -2.5110024e-01   1.8065561e+00
   8.6800000e+02  -2.5202673e-01   1.8054552e+00
   8.6900000e+02  -2.5568941e-01   1.8050359e+00
   8.7000000e+02  -2.5926039e-01   1.8048482e+00
   8.7100000e+02  -2.6172727e-01   1.8042197e+00
   8.7200000e+02  -2.6180085e-01   1.8027007e+00
   8.7300000e+02  -2.5577789e-01   1.8017332e+00
   8.7400000e+02  -2.4913086e-01   1.8013402e+00
   8.7500000e+02  -2.4113030e-01   1.8017968e+00
   8.7600000e+02  -2.3318135e-01   1.8065066e+00
   8.7700000e+02  -2.2410031e-01   1.8157176e+00
   8.7800000e+02  -2.1386163e-01   1.8284599e+00
   8.7900000e+02  -2.0580126e-01   1.8441218e+00
   8.8000000e+02  -1.9849334e-01   1.8626132e+00
   8.8100000e+02  -1.9087590e-01   1.8828109e+00
   8.8200000e+02  -1.8023059e-01   1.8995797e+00
   8.8300000e+02  -1.6421853e-01   1.9119743e+00
   8.8400000e+02  -1.4759381e-01   1.9171143e+00
   8.8500000e+02  -1.3426721e-01   1.9184055e+00
   8.8600000e+02  -1.2452597e-01   1.9163561e+00
   8.8700000e+02  -1.1663914e-01   1.9125741e+00
   8.8800000e+02  -1.0848915e-01   1.9068308e+00
   8.8900000e+02  -9.9570716e-02   1.8972114e+00
   8.9000000e+02  -8.9589254e-02   1.8876586e+00
   8.9100000e+02  -7.7674045e-02   1.8793635e+00
   8.9200000e+02  -6.4214556e-02   1.8729157e+00
   8.9300000e+02  -4.9198636e-02   1.8699169e+00
   8.9400000e+02  -3.3415596e-02   1.8713687e+00
   8.9500000e+02  -1.8289382e-02   1.8767627e+00
   8.9600000e+02  -4.1657194e-03   1.8857639e+00
   8.9700000e+02   9.0922418e-03   1.8960996e+00
   8.9800000e+02   2.2899756e-02   1.9069490e+00
   8.9900000e+02   3.8525937e-02   1.9143153e+00
   9.0000000e+02   5.7794569e-02   1.9125547e+00
   9.0100000e+02   8.2796216e-02   1.8998534e+00
   9.0200000e+02   1.1377955e-01   1.8843045e+00
   9.0300000e+02   1.5347615e-01   1.8695519e+00
   9.0400000e+02   1.9796483e-01   1.8566718e+00
   9.0500000e+02   2.4344512e-01   1.8466278e+00
   9.0600000e+02   2.7960953e-01   1.8350336e+00
   9.0700000e+02   3.0576719e-01   1.8223882e+00
   9.0800000e+02   3.2606923e-01   1.8050454e+00
   9.0900000e+02   3.4463893e-01   1.7838062e+00
   9.1000000e+02   3.6257028e-01   1.7636985e+00
   9.1100000e+02   3.7981673e-01   1.7503918e+00
   9.1200000e+02   3.9545877e-01   1.7465334e+00
   9.1300000e+02   4.0815895e-01   1.7465190e+00
   9.1400000e+02   4.1776832e-01   1.7422927e+00
   9.1500000e+02   4.2573440e-01   1.7348565e+00
   9.1600000e+02   4.3373128e-01   1.7250332e+00
   9.1700000e+02   4.4085791e-01   1.7146603e+00
   9.1800000e+02   4.4525588e-01   1.7051028e+00
   9.1900000e+02   4.4787145e-01   1.6944691e+00
   9.2000000e+02   4.4985466e-01   1.6817044e+00
   9.2100000e+02   4.5278480e-01   1.6695322e+00
   9.2200000e+02   4.5647769e-01   1.6596139e+00
   9.2300000e+02   4.6102159e-01   1.6546360e+00
   9.2400000e+02   4.6564153e-01   1.6547796e+00
   9.2500000e+02   4.6908814e-01   1.6586076e+00
   9.2600000e+02   4.7572979e-01   1.6677269e+00
   9.2700000e+02   4.8287527e-01   1.6789730e+00
   9.2800000e+02   4.9090076e-01   1.6882794e+00
   9.2900000e+02   4.9842052e-01   1.6968336e+00
   9.3000000e+02   5.0383001e-01   1.7050572e+00
   9.3100000e+02   5.0665535e-01   1.7143212e+00
   9.3200000e+02   5.0634304e-01   1.7227109e+00
   9.3300000e+02   5.0371179e-01   1.7279081e+00
   9.3400000e+02   5.0069167e-01   1.7329999e+00
   9.3500000e+02   4.9682281e-01   1.7374353e+00
   9.3600000e+02   4.9298731e-01   1.7418315e+00
   9.3700000e+02   4.9206486e-01   1.7463602e+00
   9.3800000e+02   4.9163404e-01   1.7515045e+00
   9.3900000e+02   4.9099810e-01   1.7549406e+00
   9.4000000e+02   4.8996860e-01   1.7574720e+00
   9.4100000e+02   4.8802999e-01   1.7599206e+00
   9.4200000e+02   4.8675941e-01   1.7631383e+00
   9.4300000e+02   4.8438059e-01   1.7647469e+00
   9.4400000e+02   4.8173651e-01   1.7665677e+00
   9.4500000e+02   4.7642412e-01   1.7677665e+00
   9.4600000e+02   4.6850867e-01   1.7687242e+00
   9.4700000e+02   4.5922658e-01   1.7688750e+00
   9.4800000e+02   4.4975231e-01   1.7689731e+00
   9.4900000e+02   4.4046717e-01   1.7689147e+00
   9.5000000e+02   4.3203454e-01   1.7718948e+00
   9.5100000e+02   4.2475686e-01   1.7757808e+00
   9.5200000e+02   4.1834136e-01   1.7786916e+00
   9.5300000e+02   4.1162297e-01   1.7789540e+00
   9.5400000e+02   4.0429290e-01   1.7766176e+00
   9.5500000e+02   3.9606661e-01   1.7718196e+00
   9.5600000e+02   3.8832277e-01   1.7651981e+00
   9.5700000e+02   3.8096346e-01   1.7564299e+00
   9.5800000e+02   3.7383223e-01   1.7481496e+00
   9.5900000e+02   3.6779050e-01   1.7399163e+00
   9.6000000e+02   3.6086817e-01   1.7328959e+00
   9.6100000e+02   3.5292975e-01   1.7257674e+00
   9.6200000e+02   3.4408380e-01   1.7208718e+00
   9.6300000e+02   3.3567364e-01   1.7153295e+00
   9.6400000e+02   3.2575672e-01   1.7113370e+00
   9.6500000e+02   3.1215768e-01   1.7095547e+00
   9.6600000e+02   2.9505655e-01   1.7105887e+00
   9.6700000e+02   2.7559541e-01   1.7120905e+00
   9.6800000e+02   2.5593326e-01   1.7136223e+00
   9.6900000e+02   2.3679991e-01   1.7163737e+00
   9.7000000e+02   2.1986245e-01   1.7199222e+00
   9.7100000e+02   2.0521656e-01   1.7227304e+00
   9.7200000e+02   1.9272327e-01   1.7229169e+00
   9.7300000e+02   1.8270267e-01   1.7203105e+00
   9.7400000e+02   1.7243430e-01   1.7135064e+00
   9.7500000e+02   1.6134199e-01   1.7061596e+00
   9.7600000e+02   1.4773793e-01   1.6984295e+00
   9.7700000e+02   1.3284238e-01   1.6910576e+00
   9.7800000e+02   1.1599066e-01   1.6828754e+00
   9.7900000e+02   9.8265855e-02   1.6760815e+00
   9.8000000e+02   8.0138805e-02   1.6697690e+00
   9.8100000e+02   6.0854426e-02   1.6643889e+00
   9.8200000e+02   4.3661330e-02   1.6581200e+00
   9.8300000e+02   2.9878124e-02   1.6512976e+00
   9.8400000e+02   1.9821687e-02   1.6477924e+00
   9.8500000e+02   1.3255703e-02   1.6488334e+00
   9.8600000e+02   8.4282850e-03   1.6487959e+00
   9.8700000e+02   3.2278985e-03   1.6501631e+00
   9.8800000e+02  -3.0626091e-03   1.6472067e+00
   9.8900000e+02  -8.2838082e-03   1.6425584e+00
   9.9000000e+02  -1.4938116e-02   1.6368590e+00
   9.9100000e+02  -2.2126302e-02   1.6325100e+00
   9.9200000e+02  -3.0267923e-02   1.6294784e+00
   9.9300000e+02  -3.9714834e-02   1.6265986e+00
   9.9400000e+02  -5.1360284e-02   1.6230135e+00
   9.9500000e+02  -6.3962144e-02   1.6174191e+00
   9.9600000e+02  -7.5891868e-02   1.6084062e+00
   9.9700000e+02  -8.7653343e-02   1.5964227e+00
   9.9800000e+02  -9.9536907e-02   1.5830069e+00
   9.9900000e+02  -1.0872576e-01   1.5730710e+00
   1.0000000e+03  -1.1384965e-01   1.5675344e+00
   1.0010000e+03  -1.1512206e-01   1.5640960e+00
   1.0020000e+03  -1.1406509e-01   1.5571953e+00
   1.0030000e+03  -1.1257811e-01   1.5473793e+00
   1.0040000e+03  -1.1172730e-01   1.5373480e+00
   1.0050000e+03  -1.1126303e-01   1.5265672e+00
   1.0060000e+03  -1.1026186e-01   1.5159395e+00
   1.0070000e+03  -1.0792073e-01   1.5033423e+00
   1.0080000e+03  -1.0326044e-01   1.4897592e+00
   1.0090000e+03  -9.9701026e-02   1.4748107e+00
   1.0100000e+03  -9.7904237e-02   1.4604224e+00
   1.0110000e+03  -9.9679531e-02   1.4480254e+00
   1.0120000e+03  -1.0427362e-01   1.4357975e+00
   1.0130000e+03  -1.1238899e-01   1.4260562e+00
   1.0140000e+03  -1.2389946e-01   1.4180854e+00
   1.0150000e+03  -1.3718224e-01   1.4111537e+00
   1.0160000e+03  -1.4720276e-01   1.4045153e+00
   1.0170000e+03  -1.5275634e-01   1.3950129e+00
   1.0180000e+03  -1.5533811e-01   1.3825917e+00
   1.0190000e+03  -1.5833317e-01   1.3648691e+00
   1.0200000e+03  -1.6057188e-01   1.3470589e+00
   1.0210000e+03  -1.6158286e-01   1.3312013e+00
   1.0220000e+03  -1.5883187e-01   1.3194282e+00
   1.0230000e+03  -1.5114055e-01   1.3120178e+00
   1.0240000e+03  -1.4157361e-01   1.3096386e+00
   1.0250000e+03  -1.3127228e-01   1.3086116e+00
   1.0260000e+03  -1.2170382e-01   1.3066054e+00
   1.0270000e+03  -1.1501246e-01   1.2995416e+00
   1.0280000e+03  -1.1112395e-01   1.2920508e+00
   1.0290000e+03  -1.0993016e-01   1.2828921e+00
   1.0300000e+03  -1.0937421e-01   1.2746938e+00
   1.0310000e+03  -1.0831693e-01   1.2695378e+00
   1.0320000e+03  -1.0583468e-01   1.2649783e+00
   1.0330000e+03  -1.0315377e-01   1.2602755e+00
   1.0340000e+03  -1.0159834e-01   1.2550602e+00
   1.0350000e+03  -1.0138075e-01   1.2473452e+00
   1.0360000e+03  -1.0220151e-01   1.2386353e+00
   1.0370000e+03  -1.0335351e-01   1.2282717e+00
   1.0380000e+03  -1.0443943e-01   1.2173964e+00
   1.0390000e+03  -1.0506354e-01   1.2054095e+00
   1.0400000e+03  -1.0466292e-01   1.1927416e+00
   1.0410000e+03  -1.0313482e-01   1.1826260e+00
   1.0420000e+03  -1.0032600e-01   1.1709704e+00
   1.0430000e+03  -9.6374559e-02   1.1604384e+00
   1.0440000e+03  -9.0704078e-02   1.1490218e+00
   1.0450000e+03  -8.2290830e-02   1.1356164e+00
   1.0460000e+03  -7.4203521e-02   1.1217490e+00
   1.0470000e+03  -6.5830995e-02   1.1091346e+00
   1.0480000e+03  -5.5064376e-02   1.0999850e+00
   1.0490000e+03  -4.3355096e-02   1.0953691e+00
   1.0500000e+03  -3.2255313e-02   1.0924425e+00
   1.0510000e+03  -2.4369563e-02   1.0906881e+00
   1.0520000e+03  -2.0453568e-02   1.0889026e+00
   1.0530000e+03  -1.9553950e-02   1.0842326e+00
   1.0540000e+03  -2.1683124e-02   1.0781114e+00
   1.0550000e+03  -2.4470083e-02   1.0707193e+00
   1.0560000e+03  -2.7032756e-02   1.0628375e+00
   1.0570000e+03  -2.7974275e-02   1.0567298e+00
   1.0580000e+03  -3.0666739e-02   1.0495352e+00
   1.0590000e+03  -3.2124408e-02   1.0406898e+00
   1.0600000e+03  -3.1945258e-02   1.0309450e+00
   1.0610000e+03  -2.9916592e-02   1.0191575e+00
   1.0620000e+03  -2.4797739e-02   1.0081999e+00
   1.0630000e+03  -1.6978448e-02   9.9847860e-01
   1.0640000e+03  -5.0860515e-03   9.8848748e-01
   1.0650000e+03   1.0518246e-02   9.7958246e-01
   1.0660000e+03   2.8068587e-02   9.7064888e-01
   1.0670000e+03   4.4911880e-02   9.6049685e-01
   1.0680000e+03   6.1861701e-02   9.4672103e-01
   1.0690000e+03   7.8810715e-02   9.3146591e-01
   1.0700000e+03   9.6275471e-02   9.1784165e-01
   1.0710000e+03   1.1376334e-01   9.0551516e-01
   1.0720000e+03   1.2888414e-01   8.9087292e-01
   1.0730000e+03   1.4189598e-01   8.7645679e-01
   1.0740000e+03   1.5498104e-01   8.6646842e-01
   1.0750000e+03   1.6881980e-01   8.6094232e-01
   1.0760000e+03   1.8088952e-01   8.5840866e-01
   1.0770000e+03   1.9036736e-01   8.5789317e-01
   1.0780000e+03   1.9922459e-01   8.5961775e-01
   1.0790000e+03   2.0759164e-01   8.6045734e-01
   1.0800000e+03   2.1554040e-01   8.6083259e-01
   1.0810000e+03   2.2248814e-01   8.5688525e-01
   1.0820000e+03   2.2695492e-01   8.5564854e-01
   1.0830000e+03   2.3111610e-01   8.5414273e-01
   1.0840000e+03   2.3253858e-01   8.5280879e-01
   1.0850000e+03   2.3137046e-01   8.5134840e-01
   1.0860000e+03   2.2819076e-01   8.5084593e-01
   1.0870000e+03   2.2459019e-01   8.5153064e-01
   1.0880000e+03   2.2179717e-01   8.5279685e-01
   1.0890000e+03   2.1899783e-01   8.5432179e-01
   1.0900000e+03   2.1587639e-01   8.5436695e-01
   1.0910000e+03   2.1298939e-01   8.5391231e-01
   1.0920000e+03   2.1128857e-01   8.5386618e-01
   1.0930000e+03   2.0947333e-01   8.5369457e-01
   1.0940000e+03   2.0984789e-01   8.5436755e-01
   1.0950000e+03   2.0894023e-01   8.5544784e-01
   1.0960000e+03   2.0792576e-01   8.5635724e-01
   1.0970000e+03   2.0698764e-01   8.5540504e-01
   1.0980000e+03   2.0719612e-01   8.5509754e-01
   1.0990000e+03   2.0653897e-01   8.5490015e-01
   1.1000000e+03   2.0553034e-01   8.5596995e-01
   1.1010000e+03   2.0395741e-01   8.5618238e-01
   1.1020000e+03   1.9999968e-01   8.5484212e-01
   1.1030000e+03   1.9421322e-01   8.5097966e-01
   1.1040000e+03   1.8738172e-01   8.4477821e-01
   1.1050000e+03   1.7988329e-01   8.3637897e-01
   1.1060000e+03   1.7521470e-01   8.2802213e-01
   1.1070000e+03   1.7155745e-01   8.1860014e-01
   1.1080000e+03   1.6978693e-01   8.0877177e-01
   1.1090000e+03   1.7066052e-01   7.9967183e-01
   1.1100000e+03   1.7384303e-01   7.9190830e-01
   1.1110000e+03   1.7702770e-01   7.8747954e-01
   1.1120000e+03   1.8178837e-01   7.8442240e-01
   1.1130000e+03   1.8648615e-01   7.8235587e-01
   1.1140000e+03   1.9053009e-01   7.8211259e-01
   1.1150000e+03   1.9369700e-01   7.8245522e-01
   1.1160000e+03   1.9599995e-01   7.8370951e-01
   1.1170000e+03   1.9644407e-01   7.8651004e-01
   1.1180000e+03   1.9394366e-01   7.8408198e-01
   1.1190000e+03   1.9196117e-01   7.8119558e-01
   1.1200000e+03   1.8764707e-01   7.7814855e-01
   1.1210000e+03   1.8345517e-01   7.7504207e-01
   1.1220000e+03   1.7901878e-01   7.7317818e-01
   1.1230000e+03   1.7558244e-01   7.7124922e-01
   1.1240000e+03   1.7258276e-01   7.6751187e-01
   1.1250000e+03   1.7000148e-01   7.6324639e-01
   1.1260000e+03   1.6743913e-01   7.5706194e-01
   1.1270000e+03   1.6372372e-01   7.4532310e-01
   1.1280000e+03   1.6070608e-01   7.2910706e-01
   1.1290000e+03   1.5956198e-01   7.1169998e-01
   1.1300000e+03   1.6065876e-01   6.9879972e-01
   1.1310000e+03   1.6344845e-01   6.8621758e-01
   1.1320000e+03   1.6661697e-01   6.7625452e-01
   1.1330000e+03   1.7256039e-01   6.6796897e-01
   1.1340000e+03   1.7928760e-01   6.6195471e-01
   1.1350000e+03   1.8640723e-01   6.5943041e-01
   1.1360000e+03   1.9352612e-01   6.5865298e-01
   1.1370000e+03   1.9934291e-01   6.5872285e-01
   1.1380000e+03   2.0310887e-01   6.6053853e-01
   1.1390000e+03   2.0507323e-01   6.6199420e-01
   1.1400000e+03   2.0590118e-01   6.6619908e-01
   1.1410000e+03   2.0678742e-01   6.6886453e-01
   1.1420000e+03   2.0531173e-01   6.7720821e-01
   1.1430000e+03   2.0521059e-01   6.8299621e-01
   1.1440000e+03   2.0369167e-01   6.8636117e-01
   1.1450000e+03   2.0262108e-01   6.8774058e-01
   1.1460000e+03   2.0137858e-01   6.8708853e-01
   1.1470000e+03   1.9824020e-01   6.8575050e-01
   1.1480000e+03   1.9371186e-01   6.8547515e-01
   1.1490000e+03   1.8711525e-01   6.8483401e-01
   1.1500000e+03   1.7965032e-01   6.8474770e-01
   1.1510000e+03   1.7131979e-01   6.8553778e-01
   1.1520000e+03   1.6399429e-01   6.8763095e-01
   1.1530000e+03   1.5671739e-01   6.8860091e-01
   1.1540000e+03   1.4896079e-01   6.9094417e-01
   1.1550000e+03   1.4196124e-01   6.9390652e-01
   1.1560000e+03   1.3545052e-01   6.9720005e-01
   1.1570000e+03   1.2916840e-01   7.0146819e-01
   1.1580000e+03   1.2395619e-01   7.0718457e-01
   1.1590000e+03   1.1956541e-01   7.1109159e-01
   1.1600000e+03   1.1553096e-01   7.1490534e-01
   1.1610000e+03   1.1064917e-01   7.1710462e-01
   1.1620000e+03   1.0438069e-01   7.1539118e-01
   1.1630000e+03   9.7517668e-02   7.0910869e-01
   1.1640000e+03   9.2612403e-02   7.0262187e-01
   1.1650000e+03   9.2079531e-02   6.9811135e-01
   1.1660000e+03   9.5299596e-02   6.9373202e-01
   1.1670000e+03   9.9294619e-02   6.8843673e-01
   1.1680000e+03   1.0499798e-01   6.8435747e-01
   1.1690000e+03   1.0909224e-01   6.7854958e-01
   1.1700000e+03   1.1196476e-01   6.7133852e-01
   1.1710000e+03   1.1227188e-01   6.6197246e-01
   1.1720000e+03   1.1037664e-01   6.4927501e-01
   1.1730000e+03   1.0872537e-01   6.3411299e-01
   1.1740000e+03   1.0645176e-01   6.2081137e-01
   1.1750000e+03   1.0527391e-01   6.1013371e-01
   1.1760000e+03   1.0466913e-01   6.0127523e-01
   1.1770000e+03   1.0243222e-01   5.9567976e-01
   1.1780000e+03   9.8793960e-02   5.8913839e-01
   1.1790000e+03   9.4048017e-02   5.8360354e-01
   1.1800000e+03   9.0808736e-02   5.8062927e-01
   1.1810000e+03   8.6796418e-02   5.7775892e-01
   1.1820000e+03   7.9034704e-02   5.7463958e-01
   1.1830000e+03   6.8802874e-02   5.7035135e-01
   1.1840000e+03   5.5706319e-02   5.6536971e-01
   1.1850000e+03   3.9019851e-02   5.6027667e-01
   1.1860000e+03   2.2656947e-02   5.5588989e-01
   1.1870000e+03   6.9928503e-03   5.5371795e-01
   1.1880000e+03  -7.8819627e-03   5.5538073e-01
   1.1890000e+03  -1.8013110e-02   5.5522944e-01
   1.1900000e+03  -2.6863320e-02   5.5723029e-01
   1.1910000e+03  -3.1544182e-02   5.6424085e-01
   1.1920000e+03  -3.7364361e-02   5.6559078e-01
   1.1930000e+03  -4.2142790e-02   5.6570426e-01
   1.1940000e+03  -4.5702585e-02   5.6204538e-01
   1.1950000e+03  -4.7403950e-02   5.5470156e-01
   1.1960000e+03  -4.9484880e-02   5.4067077e-01
   1.1970000e+03  -4.8698442e-02   5.3079827e-01
   1.1980000e+03  -4.5926788e-02   5.2191869e-01
   1.1990000e+03  -4.4724722e-02   5.1157227e-01
   1.2000000e+03  -4.3432525e-02   5.0461658e-01
   1.2010000e+03  -3.9705015e-02   4.9230980e-01
   1.2020000e+03  -3.8974817e-02   4.8157672e-01
   1.2030000e+03  -4.2203855e-02   4.6870371e-01
   1.2040000e+03  -4.6558923e-02   4.5739219e-01
   1.2050000e+03  -4.8082779e-02   4.4769431e-01
   1.2060000e+03  -5.2286049e-02   4.3441461e-01
   1.2070000e+03  -5.7647417e-02   4.2241501e-01
   1.2080000e+03  -6.5635670e-02   4.1400055e-01
   1.2090000e+03  -7.3567514e-02   3.9881659e-01
   1.2100000e+03  -7.2212183e-02   3.9099845e-01
   1.2110000e+03  -6.6182782e-02   3.8337114e-01
   1.2120000e+03  -5.7872723e-02   3.7991583e-01
   1.2130000e+03  -5.0731673e-02   3.7493384e-01
   1.2140000e+03  -4.2168369e-02   3.7180047e-01
   1.2150000e+03  -3.3147328e-02   3.7083358e-01
   1.2160000e+03  -2.4035485e-02   3.6570969e-01
   1.2170000e+03  -1.7908088e-02   3.5716148e-01
   1.2180000e+03  -1.4914497e-02   3.4425134e-01
   1.2190000e+03  -1.4179595e-02   3.2961986e-01
   1.2200000e+03  -1.3158975e-02   3.1557489e-01
   1.2210000e+03  -1.2664855e-02   3.0278377e-01
   1.2220000e+03  -1.3127883e-02   2.9012088e-01
   1.2230000e+03  -1.4214013e-02   2.7737816e-01
   1.2240000e+03  -1.5894488e-02   2.6409344e-01
   1.2250000e+03  -1.7112603e-02   2.5131863e-01
   1.2260000e+03  -1.9709821e-02   2.3665456e-01
   1.2270000e+03  -2.3499838e-02   2.2199045e-01
   1.2280000e+03  -2.8820225e-02   2.0649595e-01
   1.2290000e+03  -3.8547264e-02   1.9077611e-01
   1.2300000e+03  -4.9935014e-02   1.7195428e-01
   1.2310000e+03  -6.1183814e-02   1.5195686e-01
   1.2320000e+03  -6.9963703e-02   1.2701989e-01
