   1.0000000e+00   1.5711809e+00   8.2342640e-01
   2.0000000e+00   1.5727970e+00   8.2469437e-01
   3.0000000e+00   1.5741842e+00   8.2493509e-01
   4.0000000e+00   1.5761656e+00   8.2539222e-01
   5.0000000e+00   1.5775966e+00   8.2593750e-01
   6.0000000e+00   1.5796115e+00   8.2704992e-01
   7.0000000e+00   1.5812561e+00   8.2767433e-01
   8.0000000e+00   1.5827559e+00   8.2811997e-01
   9.0000000e+00   1.5838076e+00   8.2873987e-01
   1.0000000e+01   1.5849913e+00   8.2864524e-01
   1.1000000e+01   1.5855458e+00   8.2865310e-01
   1.2000000e+01   1.5863928e+00   8.2848334e-01
   1.3000000e+01   1.5867050e+00   8.2893522e-01
   1.4000000e+01   1.5863300e+00   8.2981022e-01
   1.5000000e+01   1.5853471e+00   8.3177999e-01
   1.6000000e+01   1.5848949e+00   8.3306105e-01
   1.7000000e+01   1.5831912e+00   8.3367646e-01
   1.8000000e+01   1.5824615e+00   8.3322632e-01
   1.9000000e+01   1.5818537e+00   8.3158615e-01
   2.0000000e+01   1.5814699e+00   8.2908591e-01
   2.1000000e+01   1.5804888e+00   8.2596519e-01
   2.2000000e+01   1.5793657e+00   8.2288209e-01
   2.3000000e+01   1.5784095e+00   8.1975338e-01
   2.4000000e+01   1.5775488e+00   8.1720627e-01
   2.5000000e+01   1.5767286e+00   8.1422574e-01
   2.6000000e+01   1.5753108e+00   8.1221508e-01
   2.7000000e+01   1.5755372e+00   8.0952499e-01
   2.8000000e+01   1.5754433e+00   8.0760132e-01
   2.9000000e+01   1.5753394e+00   8.0540471e-01
   3.0000000e+01   1.5754316e+00   8.0370819e-01
   3.1000000e+01   1.5758282e+00   8.0170419e-01
   3.2000000e+01   1.5759879e+00   8.0024189e-01
   3.3000000e+01   1.5764395e+00   7.9925153e-01
   3.4000000e+01   1.5775367e+00   7.9823611e-01
   3.5000000e+01   1.5788890e+00   7.9768379e-01
   3.6000000e+01   1.5800933e+00   7.9732633e-01
   3.7000000e+01   1.5821761e+00   7.9693583e-01
   3.8000000e+01   1.5834771e+00   7.9608031e-01
   3.9000000e+01   1.5837371e+00   7.9498762e-01
   4.0000000e+01   1.5836840e+00   7.9394932e-01
   4.1000000e+01   1.5821108e+00   7.9324366e-01
   4.2000000e+01   1.5801345e+00   7.9248331e-01
   4.3000000e+01   1.5776563e+00   7.9188261e-01
   4.4000000e+01   1.5755004e+00   7.9088729e-01
   4.5000000e+01   1.5732233e+00   7.8927522e-01
   4.6000000e+01   1.5712037e+00   7.8726753e-01
   4.7000000e+01   1.5695678e+00   7.8581040e-01
   4.8000000e+01   1.5681565e+00   7.8532461e-01
   4.9000000e+01   1.5672023e+00   7.8562521e-01
   5.0000000e+01   1.5656297e+00   7.8661108e-01
   5.1000000e+01   1.5640069e+00   7.8790692e-01
   5.2000000e+01   1.5623737e+00   7.8954898e-01
   5.3000000e+01   1.5607545e+00   7.9080499e-01
   5.4000000e+01   1.5580572e+00   7.9231662e-01
   5.5000000e+01   1.5551711e+00   7.9379456e-01
   5.6000000e+01   1.5522286e+00   7.9523468e-01
   5.7000000e+01   1.5503192e+00   7.9589946e-01
   5.8000000e+01   1.5479209e+00   7.9728016e-01
   5.9000000e+01   1.5470025e+00   7.9875731e-01
   6.0000000e+01   1.5458190e+00   8.0146843e-01
   6.1000000e+01   1.5431135e+00   8.0495972e-01
   6.2000000e+01   1.5416546e+00   8.0730976e-01
   6.3000000e+01   1.5397365e+00   8.1034311e-01
   6.4000000e+01   1.5389298e+00   8.1275330e-01
   6.5000000e+01   1.5386698e+00   8.1472168e-01
   6.6000000e+01   1.5398665e+00   8.1634950e-01
   6.7000000e+01   1.5411644e+00   8.1703454e-01
   6.8000000e+01   1.5430141e+00   8.1722450e-01
   6.9000000e+01   1.5449268e+00   8.1703135e-01
   7.0000000e+01   1.5468115e+00   8.1610061e-01
   7.1000000e+01   1.5486700e+00   8.1362882e-01
   7.2000000e+01   1.5503997e+00   8.1034224e-01
   7.3000000e+01   1.5511205e+00   8.0561188e-01
   7.4000000e+01   1.5505297e+00   7.9997970e-01
   7.5000000e+01   1.5494036e+00   7.9471278e-01
   7.6000000e+01   1.5475164e+00   7.8862051e-01
   7.7000000e+01   1.5449127e+00   7.8322602e-01
   7.8000000e+01   1.5441903e+00   7.7837434e-01
   7.9000000e+01   1.5441221e+00   7.7465795e-01
   8.0000000e+01   1.5453929e+00   7.7171146e-01
   8.1000000e+01   1.5476884e+00   7.6922470e-01
   8.2000000e+01   1.5512325e+00   7.6693193e-01
   8.3000000e+01   1.5545075e+00   7.6519946e-01
   8.4000000e+01   1.5584987e+00   7.6348988e-01
   8.5000000e+01   1.5633488e+00   7.6207658e-01
   8.6000000e+01   1.5674972e+00   7.6158133e-01
   8.7000000e+01   1.5719864e+00   7.6072605e-01
   8.8000000e+01   1.5767078e+00   7.6018149e-01
   8.9000000e+01   1.5817117e+00   7.5890188e-01
   9.0000000e+01   1.5861065e+00   7.5848487e-01
   9.1000000e+01   1.5909690e+00   7.5768222e-01
   9.2000000e+01   1.5961331e+00   7.5736372e-01
   9.3000000e+01   1.5999927e+00   7.5701039e-01
   9.4000000e+01   1.6046003e+00   7.5682916e-01
   9.5000000e+01   1.6092877e+00   7.5569613e-01
   9.6000000e+01   1.6135895e+00   7.5429751e-01
   9.7000000e+01   1.6195050e+00   7.5200229e-01
   9.8000000e+01   1.6212544e+00   7.4826327e-01
   9.9000000e+01   1.6227317e+00   7.4391855e-01
   1.0000000e+02   1.6230197e+00   7.4029395e-01
   1.0100000e+02   1.6228815e+00   7.3813739e-01
   1.0200000e+02   1.6222355e+00   7.3654111e-01
   1.0300000e+02   1.6216690e+00   7.3485095e-01
   1.0400000e+02   1.6207497e+00   7.3364342e-01
   1.0500000e+02   1.6191539e+00   7.3374300e-01
   1.0600000e+02   1.6161406e+00   7.3439104e-01
   1.0700000e+02   1.6131757e+00   7.3465376e-01
   1.0800000e+02   1.6096294e+00   7.3443134e-01
   1.0900000e+02   1.6066372e+00   7.3487589e-01
   1.1000000e+02   1.6015452e+00   7.3605173e-01
   1.1100000e+02   1.5944484e+00   7.3830731e-01
   1.1200000e+02   1.5862112e+00   7.4108654e-01
   1.1300000e+02   1.5770336e+00   7.4400574e-01
   1.1400000e+02   1.5655292e+00   7.4624920e-01
   1.1500000e+02   1.5500669e+00   7.4631654e-01
   1.1600000e+02   1.5319320e+00   7.4409331e-01
   1.1700000e+02   1.5097449e+00   7.4050038e-01
   1.1800000e+02   1.4828401e+00   7.3682708e-01
   1.1900000e+02   1.4537269e+00   7.3248761e-01
   1.2000000e+02   1.4206625e+00   7.2612898e-01
   1.2100000e+02   1.3816318e+00   7.1873599e-01
   1.2200000e+02   1.3452204e+00   7.0745752e-01
   1.2300000e+02   1.3145235e+00   6.9086597e-01
   1.2400000e+02   1.2875530e+00   6.7643040e-01
   1.2500000e+02   1.2655142e+00   6.6244367e-01
   1.2600000e+02   1.2500026e+00   6.4708843e-01
   1.2700000e+02   1.2385633e+00   6.3334429e-01
   1.2800000e+02   1.2304042e+00   6.2049610e-01
   1.2900000e+02   1.2309054e+00   6.2235789e-01
   1.3000000e+02   1.2181189e+00   6.0751149e-01
   1.3100000e+02   1.2124661e+00   6.0413421e-01
   1.3200000e+02   1.2059825e+00   5.9971496e-01
   1.3300000e+02   1.2002385e+00   5.9342064e-01
   1.3400000e+02   1.1964946e+00   5.8492522e-01
   1.3500000e+02   1.1986489e+00   5.7914114e-01
   1.3600000e+02   1.2054203e+00   5.7325606e-01
   1.3700000e+02   1.2146123e+00   5.6780231e-01
   1.3800000e+02   1.2255661e+00   5.6099049e-01
   1.3900000e+02   1.2352962e+00   5.5683443e-01
   1.4000000e+02   1.2406303e+00   5.5198131e-01
   1.4100000e+02   1.2430319e+00   5.4892952e-01
   1.4200000e+02   1.2439281e+00   5.4585624e-01
   1.4300000e+02   1.2479260e+00   5.3496938e-01
   1.4400000e+02   1.2460267e+00   5.4212043e-01
   1.4500000e+02   1.2455245e+00   5.3772594e-01
   1.4600000e+02   1.2433429e+00   5.3393033e-01
   1.4700000e+02   1.2359575e+00   5.3038411e-01
   1.4800000e+02   1.2248202e+00   5.2770604e-01
   1.4900000e+02   1.2069007e+00   5.2642597e-01
   1.5000000e+02   1.1820248e+00   5.2614567e-01
   1.5100000e+02   1.1515199e+00   5.2646785e-01
   1.5200000e+02   1.1207839e+00   5.2581788e-01
   1.5300000e+02   1.0914344e+00   5.2249386e-01
   1.5400000e+02   1.0728749e+00   5.2153980e-01
   1.5500000e+02   1.0634249e+00   5.2107016e-01
   1.5600000e+02   1.0593882e+00   5.2035002e-01
   1.5700000e+02   1.0578597e+00   5.2226938e-01
   1.5800000e+02   1.0548915e+00   5.2314728e-01
   1.5900000e+02   1.0477363e+00   5.2207848e-01
   1.6000000e+02   1.0365657e+00   5.1633963e-01
   1.6100000e+02   1.0237547e+00   5.0656002e-01
   1.6200000e+02   1.0111675e+00   4.9513132e-01
   1.6300000e+02   1.0003687e+00   4.8404988e-01
   1.6400000e+02   9.9623385e-01   4.7252193e-01
   1.6500000e+02   9.8710638e-01   4.5956396e-01
   1.6600000e+02   9.7124812e-01   4.5171077e-01
   1.6700000e+02   9.5691370e-01   4.4418603e-01
   1.6800000e+02   9.4492837e-01   4.4346024e-01
   1.6900000e+02   9.3585387e-01   4.3259600e-01
   1.7000000e+02   9.2975464e-01   4.4793173e-01
   1.7100000e+02   9.2373133e-01   4.5087079e-01
   1.7200000e+02   9.1674071e-01   4.5517365e-01
   1.7300000e+02   9.1041962e-01   4.5488307e-01
   1.7400000e+02   9.0821040e-01   4.5453432e-01
   1.7500000e+02   9.0521482e-01   4.5022258e-01
   1.7600000e+02   9.0310306e-01   4.4051504e-01
   1.7700000e+02   9.0009454e-01   4.3884245e-01
   1.7800000e+02   8.9732804e-01   4.3284430e-01
   1.7900000e+02   8.9229413e-01   4.3778843e-01
   1.8000000e+02   8.9072927e-01   4.3601593e-01
   1.8100000e+02   8.9009341e-01   4.2384981e-01
   1.8200000e+02   8.9532249e-01   4.3118616e-01
   1.8300000e+02   8.9847384e-01   4.2223759e-01
   1.8400000e+02   9.0866907e-01   4.2750188e-01
   1.8500000e+02   9.1330664e-01   4.2387261e-01
   1.8600000e+02   9.1447364e-01   4.1710423e-01
   1.8700000e+02   9.1619751e-01   4.1838547e-01
   1.8800000e+02   9.1890755e-01   4.1709493e-01
   1.8900000e+02   9.2311262e-01   4.1872882e-01
   1.9000000e+02   9.2732917e-01   4.1874222e-01
   1.9100000e+02   9.3228909e-01   4.2116702e-01
   1.9200000e+02   9.3784386e-01   4.2416068e-01
   1.9300000e+02   9.4450096e-01   4.2552917e-01
   1.9400000e+02   9.4841712e-01   4.2511318e-01
   1.9500000e+02   9.5624938e-01   4.2654321e-01
   1.9600000e+02   9.6318725e-01   4.2575516e-01
   1.9700000e+02   9.7080291e-01   4.2449705e-01
   1.9800000e+02   9.7868147e-01   4.2265858e-01
   1.9900000e+02   9.8625146e-01   4.1942115e-01
   2.0000000e+02   9.9362007e-01   4.1597333e-01
   2.0100000e+02   1.0016892e+00   4.1200240e-01
   2.0200000e+02   1.0096189e+00   4.0914344e-01
   2.0300000e+02   1.0183901e+00   4.0692426e-01
   2.0400000e+02   1.0298426e+00   4.0715416e-01
   2.0500000e+02   1.0412297e+00   4.0843321e-01
   2.0600000e+02   1.0504602e+00   4.1019973e-01
   2.0700000e+02   1.0583307e+00   4.1098364e-01
   2.0800000e+02   1.0657914e+00   4.0968046e-01
   2.0900000e+02   1.0713045e+00   4.0826081e-01
   2.1000000e+02   1.0747633e+00   4.0474411e-01
   2.1100000e+02   1.0785997e+00   4.0387450e-01
   2.1200000e+02   1.0810286e+00   4.0394051e-01
   2.1300000e+02   1.0817950e+00   4.0640270e-01
   2.1400000e+02   1.0812452e+00   4.1076520e-01
   2.1500000e+02   1.0817329e+00   4.1353687e-01
   2.1600000e+02   1.0831257e+00   4.1673256e-01
   2.1700000e+02   1.0861755e+00   4.1629028e-01
   2.1800000e+02   1.0863399e+00   4.1881800e-01
   2.1900000e+02   1.0861124e+00   4.1692421e-01
   2.2000000e+02   1.0878645e+00   4.1647401e-01
   2.2100000e+02   1.0871510e+00   4.1575454e-01
   2.2200000e+02   1.0892689e+00   4.1615664e-01
   2.2300000e+02   1.0920851e+00   4.1650408e-01
   2.2400000e+02   1.0969096e+00   4.1669743e-01
   2.2500000e+02   1.1023281e+00   4.1452778e-01
   2.2600000e+02   1.1067628e+00   4.1486476e-01
   2.2700000e+02   1.1100080e+00   4.1425194e-01
   2.2800000e+02   1.1096628e+00   4.1220416e-01
   2.2900000e+02   1.1063986e+00   4.1700239e-01
   2.3000000e+02   1.0996524e+00   4.1261089e-01
   2.3100000e+02   1.0931598e+00   4.1035786e-01
   2.3200000e+02   1.0884350e+00   4.0881253e-01
   2.3300000e+02   1.0852710e+00   4.0408661e-01
   2.3400000e+02   1.0813336e+00   4.0851206e-01
   2.3500000e+02   1.0751232e+00   4.1087724e-01
   2.3600000e+02   1.0673162e+00   4.1200309e-01
   2.3700000e+02   1.0581025e+00   4.1204873e-01
   2.3800000e+02   1.0486409e+00   4.1199019e-01
   2.3900000e+02   1.0388572e+00   4.1215383e-01
   2.4000000e+02   1.0292993e+00   4.1213151e-01
   2.4100000e+02   1.0105479e+00   4.1434128e-01
   2.4200000e+02   1.0060979e+00   4.1195079e-01
   2.4300000e+02   9.9937184e-01   4.0810900e-01
   2.4400000e+02   9.9483599e-01   4.1135645e-01
   2.4500000e+02   9.9405784e-01   4.0613151e-01
   2.4600000e+02   9.9424436e-01   4.0321471e-01
   2.4700000e+02   9.9355400e-01   4.0053227e-01
   2.4800000e+02   9.9325449e-01   3.9798442e-01
   2.4900000e+02   9.9315196e-01   3.9600866e-01
   2.5000000e+02   9.9387893e-01   3.9443503e-01
   2.5100000e+02   9.9435059e-01   3.9275311e-01
   2.5200000e+02   9.9107342e-01   3.9100010e-01
   2.5300000e+02   9.8626471e-01   3.9038160e-01
   2.5400000e+02   9.8259752e-01   3.9209519e-01
   2.5500000e+02   9.7807585e-01   3.9539827e-01
   2.5600000e+02   9.7466383e-01   3.9816028e-01
   2.5700000e+02   9.7215130e-01   3.9948977e-01
   2.5800000e+02   9.7121129e-01   3.9860956e-01
   2.5900000e+02   9.6967883e-01   3.9704997e-01
   2.6000000e+02   9.6802781e-01   3.9524341e-01
   2.6100000e+02   9.6672066e-01   3.9476051e-01
   2.6200000e+02   9.6539941e-01   3.9516186e-01
   2.6300000e+02   9.6404968e-01   3.9384099e-01
   2.6400000e+02   9.6491997e-01   3.9486864e-01
   2.6500000e+02   9.6743702e-01   3.9496173e-01
   2.6600000e+02   9.7148480e-01   3.9665573e-01
   2.6700000e+02   9.7786154e-01   3.9716211e-01
   2.6800000e+02   9.8412864e-01   4.0059841e-01
   2.6900000e+02   9.9076823e-01   4.0341521e-01
   2.7000000e+02   9.9744665e-01   4.0844163e-01
   2.7100000e+02   1.0054486e+00   4.1292077e-01
   2.7200000e+02   1.0116546e+00   4.1682274e-01
   2.7300000e+02   1.0156249e+00   4.2057007e-01
   2.7400000e+02   1.0165965e+00   4.2358293e-01
   2.7500000e+02   1.0162743e+00   4.2566807e-01
   2.7600000e+02   1.0159873e+00   4.2833693e-01
   2.7700000e+02   1.0174833e+00   4.3077817e-01
   2.7800000e+02   1.0181682e+00   4.3318719e-01
   2.7900000e+02   1.0211199e+00   4.3634349e-01
   2.8000000e+02   1.0242792e+00   4.3764213e-01
   2.8100000e+02   1.0267477e+00   4.3813872e-01
   2.8200000e+02   1.0292601e+00   4.3929539e-01
   2.8300000e+02   1.0322455e+00   4.4024817e-01
   2.8400000e+02   1.0360297e+00   4.4308899e-01
   2.8500000e+02   1.0419552e+00   4.4601888e-01
   2.8600000e+02   1.0480985e+00   4.4923429e-01
   2.8700000e+02   1.0525103e+00   4.5030734e-01
   2.8800000e+02   1.0543003e+00   4.5106561e-01
   2.8900000e+02   1.0541575e+00   4.4998594e-01
   2.9000000e+02   1.0519812e+00   4.4926425e-01
   2.9100000e+02   1.0487549e+00   4.4718542e-01
   2.9200000e+02   1.0433545e+00   4.4315557e-01
   2.9300000e+02   1.0350045e+00   4.3888493e-01
   2.9400000e+02   1.0218288e+00   4.3413812e-01
   2.9500000e+02   1.0063396e+00   4.2936182e-01
   2.9600000e+02   9.9145135e-01   4.2744955e-01
   2.9700000e+02   9.7807615e-01   4.2478812e-01
   2.9800000e+02   9.6735600e-01   4.2619595e-01
   2.9900000e+02   9.5771006e-01   4.2552541e-01
   3.0000000e+02   9.5092551e-01   4.2561967e-01
   3.0100000e+02   9.4756229e-01   4.2666155e-01
   3.0200000e+02   9.4862119e-01   4.2706063e-01
   3.0300000e+02   9.5428687e-01   4.2722978e-01
   3.0400000e+02   9.6321849e-01   4.2862570e-01
   3.0500000e+02   9.7163722e-01   4.3051709e-01
   3.0600000e+02   9.7939568e-01   4.3238385e-01
   3.0700000e+02   9.8713738e-01   4.3373528e-01
   3.0800000e+02   9.9433201e-01   4.3372685e-01
   3.0900000e+02   1.0015334e+00   4.3457563e-01
   3.1000000e+02   1.0086715e+00   4.3419547e-01
   3.1100000e+02   1.0158865e+00   4.3303922e-01
   3.1200000e+02   1.0238278e+00   4.3237087e-01
   3.1300000e+02   1.0291333e+00   4.2684424e-01
   3.1400000e+02   1.0274492e+00   4.1487609e-01
   3.1500000e+02   1.0450592e+00   4.2933694e-01
   3.1600000e+02   1.0531401e+00   4.2717452e-01
   3.1700000e+02   1.0624776e+00   4.2590850e-01
   3.1800000e+02   1.0726205e+00   4.2629497e-01
   3.1900000e+02   1.0808592e+00   4.2828374e-01
   3.2000000e+02   1.0881961e+00   4.3185331e-01
   3.2100000e+02   1.0948963e+00   4.3607466e-01
   3.2200000e+02   1.1009729e+00   4.4023799e-01
   3.2300000e+02   1.1064048e+00   4.4485888e-01
   3.2400000e+02   1.1111891e+00   4.4781933e-01
   3.2500000e+02   1.1153870e+00   4.4927041e-01
   3.2600000e+02   1.1172752e+00   4.5455992e-01
   3.2700000e+02   1.1177662e+00   4.5694745e-01
   3.2800000e+02   1.1150457e+00   4.5887594e-01
   3.2900000e+02   1.0939287e+00   4.6496716e-01
   3.3000000e+02   1.1088957e+00   4.6054413e-01
   3.3100000e+02   1.1035934e+00   4.5498286e-01
   3.3200000e+02   1.0992581e+00   4.5962069e-01
   3.3300000e+02   1.0913859e+00   4.5960777e-01
   3.3400000e+02   1.0820770e+00   4.6016971e-01
   3.3500000e+02   1.0726620e+00   4.5098811e-01
   3.3600000e+02   1.0665406e+00   4.5650826e-01
   3.3700000e+02   1.0500422e+00   4.5104007e-01
   3.3800000e+02   1.0587490e+00   4.5094740e-01
   3.3900000e+02   1.0555326e+00   4.4596393e-01
   3.4000000e+02   1.0517829e+00   4.5385467e-01
   3.4100000e+02   1.0435492e+00   4.3364708e-01
   3.4200000e+02   1.0373198e+00   4.4314494e-01
   3.4300000e+02   1.0273712e+00   4.3272934e-01
   3.4400000e+02   1.0216214e+00   4.3372994e-01
   3.4500000e+02   1.0180438e+00   4.3107668e-01
   3.4600000e+02   1.0143225e+00   4.3419300e-01
   3.4700000e+02   1.0106134e+00   4.3613322e-01
   3.4800000e+02   1.0035116e+00   4.4044929e-01
   3.4900000e+02   9.9595435e-01   4.3720478e-01
   3.5000000e+02   9.9118140e-01   4.3620648e-01
   3.5100000e+02   9.8954815e-01   4.3631473e-01
   3.5200000e+02   9.9156185e-01   4.3733483e-01
   3.5300000e+02   9.9705572e-01   4.4063743e-01
   3.5400000e+02   1.0031370e+00   4.4371233e-01
   3.5500000e+02   1.0070914e+00   4.4602627e-01
   3.5600000e+02   1.0084890e+00   4.4774609e-01
   3.5700000e+02   1.0074555e+00   4.4813427e-01
   3.5800000e+02   1.0041484e+00   4.4757477e-01
   3.5900000e+02   1.0001945e+00   4.4646670e-01
   3.6000000e+02   9.9600107e-01   4.4499502e-01
   3.6100000e+02   9.9365744e-01   4.4531932e-01
   3.6200000e+02   9.9215808e-01   4.4294756e-01
   3.6300000e+02   9.9133469e-01   4.4005875e-01
   3.6400000e+02   9.9011792e-01   4.3677219e-01
   3.6500000e+02   9.8796842e-01   4.3159825e-01
   3.6600000e+02   9.8253861e-01   4.2542818e-01
   3.6700000e+02   9.7429749e-01   4.1796159e-01
   3.6800000e+02   9.6386500e-01   4.1058494e-01
   3.6900000e+02   9.4846890e-01   4.0246931e-01
   3.7000000e+02   9.3098729e-01   3.9623272e-01
   3.7100000e+02   9.1207313e-01   3.9131661e-01
   3.7200000e+02   8.9911153e-01   3.9235519e-01
   3.7300000e+02   8.9259292e-01   3.9321220e-01
   3.7400000e+02   8.8798397e-01   3.9270710e-01
   3.7500000e+02   8.8700781e-01   3.9143235e-01
   3.7600000e+02   8.8601761e-01   3.8285666e-01
   3.7700000e+02   8.8446316e-01   3.7667581e-01
   3.7800000e+02   8.8517489e-01   3.6971052e-01
   3.7900000e+02   8.8669349e-01   3.6498618e-01
   3.8000000e+02   8.8894000e-01   3.6267842e-01
   3.8100000e+02   8.9100681e-01   3.6148876e-01
   3.8200000e+02   8.8908335e-01   3.6133547e-01
   3.8300000e+02   8.8288616e-01   3.6011949e-01
   3.8400000e+02   8.7312075e-01   3.5898307e-01
   3.8500000e+02   8.5813922e-01   3.5674941e-01
   3.8600000e+02   8.4265316e-01   3.5553216e-01
   3.8700000e+02   8.2646822e-01   3.5536596e-01
   3.8800000e+02   8.1234913e-01   3.5404783e-01
   3.8900000e+02   7.9966569e-01   3.5095835e-01
   3.9000000e+02   7.8796535e-01   3.4607312e-01
   3.9100000e+02   7.7725339e-01   3.3916093e-01
   3.9200000e+02   7.6574662e-01   3.3158374e-01
   3.9300000e+02   7.5794723e-01   3.2193871e-01
   3.9400000e+02   7.5127592e-01   3.1105394e-01
   3.9500000e+02   7.4593935e-01   3.0040653e-01
   3.9600000e+02   7.4374844e-01   2.9336225e-01
   3.9700000e+02   7.4570473e-01   2.8682236e-01
   3.9800000e+02   7.3718506e-01   2.7855816e-01
   3.9900000e+02   7.2791012e-01   2.7150448e-01
   4.0000000e+02   7.2221152e-01   2.6505559e-01
   4.0100000e+02   7.2184087e-01   2.6058178e-01
   4.0200000e+02   7.2317183e-01   2.5505620e-01
   4.0300000e+02   7.2394193e-01   2.4930651e-01
   4.0400000e+02   7.2468394e-01   2.4346267e-01
   4.0500000e+02   7.2299450e-01   2.3769016e-01
   4.0600000e+02   7.2023697e-01   2.2985957e-01
   4.0700000e+02   7.1989557e-01   2.2202916e-01
   4.0800000e+02   7.1979714e-01   2.1619927e-01
   4.0900000e+02   7.1316431e-01   2.1259964e-01
   4.1000000e+02   7.0977147e-01   2.1196610e-01
   4.1100000e+02   7.0432725e-01   2.1457769e-01
   4.1200000e+02   6.9974530e-01   2.2093514e-01
   4.1300000e+02   6.9743854e-01   2.2997304e-01
   4.1400000e+02   6.9526414e-01   2.4337553e-01
   4.1500000e+02   6.8662692e-01   2.5544544e-01
   4.1600000e+02   6.7489676e-01   2.6146331e-01
   4.1700000e+02   6.6156795e-01   2.6543518e-01
   4.1800000e+02   6.4719584e-01   2.6475717e-01
   4.1900000e+02   6.3067531e-01   2.6166760e-01
   4.2000000e+02   6.1360016e-01   2.5512595e-01
   4.2100000e+02   5.9940855e-01   2.4703271e-01
   4.2200000e+02   5.8760344e-01   2.3989314e-01
   4.2300000e+02   5.8092249e-01   2.3408458e-01
   4.2400000e+02   5.7443977e-01   2.2809476e-01
   4.2500000e+02   5.6733488e-01   2.2651898e-01
   4.2600000e+02   5.6102753e-01   2.2727629e-01
   4.2700000e+02   5.5552429e-01   2.2818093e-01
   4.2800000e+02   5.5217797e-01   2.2816405e-01
   4.2900000e+02   5.4979054e-01   2.2606851e-01
   4.3000000e+02   5.5080028e-01   2.2382553e-01
   4.3100000e+02   5.5377601e-01   2.1754677e-01
   4.3200000e+02   5.5582491e-01   2.1004646e-01
   4.3300000e+02   5.5611398e-01   2.0661927e-01
   4.3400000e+02   5.5746835e-01   2.0237040e-01
   4.3500000e+02   5.6333292e-01   1.9788597e-01
   4.3600000e+02   5.6858559e-01   1.9123617e-01
   4.3700000e+02   5.6911392e-01   1.7994672e-01
   4.3800000e+02   5.6863121e-01   1.7645343e-01
   4.3900000e+02   5.7179989e-01   1.7654395e-01
   4.4000000e+02   5.7533427e-01   1.7784790e-01
   4.4100000e+02   5.7973400e-01   1.7864676e-01
   4.4200000e+02   5.7996536e-01   1.7429759e-01
   4.4300000e+02   5.7890784e-01   1.7071170e-01
   4.4400000e+02   5.7588937e-01   1.6944021e-01
   4.4500000e+02   5.7181851e-01   1.6816816e-01
   4.4600000e+02   5.6589280e-01   1.6819066e-01
   4.4700000e+02   5.6065847e-01   1.6935121e-01
   4.4800000e+02   5.5670461e-01   1.7195824e-01
   4.4900000e+02   5.5399302e-01   1.7575087e-01
   4.5000000e+02   5.5128931e-01   1.8221444e-01
   4.5100000e+02   5.4216911e-01   1.8754818e-01
   4.5200000e+02   5.2612762e-01   1.9177637e-01
   4.5300000e+02   5.0116411e-01   1.9516365e-01
   4.5400000e+02   4.7847141e-01   2.0047924e-01
   4.5500000e+02   4.6311555e-01   2.0040344e-01
   4.5600000e+02   4.5669271e-01   1.9928453e-01
   4.5700000e+02   4.5584208e-01   1.9959028e-01
   4.5800000e+02   4.5245768e-01   1.9907896e-01
   4.5900000e+02   4.5205825e-01   2.0206749e-01
   4.6000000e+02   4.5230309e-01   2.0691267e-01
   4.6100000e+02   4.5413557e-01   2.0535793e-01
   4.6200000e+02   4.6006154e-01   1.9991234e-01
   4.6300000e+02   4.7639374e-01   1.9628387e-01
   4.6400000e+02   4.9669981e-01   1.9265859e-01
   4.6500000e+02   5.1652708e-01   1.9054095e-01
   4.6600000e+02   5.3005521e-01   1.8842359e-01
   4.6700000e+02   5.3755637e-01   1.8841370e-01
   4.6800000e+02   5.4221884e-01   1.9004391e-01
   4.6900000e+02   5.4465066e-01   1.8912646e-01
   4.7000000e+02   5.4454694e-01   1.8982807e-01
   4.7100000e+02   5.4194199e-01   1.9137377e-01
   4.7200000e+02   5.3691427e-01   1.9362023e-01
   4.7300000e+02   5.3010443e-01   1.9944101e-01
   4.7400000e+02   5.2308946e-01   2.0398862e-01
   4.7500000e+02   5.1819139e-01   2.0584168e-01
   4.7600000e+02   5.1817585e-01   2.0560102e-01
   4.7700000e+02   5.2333943e-01   2.0628292e-01
   4.7800000e+02   5.3360272e-01   2.0562079e-01
   4.7900000e+02   5.4528566e-01   2.0325451e-01
   4.8000000e+02   5.5464907e-01   1.9975151e-01
   4.8100000e+02   5.5857937e-01   1.9676178e-01
   4.8200000e+02   5.6224540e-01   1.9533615e-01
   4.8300000e+02   5.6370697e-01   1.9248447e-01
   4.8400000e+02   5.6418034e-01   1.8961625e-01
   4.8500000e+02   5.6567491e-01   1.8775507e-01
   4.8600000e+02   5.6768709e-01   1.8680856e-01
   4.8700000e+02   5.7191338e-01   1.8813481e-01
   4.8800000e+02   5.7910809e-01   1.8837717e-01
   4.8900000e+02   5.8654709e-01   1.8875281e-01
   4.9000000e+02   5.9439807e-01   1.9027188e-01
   4.9100000e+02   6.0090634e-01   1.9133150e-01
   4.9200000e+02   6.0528299e-01   1.9118598e-01
   4.9300000e+02   6.0745655e-01   1.9421019e-01
   4.9400000e+02   6.1100114e-01   1.9404307e-01
   4.9500000e+02   6.1399878e-01   1.9637358e-01
   4.9600000e+02   6.1311541e-01   1.9679891e-01
   4.9700000e+02   6.0913159e-01   1.9811293e-01
   4.9800000e+02   6.0619099e-01   1.9951301e-01
   4.9900000e+02   6.0431936e-01   1.9932090e-01
   5.0000000e+02   6.0182110e-01   1.9930095e-01
   5.0100000e+02   5.9944916e-01   1.9868507e-01
   5.0200000e+02   5.9859947e-01   1.9602815e-01
   5.0300000e+02   5.9981087e-01   1.9140507e-01
   5.0400000e+02   6.0258396e-01   1.8897312e-01
   5.0500000e+02   6.0566280e-01   1.8567528e-01
   5.0600000e+02   6.1162077e-01   1.8506634e-01
   5.0700000e+02   6.1497189e-01   1.8778041e-01
   5.0800000e+02   6.1699368e-01   1.9078261e-01
   5.0900000e+02   6.1793054e-01   1.9464688e-01
   5.1000000e+02   6.1949749e-01   1.9775704e-01
   5.1100000e+02   6.2426189e-01   1.9766400e-01
   5.1200000e+02   6.3155047e-01   1.9669247e-01
   5.1300000e+02   6.3799673e-01   1.9462521e-01
   5.1400000e+02   6.4330110e-01   1.9384541e-01
   5.1500000e+02   6.4671735e-01   1.9378848e-01
   5.1600000e+02   6.5012108e-01   1.9407525e-01
   5.1700000e+02   6.5330004e-01   1.9203849e-01
   5.1800000e+02   6.5409690e-01   1.8989145e-01
   5.1900000e+02   6.5509239e-01   1.8731798e-01
   5.2000000e+02   6.5603312e-01   1.8629940e-01
   5.2100000e+02   6.5679390e-01   1.8691948e-01
   5.2200000e+02   6.5799941e-01   1.8585323e-01
   5.2300000e+02   6.6017780e-01   1.8349945e-01
   5.2400000e+02   6.6235301e-01   1.7967798e-01
   5.2500000e+02   6.6425316e-01   1.7613561e-01
   5.2600000e+02   6.6468431e-01   1.7321600e-01
   5.2700000e+02   6.6533035e-01   1.7196688e-01
   5.2800000e+02   6.6607857e-01   1.7341933e-01
   5.2900000e+02   6.6613252e-01   1.7655398e-01
   5.3000000e+02   6.6777478e-01   1.7822032e-01
   5.3100000e+02   6.7009751e-01   1.7997759e-01
   5.3200000e+02   6.7217758e-01   1.7989879e-01
   5.3300000e+02   6.7184697e-01   1.7926989e-01
   5.3400000e+02   6.7004426e-01   1.7948515e-01
   5.3500000e+02   6.6786849e-01   1.8106733e-01
   5.3600000e+02   6.6494399e-01   1.8306531e-01
   5.3700000e+02   6.6074343e-01   1.8422356e-01
   5.3800000e+02   6.5454804e-01   1.8480114e-01
   5.3900000e+02   6.4790224e-01   1.8349631e-01
   5.4000000e+02   6.4195406e-01   1.8197522e-01
   5.4100000e+02   6.3474695e-01   1.7774748e-01
   5.4200000e+02   6.3347887e-01   1.7578396e-01
   5.4300000e+02   6.3226061e-01   1.7361282e-01
   5.4400000e+02   6.3115830e-01   1.7319711e-01
   5.4500000e+02   6.3076960e-01   1.7261910e-01
   5.4600000e+02   6.3185995e-01   1.7142757e-01
   5.4700000e+02   6.3470799e-01   1.6955166e-01
   5.4800000e+02   6.3814908e-01   1.6713007e-01
   5.4900000e+02   6.4241890e-01   1.6417194e-01
   5.5000000e+02   6.4553243e-01   1.6019909e-01
   5.5100000e+02   6.4815495e-01   1.5781824e-01
   5.5200000e+02   6.4968187e-01   1.5540540e-01
   5.5300000e+02   6.4862503e-01   1.5445494e-01
   5.5400000e+02   6.4664812e-01   1.5383103e-01
   5.5500000e+02   6.4243463e-01   1.5459674e-01
   5.5600000e+02   6.3611754e-01   1.5723003e-01
   5.5700000e+02   6.2844090e-01   1.5989219e-01
   5.5800000e+02   6.2037430e-01   1.6396074e-01
   5.5900000e+02   6.1311835e-01   1.6998854e-01
   5.6000000e+02   6.0555422e-01   1.7677928e-01
   5.6100000e+02   6.0019661e-01   1.8366174e-01
   5.6200000e+02   5.9339287e-01   1.8995519e-01
   5.6300000e+02   5.8441928e-01   1.9647044e-01
   5.6400000e+02   5.7335004e-01   2.0431214e-01
   5.6500000e+02   5.6040516e-01   2.1320008e-01
   5.6600000e+02   5.4822688e-01   2.2096732e-01
   5.6700000e+02   5.3434582e-01   2.2819254e-01
   5.6800000e+02   5.2471914e-01   2.3224050e-01
   5.6900000e+02   5.1359859e-01   2.3523993e-01
   5.7000000e+02   5.0118148e-01   2.3754834e-01
   5.7100000e+02   4.8922713e-01   2.3784314e-01
   5.7200000e+02   4.7595459e-01   2.3539712e-01
   5.7300000e+02   4.6376105e-01   2.3298495e-01
   5.7400000e+02   4.5266736e-01   2.2953733e-01
   5.7500000e+02   4.4195036e-01   2.2751058e-01
   5.7600000e+02   4.2684846e-01   2.2695016e-01
   5.7700000e+02   4.0667202e-01   2.3195982e-01
   5.7800000e+02   3.8140331e-01   2.2800257e-01
   5.7900000e+02   3.5049389e-01   2.1952458e-01
   5.8000000e+02   3.2357247e-01   2.0878347e-01
   5.8100000e+02   3.0147452e-01   1.9663900e-01
   5.8200000e+02   2.8582118e-01   1.8411329e-01
   5.8300000e+02   2.7467842e-01   1.7201115e-01
   5.8400000e+02   2.7312955e-01   1.6423116e-01
   5.8500000e+02   2.7549561e-01   1.6286509e-01
   5.8600000e+02   2.7286921e-01   1.5622042e-01
   5.8700000e+02   2.7087391e-01   1.4873339e-01
   5.8800000e+02   2.6651634e-01   1.4165244e-01
   5.8900000e+02   2.6297975e-01   1.3619965e-01
   5.9000000e+02   2.6177466e-01   1.3256021e-01
   5.9100000e+02   2.5867151e-01   1.2968891e-01
   5.9200000e+02   2.5175698e-01   1.3010444e-01
   5.9300000e+02   2.3572976e-01   1.2295619e-01
   5.9400000e+02   2.1900686e-01   1.0589816e-01
