   1.0000000e+00  -1.6707295e+00   1.9211746e+00
   2.0000000e+00  -1.6742142e+00   1.9097674e+00
   3.0000000e+00  -1.6790507e+00   1.8978863e+00
   4.0000000e+00  -1.6831878e+00   1.8864990e+00
   5.0000000e+00  -1.6875373e+00   1.8766610e+00
   6.0000000e+00  -1.6908434e+00   1.8678907e+00
   7.0000000e+00  -1.6942771e+00   1.8596987e+00
   8.0000000e+00  -1.6968857e+00   1.8520463e+00
   9.0000000e+00  -1.6986197e+00   1.8446033e+00
   1.0000000e+01  -1.7000324e+00   1.8379809e+00
   1.1000000e+01  -1.7014987e+00   1.8324172e+00
   1.2000000e+01  -1.7022113e+00   1.8272209e+00
   1.3000000e+01  -1.7036786e+00   1.8219888e+00
   1.4000000e+01  -1.7054708e+00   1.8174234e+00
   1.5000000e+01  -1.7072093e+00   1.8126412e+00
   1.6000000e+01  -1.7093308e+00   1.8079909e+00
   1.7000000e+01  -1.7118381e+00   1.8030802e+00
   1.8000000e+01  -1.7136528e+00   1.7981720e+00
   1.9000000e+01  -1.7159857e+00   1.7935472e+00
   2.0000000e+01  -1.7179538e+00   1.7897794e+00
   2.1000000e+01  -1.7199160e+00   1.7863720e+00
   2.2000000e+01  -1.7223463e+00   1.7838965e+00
   2.3000000e+01  -1.7246788e+00   1.7824373e+00
   2.4000000e+01  -1.7269322e+00   1.7820112e+00
   2.5000000e+01  -1.7288125e+00   1.7823879e+00
   2.6000000e+01  -1.7297847e+00   1.7836776e+00
   2.7000000e+01  -1.7300613e+00   1.7863200e+00
   2.8000000e+01  -1.7291914e+00   1.7894813e+00
   2.9000000e+01  -1.7279608e+00   1.7933983e+00
   3.0000000e+01  -1.7260821e+00   1.7979906e+00
   3.1000000e+01  -1.7239348e+00   1.8028007e+00
   3.2000000e+01  -1.7213792e+00   1.8077891e+00
   3.3000000e+01  -1.7179744e+00   1.8133977e+00
   3.4000000e+01  -1.7140551e+00   1.8186331e+00
   3.5000000e+01  -1.7097236e+00   1.8244797e+00
   3.6000000e+01  -1.7047511e+00   1.8307419e+00
   3.7000000e+01  -1.6984046e+00   1.8370766e+00
   3.8000000e+01  -1.6920812e+00   1.8435212e+00
   3.9000000e+01  -1.6851441e+00   1.8507749e+00
   4.0000000e+01  -1.6784215e+00   1.8575026e+00
   4.1000000e+01  -1.6719235e+00   1.8647175e+00
   4.2000000e+01  -1.6656970e+00   1.8706343e+00
   4.3000000e+01  -1.6599590e+00   1.8759636e+00
   4.4000000e+01  -1.6546119e+00   1.8802255e+00
   4.5000000e+01  -1.6498141e+00   1.8839094e+00
   4.6000000e+01  -1.6459679e+00   1.8862634e+00
   4.7000000e+01  -1.6431095e+00   1.8882173e+00
   4.8000000e+01  -1.6411861e+00   1.8895486e+00
   4.9000000e+01  -1.6394863e+00   1.8905532e+00
   5.0000000e+01  -1.6388903e+00   1.8921149e+00
   5.1000000e+01  -1.6377780e+00   1.8930582e+00
   5.2000000e+01  -1.6370987e+00   1.8942503e+00
   5.3000000e+01  -1.6360233e+00   1.8951845e+00
   5.4000000e+01  -1.6357428e+00   1.8963848e+00
   5.5000000e+01  -1.6338162e+00   1.8973253e+00
   5.6000000e+01  -1.6319952e+00   1.8980161e+00
   5.7000000e+01  -1.6302847e+00   1.8987480e+00
   5.8000000e+01  -1.6283231e+00   1.8996687e+00
   5.9000000e+01  -1.6264610e+00   1.9004563e+00
   6.0000000e+01  -1.6248908e+00   1.9014971e+00
   6.1000000e+01  -1.6231362e+00   1.9022470e+00
   6.2000000e+01  -1.6219130e+00   1.9035094e+00
   6.3000000e+01  -1.6201417e+00   1.9042940e+00
   6.4000000e+01  -1.6186000e+00   1.9047837e+00
   6.5000000e+01  -1.6168769e+00   1.9048266e+00
   6.6000000e+01  -1.6150629e+00   1.9035826e+00
   6.7000000e+01  -1.6136627e+00   1.9021242e+00
   6.8000000e+01  -1.6123216e+00   1.9002269e+00
   6.9000000e+01  -1.6123916e+00   1.8977262e+00
   7.0000000e+01  -1.6130888e+00   1.8942939e+00
   7.1000000e+01  -1.6157025e+00   1.8898893e+00
   7.2000000e+01  -1.6183127e+00   1.8848881e+00
   7.3000000e+01  -1.6228228e+00   1.8797499e+00
   7.4000000e+01  -1.6267224e+00   1.8738582e+00
   7.5000000e+01  -1.6307294e+00   1.8676197e+00
   7.6000000e+01  -1.6341475e+00   1.8620555e+00
   7.7000000e+01  -1.6368147e+00   1.8566733e+00
   7.8000000e+01  -1.6388377e+00   1.8523213e+00
   7.9000000e+01  -1.6404750e+00   1.8485548e+00
   8.0000000e+01  -1.6422847e+00   1.8452697e+00
   8.1000000e+01  -1.6439144e+00   1.8427536e+00
   8.2000000e+01  -1.6457441e+00   1.8407478e+00
   8.3000000e+01  -1.6483523e+00   1.8392711e+00
   8.4000000e+01  -1.6504164e+00   1.8382253e+00
   8.5000000e+01  -1.6534180e+00   1.8371183e+00
   8.6000000e+01  -1.6552595e+00   1.8356468e+00
   8.7000000e+01  -1.6587912e+00   1.8347401e+00
   8.8000000e+01  -1.6617436e+00   1.8327986e+00
   8.9000000e+01  -1.6655055e+00   1.8312620e+00
   9.0000000e+01  -1.6686531e+00   1.8290298e+00
   9.1000000e+01  -1.6714443e+00   1.8260672e+00
   9.2000000e+01  -1.6736524e+00   1.8232191e+00
   9.3000000e+01  -1.6758303e+00   1.8206844e+00
   9.4000000e+01  -1.6780480e+00   1.8177529e+00
   9.5000000e+01  -1.6796119e+00   1.8149918e+00
   9.6000000e+01  -1.6812435e+00   1.8122399e+00
   9.7000000e+01  -1.6824270e+00   1.8097344e+00
   9.8000000e+01  -1.6830719e+00   1.8076965e+00
   9.9000000e+01  -1.6819999e+00   1.8052302e+00
   1.0000000e+02  -1.6807888e+00   1.8035348e+00
   1.0100000e+02  -1.6786473e+00   1.8017707e+00
   1.0200000e+02  -1.6752796e+00   1.8006100e+00
   1.0300000e+02  -1.6712583e+00   1.7994036e+00
   1.0400000e+02  -1.6665516e+00   1.7986329e+00
   1.0500000e+02  -1.6617193e+00   1.7974322e+00
   1.0600000e+02  -1.6559408e+00   1.7962356e+00
   1.0700000e+02  -1.6497071e+00   1.7942061e+00
   1.0800000e+02  -1.6428716e+00   1.7923961e+00
   1.0900000e+02  -1.6347834e+00   1.7890915e+00
   1.1000000e+02  -1.6280090e+00   1.7847376e+00
   1.1100000e+02  -1.6202964e+00   1.7777047e+00
   1.1200000e+02  -1.6130955e+00   1.7689945e+00
   1.1300000e+02  -1.6069734e+00   1.7582411e+00
   1.1400000e+02  -1.6012557e+00   1.7447786e+00
   1.1500000e+02  -1.5963952e+00   1.7288706e+00
   1.1600000e+02  -1.5927631e+00   1.7112174e+00
   1.1700000e+02  -1.5882917e+00   1.6924775e+00
   1.1800000e+02  -1.5825219e+00   1.6729661e+00
   1.1900000e+02  -1.5746400e+00   1.6524421e+00
   1.2000000e+02  -1.5659074e+00   1.6312869e+00
   1.2100000e+02  -1.5548643e+00   1.6115476e+00
   1.2200000e+02  -1.5433081e+00   1.5903365e+00
   1.2300000e+02  -1.5319219e+00   1.5703518e+00
   1.2400000e+02  -1.5226058e+00   1.5520867e+00
   1.2500000e+02  -1.5133889e+00   1.5348033e+00
   1.2600000e+02  -1.5047560e+00   1.5181543e+00
   1.2700000e+02  -1.4966236e+00   1.5023422e+00
   1.2800000e+02  -1.4887575e+00   1.4855488e+00
   1.2900000e+02  -1.4815422e+00   1.4674481e+00
   1.3000000e+02  -1.4752376e+00   1.4472977e+00
   1.3100000e+02  -1.4706793e+00   1.4282313e+00
   1.3200000e+02  -1.4703052e+00   1.4115238e+00
   1.3300000e+02  -1.4741704e+00   1.4000035e+00
   1.3400000e+02  -1.4818376e+00   1.3948278e+00
   1.3500000e+02  -1.4959774e+00   1.3919246e+00
   1.3600000e+02  -1.5144847e+00   1.3888759e+00
   1.3700000e+02  -1.5385273e+00   1.3861502e+00
   1.3800000e+02  -1.5668452e+00   1.3853370e+00
   1.3900000e+02  -1.5958653e+00   1.3890791e+00
   1.4000000e+02  -1.6215936e+00   1.3958255e+00
   1.4100000e+02  -1.6445731e+00   1.4058761e+00
   1.4200000e+02  -1.6646097e+00   1.4150263e+00
   1.4300000e+02  -1.6823990e+00   1.4252967e+00
   1.4400000e+02  -1.7000438e+00   1.4377140e+00
   1.4500000e+02  -1.7193328e+00   1.4526598e+00
   1.4600000e+02  -1.7411878e+00   1.4660359e+00
   1.4700000e+02  -1.7627193e+00   1.4841680e+00
   1.4800000e+02  -1.7827186e+00   1.5034425e+00
   1.4900000e+02  -1.8023392e+00   1.5206212e+00
   1.5000000e+02  -1.8262679e+00   1.5343559e+00
   1.5100000e+02  -1.8549948e+00   1.5403217e+00
   1.5200000e+02  -1.8893754e+00   1.5402236e+00
   1.5300000e+02  -1.9235573e+00   1.5377763e+00
   1.5400000e+02  -1.9575998e+00   1.5336151e+00
   1.5500000e+02  -1.9869774e+00   1.5305484e+00
   1.5600000e+02  -2.0148656e+00   1.5286567e+00
   1.5700000e+02  -2.0440665e+00   1.5281618e+00
   1.5800000e+02  -2.0679210e+00   1.5303406e+00
   1.5900000e+02  -2.0892458e+00   1.5330496e+00
   1.6000000e+02  -2.1087992e+00   1.5340625e+00
   1.6100000e+02  -2.1215234e+00   1.5331240e+00
   1.6200000e+02  -2.1277752e+00   1.5283755e+00
   1.6300000e+02  -2.1323357e+00   1.5231795e+00
   1.6400000e+02  -2.1383963e+00   1.5175155e+00
   1.6500000e+02  -2.1475162e+00   1.5118025e+00
   1.6600000e+02  -2.1567671e+00   1.5066389e+00
   1.6700000e+02  -2.1643346e+00   1.5015800e+00
   1.6800000e+02  -2.1673792e+00   1.4970505e+00
   1.6900000e+02  -2.1668685e+00   1.4921612e+00
   1.7000000e+02  -2.1644528e+00   1.4870485e+00
   1.7100000e+02  -2.1600053e+00   1.4821574e+00
   1.7200000e+02  -2.1546370e+00   1.4790317e+00
   1.7300000e+02  -2.1497824e+00   1.4779214e+00
   1.7400000e+02  -2.1454732e+00   1.4762253e+00
   1.7500000e+02  -2.1435561e+00   1.4739781e+00
   1.7600000e+02  -2.1422063e+00   1.4697922e+00
   1.7700000e+02  -2.1394150e+00   1.4621298e+00
   1.7800000e+02  -2.1323353e+00   1.4520163e+00
   1.7900000e+02  -2.1210938e+00   1.4403277e+00
   1.8000000e+02  -2.1062440e+00   1.4294650e+00
   1.8100000e+02  -2.0875835e+00   1.4195071e+00
   1.8200000e+02  -2.0664417e+00   1.4097959e+00
   1.8300000e+02  -2.0450627e+00   1.4032535e+00
   1.8400000e+02  -2.0239882e+00   1.3987585e+00
   1.8500000e+02  -2.0037755e+00   1.3944458e+00
   1.8600000e+02  -1.9878759e+00   1.3895907e+00
   1.8700000e+02  -1.9719611e+00   1.3832336e+00
   1.8800000e+02  -1.9541853e+00   1.3762020e+00
   1.8900000e+02  -1.9356196e+00   1.3681918e+00
   1.9000000e+02  -1.9163820e+00   1.3606979e+00
   1.9100000e+02  -1.8937802e+00   1.3526330e+00
   1.9200000e+02  -1.8665207e+00   1.3452628e+00
   1.9300000e+02  -1.8382811e+00   1.3398780e+00
   1.9400000e+02  -1.8101349e+00   1.3333860e+00
   1.9500000e+02  -1.7869896e+00   1.3280082e+00
   1.9600000e+02  -1.7664830e+00   1.3197344e+00
   1.9700000e+02  -1.7515472e+00   1.3097349e+00
   1.9800000e+02  -1.7400469e+00   1.2972161e+00
   1.9900000e+02  -1.7332793e+00   1.2842431e+00
   2.0000000e+02  -1.7286921e+00   1.2715865e+00
   2.0100000e+02  -1.7264752e+00   1.2592827e+00
   2.0200000e+02  -1.7249538e+00   1.2490484e+00
   2.0300000e+02  -1.7215044e+00   1.2431821e+00
   2.0400000e+02  -1.7185906e+00   1.2430941e+00
   2.0500000e+02  -1.7132339e+00   1.2458861e+00
   2.0600000e+02  -1.7106458e+00   1.2533443e+00
   2.0700000e+02  -1.7090308e+00   1.2625276e+00
   2.0800000e+02  -1.7053982e+00   1.2733048e+00
   2.0900000e+02  -1.7040971e+00   1.2825030e+00
   2.1000000e+02  -1.7022376e+00   1.2916418e+00
   2.1100000e+02  -1.7008514e+00   1.2998058e+00
   2.1200000e+02  -1.6980570e+00   1.3074571e+00
   2.1300000e+02  -1.6967139e+00   1.3155422e+00
   2.1400000e+02  -1.6957226e+00   1.3221152e+00
   2.1500000e+02  -1.6929012e+00   1.3270441e+00
   2.1600000e+02  -1.6911158e+00   1.3270593e+00
   2.1700000e+02  -1.6881347e+00   1.3210269e+00
   2.1800000e+02  -1.6836157e+00   1.3095909e+00
   2.1900000e+02  -1.6779708e+00   1.2985441e+00
   2.2000000e+02  -1.6721654e+00   1.2877332e+00
   2.2100000e+02  -1.6689117e+00   1.2802810e+00
   2.2200000e+02  -1.6674622e+00   1.2734256e+00
   2.2300000e+02  -1.6685112e+00   1.2674809e+00
   2.2400000e+02  -1.6740809e+00   1.2630333e+00
   2.2500000e+02  -1.6848644e+00   1.2604515e+00
   2.2600000e+02  -1.6991995e+00   1.2613380e+00
   2.2700000e+02  -1.7156713e+00   1.2655083e+00
   2.2800000e+02  -1.7333495e+00   1.2724056e+00
   2.2900000e+02  -1.7516632e+00   1.2805597e+00
   2.3000000e+02  -1.7680387e+00   1.2873537e+00
   2.3100000e+02  -1.7842731e+00   1.2918938e+00
   2.3200000e+02  -1.7982722e+00   1.2945456e+00
   2.3300000e+02  -1.8114757e+00   1.2947290e+00
   2.3400000e+02  -1.8234146e+00   1.2919090e+00
   2.3500000e+02  -1.8337357e+00   1.2878099e+00
   2.3600000e+02  -1.8417893e+00   1.2851587e+00
   2.3700000e+02  -1.8467937e+00   1.2830376e+00
   2.3800000e+02  -1.8492830e+00   1.2818121e+00
   2.3900000e+02  -1.8502269e+00   1.2800979e+00
   2.4000000e+02  -1.8498436e+00   1.2773243e+00
   2.4100000e+02  -1.8480792e+00   1.2735281e+00
   2.4200000e+02  -1.8447738e+00   1.2689652e+00
   2.4300000e+02  -1.8395846e+00   1.2659752e+00
   2.4400000e+02  -1.8323122e+00   1.2623061e+00
   2.4500000e+02  -1.8223722e+00   1.2600158e+00
   2.4600000e+02  -1.8124914e+00   1.2585530e+00
   2.4700000e+02  -1.8038503e+00   1.2568207e+00
   2.4800000e+02  -1.7947943e+00   1.2542293e+00
   2.4900000e+02  -1.7864506e+00   1.2498813e+00
   2.5000000e+02  -1.7763504e+00   1.2450675e+00
   2.5100000e+02  -1.7668979e+00   1.2406218e+00
   2.5200000e+02  -1.7578973e+00   1.2361775e+00
   2.5300000e+02  -1.7495576e+00   1.2330986e+00
   2.5400000e+02  -1.7415633e+00   1.2305861e+00
   2.5500000e+02  -1.7337506e+00   1.2309024e+00
   2.5600000e+02  -1.7242973e+00   1.2339198e+00
   2.5700000e+02  -1.7145051e+00   1.2394539e+00
   2.5800000e+02  -1.7375037e+00   1.2366999e+00
   2.5900000e+02  -1.6983896e+00   1.2537857e+00
   2.6000000e+02  -1.6939749e+00   1.2611738e+00
   2.6100000e+02  -1.6920690e+00   1.2681884e+00
   2.6200000e+02  -1.6913127e+00   1.2756561e+00
   2.6300000e+02  -1.6910432e+00   1.2821705e+00
   2.6400000e+02  -1.6905222e+00   1.2882092e+00
   2.6500000e+02  -1.6899030e+00   1.2943344e+00
   2.6600000e+02  -1.6883047e+00   1.2985808e+00
   2.6700000e+02  -1.6859461e+00   1.3020077e+00
   2.6800000e+02  -1.6845454e+00   1.3044134e+00
   2.6900000e+02  -1.6876304e+00   1.3073322e+00
   2.7000000e+02  -1.6933301e+00   1.3096215e+00
   2.7100000e+02  -1.7019910e+00   1.3117533e+00
   2.7200000e+02  -1.7105867e+00   1.3137398e+00
   2.7300000e+02  -1.7176978e+00   1.3164856e+00
   2.7400000e+02  -1.7205647e+00   1.3196744e+00
   2.7500000e+02  -1.7204432e+00   1.3244087e+00
   2.7600000e+02  -1.7169225e+00   1.3304953e+00
   2.7700000e+02  -1.7130909e+00   1.3369053e+00
   2.7800000e+02  -1.7424884e+00   1.3341613e+00
   2.7900000e+02  -1.7380534e+00   1.3430700e+00
   2.8000000e+02  -1.7081080e+00   1.3570855e+00
   2.8100000e+02  -1.7098883e+00   1.3583884e+00
   2.8200000e+02  -1.7137547e+00   1.3582518e+00
   2.8300000e+02  -1.7158488e+00   1.3557643e+00
   2.8400000e+02  -1.7184928e+00   1.3516446e+00
   2.8500000e+02  -1.6914636e+00   1.3626644e+00
   2.8600000e+02  -1.7247979e+00   1.3457443e+00
   2.8700000e+02  -1.6967635e+00   1.3552158e+00
   2.8800000e+02  -1.7310561e+00   1.3351775e+00
   2.8900000e+02  -1.7358643e+00   1.3302797e+00
   2.9000000e+02  -1.7353078e+00   1.3202804e+00
   2.9100000e+02  -1.7644791e+00   1.3012086e+00
   2.9200000e+02  -1.7280607e+00   1.2969623e+00
   2.9300000e+02  -1.7201383e+00   1.2844197e+00
   2.9400000e+02  -1.7101003e+00   1.2718238e+00
   2.9500000e+02  -1.7355057e+00   1.2586266e+00
   2.9600000e+02  -1.7281099e+00   1.2497880e+00
   2.9700000e+02  -1.7212574e+00   1.2419735e+00
   2.9800000e+02  -1.7139982e+00   1.2343235e+00
   2.9900000e+02  -1.6741802e+00   1.2321125e+00
   3.0000000e+02  -1.6977877e+00   1.2204236e+00
   3.0100000e+02  -1.6570903e+00   1.2230620e+00
   3.0200000e+02  -1.6513926e+00   1.2226946e+00
   3.0300000e+02  -1.6479144e+00   1.2236558e+00
   3.0400000e+02  -1.6464437e+00   1.2251227e+00
   3.0500000e+02  -1.6460565e+00   1.2248468e+00
   3.0600000e+02  -1.6474357e+00   1.2217981e+00
   3.0700000e+02  -1.6481712e+00   1.2163642e+00
   3.0800000e+02  -1.6500548e+00   1.2079075e+00
   3.0900000e+02  -1.6517210e+00   1.1984526e+00
   3.1000000e+02  -1.6534017e+00   1.1890284e+00
   3.1100000e+02  -1.6534727e+00   1.1789155e+00
   3.1200000e+02  -1.6520437e+00   1.1696040e+00
   3.1300000e+02  -1.6488338e+00   1.1616724e+00
   3.1400000e+02  -1.6483617e+00   1.1554048e+00
   3.1500000e+02  -1.6505075e+00   1.1511309e+00
   3.1600000e+02  -1.6549959e+00   1.1470760e+00
   3.1700000e+02  -1.6621473e+00   1.1444559e+00
   3.1800000e+02  -1.6489156e+00   1.1622230e+00
   3.1900000e+02  -1.6704639e+00   1.1503740e+00
   3.2000000e+02  -1.6696264e+00   1.1563852e+00
   3.2100000e+02  -1.6681866e+00   1.1615337e+00
   3.2200000e+02  -1.6674865e+00   1.1636970e+00
   3.2300000e+02  -1.6684407e+00   1.1646018e+00
   3.2400000e+02  -1.6696032e+00   1.1643579e+00
   3.2500000e+02  -1.6707548e+00   1.1644633e+00
   3.2600000e+02  -1.6716631e+00   1.1615140e+00
   3.2700000e+02  -1.6734041e+00   1.1585926e+00
   3.2800000e+02  -1.6779839e+00   1.1558318e+00
   3.2900000e+02  -1.6826677e+00   1.1529912e+00
   3.3000000e+02  -1.6868098e+00   1.1497991e+00
   3.3100000e+02  -1.6898401e+00   1.1480699e+00
   3.3200000e+02  -1.6906504e+00   1.1467980e+00
   3.3300000e+02  -1.6912189e+00   1.1462151e+00
   3.3400000e+02  -1.6914048e+00   1.1468611e+00
   3.3500000e+02  -1.6903557e+00   1.1494825e+00
   3.3600000e+02  -1.6922944e+00   1.1530838e+00
   3.3700000e+02  -1.6945594e+00   1.1597687e+00
   3.3800000e+02  -1.6981920e+00   1.1638218e+00
   3.3900000e+02  -1.7019268e+00   1.1674888e+00
   3.4000000e+02  -1.7061259e+00   1.1715529e+00
   3.4100000e+02  -1.7115783e+00   1.1738119e+00
   3.4200000e+02  -1.7180630e+00   1.1742592e+00
   3.4300000e+02  -1.7272136e+00   1.1708394e+00
   3.4400000e+02  -1.7352569e+00   1.1665326e+00
   3.4500000e+02  -1.7397910e+00   1.1624048e+00
   3.4600000e+02  -1.7409291e+00   1.1607193e+00
   3.4700000e+02  -1.7379513e+00   1.1600977e+00
   3.4800000e+02  -1.7331910e+00   1.1596581e+00
   3.4900000e+02  -1.7252151e+00   1.1612239e+00
   3.5000000e+02  -1.7201070e+00   1.1608283e+00
   3.5100000e+02  -1.7158579e+00   1.1619471e+00
   3.5200000e+02  -1.7132588e+00   1.1634890e+00
   3.5300000e+02  -1.7144800e+00   1.1616031e+00
   3.5400000e+02  -1.7175863e+00   1.1589196e+00
   3.5500000e+02  -1.7220789e+00   1.1537930e+00
   3.5600000e+02  -1.7259142e+00   1.1467947e+00
   3.5700000e+02  -1.7287124e+00   1.1391095e+00
   3.5800000e+02  -1.7322049e+00   1.1318072e+00
   3.5900000e+02  -1.7361533e+00   1.1243480e+00
   3.6000000e+02  -1.7417625e+00   1.1187677e+00
   3.6100000e+02  -1.7482991e+00   1.1152709e+00
   3.6200000e+02  -1.7572609e+00   1.1134169e+00
   3.6300000e+02  -1.7661664e+00   1.1118439e+00
   3.6400000e+02  -1.7749685e+00   1.1104214e+00
   3.6500000e+02  -1.7832611e+00   1.1076330e+00
   3.6600000e+02  -1.7906883e+00   1.1042650e+00
   3.6700000e+02  -1.7968865e+00   1.0996549e+00
   3.6800000e+02  -1.8026937e+00   1.0970352e+00
   3.6900000e+02  -1.8080294e+00   1.0955842e+00
   3.7000000e+02  -1.8137376e+00   1.0944046e+00
   3.7100000e+02  -1.8193885e+00   1.0952525e+00
   3.7200000e+02  -1.8244886e+00   1.0957234e+00
   3.7300000e+02  -1.8303899e+00   1.0980893e+00
   3.7400000e+02  -1.8354210e+00   1.0989986e+00
   3.7500000e+02  -1.8398404e+00   1.1009185e+00
   3.7600000e+02  -1.8446142e+00   1.1032729e+00
   3.7700000e+02  -1.8500426e+00   1.1062565e+00
   3.7800000e+02  -1.8554122e+00   1.1086153e+00
   3.7900000e+02  -1.8608833e+00   1.1103666e+00
   3.8000000e+02  -1.8662399e+00   1.1120426e+00
   3.8100000e+02  -1.8706662e+00   1.1147053e+00
   3.8200000e+02  -1.8740151e+00   1.1181303e+00
   3.8300000e+02  -1.8774627e+00   1.1229667e+00
   3.8400000e+02  -1.8803571e+00   1.1281851e+00
   3.8500000e+02  -1.8846997e+00   1.1325724e+00
   3.8600000e+02  -1.8875413e+00   1.1349874e+00
   3.8700000e+02  -1.8902052e+00   1.1358244e+00
   3.8800000e+02  -1.8911044e+00   1.1355866e+00
   3.8900000e+02  -1.9197539e+00   1.1505846e+00
   3.9000000e+02  -1.8909467e+00   1.1320944e+00
   3.9100000e+02  -1.8900066e+00   1.1289641e+00
   3.9200000e+02  -1.8887243e+00   1.1259696e+00
   3.9300000e+02  -1.8874889e+00   1.1226310e+00
   3.9400000e+02  -1.8865645e+00   1.1192494e+00
   3.9500000e+02  -1.8862690e+00   1.1153712e+00
   3.9600000e+02  -1.8873042e+00   1.1117285e+00
   3.9700000e+02  -1.8895516e+00   1.1080192e+00
   3.9800000e+02  -1.8926957e+00   1.1038188e+00
   3.9900000e+02  -1.8978991e+00   1.0983591e+00
   4.0000000e+02  -1.9044800e+00   1.0923711e+00
   4.0100000e+02  -1.9123597e+00   1.0854696e+00
   4.0200000e+02  -1.9188923e+00   1.0791716e+00
   4.0300000e+02  -1.9254474e+00   1.0730427e+00
   4.0400000e+02  -1.9293149e+00   1.0693040e+00
   4.0500000e+02  -1.9332531e+00   1.0654943e+00
   4.0600000e+02  -1.9367355e+00   1.0631020e+00
   4.0700000e+02  -1.9378477e+00   1.0620058e+00
   4.0800000e+02  -1.9354427e+00   1.0617594e+00
   4.0900000e+02  -1.9319014e+00   1.0627616e+00
   4.1000000e+02  -1.9236353e+00   1.0637818e+00
   4.1100000e+02  -1.9150505e+00   1.0660690e+00
   4.1200000e+02  -1.9076039e+00   1.0684611e+00
   4.1300000e+02  -1.8992383e+00   1.0724280e+00
   4.1400000e+02  -1.8891968e+00   1.0768654e+00
   4.1500000e+02  -1.8753169e+00   1.0831756e+00
   4.1600000e+02  -1.8600656e+00   1.0882436e+00
   4.1700000e+02  -1.8428804e+00   1.0942288e+00
   4.1800000e+02  -1.8256642e+00   1.1009913e+00
   4.1900000e+02  -1.8102447e+00   1.1063473e+00
   4.2000000e+02  -1.7974518e+00   1.1107952e+00
   4.2100000e+02  -1.7867361e+00   1.1150400e+00
   4.2200000e+02  -1.7802761e+00   1.1187389e+00
   4.2300000e+02  -1.7749841e+00   1.1240374e+00
   4.2400000e+02  -1.7705869e+00   1.1295734e+00
   4.2500000e+02  -1.7664944e+00   1.1361905e+00
   4.2600000e+02  -1.7609139e+00   1.1433751e+00
   4.2700000e+02  -1.7554192e+00   1.1509378e+00
   4.2800000e+02  -1.7490080e+00   1.1595245e+00
   4.2900000e+02  -1.7427580e+00   1.1698235e+00
   4.3000000e+02  -1.7354047e+00   1.1812585e+00
   4.3100000e+02  -1.7276175e+00   1.1920430e+00
   4.3200000e+02  -1.7207522e+00   1.2036859e+00
   4.3300000e+02  -1.7160171e+00   1.2158420e+00
   4.3400000e+02  -1.7135172e+00   1.2264883e+00
   4.3500000e+02  -1.7139567e+00   1.2378856e+00
   4.3600000e+02  -1.7163096e+00   1.2490661e+00
   4.3700000e+02  -1.7186435e+00   1.2594982e+00
   4.3800000e+02  -1.7171104e+00   1.2801788e+00
   4.3900000e+02  -1.7120790e+00   1.2831156e+00
   4.4000000e+02  -1.7014967e+00   1.2876249e+00
   4.4100000e+02  -1.6865440e+00   1.3031824e+00
   4.4200000e+02  -1.6710779e+00   1.2985448e+00
   4.4300000e+02  -1.6507762e+00   1.3010678e+00
   4.4400000e+02  -1.6305946e+00   1.3012209e+00
   4.4500000e+02  -1.6075636e+00   1.2986823e+00
   4.4600000e+02  -1.5859185e+00   1.2987041e+00
   4.4700000e+02  -1.5630802e+00   1.2984259e+00
   4.4800000e+02  -1.5429977e+00   1.2981270e+00
   4.4900000e+02  -1.5273884e+00   1.2978594e+00
   4.5000000e+02  -1.5169062e+00   1.2992298e+00
   4.5100000e+02  -1.5097797e+00   1.3034465e+00
   4.5200000e+02  -1.5044779e+00   1.3105216e+00
   4.5300000e+02  -1.5003103e+00   1.3191078e+00
   4.5400000e+02  -1.4971463e+00   1.3299670e+00
   4.5500000e+02  -1.4936706e+00   1.3421731e+00
   4.5600000e+02  -1.4906310e+00   1.3532214e+00
   4.5700000e+02  -1.4861409e+00   1.3640772e+00
   4.5800000e+02  -1.4783547e+00   1.3733543e+00
   4.5900000e+02  -1.4690532e+00   1.3815017e+00
   4.6000000e+02  -1.4566114e+00   1.3879729e+00
   4.6100000e+02  -1.4418577e+00   1.3940440e+00
   4.6200000e+02  -1.4245983e+00   1.3980304e+00
   4.6300000e+02  -1.4059417e+00   1.4007255e+00
   4.6400000e+02  -1.3861204e+00   1.4017434e+00
   4.6500000e+02  -1.3667939e+00   1.4000394e+00
   4.6600000e+02  -1.3471803e+00   1.3965580e+00
   4.6700000e+02  -1.3280219e+00   1.3932935e+00
   4.6800000e+02  -1.3085623e+00   1.3890006e+00
   4.6900000e+02  -1.2897599e+00   1.3841006e+00
   4.7000000e+02  -1.2763158e+00   1.3771096e+00
   4.7100000e+02  -1.2669397e+00   1.3688421e+00
   4.7200000e+02  -1.2603032e+00   1.3597829e+00
   4.7300000e+02  -1.2536313e+00   1.3513406e+00
   4.7400000e+02  -1.2449248e+00   1.3423804e+00
   4.7500000e+02  -1.2337547e+00   1.3344830e+00
   4.7600000e+02  -1.2218661e+00   1.3272285e+00
   4.7700000e+02  -1.2089414e+00   1.3219474e+00
   4.7800000e+02  -1.1977640e+00   1.3205682e+00
   4.7900000e+02  -1.1893921e+00   1.3218956e+00
   4.8000000e+02  -1.1824072e+00   1.3246124e+00
   4.8100000e+02  -1.1760006e+00   1.3273122e+00
   4.8200000e+02  -1.1693409e+00   1.3320411e+00
   4.8300000e+02  -1.1587098e+00   1.3363132e+00
   4.8400000e+02  -1.1455897e+00   1.3401958e+00
   4.8500000e+02  -1.1295436e+00   1.3437938e+00
   4.8600000e+02  -1.1094867e+00   1.3465097e+00
   4.8700000e+02  -1.0990886e+00   1.3532504e+00
   4.8800000e+02  -1.0683952e+00   1.3523422e+00
   4.8900000e+02  -1.0499825e+00   1.3561192e+00
   4.9000000e+02  -1.0351253e+00   1.3590608e+00
   4.9100000e+02  -1.0221797e+00   1.3619467e+00
   4.9200000e+02  -1.0079582e+00   1.3648295e+00
   4.9300000e+02  -9.9203126e-01   1.3677478e+00
   4.9400000e+02  -9.7486362e-01   1.3688750e+00
   4.9500000e+02  -9.5884175e-01   1.3692150e+00
   4.9600000e+02  -9.4358171e-01   1.3705759e+00
   4.9700000e+02  -9.3216977e-01   1.3732933e+00
   4.9800000e+02  -9.2146644e-01   1.3769532e+00
   4.9900000e+02  -9.1102888e-01   1.3811051e+00
   5.0000000e+02  -8.9985481e-01   1.3823380e+00
   5.0100000e+02  -8.8787333e-01   1.3805891e+00
   5.0200000e+02  -8.7308827e-01   1.3760381e+00
   5.0300000e+02  -8.6052811e-01   1.3697165e+00
   5.0400000e+02  -8.4751922e-01   1.3585737e+00
   5.0500000e+02  -8.3424924e-01   1.3465809e+00
   5.0600000e+02  -8.2218075e-01   1.3368859e+00
   5.0700000e+02  -8.0987802e-01   1.3282454e+00
   5.0800000e+02  -7.9963551e-01   1.3182777e+00
   5.0900000e+02  -7.9038952e-01   1.3084967e+00
   5.1000000e+02  -7.8228452e-01   1.2990681e+00
   5.1100000e+02  -7.7567442e-01   1.2886565e+00
   5.1200000e+02  -7.7219708e-01   1.2796238e+00
   5.1300000e+02  -7.7154193e-01   1.2714366e+00
   5.1400000e+02  -7.7302191e-01   1.2639329e+00
   5.1500000e+02  -7.7680034e-01   1.2562798e+00
   5.1600000e+02  -7.7996236e-01   1.2472588e+00
   5.1700000e+02  -7.8289930e-01   1.2369157e+00
   5.1800000e+02  -7.8380857e-01   1.2244976e+00
   5.1900000e+02  -7.8432183e-01   1.2101971e+00
   5.2000000e+02  -7.8317253e-01   1.1964325e+00
   5.2100000e+02  -7.8174809e-01   1.1823093e+00
   5.2200000e+02  -7.8102796e-01   1.1684637e+00
   5.2300000e+02  -7.8104956e-01   1.1550723e+00
   5.2400000e+02  -7.8353795e-01   1.1425510e+00
   5.2500000e+02  -7.8875863e-01   1.1299883e+00
   5.2600000e+02  -7.9506114e-01   1.1182216e+00
   5.2700000e+02  -8.0290972e-01   1.1097708e+00
   5.2800000e+02  -8.1110736e-01   1.1050146e+00
   5.2900000e+02  -8.2011630e-01   1.1022076e+00
   5.3000000e+02  -8.2958572e-01   1.1037109e+00
   5.3100000e+02  -8.4041546e-01   1.1071672e+00
   5.3200000e+02  -8.5320866e-01   1.1100138e+00
   5.3300000e+02  -8.6736193e-01   1.1119257e+00
   5.3400000e+02  -8.8275941e-01   1.1140967e+00
   5.3500000e+02  -8.9638583e-01   1.1156948e+00
   5.3600000e+02  -9.1062474e-01   1.1172862e+00
   5.3700000e+02  -9.2417355e-01   1.1191345e+00
   5.3800000e+02  -9.3850974e-01   1.1213429e+00
   5.3900000e+02  -9.5404774e-01   1.1232421e+00
   5.4000000e+02  -9.6994364e-01   1.1245971e+00
   5.4100000e+02  -9.8641536e-01   1.1246226e+00
   5.4200000e+02  -1.0021916e+00   1.1258693e+00
   5.4300000e+02  -1.0171801e+00   1.1270860e+00
   5.4400000e+02  -1.0317239e+00   1.1275084e+00
   5.4500000e+02  -1.0447222e+00   1.1260419e+00
   5.4600000e+02  -1.0566412e+00   1.1237192e+00
   5.4700000e+02  -1.0678716e+00   1.1211273e+00
   5.4800000e+02  -1.0795821e+00   1.1176679e+00
   5.4900000e+02  -1.0909817e+00   1.1135536e+00
   5.5000000e+02  -1.0999618e+00   1.1090547e+00
   5.5100000e+02  -1.1077989e+00   1.1053789e+00
   5.5200000e+02  -1.1156686e+00   1.1022832e+00
   5.5300000e+02  -1.1246274e+00   1.1004011e+00
   5.5400000e+02  -1.1376045e+00   1.1018952e+00
   5.5500000e+02  -1.1527797e+00   1.1044252e+00
   5.5600000e+02  -1.1693339e+00   1.1078729e+00
   5.5700000e+02  -1.1871187e+00   1.1132635e+00
   5.5800000e+02  -1.2068427e+00   1.1196699e+00
   5.5900000e+02  -1.2249721e+00   1.1253890e+00
   5.6000000e+02  -1.2396778e+00   1.1295481e+00
   5.6100000e+02  -1.2507178e+00   1.1306903e+00
   5.6200000e+02  -1.2620475e+00   1.1291427e+00
   5.6300000e+02  -1.2730217e+00   1.1260665e+00
   5.6400000e+02  -1.2837745e+00   1.1229873e+00
   5.6500000e+02  -1.2939106e+00   1.1200763e+00
   5.6600000e+02  -1.3041734e+00   1.1188026e+00
   5.6700000e+02  -1.3164688e+00   1.1178549e+00
   5.6800000e+02  -1.3312983e+00   1.1150709e+00
   5.6900000e+02  -1.3488935e+00   1.1111044e+00
   5.7000000e+02  -1.3675789e+00   1.1085691e+00
   5.7100000e+02  -1.3841961e+00   1.1070018e+00
   5.7200000e+02  -1.3984221e+00   1.1061273e+00
   5.7300000e+02  -1.4116480e+00   1.1044471e+00
   5.7400000e+02  -1.4263002e+00   1.1027459e+00
   5.7500000e+02  -1.4418080e+00   1.1004924e+00
   5.7600000e+02  -1.4594251e+00   1.0975560e+00
   5.7700000e+02  -1.4803118e+00   1.0946463e+00
   5.7800000e+02  -1.5033480e+00   1.0917891e+00
   5.7900000e+02  -1.5282495e+00   1.0895482e+00
   5.8000000e+02  -1.5522925e+00   1.0884726e+00
   5.8100000e+02  -1.5730649e+00   1.0881250e+00
   5.8200000e+02  -1.5926862e+00   1.0872367e+00
   5.8300000e+02  -1.6117997e+00   1.0852002e+00
   5.8400000e+02  -1.6302801e+00   1.0818471e+00
   5.8500000e+02  -1.6487290e+00   1.0780029e+00
   5.8600000e+02  -1.6674319e+00   1.0754082e+00
   5.8700000e+02  -1.6818092e+00   1.0725332e+00
   5.8800000e+02  -1.6936702e+00   1.0686193e+00
   5.8900000e+02  -1.7067850e+00   1.0656028e+00
   5.9000000e+02  -1.7170892e+00   1.0599060e+00
   5.9100000e+02  -1.7281006e+00   1.0551688e+00
   5.9200000e+02  -1.7388244e+00   1.0517835e+00
   5.9300000e+02  -1.7496339e+00   1.0479951e+00
   5.9400000e+02  -1.7615090e+00   1.0438279e+00
   5.9500000e+02  -1.7751521e+00   1.0380024e+00
   5.9600000e+02  -1.7926527e+00   1.0315797e+00
   5.9700000e+02  -1.8106211e+00   1.0262965e+00
   5.9800000e+02  -1.8282364e+00   1.0214799e+00
   5.9900000e+02  -1.8442091e+00   1.0212585e+00
   6.0000000e+02  -1.8576928e+00   1.0249917e+00
   6.0100000e+02  -1.8670377e+00   1.0310513e+00
   6.0200000e+02  -1.8761595e+00   1.0399220e+00
   6.0300000e+02  -1.8851858e+00   1.0484176e+00
   6.0400000e+02  -1.8935112e+00   1.0564415e+00
   6.0500000e+02  -1.9024391e+00   1.0612752e+00
   6.0600000e+02  -1.9136629e+00   1.0639414e+00
   6.0700000e+02  -1.9223738e+00   1.0645924e+00
   6.0800000e+02  -1.9303790e+00   1.0648594e+00
   6.0900000e+02  -1.9386746e+00   1.0662057e+00
   6.1000000e+02  -1.9468963e+00   1.0687193e+00
   6.1100000e+02  -1.9534199e+00   1.0740572e+00
   6.1200000e+02  -1.9588546e+00   1.0791587e+00
   6.1300000e+02  -1.9607707e+00   1.0824456e+00
   6.1400000e+02  -1.9605722e+00   1.0803358e+00
   6.1500000e+02  -1.9648481e+00   1.0753792e+00
   6.1600000e+02  -1.9769223e+00   1.0695105e+00
   6.1700000e+02  -1.9937157e+00   1.0636326e+00
   6.1800000e+02  -2.0076762e+00   1.0578530e+00
   6.1900000e+02  -2.0117472e+00   1.0534172e+00
   6.2000000e+02  -2.0093717e+00   1.0512810e+00
   6.2100000e+02  -1.9987172e+00   1.0531625e+00
   6.2200000e+02  -1.9840392e+00   1.0548537e+00
   6.2300000e+02  -1.9679191e+00   1.0567819e+00
   6.2400000e+02  -1.9484532e+00   1.0580175e+00
   6.2500000e+02  -1.9269668e+00   1.0603992e+00
   6.2600000e+02  -1.9058289e+00   1.0621687e+00
   6.2700000e+02  -1.8839569e+00   1.0611334e+00
   6.2800000e+02  -1.8631728e+00   1.0596428e+00
   6.2900000e+02  -1.8449676e+00   1.0598764e+00
   6.3000000e+02  -1.8286280e+00   1.0590810e+00
   6.3100000e+02  -1.8155576e+00   1.0583395e+00
   6.3200000e+02  -1.8043221e+00   1.0570920e+00
   6.3300000e+02  -1.7948298e+00   1.0554338e+00
   6.3400000e+02  -1.7873089e+00   1.0539111e+00
   6.3500000e+02  -1.7811891e+00   1.0538249e+00
   6.3600000e+02  -1.7753167e+00   1.0540246e+00
   6.3700000e+02  -1.7693229e+00   1.0545884e+00
   6.3800000e+02  -1.7604809e+00   1.0537958e+00
   6.3900000e+02  -1.7479111e+00   1.0535635e+00
   6.4000000e+02  -1.7321604e+00   1.0521088e+00
   6.4100000e+02  -1.7179629e+00   1.0497628e+00
   6.4200000e+02  -1.7045349e+00   1.0461094e+00
   6.4300000e+02  -1.6909334e+00   1.0423796e+00
   6.4400000e+02  -1.6755898e+00   1.0376706e+00
   6.4500000e+02  -1.6557274e+00   1.0329439e+00
   6.4600000e+02  -1.6329340e+00   1.0276826e+00
   6.4700000e+02  -1.6083462e+00   1.0216443e+00
   6.4800000e+02  -1.5826003e+00   1.0159392e+00
   6.4900000e+02  -1.5562264e+00   1.0108767e+00
   6.5000000e+02  -1.5285876e+00   1.0033360e+00
   6.5100000e+02  -1.4978447e+00   9.9731255e-01
   6.5200000e+02  -1.4670681e+00   9.9244661e-01
   6.5300000e+02  -1.4343392e+00   9.8961300e-01
   6.5400000e+02  -1.4025813e+00   9.8823909e-01
   6.5500000e+02  -1.3733207e+00   9.8920555e-01
   6.5600000e+02  -1.3445373e+00   9.8895094e-01
   6.5700000e+02  -1.3183570e+00   9.9084487e-01
   6.5800000e+02  -1.2915352e+00   9.9241412e-01
   6.5900000e+02  -1.2659571e+00   9.9303731e-01
   6.6000000e+02  -1.2394827e+00   9.9029514e-01
   6.6100000e+02  -1.2128955e+00   9.8903554e-01
   6.6200000e+02  -1.1858174e+00   9.8096950e-01
   6.6300000e+02  -1.1600832e+00   9.7078536e-01
   6.6400000e+02  -1.1366419e+00   9.6032816e-01
   6.6500000e+02  -1.1147876e+00   9.5053770e-01
   6.6600000e+02  -1.0941495e+00   9.4241593e-01
   6.6700000e+02  -1.0716327e+00   9.3648220e-01
   6.6800000e+02  -1.0494874e+00   9.3234760e-01
   6.6900000e+02  -1.0287339e+00   9.3024703e-01
   6.7000000e+02  -1.0094205e+00   9.2888470e-01
   6.7100000e+02  -9.8922199e-01   9.2869867e-01
   6.7200000e+02  -9.6946150e-01   9.2972568e-01
   6.7300000e+02  -9.5076992e-01   9.2981831e-01
   6.7400000e+02  -9.3410655e-01   9.3192690e-01
   6.7500000e+02  -9.2030435e-01   9.3543497e-01
   6.7600000e+02  -9.0894804e-01   9.4040929e-01
   6.7700000e+02  -8.9868257e-01   9.4769792e-01
   6.7800000e+02  -8.8640033e-01   9.5554266e-01
   6.7900000e+02  -8.6977409e-01   9.6440753e-01
   6.8000000e+02  -8.4888125e-01   9.7294063e-01
   6.8100000e+02  -8.2461760e-01   9.8079305e-01
   6.8200000e+02  -7.9925656e-01   9.8783783e-01
   6.8300000e+02  -7.7609335e-01   9.9570526e-01
   6.8400000e+02  -7.5293812e-01   1.0046239e+00
   6.8500000e+02  -7.2915542e-01   1.0149698e+00
   6.8600000e+02  -7.0470319e-01   1.0257353e+00
   6.8700000e+02  -6.8061513e-01   1.0355200e+00
   6.8800000e+02  -6.5808923e-01   1.0435983e+00
   6.8900000e+02  -6.3479171e-01   1.0505037e+00
   6.9000000e+02  -6.1198710e-01   1.0563005e+00
   6.9100000e+02  -5.8997397e-01   1.0630564e+00
   6.9200000e+02  -5.6832966e-01   1.0706708e+00
   6.9300000e+02  -5.4542195e-01   1.0801413e+00
   6.9400000e+02  -5.1908076e-01   1.0923727e+00
   6.9500000e+02  -4.9096106e-01   1.1054794e+00
   6.9600000e+02  -4.6315682e-01   1.1211449e+00
   6.9700000e+02  -4.3698434e-01   1.1375876e+00
   6.9800000e+02  -4.1785774e-01   1.1555126e+00
   6.9900000e+02  -4.0371128e-01   1.1705921e+00
   7.0000000e+02  -3.9277271e-01   1.1810377e+00
   7.0100000e+02  -3.8594653e-01   1.1891333e+00
   7.0200000e+02  -3.8455206e-01   1.1971674e+00
   7.0300000e+02  -3.8420743e-01   1.2052784e+00
   7.0400000e+02  -3.8103511e-01   1.2110743e+00
   7.0500000e+02  -3.7052262e-01   1.2155059e+00
   7.0600000e+02  -3.5267601e-01   1.2220663e+00
   7.0700000e+02  -3.3151472e-01   1.2285929e+00
   7.0800000e+02  -3.0954799e-01   1.2347035e+00
   7.0900000e+02  -2.8966680e-01   1.2390013e+00
   7.1000000e+02  -2.7268831e-01   1.2371001e+00
   7.1100000e+02  -2.5753949e-01   1.2319951e+00
   7.1200000e+02  -2.4377096e-01   1.2241566e+00
   7.1300000e+02  -2.3024337e-01   1.2126640e+00
   7.1400000e+02  -2.1685950e-01   1.1987418e+00
   7.1500000e+02  -1.9990988e-01   1.1835076e+00
   7.1600000e+02  -1.8062115e-01   1.1706673e+00
   7.1700000e+02  -1.5871133e-01   1.1571664e+00
   7.1800000e+02  -1.3424061e-01   1.1410393e+00
   7.1900000e+02  -1.1358819e-01   1.1266223e+00
   7.2000000e+02  -9.7474015e-02   1.1142486e+00
   7.2100000e+02  -8.4673273e-02   1.1059334e+00
   7.2200000e+02  -7.7360384e-02   1.1026511e+00
   7.2300000e+02  -7.5165561e-02   1.1038594e+00
   7.2400000e+02  -7.6103364e-02   1.1061554e+00
   7.2500000e+02  -7.6731083e-02   1.1066698e+00
   7.2600000e+02  -7.8243947e-02   1.1066079e+00
   7.2700000e+02  -8.0000670e-02   1.1068175e+00
   7.2800000e+02  -8.4811771e-02   1.1057780e+00
   7.2900000e+02  -9.1822421e-02   1.1018404e+00
   7.3000000e+02  -1.0096204e-01   1.0964207e+00
   7.3100000e+02  -1.1189970e-01   1.0898882e+00
   7.3200000e+02  -1.2305770e-01   1.0835645e+00
   7.3300000e+02  -1.3388381e-01   1.0762245e+00
   7.3400000e+02  -1.4199425e-01   1.0699601e+00
   7.3500000e+02  -1.5105989e-01   1.0630835e+00
   7.3600000e+02  -1.6146607e-01   1.0565769e+00
   7.3700000e+02  -1.7346415e-01   1.0510243e+00
   7.3800000e+02  -1.8804768e-01   1.0508660e+00
   7.3900000e+02  -2.0514763e-01   1.0543313e+00
   7.4000000e+02  -2.2586186e-01   1.0605752e+00
   7.4100000e+02  -2.4802712e-01   1.0634176e+00
   7.4200000e+02  -2.7301284e-01   1.0639348e+00
   7.4300000e+02  -2.9591636e-01   1.0602343e+00
   7.4400000e+02  -3.1677668e-01   1.0550087e+00
   7.4500000e+02  -3.3688289e-01   1.0486584e+00
   7.4600000e+02  -3.5636382e-01   1.0378297e+00
   7.4700000e+02  -3.7737998e-01   1.0276996e+00
   7.4800000e+02  -3.9819871e-01   1.0207454e+00
   7.4900000e+02  -4.1471719e-01   1.0152232e+00
   7.5000000e+02  -4.2849228e-01   1.0090536e+00
   7.5100000e+02  -4.3977524e-01   1.0021397e+00
   7.5200000e+02  -4.4763693e-01   9.9338021e-01
   7.5300000e+02  -4.5307323e-01   9.8290638e-01
   7.5400000e+02  -4.5835595e-01   9.6998872e-01
   7.5500000e+02  -4.6320062e-01   9.5816074e-01
   7.5600000e+02  -4.6866303e-01   9.4456071e-01
   7.5700000e+02  -4.7623249e-01   9.2569758e-01
   7.5800000e+02  -4.8972847e-01   9.0615692e-01
   7.5900000e+02  -5.0592229e-01   8.8360463e-01
   7.6000000e+02  -5.2033952e-01   8.5982766e-01
   7.6100000e+02  -5.3146500e-01   8.3436956e-01
   7.6200000e+02  -5.4012074e-01   8.1225699e-01
   7.6300000e+02  -5.5074079e-01   7.9181477e-01
   7.6400000e+02  -5.6679223e-01   7.7249070e-01
   7.6500000e+02  -5.9079054e-01   7.5283302e-01
   7.6600000e+02  -6.1751419e-01   7.3265960e-01
   7.6700000e+02  -6.5439769e-01   7.1035206e-01
   7.6800000e+02  -6.9603422e-01   6.8965496e-01
   7.6900000e+02  -7.3352146e-01   6.7454026e-01
   7.7000000e+02  -7.6790361e-01   6.5867774e-01
   7.7100000e+02  -7.9932708e-01   6.4362772e-01
   7.7200000e+02  -8.2881731e-01   6.2730175e-01
   7.7300000e+02  -8.6267701e-01   6.0489165e-01
   7.7400000e+02  -8.9743387e-01   5.8176070e-01
   7.7500000e+02  -9.3170182e-01   5.6581530e-01
   7.7600000e+02  -9.6484411e-01   5.5114569e-01
   7.7700000e+02  -9.9202663e-01   5.3959360e-01
   7.7800000e+02  -1.0188355e+00   5.3377317e-01
   7.7900000e+02  -1.0444517e+00   5.3054465e-01
   7.8000000e+02  -1.0652733e+00   5.2569283e-01
   7.8100000e+02  -1.0842255e+00   5.2025101e-01
   7.8200000e+02  -1.1036459e+00   5.1260478e-01
   7.8300000e+02  -1.1220568e+00   5.0254561e-01
   7.8400000e+02  -1.1407372e+00   4.9393664e-01
   7.8500000e+02  -1.1619363e+00   4.8370347e-01
   7.8600000e+02  -1.1831814e+00   4.7123498e-01
   7.8700000e+02  -1.2023231e+00   4.5865744e-01
   7.8800000e+02  -1.2183788e+00   4.4543372e-01
   7.8900000e+02  -1.2262177e+00   4.3493062e-01
   7.9000000e+02  -1.2284403e+00   4.2442313e-01
   7.9100000e+02  -1.2284533e+00   4.1386516e-01
   7.9200000e+02  -1.2272287e+00   4.0310222e-01
   7.9300000e+02  -1.2288144e+00   3.9272730e-01
   7.9400000e+02  -1.2321967e+00   3.8259378e-01
   7.9500000e+02  -1.2391401e+00   3.7205103e-01
   7.9600000e+02  -1.2490801e+00   3.6232787e-01
   7.9700000e+02  -1.2604928e+00   3.5330677e-01
   7.9800000e+02  -1.2704903e+00   3.4523684e-01
   7.9900000e+02  -1.2816007e+00   3.3586463e-01
   8.0000000e+02  -1.2927840e+00   3.2738327e-01
   8.0100000e+02  -1.3051839e+00   3.1366862e-01
   8.0200000e+02  -1.3158815e+00   2.9854772e-01
   8.0300000e+02  -1.3261749e+00   2.8709500e-01
   8.0400000e+02  -1.3358607e+00   2.7940975e-01
   8.0500000e+02  -1.3443206e+00   2.7225114e-01
   8.0600000e+02  -1.3534957e+00   2.6711071e-01
   8.0700000e+02  -1.3600244e+00   2.6529018e-01
   8.0800000e+02  -1.3646327e+00   2.6527809e-01
   8.0900000e+02  -1.3716240e+00   2.6441849e-01
   8.1000000e+02  -1.3805314e+00   2.6338545e-01
   8.1100000e+02  -1.3900639e+00   2.6167074e-01
   8.1200000e+02  -1.3977390e+00   2.5943165e-01
   8.1300000e+02  -1.4045857e+00   2.5719421e-01
   8.1400000e+02  -1.4084390e+00   2.5466899e-01
   8.1500000e+02  -1.4115549e+00   2.5228634e-01
   8.1600000e+02  -1.4162131e+00   2.5064209e-01
   8.1700000e+02  -1.4199343e+00   2.4929485e-01
   8.1800000e+02  -1.4220353e+00   2.4692511e-01
   8.1900000e+02  -1.4215492e+00   2.4528202e-01
   8.2000000e+02  -1.4194637e+00   2.4383407e-01
   8.2100000e+02  -1.4168590e+00   2.4360623e-01
   8.2200000e+02  -1.4139713e+00   2.4434071e-01
   8.2300000e+02  -1.4109630e+00   2.4488572e-01
   8.2400000e+02  -1.4088603e+00   2.4570714e-01
   8.2500000e+02  -1.4058612e+00   2.4644250e-01
   8.2600000e+02  -1.4018515e+00   2.4702067e-01
   8.2700000e+02  -1.3975557e+00   2.4741565e-01
   8.2800000e+02  -1.3925038e+00   2.5009626e-01
   8.2900000e+02  -1.3877622e+00   2.5310514e-01
   8.3000000e+02  -1.3835019e+00   2.5739483e-01
   8.3100000e+02  -1.3809202e+00   2.6056196e-01
   8.3200000e+02  -1.3810800e+00   2.6463214e-01
   8.3300000e+02  -1.3814164e+00   2.6852502e-01
   8.3400000e+02  -1.3804488e+00   2.7313579e-01
   8.3500000e+02  -1.3770236e+00   2.7720072e-01
   8.3600000e+02  -1.3721641e+00   2.7959907e-01
   8.3700000e+02  -1.3660945e+00   2.8231606e-01
   8.3800000e+02  -1.3589432e+00   2.8420461e-01
   8.3900000e+02  -1.3530189e+00   2.8607290e-01
   8.4000000e+02  -1.3472277e+00   2.8662825e-01
   8.4100000e+02  -1.3423947e+00   2.8587977e-01
   8.4200000e+02  -1.3387142e+00   2.8367219e-01
   8.4300000e+02  -1.3361247e+00   2.8045747e-01
   8.4400000e+02  -1.3362165e+00   2.7698015e-01
   8.4500000e+02  -1.3380638e+00   2.7237361e-01
   8.4600000e+02  -1.3419842e+00   2.6679848e-01
   8.4700000e+02  -1.3467453e+00   2.6384239e-01
   8.4800000e+02  -1.3508996e+00   2.6251252e-01
   8.4900000e+02  -1.3557088e+00   2.6085942e-01
   8.5000000e+02  -1.3610904e+00   2.5826457e-01
   8.5100000e+02  -1.3672076e+00   2.5514394e-01
   8.5200000e+02  -1.3730049e+00   2.5224710e-01
   8.5300000e+02  -1.3799916e+00   2.5007984e-01
   8.5400000e+02  -1.3828848e+00   2.4902823e-01
   8.5500000e+02  -1.3841833e+00   2.4828947e-01
   8.5600000e+02  -1.3835188e+00   2.4789970e-01
   8.5700000e+02  -1.3824913e+00   2.4731229e-01
   8.5800000e+02  -1.3815151e+00   2.4651531e-01
   8.5900000e+02  -1.3805719e+00   2.4563650e-01
   8.6000000e+02  -1.3801808e+00   2.4489807e-01
   8.6100000e+02  -1.3795628e+00   2.4580514e-01
   8.6200000e+02  -1.3786617e+00   2.4666587e-01
   8.6300000e+02  -1.3773665e+00   2.4965470e-01
   8.6400000e+02  -1.3761091e+00   2.5347276e-01
   8.6500000e+02  -1.3755427e+00   2.5854807e-01
   8.6600000e+02  -1.3730451e+00   2.6317972e-01
   8.6700000e+02  -1.3699390e+00   2.6555076e-01
   8.6800000e+02  -1.3668090e+00   2.6680646e-01
   8.6900000e+02  -1.3645172e+00   2.6749449e-01
   8.7000000e+02  -1.3627378e+00   2.6920810e-01
   8.7100000e+02  -1.3612760e+00   2.7167570e-01
   8.7200000e+02  -1.3585447e+00   2.7360885e-01
   8.7300000e+02  -1.3547516e+00   2.7604370e-01
   8.7400000e+02  -1.3523574e+00   2.7709310e-01
   8.7500000e+02  -1.3507875e+00   2.7861501e-01
   8.7600000e+02  -1.3515126e+00   2.7982722e-01
   8.7700000e+02  -1.3535660e+00   2.8024017e-01
   8.7800000e+02  -1.3545269e+00   2.8193684e-01
   8.7900000e+02  -1.3555251e+00   2.8295284e-01
   8.8000000e+02  -1.3562291e+00   2.8208294e-01
   8.8100000e+02  -1.3562088e+00   2.8243786e-01
   8.8200000e+02  -1.3535370e+00   2.8431894e-01
   8.8300000e+02  -1.3469309e+00   2.8928262e-01
   8.8400000e+02  -1.3372555e+00   2.9587698e-01
   8.8500000e+02  -1.3236496e+00   3.0301704e-01
   8.8600000e+02  -1.3053191e+00   3.0912484e-01
   8.8700000e+02  -1.2827235e+00   3.1604589e-01
   8.8800000e+02  -1.2573487e+00   3.2312292e-01
   8.8900000e+02  -1.2292110e+00   3.3091176e-01
   8.9000000e+02  -1.2000311e+00   3.3982906e-01
   8.9100000e+02  -1.1724111e+00   3.4636425e-01
   8.9200000e+02  -1.1499224e+00   3.4914472e-01
   8.9300000e+02  -1.1326200e+00   3.4904768e-01
   8.9400000e+02  -1.1190731e+00   3.4858897e-01
   8.9500000e+02  -1.1084896e+00   3.4731792e-01
   8.9600000e+02  -1.0998257e+00   3.4722291e-01
   8.9700000e+02  -1.0904975e+00   3.4909514e-01
   8.9800000e+02  -1.0825061e+00   3.5237723e-01
   8.9900000e+02  -1.0747404e+00   3.5478270e-01
   9.0000000e+02  -1.0698268e+00   3.5605849e-01
   9.0100000e+02  -1.0680644e+00   3.5560604e-01
   9.0200000e+02  -1.0682086e+00   3.5484427e-01
   9.0300000e+02  -1.0704856e+00   3.5387556e-01
   9.0400000e+02  -1.0729212e+00   3.5395416e-01
   9.0500000e+02  -1.0756256e+00   3.5602523e-01
   9.0600000e+02  -1.0780678e+00   3.5834764e-01
   9.0700000e+02  -1.0794541e+00   3.6170927e-01
   9.0800000e+02  -1.0783174e+00   3.6507081e-01
   9.0900000e+02  -1.0764674e+00   3.6826585e-01
   9.1000000e+02  -1.0732054e+00   3.6999882e-01
   9.1100000e+02  -1.0680636e+00   3.7155389e-01
   9.1200000e+02  -1.0619976e+00   3.7315351e-01
   9.1300000e+02  -1.0570809e+00   3.7319625e-01
   9.1400000e+02  -1.0509602e+00   3.7106259e-01
   9.1500000e+02  -1.0449961e+00   3.6965740e-01
   9.1600000e+02  -1.0393019e+00   3.6761668e-01
   9.1700000e+02  -1.0346918e+00   3.6517649e-01
   9.1800000e+02  -1.0308609e+00   3.6303976e-01
   9.1900000e+02  -1.0264320e+00   3.6371325e-01
   9.2000000e+02  -1.0212127e+00   3.6649417e-01
   9.2100000e+02  -1.0171373e+00   3.7059001e-01
   9.2200000e+02  -1.0145214e+00   3.7454984e-01
   9.2300000e+02  -1.0114668e+00   3.7930136e-01
   9.2400000e+02  -1.0049640e+00   3.8548832e-01
   9.2500000e+02  -9.9446722e-01   3.9286823e-01
   9.2600000e+02  -9.8461552e-01   3.9878766e-01
   9.2700000e+02  -9.7390660e-01   4.0500405e-01
   9.2800000e+02  -9.6195461e-01   4.1155305e-01
   9.2900000e+02  -9.4909080e-01   4.1785453e-01
   9.3000000e+02  -9.3610483e-01   4.2206751e-01
   9.3100000e+02  -9.2294760e-01   4.2519358e-01
   9.3200000e+02  -9.1156294e-01   4.2783413e-01
   9.3300000e+02  -8.9984581e-01   4.2870241e-01
   9.3400000e+02  -8.8962734e-01   4.2782949e-01
   9.3500000e+02  -8.7959946e-01   4.2487349e-01
   9.3600000e+02  -8.6889304e-01   4.2068368e-01
   9.3700000e+02  -8.5770976e-01   4.1668052e-01
   9.3800000e+02  -8.4512158e-01   4.1271015e-01
   9.3900000e+02  -8.2932717e-01   4.0823823e-01
   9.4000000e+02  -8.1112809e-01   4.0666087e-01
   9.4100000e+02  -7.9241817e-01   4.0688144e-01
   9.4200000e+02  -7.7547807e-01   4.0677309e-01
   9.4300000e+02  -7.6089604e-01   4.0675660e-01
   9.4400000e+02  -7.4822626e-01   4.0562702e-01
   9.4500000e+02  -7.3780910e-01   4.0655312e-01
   9.4600000e+02  -7.3242437e-01   4.0897247e-01
   9.4700000e+02  -7.2948727e-01   4.1167315e-01
   9.4800000e+02  -7.2765906e-01   4.1229840e-01
   9.4900000e+02  -7.2547247e-01   4.1174368e-01
   9.5000000e+02  -7.2462782e-01   4.1179491e-01
   9.5100000e+02  -7.2631538e-01   4.1141308e-01
   9.5200000e+02  -7.2925877e-01   4.0863153e-01
   9.5300000e+02  -7.3080946e-01   4.0445306e-01
   9.5400000e+02  -7.2863344e-01   4.0158960e-01
   9.5500000e+02  -7.2396147e-01   4.0044482e-01
   9.5600000e+02  -7.1810339e-01   4.0177747e-01
   9.5700000e+02  -7.1173131e-01   4.0156544e-01
   9.5800000e+02  -7.0697870e-01   4.0097478e-01
   9.5900000e+02  -7.0349293e-01   3.9949115e-01
   9.6000000e+02  -7.0228147e-01   3.9821248e-01
   9.6100000e+02  -7.0220908e-01   3.9643695e-01
   9.6200000e+02  -7.0734706e-01   3.9526076e-01
   9.6300000e+02  -7.1443702e-01   3.9231300e-01
   9.6400000e+02  -7.1919136e-01   3.8740825e-01
   9.6500000e+02  -7.2156050e-01   3.8363969e-01
   9.6600000e+02  -7.2274931e-01   3.8038041e-01
   9.6700000e+02  -7.2269274e-01   3.7756521e-01
   9.6800000e+02  -7.2132484e-01   3.7566048e-01
   9.6900000e+02  -7.1952854e-01   3.7392575e-01
   9.7000000e+02  -7.1895002e-01   3.6988574e-01
   9.7100000e+02  -7.1959951e-01   3.6461710e-01
   9.7200000e+02  -7.2098297e-01   3.6098570e-01
   9.7300000e+02  -7.2079140e-01   3.5692744e-01
   9.7400000e+02  -7.1934460e-01   3.5245603e-01
   9.7500000e+02  -7.1754166e-01   3.4889086e-01
   9.7600000e+02  -7.1714485e-01   3.4622219e-01
   9.7700000e+02  -7.2068835e-01   3.4290454e-01
   9.7800000e+02  -7.2723307e-01   3.3850919e-01
   9.7900000e+02  -7.3713889e-01   3.3319399e-01
   9.8000000e+02  -7.4907790e-01   3.2794782e-01
   9.8100000e+02  -7.6335814e-01   3.2356237e-01
   9.8200000e+02  -7.7918835e-01   3.2175334e-01
   9.8300000e+02  -7.9537921e-01   3.1843006e-01
   9.8400000e+02  -8.0920397e-01   3.1366213e-01
   9.8500000e+02  -8.1865926e-01   3.0948907e-01
   9.8600000e+02  -8.2277393e-01   3.0299110e-01
   9.8700000e+02  -8.2272214e-01   2.9661848e-01
   9.8800000e+02  -8.2151794e-01   2.9124838e-01
   9.8900000e+02  -8.1853496e-01   2.8881569e-01
   9.9000000e+02  -8.1490020e-01   2.8802042e-01
   9.9100000e+02  -8.1232145e-01   2.8583020e-01
   9.9200000e+02  -8.1142383e-01   2.8234696e-01
   9.9300000e+02  -8.1288691e-01   2.7881010e-01
   9.9400000e+02  -8.1496016e-01   2.7777203e-01
   9.9500000e+02  -8.1575568e-01   2.8023626e-01
   9.9600000e+02  -8.1429114e-01   2.8321260e-01
   9.9700000e+02  -8.0996548e-01   2.8614530e-01
   9.9800000e+02  -8.0887480e-01   2.8725552e-01
   9.9900000e+02  -8.1080837e-01   2.8695971e-01
   1.0000000e+03  -8.1514158e-01   2.8697321e-01
   1.0010000e+03  -8.1876232e-01   2.8863370e-01
   1.0020000e+03  -8.1993580e-01   2.9433954e-01
   1.0030000e+03  -8.1758795e-01   3.0044446e-01
   1.0040000e+03  -8.1123464e-01   3.0378378e-01
   1.0050000e+03  -8.0201477e-01   3.0557266e-01
   1.0060000e+03  -7.9101304e-01   3.0524927e-01
   1.0070000e+03  -7.7951556e-01   3.0448691e-01
   1.0080000e+03  -7.6887927e-01   3.0387666e-01
   1.0090000e+03  -7.5965837e-01   3.0390704e-01
   1.0100000e+03  -7.5505990e-01   3.0681264e-01
   1.0110000e+03  -7.5175466e-01   3.1063529e-01
   1.0120000e+03  -7.5200331e-01   3.1097521e-01
   1.0130000e+03  -7.5379590e-01   3.0677637e-01
   1.0140000e+03  -7.5518462e-01   3.0177111e-01
   1.0150000e+03  -7.5597884e-01   2.9730099e-01
   1.0160000e+03  -7.5474011e-01   2.9326356e-01
   1.0170000e+03  -7.5122002e-01   2.9012716e-01
   1.0180000e+03  -7.4667385e-01   2.8642179e-01
   1.0190000e+03  -7.4289523e-01   2.8309176e-01
   1.0200000e+03  -7.4069198e-01   2.7828801e-01
   1.0210000e+03  -7.4008926e-01   2.7067763e-01
   1.0220000e+03  -7.4125406e-01   2.6383324e-01
   1.0230000e+03  -7.4037218e-01   2.5712719e-01
   1.0240000e+03  -7.4209913e-01   2.5201196e-01
   1.0250000e+03  -7.4461063e-01   2.4844555e-01
   1.0260000e+03  -7.4615218e-01   2.4775241e-01
   1.0270000e+03  -7.4541098e-01   2.4925182e-01
   1.0280000e+03  -7.4315982e-01   2.5122956e-01
   1.0290000e+03  -7.4000154e-01   2.5340036e-01
   1.0300000e+03  -7.3360313e-01   2.5374191e-01
   1.0310000e+03  -7.2425170e-01   2.5436492e-01
   1.0320000e+03  -7.1310410e-01   2.5354717e-01
   1.0330000e+03  -7.0298573e-01   2.5256559e-01
   1.0340000e+03  -6.9211278e-01   2.5311570e-01
   1.0350000e+03  -6.8080450e-01   2.5391356e-01
   1.0360000e+03  -6.7001829e-01   2.5365563e-01
   1.0370000e+03  -6.6288936e-01   2.5488228e-01
   1.0380000e+03  -6.5975046e-01   2.5502555e-01
   1.0390000e+03  -6.5880784e-01   2.5518155e-01
   1.0400000e+03  -6.5950439e-01   2.5411234e-01
   1.0410000e+03  -6.6087703e-01   2.5412280e-01
   1.0420000e+03  -6.6149044e-01   2.5661946e-01
   1.0430000e+03  -6.6038697e-01   2.5843788e-01
   1.0440000e+03  -6.5870312e-01   2.5817002e-01
   1.0450000e+03  -6.5871924e-01   2.5796320e-01
   1.0460000e+03  -6.6019386e-01   2.5887371e-01
   1.0470000e+03  -6.5863511e-01   2.6176299e-01
   1.0480000e+03  -6.5471845e-01   2.6358332e-01
   1.0490000e+03  -6.5222840e-01   2.6321189e-01
   1.0500000e+03  -6.4931099e-01   2.6075828e-01
   1.0510000e+03  -6.4226742e-01   2.6062779e-01
   1.0520000e+03  -6.3587091e-01   2.5621698e-01
   1.0530000e+03  -6.2619743e-01   2.5916924e-01
   1.0540000e+03  -6.1375289e-01   2.5769024e-01
   1.0550000e+03  -6.0177219e-01   2.5464926e-01
   1.0560000e+03  -5.9166317e-01   2.5522872e-01
   1.0570000e+03  -5.8276372e-01   2.5679773e-01
   1.0580000e+03  -5.7526216e-01   2.5460909e-01
   1.0590000e+03  -5.7446172e-01   2.4773803e-01
   1.0600000e+03  -5.6811044e-01   2.4981840e-01
   1.0610000e+03  -5.6278667e-01   2.4575953e-01
   1.0620000e+03  -5.5726250e-01   2.4454048e-01
   1.0630000e+03  -5.5256441e-01   2.4372541e-01
   1.0640000e+03  -5.4698080e-01   2.4064372e-01
   1.0650000e+03  -5.4754153e-01   2.3742351e-01
   1.0660000e+03  -5.4807060e-01   2.3337289e-01
   1.0670000e+03  -5.4956292e-01   2.3191798e-01
   1.0680000e+03  -5.5093984e-01   2.3093069e-01
   1.0690000e+03  -5.4864210e-01   2.2974149e-01
   1.0700000e+03  -5.4453368e-01   2.2681562e-01
   1.0710000e+03  -5.4112961e-01   2.2560437e-01
   1.0720000e+03  -5.3771110e-01   2.2624850e-01
   1.0730000e+03  -5.3388762e-01   2.2948163e-01
   1.0740000e+03  -5.2853131e-01   2.3135200e-01
   1.0750000e+03  -5.2205540e-01   2.3199907e-01
   1.0760000e+03  -5.1566285e-01   2.3317089e-01
   1.0770000e+03  -5.0895424e-01   2.3123391e-01
   1.0780000e+03  -5.0136540e-01   2.2842642e-01
   1.0790000e+03  -4.9205782e-01   2.2718679e-01
   1.0800000e+03  -4.7971523e-01   2.2670256e-01
   1.0810000e+03  -4.6595129e-01   2.2520140e-01
   1.0820000e+03  -4.5575888e-01   2.2256939e-01
   1.0830000e+03  -4.4749566e-01   2.2018954e-01
   1.0840000e+03  -4.3816890e-01   2.1844806e-01
   1.0850000e+03  -4.2910102e-01   2.1947509e-01
   1.0860000e+03  -4.1742090e-01   2.1846814e-01
   1.0870000e+03  -4.0368697e-01   2.2234945e-01
   1.0880000e+03  -3.9088835e-01   2.2001185e-01
   1.0890000e+03  -3.8171622e-01   2.1538267e-01
   1.0900000e+03  -3.6803223e-01   2.1173479e-01
   1.0910000e+03  -3.5614625e-01   2.1177210e-01
   1.0920000e+03  -3.4287974e-01   2.0369198e-01
   1.0930000e+03  -3.3347768e-01   1.9998868e-01
   1.0940000e+03  -3.2639731e-01   1.8278870e-01
   1.0950000e+03  -3.1185811e-01   1.7962191e-01
   1.0960000e+03  -2.9868219e-01   1.6810551e-01
   1.0970000e+03  -2.8371772e-01   1.5310707e-01
   1.0980000e+03  -2.6826428e-01   1.3905090e-01
   1.0990000e+03  -2.5116615e-01   1.2809632e-01
   1.1000000e+03  -2.3370577e-01   1.1570136e-01
