   1.6060000e+03   7.6524938e-01   3.1432375e+00
   1.6070000e+03   7.7069237e-01   3.1338121e+00
   1.6080000e+03   7.7548116e-01   3.1255230e+00
   1.6090000e+03   7.7879227e-01   3.1172656e+00
   1.6100000e+03   7.8046347e-01   3.1098255e+00
   1.6110000e+03   7.8137864e-01   3.1030319e+00
   1.6120000e+03   7.8159257e-01   3.0968880e+00
   1.6130000e+03   7.7996520e-01   3.0923823e+00
   1.6140000e+03   7.7820080e-01   3.0873118e+00
   1.6150000e+03   7.7491928e-01   3.0831640e+00
   1.6160000e+03   7.7083186e-01   3.0786402e+00
   1.6170000e+03   7.6650337e-01   3.0748694e+00
   1.6180000e+03   7.6030684e-01   3.0711888e+00
   1.6190000e+03   7.5323080e-01   3.0671384e+00
   1.6200000e+03   7.4523294e-01   3.0634747e+00
   1.6210000e+03   7.3583160e-01   3.0611778e+00
   1.6220000e+03   7.2472208e-01   3.0584319e+00
   1.6230000e+03   7.1243927e-01   3.0562308e+00
   1.6240000e+03   6.9890299e-01   3.0534435e+00
   1.6250000e+03   6.8579381e-01   3.0516487e+00
   1.6260000e+03   6.7195501e-01   3.0494696e+00
   1.6270000e+03   6.5761817e-01   3.0475828e+00
   1.6280000e+03   6.4334502e-01   3.0457393e+00
   1.6290000e+03   6.2842430e-01   3.0439874e+00
   1.6300000e+03   6.1376931e-01   3.0410858e+00
   1.6310000e+03   5.9919420e-01   3.0387331e+00
   1.6320000e+03   5.8397512e-01   3.0361854e+00
   1.6330000e+03   5.6917153e-01   3.0323365e+00
   1.6340000e+03   5.5537975e-01   3.0297320e+00
   1.6350000e+03   5.4170824e-01   3.0263392e+00
   1.6360000e+03   5.2753755e-01   3.0218033e+00
   1.6370000e+03   5.1437082e-01   3.0183417e+00
   1.6380000e+03   5.0319304e-01   3.0147585e+00
   1.6390000e+03   4.9317260e-01   3.0115870e+00
   1.6400000e+03   4.8422120e-01   3.0088371e+00
   1.6410000e+03   4.7605543e-01   3.0061520e+00
   1.6420000e+03   4.6920694e-01   3.0040582e+00
   1.6430000e+03   4.6331080e-01   3.0018220e+00
   1.6440000e+03   4.5784271e-01   2.9993499e+00
   1.6450000e+03   4.5387050e-01   2.9976749e+00
   1.6460000e+03   4.4993763e-01   2.9959317e+00
   1.6470000e+03   4.4785772e-01   2.9946237e+00
   1.6480000e+03   4.4580295e-01   2.9931238e+00
   1.6490000e+03   4.4374747e-01   2.9913983e+00
   1.6500000e+03   4.4201177e-01   2.9902031e+00
   1.6510000e+03   4.4110475e-01   2.9887837e+00
   1.6520000e+03   4.4163823e-01   2.9881209e+00
   1.6530000e+03   4.4234903e-01   2.9875289e+00
   1.6540000e+03   4.4351945e-01   2.9876626e+00
   1.6550000e+03   4.4518066e-01   2.9874733e+00
   1.6560000e+03   4.4692447e-01   2.9883835e+00
   1.6570000e+03   4.4924036e-01   2.9875502e+00
   1.6580000e+03   4.5205486e-01   2.9881655e+00
   1.6590000e+03   4.5538519e-01   2.9886607e+00
   1.6600000e+03   4.5909789e-01   2.9889546e+00
   1.6610000e+03   4.6425236e-01   2.9889658e+00
   1.6620000e+03   4.6936886e-01   2.9888841e+00
   1.6630000e+03   4.7516338e-01   2.9886800e+00
   1.6640000e+03   4.8249899e-01   2.9879438e+00
   1.6650000e+03   4.8978341e-01   2.9871772e+00
   1.6660000e+03   4.9838155e-01   2.9865335e+00
   1.6670000e+03   5.0804119e-01   2.9849447e+00
   1.6680000e+03   5.1836990e-01   2.9823452e+00
   1.6690000e+03   5.2890837e-01   2.9808831e+00
   1.6700000e+03   5.3916220e-01   2.9774020e+00
   1.6710000e+03   5.4926995e-01   2.9732563e+00
   1.6720000e+03   5.6018683e-01   2.9693801e+00
   1.6730000e+03   5.7027627e-01   2.9649417e+00
   1.6740000e+03   5.7946100e-01   2.9603492e+00
   1.6750000e+03   5.8882711e-01   2.9548681e+00
   1.6760000e+03   5.9681245e-01   2.9499319e+00
   1.6770000e+03   6.0446719e-01   2.9445423e+00
   1.6780000e+03   6.1114286e-01   2.9390955e+00
   1.6790000e+03   6.1727779e-01   2.9336927e+00
   1.6800000e+03   6.2254228e-01   2.9278188e+00
   1.6810000e+03   6.2724224e-01   2.9214403e+00
   1.6820000e+03   6.3200184e-01   2.9161822e+00
   1.6830000e+03   6.3613932e-01   2.9100903e+00
   1.6840000e+03   6.4001835e-01   2.9054994e+00
   1.6850000e+03   6.4328926e-01   2.9011619e+00
   1.6860000e+03   6.4665007e-01   2.8969271e+00
   1.6870000e+03   6.5002957e-01   2.8937997e+00
   1.6880000e+03   6.5258036e-01   2.8907539e+00
   1.6890000e+03   6.5498445e-01   2.8881111e+00
   1.6900000e+03   6.5746706e-01   2.8853972e+00
   1.6910000e+03   6.6023126e-01   2.8829375e+00
   1.6920000e+03   6.6263044e-01   2.8805340e+00
   1.6930000e+03   6.6606211e-01   2.8775067e+00
   1.6940000e+03   6.6789262e-01   2.8750460e+00
   1.6950000e+03   6.6948945e-01   2.8722008e+00
   1.6960000e+03   6.7039179e-01   2.8699674e+00
   1.6970000e+03   6.7152440e-01   2.8677047e+00
   1.6980000e+03   6.7197402e-01   2.8642564e+00
   1.6990000e+03   6.7256825e-01   2.8612671e+00
   1.7000000e+03   6.7261256e-01   2.8580106e+00
   1.7010000e+03   6.7321482e-01   2.8544434e+00
   1.7020000e+03   6.7338001e-01   2.8510874e+00
   1.7030000e+03   6.7364964e-01   2.8473563e+00
   1.7040000e+03   6.7339530e-01   2.8440536e+00
   1.7050000e+03   6.7351012e-01   2.8402523e+00
   1.7060000e+03   6.7327557e-01   2.8366079e+00
   1.7070000e+03   6.7234331e-01   2.8324830e+00
   1.7080000e+03   6.7158155e-01   2.8285037e+00
   1.7090000e+03   6.6975742e-01   2.8234584e+00
   1.7100000e+03   6.6744538e-01   2.8180192e+00
   1.7110000e+03   6.6440230e-01   2.8126931e+00
   1.7120000e+03   6.6100441e-01   2.8072125e+00
   1.7130000e+03   6.5627586e-01   2.8022272e+00
   1.7140000e+03   6.5062418e-01   2.7973178e+00
   1.7150000e+03   6.4637102e-01   2.7923192e+00
   1.7160000e+03   6.4253529e-01   2.7870419e+00
   1.7170000e+03   6.4017994e-01   2.7810586e+00
   1.7180000e+03   6.4166065e-01   2.7771975e+00
   1.7190000e+03   6.4456672e-01   2.7722562e+00
   1.7200000e+03   6.5045333e-01   2.7676372e+00
   1.7210000e+03   6.5852915e-01   2.7638281e+00
   1.7220000e+03   6.6998442e-01   2.7583867e+00
   1.7230000e+03   6.8373934e-01   2.7530149e+00
   1.7240000e+03   6.9968789e-01   2.7464199e+00
   1.7250000e+03   7.1844545e-01   2.7391032e+00
   1.7260000e+03   7.3961078e-01   2.7308084e+00
   1.7270000e+03   7.6363841e-01   2.7214274e+00
   1.7280000e+03   7.8892048e-01   2.7114592e+00
   1.7290000e+03   8.1555943e-01   2.6998250e+00
   1.7300000e+03   8.4326369e-01   2.6868791e+00
   1.7310000e+03   8.6853096e-01   2.6740519e+00
   1.7320000e+03   8.9523305e-01   2.6608988e+00
   1.7330000e+03   9.1726792e-01   2.6472651e+00
   1.7340000e+03   9.3793086e-01   2.6334535e+00
   1.7350000e+03   9.5554665e-01   2.6196043e+00
   1.7360000e+03   9.7111852e-01   2.6048466e+00
   1.7370000e+03   9.8455543e-01   2.5894229e+00
   1.7380000e+03   9.9670469e-01   2.5732589e+00
   1.7390000e+03   1.0076927e+00   2.5558260e+00
   1.7400000e+03   1.0173705e+00   2.5372018e+00
   1.7410000e+03   1.0275012e+00   2.5180274e+00
   1.7420000e+03   1.0368182e+00   2.4977379e+00
   1.7430000e+03   1.0459565e+00   2.4754120e+00
   1.7440000e+03   1.0549177e+00   2.4523073e+00
   1.7450000e+03   1.0625452e+00   2.4293554e+00
   1.7460000e+03   1.0693469e+00   2.4040154e+00
   1.7470000e+03   1.0744491e+00   2.3785979e+00
   1.7480000e+03   1.0802037e+00   2.3533124e+00
   1.7490000e+03   1.0849129e+00   2.3275010e+00
   1.7500000e+03   1.0898886e+00   2.3032255e+00
   1.7510000e+03   1.0954477e+00   2.2785825e+00
   1.7520000e+03   1.1007753e+00   2.2546096e+00
   1.7530000e+03   1.1077726e+00   2.2272604e+00
   1.7540000e+03   1.1146954e+00   2.2033809e+00
   1.7550000e+03   1.1218099e+00   2.1792367e+00
   1.7560000e+03   1.1300653e+00   2.1533924e+00
   1.7570000e+03   1.1381886e+00   2.1265188e+00
   1.7580000e+03   1.1490172e+00   2.0967622e+00
   1.7590000e+03   1.1598677e+00   2.0669465e+00
   1.7600000e+03   1.1736737e+00   2.0347258e+00
   1.7610000e+03   1.1895938e+00   2.0019827e+00
   1.7620000e+03   1.2089170e+00   1.9689548e+00
   1.7630000e+03   1.2306144e+00   1.9351072e+00
   1.7640000e+03   1.2556245e+00   1.9010222e+00
   1.7650000e+03   1.2814259e+00   1.8673998e+00
   1.7660000e+03   1.3061170e+00   1.8356384e+00
   1.7670000e+03   1.3283692e+00   1.8078695e+00
   1.7680000e+03   1.3487339e+00   1.7819229e+00
   1.7690000e+03   1.3654419e+00   1.7582789e+00
   1.7700000e+03   1.3811463e+00   1.7351311e+00
   1.7710000e+03   1.3950901e+00   1.7124242e+00
   1.7720000e+03   1.4081947e+00   1.6894794e+00
   1.7730000e+03   1.4204535e+00   1.6658719e+00
   1.7740000e+03   1.4314988e+00   1.6417501e+00
   1.7750000e+03   1.4423452e+00   1.6156984e+00
   1.7760000e+03   1.4521580e+00   1.5913766e+00
   1.7770000e+03   1.4631091e+00   1.5649712e+00
   1.7780000e+03   1.4720970e+00   1.5380370e+00
   1.7790000e+03   1.4803386e+00   1.5113098e+00
   1.7800000e+03   1.4864791e+00   1.4823758e+00
   1.7810000e+03   1.4919410e+00   1.4540656e+00
   1.7820000e+03   1.4958857e+00   1.4257198e+00
   1.7830000e+03   1.5005145e+00   1.3979846e+00
   1.7840000e+03   1.5050678e+00   1.3707800e+00
   1.7850000e+03   1.5099464e+00   1.3448836e+00
   1.7860000e+03   1.5147580e+00   1.3203351e+00
   1.7870000e+03   1.5186791e+00   1.2966299e+00
   1.7880000e+03   1.5223870e+00   1.2742715e+00
   1.7890000e+03   1.5241098e+00   1.2544946e+00
   1.7900000e+03   1.5272076e+00   1.2340319e+00
   1.7910000e+03   1.5303515e+00   1.2148438e+00
   1.7920000e+03   1.5338409e+00   1.1965227e+00
   1.7930000e+03   1.5383483e+00   1.1790932e+00
   1.7940000e+03   1.5427363e+00   1.1616541e+00
   1.7950000e+03   1.5485276e+00   1.1443330e+00
   1.7960000e+03   1.5548605e+00   1.1268147e+00
   1.7970000e+03   1.5623136e+00   1.1091139e+00
   1.7980000e+03   1.5696374e+00   1.0914965e+00
   1.7990000e+03   1.5743990e+00   1.0748182e+00
   1.8000000e+03   1.5778094e+00   1.0579749e+00
   1.8010000e+03   1.5799691e+00   1.0428485e+00
   1.8020000e+03   1.5790709e+00   1.0271005e+00
   1.8030000e+03   1.5760025e+00   1.0144404e+00
   1.8040000e+03   1.5718171e+00   1.0021938e+00
   1.8050000e+03   1.5654546e+00   9.9184174e-01
   1.8060000e+03   1.5577688e+00   9.8271949e-01
   1.8070000e+03   1.5490128e+00   9.7617045e-01
   1.8080000e+03   1.5382691e+00   9.7030675e-01
   1.8090000e+03   1.5262596e+00   9.6590865e-01
   1.8100000e+03   1.5134643e+00   9.6283443e-01
   1.8110000e+03   1.5002673e+00   9.6022047e-01
   1.8120000e+03   1.4877846e+00   9.5726117e-01
   1.8130000e+03   1.4754350e+00   9.5422641e-01
   1.8140000e+03   1.4649190e+00   9.5158603e-01
   1.8150000e+03   1.4559226e+00   9.4809667e-01
   1.8160000e+03   1.4479431e+00   9.4397298e-01
   1.8170000e+03   1.4417081e+00   9.3981707e-01
   1.8180000e+03   1.4366027e+00   9.3448930e-01
   1.8190000e+03   1.4331474e+00   9.2814282e-01
   1.8200000e+03   1.4304339e+00   9.2099905e-01
   1.8210000e+03   1.4288200e+00   9.1300978e-01
   1.8220000e+03   1.4278933e+00   9.0321445e-01
   1.8230000e+03   1.4278430e+00   8.9254050e-01
   1.8240000e+03   1.4288893e+00   8.7999228e-01
   1.8250000e+03   1.4303573e+00   8.6479233e-01
   1.8260000e+03   1.4323993e+00   8.4940981e-01
   1.8270000e+03   1.4345053e+00   8.3250045e-01
   1.8280000e+03   1.4369265e+00   8.1439470e-01
   1.8290000e+03   1.4387534e+00   7.9613409e-01
   1.8300000e+03   1.4402458e+00   7.8024328e-01
   1.8310000e+03   1.4408258e+00   7.6729094e-01
   1.8320000e+03   1.4394252e+00   7.5784526e-01
   1.8330000e+03   1.4372380e+00   7.5225088e-01
   1.8340000e+03   1.4339553e+00   7.5053240e-01
   1.8350000e+03   1.4293415e+00   7.5241423e-01
   1.8360000e+03   1.4230156e+00   7.5805846e-01
   1.8370000e+03   1.4153450e+00   7.6556626e-01
   1.8380000e+03   1.4060883e+00   7.7830207e-01
   1.8390000e+03   1.3951483e+00   7.9302852e-01
   1.8400000e+03   1.3833133e+00   8.0918025e-01
   1.8410000e+03   1.3691281e+00   8.2692836e-01
   1.8420000e+03   1.3525783e+00   8.4554121e-01
   1.8430000e+03   1.3359555e+00   8.6371509e-01
   1.8440000e+03   1.3198607e+00   8.8097097e-01
   1.8450000e+03   1.3019308e+00   8.9759209e-01
   1.8460000e+03   1.2853443e+00   9.1234257e-01
   1.8470000e+03   1.2699366e+00   9.2546890e-01
   1.8480000e+03   1.2541910e+00   9.3489207e-01
   1.8490000e+03   1.2418748e+00   9.4215460e-01
   1.8500000e+03   1.2308494e+00   9.4672224e-01
   1.8510000e+03   1.2221202e+00   9.4844678e-01
   1.8520000e+03   1.2148038e+00   9.4806708e-01
   1.8530000e+03   1.2092649e+00   9.4572578e-01
   1.8540000e+03   1.2053795e+00   9.4138417e-01
   1.8550000e+03   1.2028993e+00   9.3631694e-01
   1.8560000e+03   1.2012104e+00   9.2917460e-01
   1.8570000e+03   1.2001497e+00   9.1999235e-01
   1.8580000e+03   1.1991192e+00   9.0931331e-01
   1.8590000e+03   1.1968878e+00   8.9735792e-01
   1.8600000e+03   1.1941107e+00   8.8408871e-01
   1.8610000e+03   1.1922777e+00   8.6847866e-01
   1.8620000e+03   1.1883057e+00   8.5244061e-01
   1.8630000e+03   1.1844603e+00   8.3337603e-01
   1.8640000e+03   1.1787019e+00   8.1271192e-01
   1.8650000e+03   1.1725115e+00   7.8976616e-01
   1.8660000e+03   1.1657864e+00   7.6614526e-01
   1.8670000e+03   1.1577676e+00   7.4407053e-01
   1.8680000e+03   1.1474957e+00   7.2413727e-01
   1.8690000e+03   1.1357198e+00   7.0704127e-01
   1.8700000e+03   1.1220520e+00   6.9125515e-01
   1.8710000e+03   1.1079994e+00   6.7827269e-01
   1.8720000e+03   1.0931686e+00   6.6785532e-01
   1.8730000e+03   1.0774274e+00   6.6025119e-01
   1.8740000e+03   1.0617735e+00   6.5407568e-01
   1.8750000e+03   1.0449630e+00   6.4988205e-01
   1.8760000e+03   1.0285871e+00   6.4845471e-01
   1.8770000e+03   1.0122330e+00   6.4838423e-01
   1.8780000e+03   9.9688637e-01   6.4986058e-01
   1.8790000e+03   9.8309554e-01   6.5149335e-01
   1.8800000e+03   9.6967091e-01   6.5252129e-01
   1.8810000e+03   9.5768223e-01   6.5257910e-01
   1.8820000e+03   9.4713135e-01   6.5142829e-01
   1.8830000e+03   9.3593644e-01   6.4833249e-01
   1.8840000e+03   9.2523743e-01   6.4392281e-01
   1.8850000e+03   9.1226102e-01   6.3786355e-01
   1.8860000e+03   9.0117211e-01   6.3064800e-01
   1.8870000e+03   8.8898619e-01   6.2170846e-01
   1.8880000e+03   8.7746678e-01   6.1180017e-01
   1.8890000e+03   8.6502392e-01   6.0147238e-01
   1.8900000e+03   8.5330347e-01   5.9315228e-01
   1.8910000e+03   8.4069572e-01   5.8614584e-01
   1.8920000e+03   8.2807116e-01   5.8052755e-01
   1.8930000e+03   8.1513639e-01   5.7665407e-01
   1.8940000e+03   8.0232424e-01   5.7459615e-01
   1.8950000e+03   7.8946390e-01   5.7540700e-01
   1.8960000e+03   7.7804033e-01   5.7739548e-01
   1.8970000e+03   7.6435889e-01   5.8058073e-01
   1.8980000e+03   7.5206188e-01   5.8515947e-01
   1.8990000e+03   7.3986734e-01   5.8982269e-01
   1.9000000e+03   7.2662390e-01   5.9333251e-01
   1.9010000e+03   7.1278218e-01   5.9505684e-01
   1.9020000e+03   6.9923061e-01   5.9465243e-01
   1.9030000e+03   6.8575702e-01   5.9261219e-01
   1.9040000e+03   6.7136757e-01   5.8805655e-01
   1.9050000e+03   6.5667419e-01   5.8170680e-01
   1.9060000e+03   6.4148110e-01   5.7287998e-01
   1.9070000e+03   6.2626287e-01   5.6351252e-01
   1.9080000e+03   6.1107425e-01   5.5422208e-01
   1.9090000e+03   5.9640851e-01   5.4513443e-01
   1.9100000e+03   5.8256380e-01   5.3626215e-01
   1.9110000e+03   5.6783425e-01   5.2800391e-01
   1.9120000e+03   5.5389262e-01   5.1950296e-01
   1.9130000e+03   5.3980990e-01   5.1275102e-01
   1.9140000e+03   5.2554139e-01   5.0726420e-01
   1.9150000e+03   5.1125426e-01   5.0255911e-01
   1.9160000e+03   4.9595237e-01   4.9787019e-01
   1.9170000e+03   4.8054510e-01   4.9336752e-01
   1.9180000e+03   4.6441540e-01   4.8807812e-01
   1.9190000e+03   4.4894452e-01   4.8385888e-01
   1.9200000e+03   4.3405301e-01   4.7915911e-01
   1.9210000e+03   4.1645081e-01   4.7082444e-01
   1.9220000e+03   4.0001149e-01   4.6005209e-01
   1.9230000e+03   3.8164597e-01   4.4398733e-01
   1.9240000e+03   3.6450066e-01   4.2735287e-01
   1.9250000e+03   3.4843087e-01   4.0985126e-01
   1.9260000e+03   3.3278263e-01   3.8835933e-01
   1.9270000e+03   3.1709171e-01   3.6618238e-01
   1.9280000e+03   3.0189222e-01   3.3994744e-01
   1.9290000e+03   2.8411692e-01   3.0799262e-01
   1.9300000e+03   2.6737791e-01   2.7324091e-01
   1.9310000e+03   2.5258347e-01   2.4383663e-01
   1.9320000e+03   2.3792846e-01   2.1325622e-01
   1.9330000e+03   2.2302281e-01   1.7854910e-01
   1.9340000e+03   2.1207117e-01   1.4841111e-01
