   1.0000000e+00   1.6196027e-01   1.2123252e+00
   2.0000000e+00   1.6800153e-01   1.2107928e+00
   3.0000000e+00   1.7155855e-01   1.2095438e+00
   4.0000000e+00   1.7339050e-01   1.2078921e+00
   5.0000000e+00   1.7372175e-01   1.2057168e+00
   6.0000000e+00   1.7324469e-01   1.2032450e+00
   7.0000000e+00   1.7197322e-01   1.1999854e+00
   8.0000000e+00   1.7078616e-01   1.1965704e+00
   9.0000000e+00   1.6917154e-01   1.1930938e+00
   1.0000000e+01   1.6769644e-01   1.1903285e+00
   1.1000000e+01   1.6710285e-01   1.1887114e+00
   1.2000000e+01   1.6684624e-01   1.1874844e+00
   1.3000000e+01   1.6662447e-01   1.1881057e+00
   1.4000000e+01   1.6643146e-01   1.1906746e+00
   1.5000000e+01   1.6674122e-01   1.1934060e+00
   1.6000000e+01   1.6718780e-01   1.1964357e+00
   1.7000000e+01   1.6733403e-01   1.1983456e+00
   1.8000000e+01   1.6670998e-01   1.1993891e+00
   1.9000000e+01   1.6584839e-01   1.1999520e+00
   2.0000000e+01   1.6480331e-01   1.2002421e+00
   2.1000000e+01   1.6299219e-01   1.2001032e+00
   2.2000000e+01   1.6162954e-01   1.2002639e+00
   2.3000000e+01   1.5999127e-01   1.2005710e+00
   2.4000000e+01   1.5808614e-01   1.2014872e+00
   2.5000000e+01   1.5611481e-01   1.2023733e+00
   2.6000000e+01   1.5434487e-01   1.2038441e+00
   2.7000000e+01   1.5306297e-01   1.2049483e+00
   2.8000000e+01   1.5139692e-01   1.2064657e+00
   2.9000000e+01   1.5038288e-01   1.2078048e+00
   3.0000000e+01   1.5030970e-01   1.2092715e+00
   3.1000000e+01   1.5072142e-01   1.2105087e+00
   3.2000000e+01   1.5210098e-01   1.2120165e+00
   3.3000000e+01   1.5356788e-01   1.2135062e+00
   3.4000000e+01   1.5525454e-01   1.2150350e+00
   3.5000000e+01   1.5618848e-01   1.2165385e+00
   3.6000000e+01   1.5635145e-01   1.2183154e+00
   3.7000000e+01   1.5630832e-01   1.2198617e+00
   3.8000000e+01   1.5650600e-01   1.2215014e+00
   3.9000000e+01   1.5542936e-01   1.2218999e+00
   4.0000000e+01   1.5518053e-01   1.2225798e+00
   4.1000000e+01   1.5397771e-01   1.2225474e+00
   4.2000000e+01   1.5324004e-01   1.2225569e+00
   4.3000000e+01   1.5272814e-01   1.2226521e+00
   4.4000000e+01   1.5286077e-01   1.2223943e+00
   4.5000000e+01   1.5376275e-01   1.2220381e+00
   4.6000000e+01   1.5533780e-01   1.2214659e+00
   4.7000000e+01   1.5734496e-01   1.2208377e+00
   4.8000000e+01   1.5986085e-01   1.2204488e+00
   4.9000000e+01   1.6281597e-01   1.2206639e+00
   5.0000000e+01   1.6407616e-01   1.2205304e+00
   5.1000000e+01   1.6439939e-01   1.2212220e+00
   5.2000000e+01   1.6294575e-01   1.2225191e+00
   5.3000000e+01   1.5922035e-01   1.2238673e+00
   5.4000000e+01   1.5530670e-01   1.2254507e+00
   5.5000000e+01   1.5010313e-01   1.2268660e+00
   5.6000000e+01   1.4463623e-01   1.2283341e+00
   5.7000000e+01   1.4014220e-01   1.2293283e+00
   5.8000000e+01   1.3627759e-01   1.2301187e+00
   5.9000000e+01   1.3390986e-01   1.2299151e+00
   6.0000000e+01   1.3240633e-01   1.2294653e+00
   6.1000000e+01   1.3181824e-01   1.2285916e+00
   6.2000000e+01   1.3079339e-01   1.2281461e+00
   6.3000000e+01   1.2987647e-01   1.2285158e+00
   6.4000000e+01   1.2832528e-01   1.2299016e+00
   6.5000000e+01   1.2719283e-01   1.2308018e+00
   6.6000000e+01   1.2591771e-01   1.2311205e+00
   6.7000000e+01   1.2561520e-01   1.2310378e+00
   6.8000000e+01   1.2568613e-01   1.2306791e+00
   6.9000000e+01   1.2718982e-01   1.2308018e+00
   7.0000000e+01   1.2850240e-01   1.2308237e+00
   7.1000000e+01   1.3007958e-01   1.2314347e+00
   7.2000000e+01   1.3167625e-01   1.2322099e+00
   7.3000000e+01   1.3373372e-01   1.2326714e+00
   7.4000000e+01   1.3366345e-01   1.2345249e+00
   7.5000000e+01   1.3372250e-01   1.2366180e+00
   7.6000000e+01   1.3344891e-01   1.2386946e+00
   7.7000000e+01   1.3273414e-01   1.2410366e+00
   7.8000000e+01   1.3133577e-01   1.2438446e+00
   7.9000000e+01   1.3025997e-01   1.2458401e+00
   8.0000000e+01   1.2865473e-01   1.2471398e+00
   8.1000000e+01   1.2697452e-01   1.2479302e+00
   8.2000000e+01   1.2439959e-01   1.2470833e+00
   8.3000000e+01   1.2129553e-01   1.2449031e+00
   8.4000000e+01   1.1729316e-01   1.2421582e+00
   8.5000000e+01   1.1364904e-01   1.2393785e+00
   8.6000000e+01   1.1156732e-01   1.2364954e+00
   8.7000000e+01   1.0929083e-01   1.2348224e+00
   8.8000000e+01   1.0833596e-01   1.2329679e+00
   8.9000000e+01   1.0729047e-01   1.2317388e+00
   9.0000000e+01   1.0657164e-01   1.2304191e+00
   9.1000000e+01   1.0512879e-01   1.2291766e+00
   9.2000000e+01   1.0430619e-01   1.2276580e+00
   9.3000000e+01   1.0280005e-01   1.2265526e+00
   9.4000000e+01   1.0165835e-01   1.2250492e+00
   9.5000000e+01   1.0108402e-01   1.2236947e+00
   9.6000000e+01   1.0054427e-01   1.2224245e+00
   9.7000000e+01   1.0081897e-01   1.2208405e+00
   9.8000000e+01   1.0167778e-01   1.2190633e+00
   9.9000000e+01   1.0404615e-01   1.2176274e+00
   1.0000000e+02   1.0863144e-01   1.2168219e+00
   1.0100000e+02   1.1523379e-01   1.2161644e+00
   1.0200000e+02   1.2356690e-01   1.2164041e+00
   1.0300000e+02   1.3265502e-01   1.2181835e+00
   1.0400000e+02   1.3948533e-01   1.2224672e+00
   1.0500000e+02   1.4135044e-01   1.2276714e+00
   1.0600000e+02   1.3820498e-01   1.2343837e+00
   1.0700000e+02   1.3180045e-01   1.2418508e+00
   1.0800000e+02   1.2394054e-01   1.2470323e+00
   1.0900000e+02   1.1412308e-01   1.2487518e+00
   1.1000000e+02   1.0460338e-01   1.2453240e+00
   1.1100000e+02   9.6255045e-02   1.2412039e+00
   1.1200000e+02   8.8727946e-02   1.2348665e+00
   1.1300000e+02   8.4055181e-02   1.2266816e+00
   1.1400000e+02   8.3067773e-02   1.2163064e+00
   1.1500000e+02   8.5845944e-02   1.2034748e+00
   1.1600000e+02   9.2247335e-02   1.1881799e+00
   1.1700000e+02   9.8874739e-02   1.1713041e+00
   1.1800000e+02   1.0350373e-01   1.1520408e+00
   1.1900000e+02   1.0606059e-01   1.1299697e+00
   1.2000000e+02   1.0388280e-01   1.1053908e+00
   1.2100000e+02   9.8313046e-02   1.0775438e+00
   1.2200000e+02   9.0238461e-02   1.0498714e+00
   1.2300000e+02   8.0218636e-02   1.0249174e+00
   1.2400000e+02   6.7916741e-02   1.0037272e+00
   1.2500000e+02   5.0456839e-02   9.8726234e-01
   1.2600000e+02   4.1414748e-02   9.7210094e-01
   1.2700000e+02   3.1993975e-02   9.6331782e-01
   1.2800000e+02   1.5323517e-02   9.5682557e-01
   1.2900000e+02   4.6107252e-03   9.4804792e-01
   1.3000000e+02  -1.0778920e-02   9.3550365e-01
   1.3100000e+02  -3.2924504e-02   9.2137796e-01
   1.3200000e+02  -5.6626922e-02   9.0329825e-01
   1.3300000e+02  -7.2138264e-02   8.8266784e-01
   1.3400000e+02  -9.5495734e-02   8.6073012e-01
   1.3500000e+02  -1.2035324e-01   8.5855777e-01
   1.3600000e+02  -1.4282863e-01   8.2723944e-01
   1.3700000e+02  -1.5831301e-01   8.0971272e-01
   1.3800000e+02  -1.7839080e-01   7.9223208e-01
   1.3900000e+02  -2.0102521e-01   7.9583067e-01
   1.4000000e+02  -2.2696701e-01   7.8850409e-01
   1.4100000e+02  -2.5032170e-01   7.8321130e-01
   1.4200000e+02  -2.7358187e-01   7.7876808e-01
   1.4300000e+02  -2.9186947e-01   7.6661493e-01
   1.4400000e+02  -3.0574741e-01   7.6184478e-01
   1.4500000e+02  -3.1830504e-01   7.6091665e-01
   1.4600000e+02  -3.2756297e-01   7.5330836e-01
   1.4700000e+02  -3.4239623e-01   7.4678199e-01
   1.4800000e+02  -3.5888223e-01   7.3820729e-01
   1.4900000e+02  -3.7001893e-01   7.2307066e-01
   1.5000000e+02  -3.8153532e-01   7.0816206e-01
   1.5100000e+02  -4.0861039e-01   7.0250822e-01
   1.5200000e+02  -3.9920389e-01   6.8754714e-01
   1.5300000e+02  -4.1113242e-01   6.8115244e-01
   1.5400000e+02  -4.3500021e-01   6.7663957e-01
   1.5500000e+02  -4.5751665e-01   6.7481405e-01
   1.5600000e+02  -4.9065660e-01   6.7034002e-01
   1.5700000e+02  -5.1238019e-01   6.5013296e-01
   1.5800000e+02  -5.6226345e-01   6.6509851e-01
   1.5900000e+02  -5.8617230e-01   6.6438854e-01
   1.6000000e+02  -5.9409366e-01   6.7957738e-01
   1.6100000e+02  -5.9758597e-01   6.8809790e-01
   1.6200000e+02  -5.9901179e-01   6.9514493e-01
   1.6300000e+02  -6.0285483e-01   6.9900880e-01
   1.6400000e+02  -6.0706939e-01   6.9787911e-01
   1.6500000e+02  -6.1300169e-01   6.9716762e-01
   1.6600000e+02  -6.2091860e-01   6.9767788e-01
   1.6700000e+02  -6.3185161e-01   6.9889036e-01
   1.6800000e+02  -6.4222013e-01   7.0055944e-01
   1.6900000e+02  -6.5229651e-01   7.0068206e-01
   1.7000000e+02  -6.6149763e-01   7.0237212e-01
   1.7100000e+02  -6.6906671e-01   7.0429942e-01
   1.7200000e+02  -6.7506883e-01   7.0498993e-01
   1.7300000e+02  -6.7809754e-01   7.0252961e-01
   1.7400000e+02  -6.7772329e-01   6.9596315e-01
   1.7500000e+02  -6.7452703e-01   6.8971533e-01
   1.7600000e+02  -6.6928367e-01   6.8363633e-01
   1.7700000e+02  -6.6435803e-01   6.7618582e-01
   1.7800000e+02  -6.5695103e-01   6.6896758e-01
   1.7900000e+02  -6.4723737e-01   6.6181691e-01
   1.8000000e+02  -6.3648318e-01   6.5567432e-01
   1.8100000e+02  -6.3290052e-01   6.4635949e-01
   1.8200000e+02  -6.1294341e-01   6.3583664e-01
   1.8300000e+02  -6.0695946e-01   6.2778496e-01
   1.8400000e+02  -5.9217485e-01   6.1631114e-01
   1.8500000e+02  -5.8661186e-01   6.0898204e-01
   1.8600000e+02  -5.7249234e-01   5.9610008e-01
   1.8700000e+02  -5.6302121e-01   5.8552599e-01
   1.8800000e+02  -5.4735963e-01   5.7193697e-01
   1.8900000e+02  -5.3431468e-01   5.5739014e-01
   1.9000000e+02  -5.2126866e-01   5.4195048e-01
   1.9100000e+02  -5.0706356e-01   5.2710460e-01
   1.9200000e+02  -4.9533465e-01   5.1485383e-01
   1.9300000e+02  -4.8778863e-01   5.0431374e-01
   1.9400000e+02  -4.8107306e-01   4.9907984e-01
   1.9500000e+02  -4.7528319e-01   4.9592928e-01
   1.9600000e+02  -4.6389313e-01   4.9517663e-01
   1.9700000e+02  -4.5536198e-01   4.9581698e-01
   1.9800000e+02  -4.4706274e-01   4.9641664e-01
   1.9900000e+02  -4.3847009e-01   4.9416113e-01
   2.0000000e+02  -4.2715174e-01   4.8766999e-01
   2.0100000e+02  -4.1283942e-01   4.7829466e-01
   2.0200000e+02  -3.9845907e-01   4.7074661e-01
   2.0300000e+02  -3.8376613e-01   4.6651710e-01
   2.0400000e+02  -3.7115397e-01   4.6112065e-01
   2.0500000e+02  -3.6159440e-01   4.5127280e-01
   2.0600000e+02  -3.5268177e-01   4.4260727e-01
   2.0700000e+02  -3.4613967e-01   4.3335907e-01
   2.0800000e+02  -3.4174484e-01   4.2498779e-01
   2.0900000e+02  -3.3795408e-01   4.1836768e-01
   2.1000000e+02  -3.3450864e-01   4.1208458e-01
   2.1100000e+02  -3.3056023e-01   4.0463766e-01
   2.1200000e+02  -3.2520017e-01   3.9852095e-01
   2.1300000e+02  -3.2037070e-01   3.9311493e-01
   2.1400000e+02  -3.1741606e-01   3.8831983e-01
   2.1500000e+02  -3.1552398e-01   3.8446393e-01
   2.1600000e+02  -3.1296164e-01   3.8172297e-01
   2.1700000e+02  -3.1012931e-01   3.8121664e-01
   2.1800000e+02  -3.0894956e-01   3.7975202e-01
   2.1900000e+02  -3.0572321e-01   3.6996597e-01
   2.2000000e+02  -3.0430881e-01   3.5879599e-01
   2.2100000e+02  -3.0527255e-01   3.4436604e-01
   2.2200000e+02  -3.1107954e-01   3.2818561e-01
   2.2300000e+02  -3.1749770e-01   3.1460527e-01
   2.2400000e+02  -3.2442315e-01   3.0402343e-01
   2.2500000e+02  -3.3327310e-01   2.9415640e-01
   2.2600000e+02  -3.4522546e-01   2.8779442e-01
   2.2700000e+02  -3.5408139e-01   2.8451760e-01
   2.2800000e+02  -3.6163746e-01   2.8022250e-01
   2.2900000e+02  -3.7207366e-01   2.6518492e-01
   2.3000000e+02  -3.8168818e-01   2.6636919e-01
   2.3100000e+02  -3.8568055e-01   2.8406813e-01
   2.3200000e+02  -3.9361778e-01   2.7103562e-01
   2.3300000e+02  -3.9341570e-01   2.7925341e-01
   2.3400000e+02  -3.8846530e-01   2.7415444e-01
   2.3500000e+02  -3.9056104e-01   2.7254580e-01
   2.3600000e+02  -3.7440392e-01   2.6866819e-01
   2.3700000e+02  -3.6499820e-01   2.6770328e-01
   2.3800000e+02  -3.5795006e-01   2.6565821e-01
   2.3900000e+02  -3.5230869e-01   2.5910738e-01
   2.4000000e+02  -3.4422233e-01   2.5268776e-01
   2.4100000e+02  -3.3376665e-01   2.4122434e-01
   2.4200000e+02  -3.2368089e-01   2.2808269e-01
   2.4300000e+02  -3.1236808e-01   2.1933830e-01
   2.4400000e+02  -3.0467533e-01   2.1537648e-01
   2.4500000e+02  -2.9505953e-01   2.2005859e-01
   2.4600000e+02  -2.7217881e-01   2.1370271e-01
   2.4700000e+02  -2.4633936e-01   2.0137823e-01
   2.4800000e+02  -2.2026858e-01   1.8497431e-01
   2.4900000e+02  -1.9507604e-01   1.6324258e-01
   2.5000000e+02  -1.6891666e-01   1.3327125e-01
