   6.0500000e+02  -2.8830869e+00   2.5765004e+00
   6.0600000e+02  -2.8607619e+00   2.5876787e+00
   6.0700000e+02  -2.8369774e+00   2.5966513e+00
   6.0800000e+02  -2.8128896e+00   2.6033393e+00
   6.0900000e+02  -2.7917778e+00   2.6078945e+00
   6.1000000e+02  -2.7750505e+00   2.6094808e+00
   6.1100000e+02  -2.7641237e+00   2.6078557e+00
   6.1200000e+02  -2.7583672e+00   2.6029677e+00
   6.1300000e+02  -2.7581036e+00   2.5953832e+00
   6.1400000e+02  -2.7611600e+00   2.5855832e+00
   6.1500000e+02  -2.7660164e+00   2.5732448e+00
   6.1600000e+02  -2.7735112e+00   2.5570044e+00
   6.1700000e+02  -2.7838907e+00   2.5390858e+00
   6.1800000e+02  -2.7952374e+00   2.5180298e+00
   6.1900000e+02  -2.8087281e+00   2.4939256e+00
   6.2000000e+02  -2.8228199e+00   2.4680718e+00
   6.2100000e+02  -2.8377286e+00   2.4408504e+00
   6.2200000e+02  -2.8502235e+00   2.4125381e+00
   6.2300000e+02  -2.8596765e+00   2.3853209e+00
   6.2400000e+02  -2.8676692e+00   2.3588502e+00
   6.2500000e+02  -2.8747866e+00   2.3367967e+00
   6.2600000e+02  -2.8794482e+00   2.3162023e+00
   6.2700000e+02  -2.8829145e+00   2.2976061e+00
   6.2800000e+02  -2.8874045e+00   2.2796099e+00
   6.2900000e+02  -2.8901835e+00   2.2626106e+00
   6.3000000e+02  -2.8916402e+00   2.2476396e+00
   6.3100000e+02  -2.8936857e+00   2.2344152e+00
   6.3200000e+02  -2.8947871e+00   2.2234321e+00
   6.3300000e+02  -2.8959769e+00   2.2145052e+00
   6.3400000e+02  -2.8967293e+00   2.2082794e+00
   6.3500000e+02  -2.8969413e+00   2.2045249e+00
   6.3600000e+02  -2.8959878e+00   2.2037957e+00
   6.3700000e+02  -2.8945044e+00   2.2041395e+00
   6.3800000e+02  -2.8911706e+00   2.2058088e+00
   6.3900000e+02  -2.8870771e+00   2.2076114e+00
   6.4000000e+02  -2.8833769e+00   2.2111373e+00
   6.4100000e+02  -2.8786845e+00   2.2146100e+00
   6.4200000e+02  -2.8734222e+00   2.2202743e+00
   6.4300000e+02  -2.8677494e+00   2.2268594e+00
   6.4400000e+02  -2.8617387e+00   2.2350436e+00
   6.4500000e+02  -2.8562867e+00   2.2441798e+00
   6.4600000e+02  -2.8494335e+00   2.2535389e+00
   6.4700000e+02  -2.8413403e+00   2.2623434e+00
   6.4800000e+02  -2.8324219e+00   2.2702766e+00
   6.4900000e+02  -2.8210730e+00   2.2775352e+00
   6.5000000e+02  -2.8100839e+00   2.2834531e+00
   6.5100000e+02  -2.7984696e+00   2.2894680e+00
   6.5200000e+02  -2.7854272e+00   2.2938815e+00
   6.5300000e+02  -2.7721649e+00   2.2984399e+00
   6.5400000e+02  -2.7575363e+00   2.3019834e+00
   6.5500000e+02  -2.7423907e+00   2.3048800e+00
   6.5600000e+02  -2.7280924e+00   2.3067107e+00
   6.5700000e+02  -2.7160589e+00   2.3071475e+00
   6.5800000e+02  -2.7072004e+00   2.3079975e+00
   6.5900000e+02  -2.7016010e+00   2.3078699e+00
   6.6000000e+02  -2.6991435e+00   2.3066659e+00
   6.6100000e+02  -2.6981996e+00   2.3035285e+00
   6.6200000e+02  -2.7006812e+00   2.2989435e+00
   6.6300000e+02  -2.7041854e+00   2.2920619e+00
   6.6400000e+02  -2.7102545e+00   2.2844715e+00
   6.6500000e+02  -2.7173912e+00   2.2749678e+00
   6.6600000e+02  -2.7258229e+00   2.2625172e+00
   6.6700000e+02  -2.7349714e+00   2.2487961e+00
   6.6800000e+02  -2.7445006e+00   2.2339721e+00
   6.6900000e+02  -2.7557387e+00   2.2183900e+00
   6.7000000e+02  -2.7675277e+00   2.2012535e+00
   6.7100000e+02  -2.7802711e+00   2.1826336e+00
   6.7200000e+02  -2.7943502e+00   2.1635390e+00
   6.7300000e+02  -2.8080783e+00   2.1428992e+00
   6.7400000e+02  -2.8211720e+00   2.1229085e+00
   6.7500000e+02  -2.8327018e+00   2.1015337e+00
   6.7600000e+02  -2.8432418e+00   2.0806954e+00
   6.7700000e+02  -2.8515421e+00   2.0590905e+00
   6.7800000e+02  -2.8580940e+00   2.0379455e+00
   6.7900000e+02  -2.8636896e+00   2.0191645e+00
   6.8000000e+02  -2.8681655e+00   2.0012255e+00
   6.8100000e+02  -2.8714083e+00   1.9852945e+00
   6.8200000e+02  -2.8744522e+00   1.9720712e+00
   6.8300000e+02  -2.8773593e+00   1.9614867e+00
   6.8400000e+02  -2.8796947e+00   1.9523326e+00
   6.8500000e+02  -2.8816976e+00   1.9466878e+00
   6.8600000e+02  -2.8837716e+00   1.9421348e+00
   6.8700000e+02  -2.8848886e+00   1.9395951e+00
   6.8800000e+02  -2.8853363e+00   1.9391510e+00
   6.8900000e+02  -2.8829714e+00   1.9402466e+00
   6.9000000e+02  -2.8797887e+00   1.9428659e+00
   6.9100000e+02  -2.8738153e+00   1.9458388e+00
   6.9200000e+02  -2.8668227e+00   1.9502176e+00
   6.9300000e+02  -2.8579977e+00   1.9549844e+00
   6.9400000e+02  -2.8484415e+00   1.9619658e+00
   6.9500000e+02  -2.8398322e+00   1.9698360e+00
   6.9600000e+02  -2.8301579e+00   1.9789686e+00
   6.9700000e+02  -2.8192959e+00   1.9897661e+00
   6.9800000e+02  -2.8066602e+00   2.0005389e+00
   6.9900000e+02  -2.7926844e+00   2.0099718e+00
   7.0000000e+02  -2.7786391e+00   2.0194030e+00
   7.0100000e+02  -2.7625937e+00   2.0281022e+00
   7.0200000e+02  -2.7462448e+00   2.0343483e+00
   7.0300000e+02  -2.7317055e+00   2.0396693e+00
   7.0400000e+02  -2.7172424e+00   2.0441504e+00
   7.0500000e+02  -2.7045382e+00   2.0455066e+00
   7.0600000e+02  -2.6937996e+00   2.0451194e+00
   7.0700000e+02  -2.6857669e+00   2.0427582e+00
   7.0800000e+02  -2.6796922e+00   2.0394343e+00
   7.0900000e+02  -2.6755200e+00   2.0327824e+00
   7.1000000e+02  -2.6719589e+00   2.0244381e+00
   7.1100000e+02  -2.6685250e+00   2.0130137e+00
   7.1200000e+02  -2.6673460e+00   2.0001182e+00
   7.1300000e+02  -2.6667002e+00   1.9859085e+00
   7.1400000e+02  -2.6662996e+00   1.9697758e+00
   7.1500000e+02  -2.6669120e+00   1.9526718e+00
   7.1600000e+02  -2.6674895e+00   1.9352776e+00
   7.1700000e+02  -2.6677117e+00   1.9179857e+00
   7.1800000e+02  -2.6677234e+00   1.9004798e+00
   7.1900000e+02  -2.6671907e+00   1.8835018e+00
   7.2000000e+02  -2.6658865e+00   1.8670560e+00
   7.2100000e+02  -2.6631694e+00   1.8513376e+00
   7.2200000e+02  -2.6603142e+00   1.8371788e+00
   7.2300000e+02  -2.6574678e+00   1.8250265e+00
   7.2400000e+02  -2.6543622e+00   1.8139356e+00
   7.2500000e+02  -2.6518645e+00   1.8052522e+00
   7.2600000e+02  -2.6507756e+00   1.7981776e+00
   7.2700000e+02  -2.6505531e+00   1.7939613e+00
   7.2800000e+02  -2.6522259e+00   1.7912218e+00
   7.2900000e+02  -2.6546388e+00   1.7906821e+00
   7.3000000e+02  -2.6581004e+00   1.7918881e+00
   7.3100000e+02  -2.6623080e+00   1.7958836e+00
   7.3200000e+02  -2.6658737e+00   1.8017723e+00
   7.3300000e+02  -2.6701813e+00   1.8085825e+00
   7.3400000e+02  -2.6735183e+00   1.8174865e+00
   7.3500000e+02  -2.6758843e+00   1.8281048e+00
   7.3600000e+02  -2.6783769e+00   1.8404465e+00
   7.3700000e+02  -2.6802675e+00   1.8535202e+00
   7.3800000e+02  -2.6818938e+00   1.8671562e+00
   7.3900000e+02  -2.6834183e+00   1.8808742e+00
   7.4000000e+02  -2.6852182e+00   1.8953243e+00
   7.4100000e+02  -2.6868128e+00   1.9107689e+00
   7.4200000e+02  -2.6876152e+00   1.9258269e+00
   7.4300000e+02  -2.6875115e+00   1.9401512e+00
   7.4400000e+02  -2.6865377e+00   1.9542376e+00
   7.4500000e+02  -2.6854407e+00   1.9671660e+00
   7.4600000e+02  -2.6843301e+00   1.9777878e+00
   7.4700000e+02  -2.6832809e+00   1.9861046e+00
   7.4800000e+02  -2.6829821e+00   1.9933948e+00
   7.4900000e+02  -2.6823130e+00   1.9985423e+00
   7.5000000e+02  -2.6805844e+00   2.0022507e+00
   7.5100000e+02  -2.6785947e+00   2.0051645e+00
   7.5200000e+02  -2.6756375e+00   2.0066593e+00
   7.5300000e+02  -2.6718114e+00   2.0075397e+00
   7.5400000e+02  -2.6669554e+00   2.0074926e+00
   7.5500000e+02  -2.6610542e+00   2.0052304e+00
   7.5600000e+02  -2.6548504e+00   2.0013090e+00
   7.5700000e+02  -2.6484746e+00   1.9953316e+00
   7.5800000e+02  -2.6422976e+00   1.9881449e+00
   7.5900000e+02  -2.6364025e+00   1.9794238e+00
   7.6000000e+02  -2.6304884e+00   1.9694644e+00
   7.6100000e+02  -2.6233361e+00   1.9592905e+00
   7.6200000e+02  -2.6166124e+00   1.9484957e+00
   7.6300000e+02  -2.6087156e+00   1.9371279e+00
   7.6400000e+02  -2.6009543e+00   1.9263628e+00
   7.6500000e+02  -2.5939056e+00   1.9152824e+00
   7.6600000e+02  -2.5874852e+00   1.9045284e+00
   7.6700000e+02  -2.5822075e+00   1.8933921e+00
   7.6800000e+02  -2.5764389e+00   1.8825992e+00
   7.6900000e+02  -2.5713795e+00   1.8720801e+00
   7.7000000e+02  -2.5649521e+00   1.8631579e+00
   7.7100000e+02  -2.5577355e+00   1.8545021e+00
   7.7200000e+02  -2.5502740e+00   1.8466715e+00
   7.7300000e+02  -2.5429493e+00   1.8397780e+00
   7.7400000e+02  -2.5358359e+00   1.8333279e+00
   7.7500000e+02  -2.5282793e+00   1.8283668e+00
   7.7600000e+02  -2.5216714e+00   1.8241121e+00
   7.7700000e+02  -2.5157686e+00   1.8215275e+00
   7.7800000e+02  -2.5113559e+00   1.8203031e+00
   7.7900000e+02  -2.5079891e+00   1.8198698e+00
   7.8000000e+02  -2.5067756e+00   1.8206200e+00
   7.8100000e+02  -2.5071876e+00   1.8213507e+00
   7.8200000e+02  -2.5090855e+00   1.8249750e+00
   7.8300000e+02  -2.5120708e+00   1.8298874e+00
   7.8400000e+02  -2.5167450e+00   1.8354074e+00
   7.8500000e+02  -2.5225820e+00   1.8420209e+00
   7.8600000e+02  -2.5302123e+00   1.8490859e+00
   7.8700000e+02  -2.5376301e+00   1.8575076e+00
   7.8800000e+02  -2.5445492e+00   1.8675580e+00
   7.8900000e+02  -2.5521102e+00   1.8783362e+00
   7.9000000e+02  -2.5580142e+00   1.8888198e+00
   7.9100000e+02  -2.5626806e+00   1.8994401e+00
   7.9200000e+02  -2.5646495e+00   1.9104426e+00
   7.9300000e+02  -2.5661780e+00   1.9208026e+00
   7.9400000e+02  -2.5644628e+00   1.9306609e+00
   7.9500000e+02  -2.5634163e+00   1.9376065e+00
   7.9600000e+02  -2.5615927e+00   1.9435819e+00
   7.9700000e+02  -2.5602909e+00   1.9475188e+00
   7.9800000e+02  -2.5590982e+00   1.9498489e+00
   7.9900000e+02  -2.5588081e+00   1.9504734e+00
   8.0000000e+02  -2.5589312e+00   1.9488774e+00
   8.0100000e+02  -2.5584773e+00   1.9469021e+00
   8.0200000e+02  -2.5574046e+00   1.9437462e+00
   8.0300000e+02  -2.5559643e+00   1.9399839e+00
   8.0400000e+02  -2.5540863e+00   1.9347789e+00
   8.0500000e+02  -2.5518996e+00   1.9271716e+00
   8.0600000e+02  -2.5494459e+00   1.9202781e+00
   8.0700000e+02  -2.5457289e+00   1.9111856e+00
   8.0800000e+02  -2.5420997e+00   1.9004083e+00
   8.0900000e+02  -2.5382285e+00   1.8891229e+00
   8.1000000e+02  -2.5342643e+00   1.8767170e+00
   8.1100000e+02  -2.5294315e+00   1.8645556e+00
   8.1200000e+02  -2.5247379e+00   1.8519913e+00
   8.1300000e+02  -2.5191477e+00   1.8395880e+00
   8.1400000e+02  -2.5130034e+00   1.8262770e+00
   8.1500000e+02  -2.5069557e+00   1.8130004e+00
   8.1600000e+02  -2.5006773e+00   1.8000329e+00
   8.1700000e+02  -2.4935164e+00   1.7872686e+00
   8.1800000e+02  -2.4870094e+00   1.7745651e+00
   8.1900000e+02  -2.4804986e+00   1.7627449e+00
   8.2000000e+02  -2.4733948e+00   1.7505859e+00
   8.2100000e+02  -2.4668878e+00   1.7396949e+00
   8.2200000e+02  -2.4605065e+00   1.7291721e+00
   8.2300000e+02  -2.4539551e+00   1.7190311e+00
   8.2400000e+02  -2.4487956e+00   1.7104941e+00
   8.2500000e+02  -2.4438185e+00   1.7025855e+00
   8.2600000e+02  -2.4400024e+00   1.6953886e+00
   8.2700000e+02  -2.4374607e+00   1.6900126e+00
   8.2800000e+02  -2.4360579e+00   1.6862190e+00
   8.2900000e+02  -2.4369045e+00   1.6835355e+00
   8.3000000e+02  -2.4385449e+00   1.6832020e+00
   8.3100000e+02  -2.4415118e+00   1.6857815e+00
   8.3200000e+02  -2.4442114e+00   1.6894526e+00
   8.3300000e+02  -2.4464695e+00   1.6938691e+00
   8.3400000e+02  -2.4480013e+00   1.7001970e+00
   8.3500000e+02  -2.4488873e+00   1.7078106e+00
   8.3600000e+02  -2.4494769e+00   1.7167707e+00
   8.3700000e+02  -2.4499999e+00   1.7264560e+00
   8.3800000e+02  -2.4505778e+00   1.7378785e+00
   8.3900000e+02  -2.4517314e+00   1.7499532e+00
   8.4000000e+02  -2.4521246e+00   1.7625363e+00
   8.4100000e+02  -2.4527747e+00   1.7755854e+00
   8.4200000e+02  -2.4492159e+00   1.7886391e+00
   8.4300000e+02  -2.4445315e+00   1.8020434e+00
   8.4400000e+02  -2.4379553e+00   1.8140936e+00
   8.4500000e+02  -2.4303936e+00   1.8268933e+00
   8.4600000e+02  -2.4209457e+00   1.8389207e+00
   8.4700000e+02  -2.4100598e+00   1.8507970e+00
   8.4800000e+02  -2.3988479e+00   1.8613259e+00
   8.4900000e+02  -2.3887286e+00   1.8710593e+00
   8.5000000e+02  -2.3799779e+00   1.8790390e+00
   8.5100000e+02  -2.3743577e+00   1.8852003e+00
   8.5200000e+02  -2.3706230e+00   1.8896990e+00
   8.5300000e+02  -2.3675244e+00   1.8929876e+00
   8.5400000e+02  -2.3648060e+00   1.8949620e+00
   8.5500000e+02  -2.3618532e+00   1.8964142e+00
   8.5600000e+02  -2.3576444e+00   1.8964758e+00
   8.5700000e+02  -2.3532835e+00   1.8954468e+00
   8.5800000e+02  -2.3492200e+00   1.8923934e+00
   8.5900000e+02  -2.3454523e+00   1.8881148e+00
   8.6000000e+02  -2.3417666e+00   1.8829327e+00
   8.6100000e+02  -2.3394241e+00   1.8753855e+00
   8.6200000e+02  -2.3391424e+00   1.8665510e+00
   8.6300000e+02  -2.3401258e+00   1.8550124e+00
   8.6400000e+02  -2.3409170e+00   1.8425907e+00
   8.6500000e+02  -2.3423218e+00   1.8285842e+00
   8.6600000e+02  -2.3407088e+00   1.8135317e+00
   8.6700000e+02  -2.3358464e+00   1.7965457e+00
   8.6800000e+02  -2.3287495e+00   1.7788960e+00
   8.6900000e+02  -2.3191638e+00   1.7647158e+00
   8.7000000e+02  -2.3099699e+00   1.7501945e+00
   8.7100000e+02  -2.2998451e+00   1.7386522e+00
   8.7200000e+02  -2.2896019e+00   1.7282431e+00
   8.7300000e+02  -2.2792071e+00   1.7187231e+00
   8.7400000e+02  -2.2676280e+00   1.7103524e+00
   8.7500000e+02  -2.2559852e+00   1.7030333e+00
   8.7600000e+02  -2.2420805e+00   1.6979598e+00
   8.7700000e+02  -2.2272314e+00   1.6957217e+00
   8.7800000e+02  -2.2114232e+00   1.6969050e+00
   8.7900000e+02  -2.1947312e+00   1.7001427e+00
   8.8000000e+02  -2.1781149e+00   1.7048523e+00
   8.8100000e+02  -2.1622612e+00   1.7092800e+00
   8.8200000e+02  -2.1476777e+00   1.7129454e+00
   8.8300000e+02  -2.1339083e+00   1.7166339e+00
   8.8400000e+02  -2.1198185e+00   1.7203791e+00
   8.8500000e+02  -2.1049487e+00   1.7246737e+00
   8.8600000e+02  -2.0884973e+00   1.7303806e+00
   8.8700000e+02  -2.0720375e+00   1.7366798e+00
   8.8800000e+02  -2.0539933e+00   1.7441300e+00
   8.8900000e+02  -2.0353082e+00   1.7516107e+00
   8.9000000e+02  -2.0161643e+00   1.7578034e+00
   8.9100000e+02  -1.9978437e+00   1.7612525e+00
   8.9200000e+02  -1.9803582e+00   1.7605704e+00
   8.9300000e+02  -1.9656706e+00   1.7571459e+00
   8.9400000e+02  -1.9526251e+00   1.7507216e+00
   8.9500000e+02  -1.9433284e+00   1.7431339e+00
   8.9600000e+02  -1.9365872e+00   1.7346250e+00
   8.9700000e+02  -1.9336663e+00   1.7245221e+00
   8.9800000e+02  -1.9341477e+00   1.7132173e+00
   8.9900000e+02  -1.9387602e+00   1.7012360e+00
   9.0000000e+02  -1.9456281e+00   1.6888140e+00
   9.0100000e+02  -1.9559111e+00   1.6770505e+00
   9.0200000e+02  -1.9651668e+00   1.6672119e+00
   9.0300000e+02  -1.9756623e+00   1.6581997e+00
   9.0400000e+02  -1.9834586e+00   1.6491754e+00
   9.0500000e+02  -1.9901063e+00   1.6409068e+00
   9.0600000e+02  -1.9960260e+00   1.6348917e+00
   9.0700000e+02  -2.0018638e+00   1.6317908e+00
   9.0800000e+02  -2.0068136e+00   1.6316038e+00
   9.0900000e+02  -2.0121543e+00   1.6350760e+00
   9.1000000e+02  -2.0165089e+00   1.6419083e+00
   9.1100000e+02  -2.0194558e+00   1.6525341e+00
   9.1200000e+02  -2.0210260e+00   1.6658898e+00
   9.1300000e+02  -2.0219721e+00   1.6823786e+00
   9.1400000e+02  -2.0191730e+00   1.7002843e+00
   9.1500000e+02  -2.0152119e+00   1.7199556e+00
   9.1600000e+02  -2.0086662e+00   1.7391145e+00
   9.1700000e+02  -1.9975913e+00   1.7572413e+00
   9.1800000e+02  -1.9845345e+00   1.7735378e+00
   9.1900000e+02  -1.9700477e+00   1.7876003e+00
   9.2000000e+02  -1.9557280e+00   1.7973094e+00
   9.2100000e+02  -1.9450451e+00   1.8038279e+00
   9.2200000e+02  -1.9392221e+00   1.8083258e+00
   9.2300000e+02  -1.9370139e+00   1.8116665e+00
   9.2400000e+02  -1.9377667e+00   1.8131533e+00
   9.2500000e+02  -1.9400023e+00   1.8129153e+00
   9.2600000e+02  -1.9439006e+00   1.8111593e+00
   9.2700000e+02  -1.9487221e+00   1.8085613e+00
   9.2800000e+02  -1.9545694e+00   1.8034497e+00
   9.2900000e+02  -1.9624145e+00   1.7970227e+00
   9.3000000e+02  -1.9707709e+00   1.7884025e+00
   9.3100000e+02  -1.9803956e+00   1.7782478e+00
   9.3200000e+02  -1.9899289e+00   1.7664724e+00
   9.3300000e+02  -2.0008645e+00   1.7533222e+00
   9.3400000e+02  -2.0117170e+00   1.7392487e+00
   9.3500000e+02  -2.0230307e+00   1.7234524e+00
   9.3600000e+02  -2.0334486e+00   1.7071481e+00
   9.3700000e+02  -2.0438275e+00   1.6907325e+00
   9.3800000e+02  -2.0528471e+00   1.6748032e+00
   9.3900000e+02  -2.0608797e+00   1.6575689e+00
   9.4000000e+02  -2.0673558e+00   1.6387855e+00
   9.4100000e+02  -2.0738206e+00   1.6208640e+00
   9.4200000e+02  -2.0788152e+00   1.6028836e+00
   9.4300000e+02  -2.0823793e+00   1.5848147e+00
   9.4400000e+02  -2.0859993e+00   1.5691155e+00
   9.4500000e+02  -2.0890854e+00   1.5566208e+00
   9.4600000e+02  -2.0920956e+00   1.5474553e+00
   9.4700000e+02  -2.0950362e+00   1.5403298e+00
   9.4800000e+02  -2.0970764e+00   1.5363035e+00
   9.4900000e+02  -2.1003227e+00   1.5330044e+00
   9.5000000e+02  -2.1005716e+00   1.5343864e+00
   9.5100000e+02  -2.0997883e+00   1.5375132e+00
   9.5200000e+02  -2.0987672e+00   1.5439344e+00
   9.5300000e+02  -2.0963343e+00   1.5528474e+00
   9.5400000e+02  -2.0926510e+00   1.5631881e+00
   9.5500000e+02  -2.0869333e+00   1.5754209e+00
   9.5600000e+02  -2.0789921e+00   1.5893775e+00
   9.5700000e+02  -2.0695369e+00   1.6033880e+00
   9.5800000e+02  -2.0582226e+00   1.6163851e+00
   9.5900000e+02  -2.0460084e+00   1.6292247e+00
   9.6000000e+02  -2.0329271e+00   1.6409463e+00
   9.6100000e+02  -2.0176930e+00   1.6533056e+00
   9.6200000e+02  -2.0032999e+00   1.6626286e+00
   9.6300000e+02  -1.9868503e+00   1.6710873e+00
   9.6400000e+02  -1.9689569e+00   1.6783335e+00
   9.6500000e+02  -1.9519724e+00   1.6849740e+00
   9.6600000e+02  -1.9366113e+00   1.6900937e+00
   9.6700000e+02  -1.9228741e+00   1.6940216e+00
   9.6800000e+02  -1.9141100e+00   1.6968863e+00
   9.6900000e+02  -1.9080438e+00   1.6994676e+00
   9.7000000e+02  -1.9043348e+00   1.6999799e+00
   9.7100000e+02  -1.9024429e+00   1.6986390e+00
   9.7200000e+02  -1.9013422e+00   1.6967972e+00
   9.7300000e+02  -1.9030159e+00   1.6933705e+00
   9.7400000e+02  -1.9042831e+00   1.6872367e+00
   9.7500000e+02  -1.9069676e+00   1.6800445e+00
   9.7600000e+02  -1.9100952e+00   1.6719048e+00
   9.7700000e+02  -1.9145987e+00   1.6615101e+00
   9.7800000e+02  -1.9197916e+00   1.6511002e+00
   9.7900000e+02  -1.9263231e+00   1.6391338e+00
   9.8000000e+02  -1.9337771e+00   1.6271952e+00
   9.8100000e+02  -1.9415935e+00   1.6147850e+00
   9.8200000e+02  -1.9503484e+00   1.6016702e+00
   9.8300000e+02  -1.9587374e+00   1.5886579e+00
   9.8400000e+02  -1.9658306e+00   1.5745273e+00
   9.8500000e+02  -1.9747397e+00   1.5605644e+00
   9.8600000e+02  -1.9801153e+00   1.5467658e+00
   9.8700000e+02  -1.9845255e+00   1.5324581e+00
   9.8800000e+02  -1.9874163e+00   1.5188246e+00
   9.8900000e+02  -1.9897811e+00   1.5059596e+00
   9.9000000e+02  -1.9921550e+00   1.4939807e+00
   9.9100000e+02  -1.9922234e+00   1.4830168e+00
   9.9200000e+02  -1.9910181e+00   1.4727394e+00
   9.9300000e+02  -1.9886318e+00   1.4637640e+00
   9.9400000e+02  -1.9844649e+00   1.4562006e+00
   9.9500000e+02  -1.9783845e+00   1.4505709e+00
   9.9600000e+02  -1.9708667e+00   1.4468312e+00
   9.9700000e+02  -1.9622656e+00   1.4447813e+00
   9.9800000e+02  -1.9537479e+00   1.4457406e+00
   9.9900000e+02  -1.9437366e+00   1.4501136e+00
   1.0000000e+03  -1.9330551e+00   1.4576325e+00
   1.0010000e+03  -1.9219403e+00   1.4675528e+00
   1.0020000e+03  -1.9113742e+00   1.4794048e+00
   1.0030000e+03  -1.8999597e+00   1.4928358e+00
   1.0040000e+03  -1.8872345e+00   1.5066862e+00
   1.0050000e+03  -1.8735872e+00   1.5204159e+00
   1.0060000e+03  -1.8591766e+00   1.5337694e+00
   1.0070000e+03  -1.8435107e+00   1.5452578e+00
   1.0080000e+03  -1.8269448e+00   1.5561295e+00
   1.0090000e+03  -1.8095755e+00   1.5661281e+00
   1.0100000e+03  -1.7947245e+00   1.5736893e+00
   1.0110000e+03  -1.7789864e+00   1.5796729e+00
   1.0120000e+03  -1.7658271e+00   1.5828806e+00
   1.0130000e+03  -1.7554636e+00   1.5845820e+00
   1.0140000e+03  -1.7474345e+00   1.5839146e+00
   1.0150000e+03  -1.7416109e+00   1.5821019e+00
   1.0160000e+03  -1.7377006e+00   1.5782534e+00
   1.0170000e+03  -1.7347982e+00   1.5730749e+00
   1.0180000e+03  -1.7337847e+00   1.5654285e+00
   1.0190000e+03  -1.7348199e+00   1.5557607e+00
   1.0200000e+03  -1.7364565e+00   1.5436698e+00
   1.0210000e+03  -1.7410568e+00   1.5278584e+00
   1.0220000e+03  -1.7455203e+00   1.5119285e+00
   1.0230000e+03  -1.7511453e+00   1.4944570e+00
   1.0240000e+03  -1.7565494e+00   1.4762903e+00
   1.0250000e+03  -1.7612534e+00   1.4572154e+00
   1.0260000e+03  -1.7650970e+00   1.4385566e+00
   1.0270000e+03  -1.7689407e+00   1.4200709e+00
   1.0280000e+03  -1.7708944e+00   1.4022034e+00
   1.0290000e+03  -1.7725617e+00   1.3858546e+00
   1.0300000e+03  -1.7736463e+00   1.3709894e+00
   1.0310000e+03  -1.7750264e+00   1.3595429e+00
   1.0320000e+03  -1.7758348e+00   1.3495098e+00
   1.0330000e+03  -1.7778069e+00   1.3407406e+00
   1.0340000e+03  -1.7779197e+00   1.3358420e+00
   1.0350000e+03  -1.7767145e+00   1.3331240e+00
   1.0360000e+03  -1.7747693e+00   1.3323797e+00
   1.0370000e+03  -1.7723998e+00   1.3332196e+00
   1.0380000e+03  -1.7691952e+00   1.3364779e+00
   1.0390000e+03  -1.7659520e+00   1.3416356e+00
   1.0400000e+03  -1.7624992e+00   1.3488326e+00
   1.0410000e+03  -1.7587371e+00   1.3590895e+00
   1.0420000e+03  -1.7546926e+00   1.3709811e+00
   1.0430000e+03  -1.7515005e+00   1.3839892e+00
   1.0440000e+03  -1.7481258e+00   1.3985476e+00
   1.0450000e+03  -1.7425318e+00   1.4143216e+00
   1.0460000e+03  -1.7360638e+00   1.4292142e+00
   1.0470000e+03  -1.7287524e+00   1.4433027e+00
   1.0480000e+03  -1.7208662e+00   1.4561605e+00
   1.0490000e+03  -1.7113612e+00   1.4679949e+00
   1.0500000e+03  -1.7005611e+00   1.4794006e+00
   1.0510000e+03  -1.6884169e+00   1.4885396e+00
   1.0520000e+03  -1.6754123e+00   1.4964918e+00
   1.0530000e+03  -1.6626210e+00   1.5030388e+00
   1.0540000e+03  -1.6522606e+00   1.5086331e+00
   1.0550000e+03  -1.6457570e+00   1.5125097e+00
   1.0560000e+03  -1.6415508e+00   1.5156746e+00
   1.0570000e+03  -1.6386931e+00   1.5181691e+00
   1.0580000e+03  -1.6377766e+00   1.5195002e+00
   1.0590000e+03  -1.6371145e+00   1.5191939e+00
   1.0600000e+03  -1.6354135e+00   1.5173873e+00
   1.0610000e+03  -1.6350804e+00   1.5132040e+00
   1.0620000e+03  -1.6340897e+00   1.5071365e+00
   1.0630000e+03  -1.6339760e+00   1.4990518e+00
   1.0640000e+03  -1.6356832e+00   1.4895641e+00
   1.0650000e+03  -1.6384539e+00   1.4780441e+00
   1.0660000e+03  -1.6428282e+00   1.4656124e+00
   1.0670000e+03  -1.6470364e+00   1.4514844e+00
   1.0680000e+03  -1.6516151e+00   1.4368098e+00
   1.0690000e+03  -1.6557900e+00   1.4207781e+00
   1.0700000e+03  -1.6579003e+00   1.4058087e+00
   1.0710000e+03  -1.6599684e+00   1.3896890e+00
   1.0720000e+03  -1.6603877e+00   1.3744028e+00
   1.0730000e+03  -1.6593941e+00   1.3594667e+00
   1.0740000e+03  -1.6572375e+00   1.3439951e+00
   1.0750000e+03  -1.6550704e+00   1.3299370e+00
   1.0760000e+03  -1.6518760e+00   1.3155906e+00
   1.0770000e+03  -1.6483598e+00   1.3016085e+00
   1.0780000e+03  -1.6441310e+00   1.2894829e+00
   1.0790000e+03  -1.6403312e+00   1.2783560e+00
   1.0800000e+03  -1.6379171e+00   1.2699061e+00
   1.0810000e+03  -1.6355002e+00   1.2623702e+00
   1.0820000e+03  -1.6347376e+00   1.2576346e+00
   1.0830000e+03  -1.6363205e+00   1.2554828e+00
   1.0840000e+03  -1.6376548e+00   1.2552774e+00
   1.0850000e+03  -1.6392383e+00   1.2572911e+00
   1.0860000e+03  -1.6411865e+00   1.2618237e+00
   1.0870000e+03  -1.6425426e+00   1.2674958e+00
   1.0880000e+03  -1.6442749e+00   1.2760291e+00
   1.0890000e+03  -1.6451572e+00   1.2854946e+00
   1.0900000e+03  -1.6450876e+00   1.2977937e+00
   1.0910000e+03  -1.6446390e+00   1.3117301e+00
   1.0920000e+03  -1.6426697e+00   1.3266298e+00
   1.0930000e+03  -1.6406911e+00   1.3416882e+00
   1.0940000e+03  -1.6376124e+00   1.3559828e+00
   1.0950000e+03  -1.6347240e+00   1.3694127e+00
   1.0960000e+03  -1.6314330e+00   1.3826573e+00
   1.0970000e+03  -1.6279155e+00   1.3947100e+00
   1.0980000e+03  -1.6241990e+00   1.4049743e+00
   1.0990000e+03  -1.6189880e+00   1.4137356e+00
   1.1000000e+03  -1.6128869e+00   1.4215710e+00
   1.1010000e+03  -1.6058121e+00   1.4288776e+00
   1.1020000e+03  -1.5979741e+00   1.4337438e+00
   1.1030000e+03  -1.5908697e+00   1.4382289e+00
   1.1040000e+03  -1.5850247e+00   1.4419716e+00
   1.1050000e+03  -1.5809716e+00   1.4450513e+00
   1.1060000e+03  -1.5792848e+00   1.4464661e+00
   1.1070000e+03  -1.5806320e+00   1.4488794e+00
   1.1080000e+03  -1.5824520e+00   1.4495552e+00
   1.1090000e+03  -1.5853782e+00   1.4482088e+00
   1.1100000e+03  -1.5888034e+00   1.4451623e+00
   1.1110000e+03  -1.5917942e+00   1.4399772e+00
   1.1120000e+03  -1.5946739e+00   1.4333866e+00
   1.1130000e+03  -1.5972409e+00   1.4257924e+00
   1.1140000e+03  -1.6010980e+00   1.4174370e+00
   1.1150000e+03  -1.6057028e+00   1.4078884e+00
   1.1160000e+03  -1.6113674e+00   1.3970028e+00
   1.1170000e+03  -1.6182976e+00   1.3860726e+00
   1.1180000e+03  -1.6243335e+00   1.3739356e+00
   1.1190000e+03  -1.6307455e+00   1.3609770e+00
   1.1200000e+03  -1.6366742e+00   1.3479251e+00
   1.1210000e+03  -1.6414435e+00   1.3340289e+00
   1.1220000e+03  -1.6450874e+00   1.3205403e+00
   1.1230000e+03  -1.6473534e+00   1.3070849e+00
   1.1240000e+03  -1.6485968e+00   1.2942364e+00
   1.1250000e+03  -1.6493128e+00   1.2824105e+00
   1.1260000e+03  -1.6489065e+00   1.2709940e+00
   1.1270000e+03  -1.6483986e+00   1.2606675e+00
   1.1280000e+03  -1.6468652e+00   1.2506098e+00
   1.1290000e+03  -1.6444671e+00   1.2420201e+00
   1.1300000e+03  -1.6414595e+00   1.2336389e+00
   1.1310000e+03  -1.6374506e+00   1.2262887e+00
   1.1320000e+03  -1.6312386e+00   1.2200958e+00
   1.1330000e+03  -1.6251822e+00   1.2161367e+00
   1.1340000e+03  -1.6176835e+00   1.2146454e+00
   1.1350000e+03  -1.6097930e+00   1.2154655e+00
   1.1360000e+03  -1.6010014e+00   1.2190944e+00
   1.1370000e+03  -1.5915997e+00   1.2247142e+00
   1.1380000e+03  -1.5816799e+00   1.2321601e+00
   1.1390000e+03  -1.5706354e+00   1.2408317e+00
   1.1400000e+03  -1.5592961e+00   1.2499112e+00
   1.1410000e+03  -1.5469291e+00   1.2601799e+00
   1.1420000e+03  -1.5328726e+00   1.2674517e+00
   1.1430000e+03  -1.5182294e+00   1.2746854e+00
   1.1440000e+03  -1.5020513e+00   1.2802467e+00
   1.1450000e+03  -1.4873875e+00   1.2853465e+00
   1.1460000e+03  -1.4731032e+00   1.2891548e+00
   1.1470000e+03  -1.4590409e+00   1.2914835e+00
   1.1480000e+03  -1.4465013e+00   1.2929889e+00
   1.1490000e+03  -1.4356394e+00   1.2929537e+00
   1.1500000e+03  -1.4267120e+00   1.2918435e+00
   1.1510000e+03  -1.4194548e+00   1.2893584e+00
   1.1520000e+03  -1.4125702e+00   1.2862306e+00
   1.1530000e+03  -1.4058215e+00   1.2810320e+00
   1.1540000e+03  -1.4011508e+00   1.2768138e+00
   1.1550000e+03  -1.3964037e+00   1.2708873e+00
   1.1560000e+03  -1.3922337e+00   1.2636513e+00
   1.1570000e+03  -1.3891958e+00   1.2548481e+00
   1.1580000e+03  -1.3869310e+00   1.2445360e+00
   1.1590000e+03  -1.3856279e+00   1.2330575e+00
   1.1600000e+03  -1.3853228e+00   1.2200849e+00
   1.1610000e+03  -1.3857088e+00   1.2058351e+00
   1.1620000e+03  -1.3877450e+00   1.1910277e+00
   1.1630000e+03  -1.3898176e+00   1.1743807e+00
   1.1640000e+03  -1.3931794e+00   1.1577256e+00
   1.1650000e+03  -1.3960900e+00   1.1392994e+00
   1.1660000e+03  -1.3988101e+00   1.1207382e+00
   1.1670000e+03  -1.4015276e+00   1.1017319e+00
   1.1680000e+03  -1.4028343e+00   1.0823016e+00
   1.1690000e+03  -1.4041244e+00   1.0644215e+00
   1.1700000e+03  -1.4046464e+00   1.0466945e+00
   1.1710000e+03  -1.4045744e+00   1.0293766e+00
   1.1720000e+03  -1.4044325e+00   1.0139081e+00
   1.1730000e+03  -1.4031623e+00   1.0001135e+00
   1.1740000e+03  -1.4015172e+00   9.8667092e-01
   1.1750000e+03  -1.3999730e+00   9.7543746e-01
   1.1760000e+03  -1.3982144e+00   9.6555790e-01
   1.1770000e+03  -1.3975822e+00   9.5822169e-01
   1.1780000e+03  -1.3963074e+00   9.5139548e-01
   1.1790000e+03  -1.3952104e+00   9.4645508e-01
   1.1800000e+03  -1.3942230e+00   9.4324930e-01
   1.1810000e+03  -1.3930969e+00   9.4164305e-01
   1.1820000e+03  -1.3924677e+00   9.4271240e-01
   1.1830000e+03  -1.3905607e+00   9.4613447e-01
   1.1840000e+03  -1.3891363e+00   9.5183845e-01
   1.1850000e+03  -1.3872035e+00   9.6040450e-01
   1.1860000e+03  -1.3855344e+00   9.7117481e-01
   1.1870000e+03  -1.3829456e+00   9.8340353e-01
   1.1880000e+03  -1.3800917e+00   9.9667976e-01
   1.1890000e+03  -1.3764537e+00   1.0110753e+00
   1.1900000e+03  -1.3720540e+00   1.0255836e+00
   1.1910000e+03  -1.3663875e+00   1.0399597e+00
   1.1920000e+03  -1.3610140e+00   1.0529286e+00
   1.1930000e+03  -1.3543704e+00   1.0655321e+00
   1.1940000e+03  -1.3469073e+00   1.0764116e+00
   1.1950000e+03  -1.3383275e+00   1.0872162e+00
   1.1960000e+03  -1.3299882e+00   1.0966611e+00
   1.1970000e+03  -1.3222005e+00   1.1049487e+00
   1.1980000e+03  -1.3159699e+00   1.1116591e+00
   1.1990000e+03  -1.3112407e+00   1.1164160e+00
   1.2000000e+03  -1.3080106e+00   1.1203320e+00
   1.2010000e+03  -1.3051468e+00   1.1230755e+00
   1.2020000e+03  -1.3023264e+00   1.1241513e+00
   1.2030000e+03  -1.3007564e+00   1.1246497e+00
   1.2040000e+03  -1.2984488e+00   1.1236987e+00
   1.2050000e+03  -1.2967155e+00   1.1220020e+00
   1.2060000e+03  -1.2949788e+00   1.1185077e+00
   1.2070000e+03  -1.2943875e+00   1.1140108e+00
   1.2080000e+03  -1.2941609e+00   1.1078887e+00
   1.2090000e+03  -1.2954452e+00   1.1001318e+00
   1.2100000e+03  -1.2969275e+00   1.0906889e+00
   1.2110000e+03  -1.2991393e+00   1.0797450e+00
   1.2120000e+03  -1.3017503e+00   1.0672992e+00
   1.2130000e+03  -1.3050008e+00   1.0529315e+00
   1.2140000e+03  -1.3069231e+00   1.0384033e+00
   1.2150000e+03  -1.3088599e+00   1.0224457e+00
   1.2160000e+03  -1.3102255e+00   1.0058203e+00
   1.2170000e+03  -1.3119708e+00   9.8898336e-01
   1.2180000e+03  -1.3127039e+00   9.7188531e-01
   1.2190000e+03  -1.3132245e+00   9.5469818e-01
   1.2200000e+03  -1.3128030e+00   9.3811776e-01
   1.2210000e+03  -1.3121648e+00   9.2214532e-01
   1.2220000e+03  -1.3107389e+00   9.0715325e-01
   1.2230000e+03  -1.3092285e+00   8.9278460e-01
   1.2240000e+03  -1.3071725e+00   8.7965124e-01
   1.2250000e+03  -1.3068075e+00   8.6811790e-01
   1.2260000e+03  -1.3037583e+00   8.5797603e-01
   1.2270000e+03  -1.3012409e+00   8.4986131e-01
   1.2280000e+03  -1.2991908e+00   8.4277182e-01
   1.2290000e+03  -1.2974397e+00   8.3754297e-01
   1.2300000e+03  -1.2950606e+00   8.3383403e-01
   1.2310000e+03  -1.2927062e+00   8.3163986e-01
   1.2320000e+03  -1.2899936e+00   8.3074699e-01
   1.2330000e+03  -1.2873966e+00   8.3174829e-01
   1.2340000e+03  -1.2847928e+00   8.3420518e-01
   1.2350000e+03  -1.2820104e+00   8.3912119e-01
   1.2360000e+03  -1.2792364e+00   8.4556638e-01
   1.2370000e+03  -1.2765142e+00   8.5402153e-01
   1.2380000e+03  -1.2747469e+00   8.6278748e-01
   1.2390000e+03  -1.2716250e+00   8.7434300e-01
   1.2400000e+03  -1.2681668e+00   8.8548810e-01
   1.2410000e+03  -1.2645665e+00   8.9751823e-01
   1.2420000e+03  -1.2595748e+00   9.0900673e-01
   1.2430000e+03  -1.2546143e+00   9.2071710e-01
   1.2440000e+03  -1.2487663e+00   9.3205309e-01
   1.2450000e+03  -1.2414266e+00   9.4422958e-01
   1.2460000e+03  -1.2334169e+00   9.5569336e-01
   1.2470000e+03  -1.2237686e+00   9.6688285e-01
   1.2480000e+03  -1.2146100e+00   9.7689963e-01
   1.2490000e+03  -1.2039533e+00   9.8434386e-01
   1.2500000e+03  -1.1954845e+00   9.8867407e-01
   1.2510000e+03  -1.1889645e+00   9.9095652e-01
   1.2520000e+03  -1.1844516e+00   9.9015049e-01
   1.2530000e+03  -1.1814751e+00   9.8664625e-01
   1.2540000e+03  -1.1792113e+00   9.8159297e-01
   1.2550000e+03  -1.1774764e+00   9.7465170e-01
   1.2560000e+03  -1.1761829e+00   9.6633015e-01
   1.2570000e+03  -1.1751240e+00   9.5602850e-01
   1.2580000e+03  -1.1751024e+00   9.4323735e-01
   1.2590000e+03  -1.1754476e+00   9.2807216e-01
   1.2600000e+03  -1.1759261e+00   9.1015482e-01
   1.2610000e+03  -1.1760115e+00   8.8875455e-01
   1.2620000e+03  -1.1760247e+00   8.6710717e-01
   1.2630000e+03  -1.1752069e+00   8.4427198e-01
   1.2640000e+03  -1.1727767e+00   8.2067589e-01
   1.2650000e+03  -1.1689871e+00   7.9845164e-01
   1.2660000e+03  -1.1653877e+00   7.7611810e-01
   1.2670000e+03  -1.1604614e+00   7.5571592e-01
   1.2680000e+03  -1.1567049e+00   7.3733296e-01
   1.2690000e+03  -1.1524989e+00   7.2031527e-01
   1.2700000e+03  -1.1478835e+00   7.0505458e-01
   1.2710000e+03  -1.1428176e+00   6.9223089e-01
   1.2720000e+03  -1.1381958e+00   6.8084502e-01
   1.2730000e+03  -1.1306655e+00   6.7181865e-01
   1.2740000e+03  -1.1251796e+00   6.6459489e-01
   1.2750000e+03  -1.1174812e+00   6.5892720e-01
   1.2760000e+03  -1.1096678e+00   6.5377581e-01
   1.2770000e+03  -1.1004242e+00   6.4978945e-01
   1.2780000e+03  -1.0911022e+00   6.4740303e-01
   1.2790000e+03  -1.0820629e+00   6.4655350e-01
   1.2800000e+03  -1.0730402e+00   6.4777955e-01
   1.2810000e+03  -1.0651800e+00   6.5042742e-01
   1.2820000e+03  -1.0574979e+00   6.5407035e-01
   1.2830000e+03  -1.0503083e+00   6.5957967e-01
   1.2840000e+03  -1.0434270e+00   6.6647201e-01
   1.2850000e+03  -1.0392100e+00   6.7553404e-01
   1.2860000e+03  -1.0321661e+00   6.8464745e-01
   1.2870000e+03  -1.0247781e+00   6.9280704e-01
   1.2880000e+03  -1.0167829e+00   7.0096781e-01
   1.2890000e+03  -1.0097245e+00   7.0895298e-01
   1.2900000e+03  -1.0023094e+00   7.1665847e-01
   1.2910000e+03  -9.9404106e-01   7.2315840e-01
   1.2920000e+03  -9.8674289e-01   7.2845022e-01
   1.2930000e+03  -9.8034100e-01   7.3261393e-01
   1.2940000e+03  -9.7528665e-01   7.3607012e-01
   1.2950000e+03  -9.6942641e-01   7.3743500e-01
   1.2960000e+03  -9.6463908e-01   7.3699910e-01
   1.2970000e+03  -9.6031422e-01   7.3541712e-01
   1.2980000e+03  -9.5425472e-01   7.3201895e-01
   1.2990000e+03  -9.4754348e-01   7.2694659e-01
   1.3000000e+03  -9.4052850e-01   7.2073290e-01
   1.3010000e+03  -9.3344560e-01   7.1259252e-01
   1.3020000e+03  -9.2668065e-01   7.0208239e-01
   1.3030000e+03  -9.1810465e-01   6.8968877e-01
   1.3040000e+03  -9.1114083e-01   6.7552976e-01
   1.3050000e+03  -9.0528470e-01   6.5948033e-01
   1.3060000e+03  -8.9869602e-01   6.4225196e-01
   1.3070000e+03  -8.9224692e-01   6.2513413e-01
   1.3080000e+03  -8.8494395e-01   6.0901884e-01
   1.3090000e+03  -8.7671587e-01   5.9511116e-01
   1.3100000e+03  -8.6773755e-01   5.8145540e-01
   1.3110000e+03  -8.5772974e-01   5.6964575e-01
   1.3120000e+03  -8.4698636e-01   5.5884866e-01
   1.3130000e+03  -8.3598228e-01   5.5032026e-01
   1.3140000e+03  -8.2565719e-01   5.4516563e-01
   1.3150000e+03  -8.1453783e-01   5.4139555e-01
   1.3160000e+03  -8.0292700e-01   5.3920356e-01
   1.3170000e+03  -7.9107140e-01   5.3876660e-01
   1.3180000e+03  -7.7901223e-01   5.3979182e-01
   1.3190000e+03  -7.6662765e-01   5.4250636e-01
   1.3200000e+03  -7.5300098e-01   5.4670196e-01
   1.3210000e+03  -7.3810206e-01   5.5079295e-01
   1.3220000e+03  -7.2247974e-01   5.5515881e-01
   1.3230000e+03  -7.0445170e-01   5.5953650e-01
   1.3240000e+03  -6.8573553e-01   5.6210445e-01
   1.3250000e+03  -6.6545076e-01   5.6305346e-01
   1.3260000e+03  -6.4508222e-01   5.6277970e-01
   1.3270000e+03  -6.2606714e-01   5.6074576e-01
   1.3280000e+03  -6.0788639e-01   5.5750478e-01
   1.3290000e+03  -5.9035012e-01   5.5350953e-01
   1.3300000e+03  -5.7349318e-01   5.4760803e-01
   1.3310000e+03  -5.5905976e-01   5.4038665e-01
   1.3320000e+03  -5.4602082e-01   5.3079226e-01
   1.3330000e+03  -5.3442840e-01   5.2041178e-01
   1.3340000e+03  -5.2492401e-01   5.0600560e-01
   1.3350000e+03  -5.1633570e-01   4.8845168e-01
   1.3360000e+03  -5.0816695e-01   4.6837926e-01
   1.3370000e+03  -5.0116762e-01   4.4798153e-01
   1.3380000e+03  -4.9264052e-01   4.2831828e-01
   1.3390000e+03  -4.8343723e-01   4.0776279e-01
   1.3400000e+03  -4.7307140e-01   3.8854214e-01
   1.3410000e+03  -4.6199423e-01   3.7155868e-01
   1.3420000e+03  -4.5008980e-01   3.5610007e-01
   1.3430000e+03  -4.3862460e-01   3.4277664e-01
   1.3440000e+03  -4.2789337e-01   3.3014529e-01
   1.3450000e+03  -4.1474789e-01   3.1907236e-01
   1.3460000e+03  -4.0250047e-01   3.0913104e-01
   1.3470000e+03  -3.9069780e-01   3.0076366e-01
   1.3480000e+03  -3.7786577e-01   2.9419175e-01
   1.3490000e+03  -3.6367674e-01   2.8929103e-01
   1.3500000e+03  -3.4942449e-01   2.8348307e-01
   1.3510000e+03  -3.3416054e-01   2.7946020e-01
   1.3520000e+03  -3.1525755e-01   2.7230465e-01
   1.3530000e+03  -2.9673597e-01   2.6384879e-01
   1.3540000e+03  -2.7824337e-01   2.5455938e-01
   1.3550000e+03  -2.6487568e-01   2.4635535e-01
   1.3560000e+03  -2.4811767e-01   2.3794057e-01
   1.3570000e+03  -2.3107272e-01   2.2441082e-01
   1.3580000e+03  -2.1597814e-01   2.0877062e-01
   1.3590000e+03  -2.0140714e-01   1.9171709e-01
   1.3600000e+03  -1.8701314e-01   1.7434214e-01
   1.3610000e+03  -1.7357067e-01   1.5897303e-01
   1.3620000e+03  -1.6052045e-01   1.3935827e-01
   1.3630000e+03  -1.4840692e-01   1.1713732e-01
