   1.6030000e+03   1.0582646e+00   3.1523913e+00
   1.6040000e+03   1.0539835e+00   3.1459491e+00
   1.6050000e+03   1.0503363e+00   3.1381491e+00
   1.6060000e+03   1.0481824e+00   3.1293149e+00
   1.6070000e+03   1.0469000e+00   3.1201589e+00
   1.6080000e+03   1.0481262e+00   3.1105675e+00
   1.6090000e+03   1.0510749e+00   3.0998585e+00
   1.6100000e+03   1.0555904e+00   3.0898997e+00
   1.6110000e+03   1.0607415e+00   3.0790184e+00
   1.6120000e+03   1.0659564e+00   3.0680600e+00
   1.6130000e+03   1.0706410e+00   3.0571805e+00
   1.6140000e+03   1.0741928e+00   3.0464638e+00
   1.6150000e+03   1.0776342e+00   3.0362041e+00
   1.6160000e+03   1.0794796e+00   3.0265898e+00
   1.6170000e+03   1.0803091e+00   3.0189743e+00
   1.6180000e+03   1.0798647e+00   3.0124005e+00
   1.6190000e+03   1.0794027e+00   3.0074284e+00
   1.6200000e+03   1.0786765e+00   3.0030097e+00
   1.6210000e+03   1.0790536e+00   2.9998936e+00
   1.6220000e+03   1.0790173e+00   2.9970130e+00
   1.6230000e+03   1.0775926e+00   2.9949808e+00
   1.6240000e+03   1.0752866e+00   2.9932400e+00
   1.6250000e+03   1.0711822e+00   2.9918110e+00
   1.6260000e+03   1.0665606e+00   2.9901521e+00
   1.6270000e+03   1.0606945e+00   2.9889119e+00
   1.6280000e+03   1.0539343e+00   2.9879556e+00
   1.6290000e+03   1.0460362e+00   2.9881235e+00
   1.6300000e+03   1.0366093e+00   2.9888795e+00
   1.6310000e+03   1.0257327e+00   2.9905482e+00
   1.6320000e+03   1.0143314e+00   2.9929655e+00
   1.6330000e+03   1.0018506e+00   2.9967646e+00
   1.6340000e+03   9.8852063e-01   2.9994001e+00
   1.6350000e+03   9.7504697e-01   3.0018200e+00
   1.6360000e+03   9.6142399e-01   3.0049473e+00
   1.6370000e+03   9.4639639e-01   3.0072284e+00
   1.6380000e+03   9.3169867e-01   3.0100692e+00
   1.6390000e+03   9.1664607e-01   3.0122334e+00
   1.6400000e+03   9.0187344e-01   3.0141426e+00
   1.6410000e+03   8.8720655e-01   3.0154777e+00
   1.6420000e+03   8.7257007e-01   3.0156456e+00
   1.6430000e+03   8.5858752e-01   3.0148216e+00
   1.6440000e+03   8.4619585e-01   3.0135402e+00
   1.6450000e+03   8.3401221e-01   3.0103521e+00
   1.6460000e+03   8.2391201e-01   3.0065982e+00
   1.6470000e+03   8.1427849e-01   3.0017628e+00
   1.6480000e+03   8.0626349e-01   2.9960776e+00
   1.6490000e+03   7.9953198e-01   2.9897665e+00
   1.6500000e+03   7.9427978e-01   2.9818264e+00
   1.6510000e+03   7.9089083e-01   2.9745933e+00
   1.6520000e+03   7.8943124e-01   2.9664602e+00
   1.6530000e+03   7.9039350e-01   2.9583377e+00
   1.6540000e+03   7.9281888e-01   2.9502371e+00
   1.6550000e+03   7.9692283e-01   2.9429310e+00
   1.6560000e+03   8.0332606e-01   2.9355046e+00
   1.6570000e+03   8.1176941e-01   2.9293487e+00
   1.6580000e+03   8.2114997e-01   2.9220020e+00
   1.6590000e+03   8.3144359e-01   2.9145168e+00
   1.6600000e+03   8.4222345e-01   2.9058313e+00
   1.6610000e+03   8.5242925e-01   2.8968053e+00
   1.6620000e+03   8.6190680e-01   2.8868224e+00
   1.6630000e+03   8.7007050e-01   2.8771549e+00
   1.6640000e+03   8.7698166e-01   2.8681882e+00
   1.6650000e+03   8.8300215e-01   2.8597049e+00
   1.6660000e+03   8.8790205e-01   2.8524437e+00
   1.6670000e+03   8.9135922e-01   2.8456667e+00
   1.6680000e+03   8.9401883e-01   2.8400156e+00
   1.6690000e+03   8.9582592e-01   2.8351976e+00
   1.6700000e+03   8.9526061e-01   2.8296856e+00
   1.6710000e+03   8.9355347e-01   2.8248984e+00
   1.6720000e+03   8.8966191e-01   2.8202988e+00
   1.6730000e+03   8.8508220e-01   2.8159348e+00
   1.6740000e+03   8.7745490e-01   2.8124206e+00
   1.6750000e+03   8.6850712e-01   2.8092088e+00
   1.6760000e+03   8.5751870e-01   2.8070276e+00
   1.6770000e+03   8.4455192e-01   2.8054348e+00
   1.6780000e+03   8.3088397e-01   2.8048451e+00
   1.6790000e+03   8.1574369e-01   2.8037728e+00
   1.6800000e+03   7.9987051e-01   2.8032596e+00
   1.6810000e+03   7.8278016e-01   2.8019874e+00
   1.6820000e+03   7.6601906e-01   2.7995340e+00
   1.6830000e+03   7.4875105e-01   2.7964309e+00
   1.6840000e+03   7.3126274e-01   2.7922451e+00
   1.6850000e+03   7.1393919e-01   2.7872159e+00
   1.6860000e+03   6.9642937e-01   2.7818012e+00
   1.6870000e+03   6.8084344e-01   2.7758294e+00
   1.6880000e+03   6.6597707e-01   2.7692296e+00
   1.6890000e+03   6.5341895e-01   2.7620480e+00
   1.6900000e+03   6.4256621e-01   2.7537744e+00
   1.6910000e+03   6.3402498e-01   2.7458585e+00
   1.6920000e+03   6.2772372e-01   2.7376935e+00
   1.6930000e+03   6.2317678e-01   2.7291451e+00
   1.6940000e+03   6.2248808e-01   2.7207023e+00
   1.6950000e+03   6.2366453e-01   2.7130659e+00
   1.6960000e+03   6.2735146e-01   2.7047887e+00
   1.6970000e+03   6.3361301e-01   2.6968375e+00
   1.6980000e+03   6.4264169e-01   2.6883999e+00
   1.6990000e+03   6.5401478e-01   2.6800661e+00
   1.7000000e+03   6.6595574e-01   2.6711346e+00
   1.7010000e+03   6.7935940e-01   2.6607416e+00
   1.7020000e+03   6.9253411e-01   2.6503536e+00
   1.7030000e+03   7.0510253e-01   2.6395325e+00
   1.7040000e+03   7.1571882e-01   2.6292981e+00
   1.7050000e+03   7.2458956e-01   2.6191308e+00
   1.7060000e+03   7.3146743e-01   2.6117572e+00
   1.7070000e+03   7.3618618e-01   2.6053990e+00
   1.7080000e+03   7.3959230e-01   2.6004005e+00
   1.7090000e+03   7.4136303e-01   2.5959841e+00
   1.7100000e+03   7.4045525e-01   2.5919442e+00
   1.7110000e+03   7.3826321e-01   2.5883725e+00
   1.7120000e+03   7.3369932e-01   2.5840254e+00
   1.7130000e+03   7.2756922e-01   2.5803291e+00
   1.7140000e+03   7.1923295e-01   2.5757071e+00
   1.7150000e+03   7.0945983e-01   2.5711747e+00
   1.7160000e+03   6.9779277e-01   2.5666065e+00
   1.7170000e+03   6.8436321e-01   2.5629772e+00
   1.7180000e+03   6.7049973e-01   2.5577712e+00
   1.7190000e+03   6.5513721e-01   2.5526893e+00
   1.7200000e+03   6.3935275e-01   2.5474747e+00
   1.7210000e+03   6.2317172e-01   2.5414556e+00
   1.7220000e+03   6.0754688e-01   2.5355434e+00
   1.7230000e+03   5.9172825e-01   2.5282934e+00
   1.7240000e+03   5.7676153e-01   2.5210620e+00
   1.7250000e+03   5.6257520e-01   2.5133297e+00
   1.7260000e+03   5.4985051e-01   2.5057095e+00
   1.7270000e+03   5.3894495e-01   2.4982866e+00
   1.7280000e+03   5.2857389e-01   2.4911527e+00
   1.7290000e+03   5.2022861e-01   2.4833886e+00
   1.7300000e+03   5.1365663e-01   2.4770243e+00
   1.7310000e+03   5.0913342e-01   2.4706931e+00
   1.7320000e+03   5.0668834e-01   2.4648527e+00
   1.7330000e+03   5.0674661e-01   2.4606877e+00
   1.7340000e+03   5.0832469e-01   2.4548227e+00
   1.7350000e+03   5.1156443e-01   2.4491629e+00
   1.7360000e+03   5.1659306e-01   2.4438627e+00
   1.7370000e+03   5.2231932e-01   2.4371633e+00
   1.7380000e+03   5.2921004e-01   2.4304125e+00
   1.7390000e+03   5.3673108e-01   2.4224652e+00
   1.7400000e+03   5.4504429e-01   2.4127340e+00
   1.7410000e+03   5.5526948e-01   2.4020455e+00
   1.7420000e+03   5.6493629e-01   2.3900028e+00
   1.7430000e+03   5.7253121e-01   2.3773386e+00
   1.7440000e+03   5.8026713e-01   2.3626927e+00
   1.7450000e+03   5.8596684e-01   2.3478776e+00
   1.7460000e+03   5.9020512e-01   2.3339173e+00
   1.7470000e+03   5.9260753e-01   2.3209467e+00
   1.7480000e+03   5.9320758e-01   2.3091030e+00
   1.7490000e+03   5.9152629e-01   2.2983020e+00
   1.7500000e+03   5.8769360e-01   2.2892081e+00
   1.7510000e+03   5.8170411e-01   2.2812732e+00
   1.7520000e+03   5.7295931e-01   2.2748145e+00
   1.7530000e+03   5.6089402e-01   2.2692197e+00
   1.7540000e+03   5.4767322e-01   2.2646878e+00
   1.7550000e+03   5.3113680e-01   2.2618637e+00
   1.7560000e+03   5.1290637e-01   2.2603971e+00
   1.7570000e+03   4.9293260e-01   2.2593075e+00
   1.7580000e+03   4.7085498e-01   2.2590726e+00
   1.7590000e+03   4.4796716e-01   2.2587822e+00
   1.7600000e+03   4.2530886e-01   2.2576806e+00
   1.7610000e+03   4.0315396e-01   2.2555016e+00
   1.7620000e+03   3.8210903e-01   2.2517121e+00
   1.7630000e+03   3.6274734e-01   2.2458289e+00
   1.7640000e+03   3.4527551e-01   2.2384059e+00
   1.7650000e+03   3.3007570e-01   2.2308321e+00
   1.7660000e+03   3.1841664e-01   2.2240521e+00
   1.7670000e+03   3.0978796e-01   2.2166024e+00
   1.7680000e+03   3.0375907e-01   2.2093628e+00
   1.7690000e+03   3.0035251e-01   2.2012100e+00
   1.7700000e+03   2.9924569e-01   2.1922026e+00
   1.7710000e+03   3.0057850e-01   2.1838959e+00
   1.7720000e+03   3.0415045e-01   2.1746273e+00
   1.7730000e+03   3.0923148e-01   2.1649478e+00
   1.7740000e+03   3.1611239e-01   2.1548726e+00
   1.7750000e+03   3.2346052e-01   2.1431895e+00
   1.7760000e+03   3.3118693e-01   2.1313958e+00
   1.7770000e+03   3.3876953e-01   2.1184775e+00
   1.7780000e+03   3.4432966e-01   2.1060763e+00
   1.7790000e+03   3.4830209e-01   2.0953147e+00
   1.7800000e+03   3.4920619e-01   2.0848221e+00
   1.7810000e+03   3.4848156e-01   2.0756211e+00
   1.7820000e+03   3.4451168e-01   2.0674962e+00
   1.7830000e+03   3.3815368e-01   2.0620490e+00
   1.7840000e+03   3.2906452e-01   2.0574931e+00
   1.7850000e+03   3.1808008e-01   2.0553184e+00
   1.7860000e+03   3.0509345e-01   2.0529725e+00
   1.7870000e+03   2.8984805e-01   2.0510999e+00
   1.7880000e+03   2.7357146e-01   2.0495991e+00
   1.7890000e+03   2.5587775e-01   2.0472188e+00
   1.7900000e+03   2.3897933e-01   2.0450174e+00
   1.7910000e+03   2.2185681e-01   2.0430091e+00
   1.7920000e+03   2.0492105e-01   2.0411837e+00
   1.7930000e+03   1.8874920e-01   2.0381115e+00
   1.7940000e+03   1.7331186e-01   2.0358063e+00
   1.7950000e+03   1.5991429e-01   2.0326369e+00
   1.7960000e+03   1.4817847e-01   2.0285656e+00
   1.7970000e+03   1.3801891e-01   2.0250491e+00
   1.7980000e+03   1.3041757e-01   2.0211154e+00
   1.7990000e+03   1.2408334e-01   2.0169957e+00
   1.8000000e+03   1.1946298e-01   2.0127142e+00
   1.8010000e+03   1.1686205e-01   2.0091226e+00
   1.8020000e+03   1.1552445e-01   2.0037167e+00
   1.8030000e+03   1.1641066e-01   1.9986335e+00
   1.8040000e+03   1.1857093e-01   1.9925758e+00
   1.8050000e+03   1.2215129e-01   1.9858639e+00
   1.8060000e+03   1.2650183e-01   1.9786349e+00
   1.8070000e+03   1.3083106e-01   1.9703527e+00
   1.8080000e+03   1.3609739e-01   1.9611441e+00
   1.8090000e+03   1.4145388e-01   1.9512558e+00
   1.8100000e+03   1.4637823e-01   1.9397141e+00
   1.8110000e+03   1.5059560e-01   1.9283968e+00
   1.8120000e+03   1.5322278e-01   1.9170584e+00
   1.8130000e+03   1.5386576e-01   1.9064254e+00
   1.8140000e+03   1.5188836e-01   1.8974199e+00
   1.8150000e+03   1.4715362e-01   1.8895273e+00
   1.8160000e+03   1.4041079e-01   1.8821069e+00
   1.8170000e+03   1.3192157e-01   1.8739886e+00
   1.8180000e+03   1.2205487e-01   1.8661848e+00
   1.8190000e+03   1.0995931e-01   1.8578502e+00
   1.8200000e+03   9.6115045e-02   1.8496000e+00
   1.8210000e+03   8.1176557e-02   1.8414916e+00
   1.8220000e+03   6.5450672e-02   1.8327234e+00
   1.8230000e+03   5.0020334e-02   1.8237195e+00
   1.8240000e+03   3.4136492e-02   1.8146830e+00
   1.8250000e+03   1.8190110e-02   1.8054258e+00
   1.8260000e+03   3.5977199e-03   1.7952773e+00
   1.8270000e+03  -1.0664904e-02   1.7854298e+00
   1.8280000e+03  -2.4668548e-02   1.7750503e+00
   1.8290000e+03  -3.7136570e-02   1.7647101e+00
   1.8300000e+03  -4.6054025e-02   1.7540618e+00
   1.8310000e+03  -5.2497703e-02   1.7441309e+00
   1.8320000e+03  -5.6935325e-02   1.7343654e+00
   1.8330000e+03  -5.9063152e-02   1.7247714e+00
   1.8340000e+03  -6.0445105e-02   1.7152135e+00
   1.8350000e+03  -5.9039078e-02   1.7051368e+00
   1.8360000e+03  -5.6845067e-02   1.6955774e+00
   1.8370000e+03  -5.2992380e-02   1.6853923e+00
   1.8380000e+03  -4.6055421e-02   1.6763139e+00
   1.8390000e+03  -3.8965005e-02   1.6667617e+00
   1.8400000e+03  -3.0626343e-02   1.6568785e+00
   1.8410000e+03  -2.1877005e-02   1.6468643e+00
   1.8420000e+03  -1.3738063e-02   1.6370515e+00
   1.8430000e+03  -6.7223061e-03   1.6266399e+00
   1.8440000e+03  -1.6208071e-03   1.6162371e+00
   1.8450000e+03   2.3528958e-03   1.6061590e+00
   1.8460000e+03   4.4137427e-03   1.5961785e+00
   1.8470000e+03   4.5917765e-03   1.5860175e+00
   1.8480000e+03   2.7831653e-03   1.5760112e+00
   1.8490000e+03  -6.9027578e-04   1.5659507e+00
   1.8500000e+03  -6.0150490e-03   1.5556192e+00
   1.8510000e+03  -1.3485944e-02   1.5447883e+00
   1.8520000e+03  -2.3128642e-02   1.5348175e+00
   1.8530000e+03  -3.4756660e-02   1.5252210e+00
   1.8540000e+03  -4.7028561e-02   1.5174097e+00
   1.8550000e+03  -6.1142953e-02   1.5097184e+00
   1.8560000e+03  -7.4899618e-02   1.5023833e+00
   1.8570000e+03  -8.9003956e-02   1.4951485e+00
   1.8580000e+03  -1.0363051e-01   1.4875762e+00
   1.8590000e+03  -1.1680918e-01   1.4786118e+00
   1.8600000e+03  -1.2898660e-01   1.4697717e+00
   1.8610000e+03  -1.4009063e-01   1.4600644e+00
   1.8620000e+03  -1.4857205e-01   1.4492494e+00
   1.8630000e+03  -1.5617715e-01   1.4369469e+00
   1.8640000e+03  -1.6204383e-01   1.4243880e+00
   1.8650000e+03  -1.6546051e-01   1.4112341e+00
   1.8660000e+03  -1.6727848e-01   1.3974428e+00
   1.8670000e+03  -1.6683854e-01   1.3840498e+00
   1.8680000e+03  -1.6443413e-01   1.3695859e+00
   1.8690000e+03  -1.6025301e-01   1.3549795e+00
   1.8700000e+03  -1.5534347e-01   1.3411594e+00
   1.8710000e+03  -1.4846904e-01   1.3265450e+00
   1.8720000e+03  -1.4023878e-01   1.3116627e+00
   1.8730000e+03  -1.3178408e-01   1.2958181e+00
   1.8740000e+03  -1.2381217e-01   1.2777665e+00
   1.8750000e+03  -1.1618911e-01   1.2567265e+00
   1.8760000e+03  -1.1087224e-01   1.2351645e+00
   1.8770000e+03  -1.0686123e-01   1.2119906e+00
   1.8780000e+03  -1.0529098e-01   1.1875730e+00
   1.8790000e+03  -1.0653062e-01   1.1627895e+00
   1.8800000e+03  -1.1042574e-01   1.1379743e+00
   1.8810000e+03  -1.1658120e-01   1.1126007e+00
   1.8820000e+03  -1.2407612e-01   1.0879098e+00
   1.8830000e+03  -1.3319842e-01   1.0640977e+00
   1.8840000e+03  -1.4390344e-01   1.0408900e+00
   1.8850000e+03  -1.5480911e-01   1.0186872e+00
   1.8860000e+03  -1.6684772e-01   9.9743679e-01
   1.8870000e+03  -1.7963210e-01   9.7798361e-01
   1.8880000e+03  -1.9180023e-01   9.5786634e-01
   1.8890000e+03  -2.0314128e-01   9.3699685e-01
   1.8900000e+03  -2.1180997e-01   9.1462725e-01
   1.8910000e+03  -2.1750619e-01   8.9249287e-01
   1.8920000e+03  -2.2161424e-01   8.7228302e-01
   1.8930000e+03  -2.2419639e-01   8.5242251e-01
   1.8940000e+03  -2.2600023e-01   8.3438236e-01
   1.8950000e+03  -2.2578091e-01   8.1733522e-01
   1.8960000e+03  -2.2470845e-01   8.0034806e-01
   1.8970000e+03  -2.2354696e-01   7.8158585e-01
   1.8980000e+03  -2.2363949e-01   7.5975030e-01
   1.8990000e+03  -2.2540962e-01   7.3577152e-01
   1.9000000e+03  -2.2784602e-01   7.0979924e-01
   1.9010000e+03  -2.3204044e-01   6.8122420e-01
   1.9020000e+03  -2.3739327e-01   6.5521003e-01
   1.9030000e+03  -2.4369122e-01   6.3246759e-01
   1.9040000e+03  -2.4863123e-01   6.0865355e-01
   1.9050000e+03  -2.5194647e-01   5.8442951e-01
   1.9060000e+03  -2.5257800e-01   5.5973379e-01
   1.9070000e+03  -2.4977820e-01   5.3499407e-01
   1.9080000e+03  -2.4458919e-01   5.1141590e-01
   1.9090000e+03  -2.3783587e-01   4.8924935e-01
   1.9100000e+03  -2.3089518e-01   4.7282950e-01
   1.9110000e+03  -2.2489064e-01   4.6004904e-01
   1.9120000e+03  -2.1607425e-01   4.4992104e-01
   1.9130000e+03  -2.0502931e-01   4.3566205e-01
   1.9140000e+03  -1.9259114e-01   4.1772933e-01
   1.9150000e+03  -1.7931555e-01   3.9471910e-01
   1.9160000e+03  -1.6634604e-01   3.6946652e-01
   1.9170000e+03  -1.5479032e-01   3.3916449e-01
   1.9180000e+03  -1.4609434e-01   3.0776849e-01
   1.9190000e+03  -1.3939607e-01   2.7251422e-01
   1.9200000e+03  -1.3584571e-01   2.3457335e-01
   1.9210000e+03  -1.3742722e-01   1.9323978e-01
   1.9220000e+03  -1.4438832e-01   1.4847581e-01
