   3.7500000e+02  -1.8601923e-01   2.4469998e+00
   3.7600000e+02  -1.8191351e-01   2.4465600e+00
   3.7700000e+02  -1.7868929e-01   2.4471295e+00
   3.7800000e+02  -1.7647298e-01   2.4485724e+00
   3.7900000e+02  -1.7498420e-01   2.4503071e+00
   3.8000000e+02  -1.7292896e-01   2.4516127e+00
   3.8100000e+02  -1.7101098e-01   2.4535165e+00
   3.8200000e+02  -1.6921792e-01   2.4552225e+00
   3.8300000e+02  -1.6692818e-01   2.4578528e+00
   3.8400000e+02  -1.6463341e-01   2.4592007e+00
   3.8500000e+02  -1.6140949e-01   2.4609034e+00
   3.8600000e+02  -1.5927280e-01   2.4621941e+00
   3.8700000e+02  -1.5766761e-01   2.4630742e+00
   3.8800000e+02  -1.5494356e-01   2.4645113e+00
   3.8900000e+02  -1.5283693e-01   2.4657326e+00
   3.9000000e+02  -1.5090072e-01   2.4677290e+00
   3.9100000e+02  -1.4967210e-01   2.4688827e+00
   3.9200000e+02  -1.4854932e-01   2.4714097e+00
   3.9300000e+02  -1.4833179e-01   2.4741682e+00
   3.9400000e+02  -1.4807080e-01   2.4776353e+00
   3.9500000e+02  -1.4773898e-01   2.4809741e+00
   3.9600000e+02  -1.4804700e-01   2.4834218e+00
   3.9700000e+02  -1.4825744e-01   2.4868230e+00
   3.9800000e+02  -1.4952492e-01   2.4891247e+00
   3.9900000e+02  -1.4967588e-01   2.4901839e+00
   4.0000000e+02  -1.5062693e-01   2.4920096e+00
   4.0100000e+02  -1.5177362e-01   2.4932974e+00
   4.0200000e+02  -1.5296099e-01   2.4945460e+00
   4.0300000e+02  -1.5404897e-01   2.4958474e+00
   4.0400000e+02  -1.5559618e-01   2.4965325e+00
   4.0500000e+02  -1.5704394e-01   2.4971118e+00
   4.0600000e+02  -1.5811053e-01   2.4974703e+00
   4.0700000e+02  -1.5967563e-01   2.4975631e+00
   4.0800000e+02  -1.6013942e-01   2.4971447e+00
   4.0900000e+02  -1.6166175e-01   2.4956779e+00
   4.1000000e+02  -1.6321004e-01   2.4951617e+00
   4.1100000e+02  -1.6495269e-01   2.4947846e+00
   4.1200000e+02  -1.6652988e-01   2.4949801e+00
   4.1300000e+02  -1.6710409e-01   2.4957450e+00
   4.1400000e+02  -1.6770676e-01   2.4961034e+00
   4.1500000e+02  -1.6952338e-01   2.4960724e+00
   4.1600000e+02  -1.7228081e-01   2.4944959e+00
   4.1700000e+02  -1.7607011e-01   2.4930771e+00
   4.1800000e+02  -1.8006688e-01   2.4907760e+00
   4.1900000e+02  -1.8510133e-01   2.4882352e+00
   4.2000000e+02  -1.8893503e-01   2.4853314e+00
   4.2100000e+02  -1.9338785e-01   2.4826351e+00
   4.2200000e+02  -1.9651982e-01   2.4803733e+00
   4.2300000e+02  -1.9975140e-01   2.4785514e+00
   4.2400000e+02  -2.0296638e-01   2.4767084e+00
   4.2500000e+02  -2.0483493e-01   2.4752862e+00
   4.2600000e+02  -2.0646567e-01   2.4742295e+00
   4.2700000e+02  -2.0822451e-01   2.4732848e+00
   4.2800000e+02  -2.0950735e-01   2.4723534e+00
   4.2900000e+02  -2.1070310e-01   2.4719023e+00
   4.3000000e+02  -2.1194720e-01   2.4717187e+00
   4.3100000e+02  -2.1245319e-01   2.4714954e+00
   4.3200000e+02  -2.1305426e-01   2.4716000e+00
   4.3300000e+02  -2.1201072e-01   2.4721735e+00
   4.3400000e+02  -2.1236044e-01   2.4726330e+00
   4.3500000e+02  -2.1132260e-01   2.4726278e+00
   4.3600000e+02  -2.1054423e-01   2.4733208e+00
   4.3700000e+02  -2.0967828e-01   2.4736300e+00
   4.3800000e+02  -2.0898558e-01   2.4739953e+00
   4.3900000e+02  -2.0842397e-01   2.4744270e+00
   4.4000000e+02  -2.0776439e-01   2.4747379e+00
   4.4100000e+02  -2.0745729e-01   2.4750852e+00
   4.4200000e+02  -2.0790476e-01   2.4752607e+00
   4.4300000e+02  -2.0904188e-01   2.4750075e+00
   4.4400000e+02  -2.1030680e-01   2.4743223e+00
   4.4500000e+02  -2.1181902e-01   2.4714724e+00
   4.4600000e+02  -2.1313039e-01   2.4703960e+00
   4.4700000e+02  -2.1385263e-01   2.4690338e+00
   4.4800000e+02  -2.1479149e-01   2.4671898e+00
   4.4900000e+02  -2.1590341e-01   2.4650831e+00
   4.5000000e+02  -2.1645914e-01   2.4623522e+00
   4.5100000e+02  -2.1624524e-01   2.4597313e+00
   4.5200000e+02  -2.1616998e-01   2.4572042e+00
   4.5300000e+02  -2.1578477e-01   2.4552525e+00
   4.5400000e+02  -2.1581986e-01   2.4534037e+00
   4.5500000e+02  -2.1632009e-01   2.4510659e+00
   4.5600000e+02  -2.1690078e-01   2.4498534e+00
   4.5700000e+02  -2.1801178e-01   2.4488724e+00
   4.5800000e+02  -2.1741977e-01   2.4487180e+00
   4.5900000e+02  -2.1673725e-01   2.4483415e+00
   4.6000000e+02  -2.1522764e-01   2.4475794e+00
   4.6100000e+02  -2.1513227e-01   2.4467351e+00
   4.6200000e+02  -2.1437156e-01   2.4465625e+00
   4.6300000e+02  -2.1421243e-01   2.4474883e+00
   4.6400000e+02  -2.1354544e-01   2.4479153e+00
   4.6500000e+02  -2.1348103e-01   2.4485466e+00
   4.6600000e+02  -2.1246044e-01   2.4496093e+00
   4.6700000e+02  -2.1090560e-01   2.4514964e+00
   4.6800000e+02  -2.0929956e-01   2.4534076e+00
   4.6900000e+02  -2.0792694e-01   2.4552904e+00
   4.7000000e+02  -2.0601944e-01   2.4568421e+00
   4.7100000e+02  -2.0510020e-01   2.4587946e+00
   4.7200000e+02  -2.0409524e-01   2.4610357e+00
   4.7300000e+02  -2.0394375e-01   2.4622410e+00
   4.7400000e+02  -2.0467807e-01   2.4637127e+00
   4.7500000e+02  -2.0559169e-01   2.4652948e+00
   4.7600000e+02  -2.0586245e-01   2.4673993e+00
   4.7700000e+02  -2.0641298e-01   2.4687622e+00
   4.7800000e+02  -2.0672842e-01   2.4699241e+00
   4.7900000e+02  -2.0720184e-01   2.4707447e+00
   4.8000000e+02  -2.0807573e-01   2.4711893e+00
   4.8100000e+02  -2.0805920e-01   2.4712558e+00
   4.8200000e+02  -2.0859503e-01   2.4705249e+00
   4.8300000e+02  -2.0922995e-01   2.4692094e+00
   4.8400000e+02  -2.1023852e-01   2.4680921e+00
   4.8500000e+02  -2.1160237e-01   2.4666063e+00
   4.8600000e+02  -2.1294075e-01   2.4653895e+00
   4.8700000e+02  -2.1458197e-01   2.4643164e+00
   4.8800000e+02  -2.1693693e-01   2.4628752e+00
   4.8900000e+02  -2.2045043e-01   2.4618304e+00
   4.9000000e+02  -2.2386629e-01   2.4612162e+00
   4.9100000e+02  -2.2783999e-01   2.4613893e+00
   4.9200000e+02  -2.3167562e-01   2.4623087e+00
   4.9300000e+02  -2.3617133e-01   2.4635790e+00
   4.9400000e+02  -2.4057622e-01   2.4640427e+00
   4.9500000e+02  -2.4571209e-01   2.4649708e+00
   4.9600000e+02  -2.5177606e-01   2.4659299e+00
   4.9700000e+02  -2.5831744e-01   2.4665088e+00
   4.9800000e+02  -2.6511912e-01   2.4664642e+00
   4.9900000e+02  -2.7160830e-01   2.4654421e+00
   5.0000000e+02  -2.7775095e-01   2.4642748e+00
   5.0100000e+02  -2.8308113e-01   2.4625118e+00
   5.0200000e+02  -2.8750565e-01   2.4604747e+00
   5.0300000e+02  -2.9147692e-01   2.4586971e+00
   5.0400000e+02  -2.9472652e-01   2.4568963e+00
   5.0500000e+02  -2.9764468e-01   2.4551089e+00
   5.0600000e+02  -3.0055114e-01   2.4537203e+00
   5.0700000e+02  -3.0337625e-01   2.4523317e+00
   5.0800000e+02  -3.0671835e-01   2.4511823e+00
   5.0900000e+02  -3.1047485e-01   2.4501028e+00
   5.1000000e+02  -3.1421062e-01   2.4493738e+00
   5.1100000e+02  -3.1829444e-01   2.4486285e+00
   5.1200000e+02  -3.2240107e-01   2.4480374e+00
   5.1300000e+02  -3.2693595e-01   2.4477474e+00
   5.1400000e+02  -3.3154044e-01   2.4476750e+00
   5.1500000e+02  -3.3581364e-01   2.4477082e+00
   5.1600000e+02  -3.3966722e-01   2.4484101e+00
   5.1700000e+02  -3.4329941e-01   2.4477161e+00
   5.1800000e+02  -3.4551742e-01   2.4476807e+00
   5.1900000e+02  -3.4842232e-01   2.4474120e+00
   5.2000000e+02  -3.4958215e-01   2.4469948e+00
   5.2100000e+02  -3.4933894e-01   2.4464432e+00
   5.2200000e+02  -3.4868154e-01   2.4446813e+00
   5.2300000e+02  -3.4669808e-01   2.4414362e+00
   5.2400000e+02  -3.4424516e-01   2.4373238e+00
   5.2500000e+02  -3.4051308e-01   2.4316684e+00
   5.2600000e+02  -3.3589371e-01   2.4243711e+00
   5.2700000e+02  -3.3039359e-01   2.4157087e+00
   5.2800000e+02  -3.2397920e-01   2.4065740e+00
   5.2900000e+02  -3.1456764e-01   2.3937847e+00
   5.3000000e+02  -3.0507529e-01   2.3835198e+00
   5.3100000e+02  -2.9516886e-01   2.3718981e+00
   5.3200000e+02  -2.8407734e-01   2.3606623e+00
   5.3300000e+02  -2.7285289e-01   2.3489351e+00
   5.3400000e+02  -2.6072383e-01   2.3354429e+00
   5.3500000e+02  -2.4920173e-01   2.3218799e+00
   5.3600000e+02  -2.3860292e-01   2.3061226e+00
   5.3700000e+02  -2.3034588e-01   2.2889596e+00
   5.3800000e+02  -2.2527550e-01   2.2688963e+00
   5.3900000e+02  -2.2385706e-01   2.2474517e+00
   5.4000000e+02  -2.2403884e-01   2.2254195e+00
   5.4100000e+02  -2.2736290e-01   2.2020803e+00
   5.4200000e+02  -2.3174854e-01   2.1800758e+00
   5.4300000e+02  -2.3862481e-01   2.1582550e+00
   5.4400000e+02  -2.4473943e-01   2.1401178e+00
   5.4500000e+02  -2.5161756e-01   2.1236877e+00
   5.4600000e+02  -2.5950216e-01   2.1068787e+00
   5.4700000e+02  -2.6750237e-01   2.0896016e+00
   5.4800000e+02  -2.7443497e-01   2.0744198e+00
   5.4900000e+02  -2.7925335e-01   2.0590863e+00
   5.5000000e+02  -2.8165531e-01   2.0440346e+00
   5.5100000e+02  -2.8145883e-01   2.0290342e+00
   5.5200000e+02  -2.7850021e-01   2.0143246e+00
   5.5300000e+02  -2.7400100e-01   1.9986359e+00
   5.5400000e+02  -2.6764031e-01   1.9849238e+00
   5.5500000e+02  -2.6007786e-01   1.9700809e+00
   5.5600000e+02  -2.5117720e-01   1.9551862e+00
   5.5700000e+02  -2.4082406e-01   1.9397057e+00
   5.5800000e+02  -2.3032611e-01   1.9254074e+00
   5.5900000e+02  -2.1864366e-01   1.9111220e+00
   5.6000000e+02  -2.0592112e-01   1.8960794e+00
   5.6100000e+02  -1.9278873e-01   1.8798616e+00
   5.6200000e+02  -1.8159133e-01   1.8633246e+00
   5.6300000e+02  -1.7318141e-01   1.8468911e+00
   5.6400000e+02  -1.6586815e-01   1.8278175e+00
   5.6500000e+02  -1.6435751e-01   1.8129994e+00
   5.6600000e+02  -1.6489222e-01   1.7963606e+00
   5.6700000e+02  -1.6736859e-01   1.7803071e+00
   5.6800000e+02  -1.7206337e-01   1.7664825e+00
   5.6900000e+02  -1.7788469e-01   1.7535002e+00
   5.7000000e+02  -1.8402348e-01   1.7413209e+00
   5.7100000e+02  -1.9010828e-01   1.7302980e+00
   5.7200000e+02  -1.9068131e-01   1.7128702e+00
   5.7300000e+02  -1.9138662e-01   1.7187682e+00
   5.7400000e+02  -1.9324249e-01   1.7184554e+00
   5.7500000e+02  -1.9607743e-01   1.7171801e+00
   5.7600000e+02  -1.8815467e-01   1.7216239e+00
   5.7700000e+02  -1.8904950e-01   1.7231187e+00
   5.7800000e+02  -1.8401438e-01   1.7290453e+00
   5.7900000e+02  -1.7991174e-01   1.7348875e+00
   5.8000000e+02  -1.7577907e-01   1.7403539e+00
   5.8100000e+02  -1.7405566e-01   1.7452352e+00
   5.8200000e+02  -1.7420913e-01   1.7508023e+00
   5.8300000e+02  -1.7610711e-01   1.7552792e+00
   5.8400000e+02  -1.7972109e-01   1.7604840e+00
   5.8500000e+02  -1.8407659e-01   1.7672348e+00
   5.8600000e+02  -1.8747864e-01   1.7730201e+00
   5.8700000e+02  -1.8951516e-01   1.7789108e+00
   5.8800000e+02  -1.8986275e-01   1.7838058e+00
   5.8900000e+02  -1.8830185e-01   1.7887023e+00
   5.9000000e+02  -1.8588072e-01   1.7938755e+00
   5.9100000e+02  -1.8184735e-01   1.7979749e+00
   5.9200000e+02  -1.7693570e-01   1.8020141e+00
   5.9300000e+02  -1.7063746e-01   1.8052321e+00
   5.9400000e+02  -1.6414672e-01   1.8074967e+00
   5.9500000e+02  -1.5686349e-01   1.8094770e+00
   5.9600000e+02  -1.4967352e-01   1.8105234e+00
   5.9700000e+02  -1.4339491e-01   1.8105232e+00
   5.9800000e+02  -1.3831187e-01   1.8095245e+00
   5.9900000e+02  -1.3504848e-01   1.8074235e+00
   6.0000000e+02  -1.3453256e-01   1.8038007e+00
   6.0100000e+02  -1.3604531e-01   1.7996907e+00
   6.0200000e+02  -1.4059275e-01   1.7938018e+00
   6.0300000e+02  -1.4733882e-01   1.7874167e+00
   6.0400000e+02  -1.5509100e-01   1.7806421e+00
   6.0500000e+02  -1.6290190e-01   1.7737578e+00
   6.0600000e+02  -1.7066175e-01   1.7668134e+00
   6.0700000e+02  -1.7795247e-01   1.7592824e+00
   6.0800000e+02  -1.8512749e-01   1.7512882e+00
   6.0900000e+02  -1.9064078e-01   1.7439752e+00
   6.1000000e+02  -1.9429679e-01   1.7377043e+00
   6.1100000e+02  -1.9577664e-01   1.7316574e+00
   6.1200000e+02  -1.9562322e-01   1.7254557e+00
   6.1300000e+02  -1.9471635e-01   1.7192148e+00
   6.1400000e+02  -1.9369220e-01   1.7125168e+00
   6.1500000e+02  -1.9239588e-01   1.7053992e+00
   6.1600000e+02  -1.9138235e-01   1.6973056e+00
   6.1700000e+02  -1.9008762e-01   1.6893519e+00
   6.1800000e+02  -1.8834479e-01   1.6803725e+00
   6.1900000e+02  -1.8546652e-01   1.6718714e+00
   6.2000000e+02  -1.8132354e-01   1.6624620e+00
   6.2100000e+02  -1.7662419e-01   1.6522659e+00
   6.2200000e+02  -1.7016534e-01   1.6419947e+00
   6.2300000e+02  -1.6369606e-01   1.6308001e+00
   6.2400000e+02  -1.5648691e-01   1.6198670e+00
   6.2500000e+02  -1.4795738e-01   1.6089864e+00
   6.2600000e+02  -1.3997213e-01   1.6010820e+00
   6.2700000e+02  -1.3213125e-01   1.5936827e+00
   6.2800000e+02  -1.2420755e-01   1.5885635e+00
   6.2900000e+02  -1.1735610e-01   1.5841359e+00
   6.3000000e+02  -1.0984591e-01   1.5806092e+00
   6.3100000e+02  -1.0398995e-01   1.5775803e+00
   6.3200000e+02  -9.8806203e-02   1.5751469e+00
   6.3300000e+02  -9.5142845e-02   1.5728548e+00
   6.3400000e+02  -9.3151770e-02   1.5707627e+00
   6.3500000e+02  -9.2294608e-02   1.5684089e+00
   6.3600000e+02  -9.3424053e-02   1.5661603e+00
   6.3700000e+02  -9.5726517e-02   1.5642500e+00
   6.3800000e+02  -1.0036151e-01   1.5623473e+00
   6.3900000e+02  -1.0602366e-01   1.5610100e+00
   6.4000000e+02  -1.1311453e-01   1.5599448e+00
   6.4100000e+02  -1.2177846e-01   1.5602513e+00
   6.4200000e+02  -1.3200499e-01   1.5612300e+00
   6.4300000e+02  -1.4418675e-01   1.5616820e+00
   6.4400000e+02  -1.5673569e-01   1.5614179e+00
   6.4500000e+02  -1.6620632e-01   1.5597250e+00
   6.4600000e+02  -1.7438535e-01   1.5562948e+00
   6.4700000e+02  -1.8074780e-01   1.5517275e+00
   6.4800000e+02  -1.8620048e-01   1.5467119e+00
   6.4900000e+02  -1.9034047e-01   1.5397830e+00
   6.5000000e+02  -1.9417870e-01   1.5294046e+00
   6.5100000e+02  -1.9628886e-01   1.5191057e+00
   6.5200000e+02  -1.9663203e-01   1.5071564e+00
   6.5300000e+02  -1.9645340e-01   1.4949328e+00
   6.5400000e+02  -1.9504313e-01   1.4814856e+00
   6.5500000e+02  -1.9171945e-01   1.4688371e+00
   6.5600000e+02  -1.8696252e-01   1.4546127e+00
   6.5700000e+02  -1.8094945e-01   1.4408135e+00
   6.5800000e+02  -1.7405342e-01   1.4262417e+00
   6.5900000e+02  -1.6701751e-01   1.4108215e+00
   6.6000000e+02  -1.5885622e-01   1.3953069e+00
   6.6100000e+02  -1.5150554e-01   1.3795998e+00
   6.6200000e+02  -1.4680957e-01   1.3654866e+00
   6.6300000e+02  -1.4439994e-01   1.3526275e+00
   6.6400000e+02  -1.4463321e-01   1.3420344e+00
   6.6500000e+02  -1.4802243e-01   1.3343115e+00
   6.6600000e+02  -1.5265985e-01   1.3305254e+00
   6.6700000e+02  -1.6028029e-01   1.3295107e+00
   6.6800000e+02  -1.6975678e-01   1.3315129e+00
   6.6900000e+02  -1.8090179e-01   1.3338834e+00
   6.7000000e+02  -1.9205130e-01   1.3367264e+00
   6.7100000e+02  -2.0355790e-01   1.3381959e+00
   6.7200000e+02  -2.1173816e-01   1.3391150e+00
   6.7300000e+02  -2.2042199e-01   1.3419928e+00
   6.7400000e+02  -2.2474753e-01   1.3429881e+00
   6.7500000e+02  -2.2597732e-01   1.3414745e+00
   6.7600000e+02  -2.2536718e-01   1.3391469e+00
   6.7700000e+02  -2.2220161e-01   1.3336942e+00
   6.7800000e+02  -2.1674150e-01   1.3279274e+00
   6.7900000e+02  -2.0939650e-01   1.3205285e+00
   6.8000000e+02  -2.0044520e-01   1.3104762e+00
   6.8100000e+02  -1.8950465e-01   1.3000698e+00
   6.8200000e+02  -1.7939025e-01   1.2884604e+00
   6.8300000e+02  -1.6716619e-01   1.2758457e+00
   6.8400000e+02  -1.5498205e-01   1.2645026e+00
   6.8500000e+02  -1.4175228e-01   1.2498108e+00
   6.8600000e+02  -1.3026832e-01   1.2384692e+00
   6.8700000e+02  -1.1917507e-01   1.2272665e+00
   6.8800000e+02  -1.1343994e-01   1.2168033e+00
   6.8900000e+02  -1.1209411e-01   1.2078156e+00
   6.9000000e+02  -1.1668171e-01   1.2022387e+00
   6.9100000e+02  -1.2783578e-01   1.1952181e+00
   6.9200000e+02  -1.4119800e-01   1.1895980e+00
   6.9300000e+02  -1.5803364e-01   1.1816020e+00
   6.9400000e+02  -1.7472019e-01   1.1778286e+00
   6.9500000e+02  -1.9133210e-01   1.1747416e+00
   6.9600000e+02  -2.0367042e-01   1.1743088e+00
   6.9700000e+02  -2.1560829e-01   1.1748240e+00
   6.9800000e+02  -2.2060555e-01   1.1753524e+00
   6.9900000e+02  -2.2284558e-01   1.1749926e+00
   7.0000000e+02  -2.2231376e-01   1.1759879e+00
   7.0100000e+02  -2.1856007e-01   1.1783624e+00
   7.0200000e+02  -2.1182948e-01   1.1763000e+00
   7.0300000e+02  -2.0453519e-01   1.1761552e+00
   7.0400000e+02  -1.9495310e-01   1.1719905e+00
   7.0500000e+02  -1.8404443e-01   1.1603898e+00
   7.0600000e+02  -1.7229134e-01   1.1519484e+00
   7.0700000e+02  -1.5951388e-01   1.1451349e+00
   7.0800000e+02  -1.4495762e-01   1.1353079e+00
   7.0900000e+02  -1.2786991e-01   1.1197303e+00
   7.1000000e+02  -1.1404114e-01   1.1059790e+00
   7.1100000e+02  -9.9619529e-02   1.0932556e+00
   7.1200000e+02  -8.6935504e-02   1.0822092e+00
   7.1300000e+02  -7.4258023e-02   1.0776919e+00
   7.1400000e+02  -6.6485018e-02   1.0690875e+00
   7.1500000e+02  -6.1275681e-02   1.0642823e+00
   7.1600000e+02  -5.8321619e-02   1.0612683e+00
   7.1700000e+02  -5.8465984e-02   1.0578574e+00
   7.1800000e+02  -5.9256253e-02   1.0542654e+00
   7.1900000e+02  -6.2830472e-02   1.0509751e+00
   7.2000000e+02  -6.7908938e-02   1.0488062e+00
   7.2100000e+02  -7.4204028e-02   1.0500893e+00
   7.2200000e+02  -8.0289963e-02   1.0451608e+00
   7.2300000e+02  -8.6478796e-02   1.0349952e+00
   7.2400000e+02  -9.0416817e-02   1.0270493e+00
   7.2500000e+02  -9.1126775e-02   1.0168757e+00
   7.2600000e+02  -8.9585630e-02   1.0047168e+00
   7.2700000e+02  -8.5452550e-02   9.9300029e-01
   7.2800000e+02  -7.7832518e-02   9.8549665e-01
   7.2900000e+02  -6.9013150e-02   9.7342826e-01
   7.3000000e+02  -5.7953282e-02   9.6212673e-01
   7.3100000e+02  -4.4597041e-02   9.5264224e-01
   7.3200000e+02  -3.1313334e-02   9.4250597e-01
   7.3300000e+02  -1.9713177e-02   9.2883543e-01
   7.3400000e+02  -7.7477964e-03   9.1832598e-01
   7.3500000e+02   2.7240366e-03   9.0875988e-01
   7.3600000e+02   1.0611208e-02   9.0000956e-01
   7.3700000e+02   1.9137950e-02   8.9130450e-01
   7.3800000e+02   2.7492557e-02   8.8517847e-01
   7.3900000e+02   3.3317549e-02   8.8261952e-01
   7.4000000e+02   4.0556757e-02   8.7602983e-01
   7.4100000e+02   4.6761316e-02   8.6932938e-01
   7.4200000e+02   4.9943566e-02   8.6217290e-01
   7.4300000e+02   5.0961333e-02   8.5347043e-01
   7.4400000e+02   4.8276178e-02   8.4482504e-01
   7.4500000e+02   4.2824054e-02   8.3551720e-01
   7.4600000e+02   3.5607157e-02   8.2511752e-01
   7.4700000e+02   2.7806741e-02   8.1394271e-01
   7.4800000e+02   2.1384534e-02   8.0347539e-01
   7.4900000e+02   1.5789880e-02   7.9181703e-01
   7.5000000e+02   1.3285708e-02   7.8217589e-01
   7.5100000e+02   1.0800131e-02   7.7441792e-01
   7.5200000e+02   1.5649705e-02   7.6178599e-01
   7.5300000e+02   1.9065339e-02   7.5078885e-01
   7.5400000e+02   2.2708661e-02   7.4370318e-01
   7.5500000e+02   2.7349235e-02   7.3904746e-01
   7.5600000e+02   3.1704093e-02   7.3617562e-01
   7.5700000e+02   4.0177675e-02   7.4025582e-01
   7.5800000e+02   4.2076306e-02   7.3503563e-01
   7.5900000e+02   4.5819534e-02   7.2952728e-01
   7.6000000e+02   4.9544587e-02   7.2682927e-01
   7.6100000e+02   5.3712426e-02   7.2740713e-01
   7.6200000e+02   5.5183878e-02   7.1927020e-01
   7.6300000e+02   5.5127891e-02   7.1304248e-01
   7.6400000e+02   5.4589104e-02   7.0708897e-01
   7.6500000e+02   5.2542233e-02   7.0086293e-01
   7.6600000e+02   4.9106870e-02   6.9350708e-01
   7.6700000e+02   4.6008178e-02   6.8535661e-01
   7.6800000e+02   4.1091530e-02   6.7731695e-01
   7.6900000e+02   3.8769142e-02   6.7161144e-01
   7.7000000e+02   3.1477443e-02   6.6112769e-01
   7.7100000e+02   2.3166189e-02   6.4884351e-01
   7.7200000e+02   1.7804390e-02   6.3483906e-01
   7.7300000e+02   1.6684082e-02   6.2208945e-01
   7.7400000e+02   1.8637612e-02   6.0904057e-01
   7.7500000e+02   2.3517624e-02   5.9609173e-01
   7.7600000e+02   2.9821967e-02   5.8277854e-01
   7.7700000e+02   3.5094843e-02   5.6757731e-01
   7.7800000e+02   4.0037840e-02   5.5302870e-01
   7.7900000e+02   4.5542611e-02   5.3969234e-01
   7.8000000e+02   4.7956659e-02   5.2401161e-01
   7.8100000e+02   4.3013292e-02   5.0810200e-01
   7.8200000e+02   3.9919196e-02   4.9194392e-01
   7.8300000e+02   3.3497811e-02   4.7736243e-01
   7.8400000e+02   2.6988688e-02   4.6363117e-01
   7.8500000e+02   1.7701134e-02   4.4913577e-01
   7.8600000e+02   8.4477815e-03   4.3270586e-01
   7.8700000e+02  -2.0393201e-03   4.1428514e-01
   7.8800000e+02  -8.8887232e-03   3.9568574e-01
   7.8900000e+02  -1.2845355e-02   3.7612982e-01
   7.9000000e+02  -9.7618743e-03   3.5504795e-01
   7.9100000e+02  -4.2059749e-03   3.2575299e-01
   7.9200000e+02   1.3921517e-03   2.9889224e-01
   7.9300000e+02   1.2800758e-02   2.7203400e-01
   7.9400000e+02   2.3799372e-02   2.3816258e-01
   7.9500000e+02   3.2825648e-02   2.0730722e-01
   7.9600000e+02   4.3975546e-02   1.7244879e-01
   7.9700000e+02   6.1222845e-02   1.2706153e-01
