   3.7500000e+02   2.4767487e+00   1.4998804e+00
   3.7600000e+02   2.4757573e+00   1.4997777e+00
   3.7700000e+02   2.4757211e+00   1.4997135e+00
   3.7800000e+02   2.4751522e+00   1.4995239e+00
   3.7900000e+02   2.4749090e+00   1.4994022e+00
   3.8000000e+02   2.4750623e+00   1.4994446e+00
   3.8100000e+02   2.4749834e+00   1.4993775e+00
   3.8200000e+02   2.4755801e+00   1.4992472e+00
   3.8300000e+02   2.4763550e+00   1.4993000e+00
   3.8400000e+02   2.4765779e+00   1.4993438e+00
   3.8500000e+02   2.4771862e+00   1.4995976e+00
   3.8600000e+02   2.4780812e+00   1.5002423e+00
   3.8700000e+02   2.4781169e+00   1.4999285e+00
   3.8800000e+02   2.4785993e+00   1.4999424e+00
   3.8900000e+02   2.4786169e+00   1.5004106e+00
   3.9000000e+02   2.4788920e+00   1.5004726e+00
   3.9100000e+02   2.4787821e+00   1.5007239e+00
   3.9200000e+02   2.4786001e+00   1.5007458e+00
   3.9300000e+02   2.4787385e+00   1.5010224e+00
   3.9400000e+02   2.4787911e+00   1.5014293e+00
   3.9500000e+02   2.4791879e+00   1.5014986e+00
   3.9600000e+02   2.4794375e+00   1.5016402e+00
   3.9700000e+02   2.4790492e+00   1.5008226e+00
   3.9800000e+02   2.4800767e+00   1.5010614e+00
   3.9900000e+02   2.4804483e+00   1.5016602e+00
   4.0000000e+02   2.4807032e+00   1.5015845e+00
   4.0100000e+02   2.4816457e+00   1.5022582e+00
   4.0200000e+02   2.4810620e+00   1.5016906e+00
   4.0300000e+02   2.4806760e+00   1.5016871e+00
   4.0400000e+02   2.4802564e+00   1.5012904e+00
   4.0500000e+02   2.4794872e+00   1.5008611e+00
   4.0600000e+02   2.4784575e+00   1.5002841e+00
   4.0700000e+02   2.4775081e+00   1.4998629e+00
   4.0800000e+02   2.4765285e+00   1.4994924e+00
   4.0900000e+02   2.4764087e+00   1.4988270e+00
   4.1000000e+02   2.4753118e+00   1.4980008e+00
   4.1100000e+02   2.4748053e+00   1.4975830e+00
   4.1200000e+02   2.4745960e+00   1.4967174e+00
   4.1300000e+02   2.4737095e+00   1.4959320e+00
   4.1400000e+02   2.4733800e+00   1.4950699e+00
   4.1500000e+02   2.4727387e+00   1.4948086e+00
   4.1600000e+02   2.4719051e+00   1.4943076e+00
   4.1700000e+02   2.4712684e+00   1.4941136e+00
   4.1800000e+02   2.4703831e+00   1.4939923e+00
   4.1900000e+02   2.4698949e+00   1.4938575e+00
   4.2000000e+02   2.4693357e+00   1.4936419e+00
   4.2100000e+02   2.4695008e+00   1.4934471e+00
   4.2200000e+02   2.4681879e+00   1.4935627e+00
   4.2300000e+02   2.4674129e+00   1.4925795e+00
   4.2400000e+02   2.4665179e+00   1.4925746e+00
   4.2500000e+02   2.4658032e+00   1.4920564e+00
   4.2600000e+02   2.4653578e+00   1.4919002e+00
   4.2700000e+02   2.4646107e+00   1.4916453e+00
   4.2800000e+02   2.4639842e+00   1.4912693e+00
   4.2900000e+02   2.4631613e+00   1.4910070e+00
   4.3000000e+02   2.4626753e+00   1.4906979e+00
   4.3100000e+02   2.4622290e+00   1.4903412e+00
   4.3200000e+02   2.4612562e+00   1.4899922e+00
   4.3300000e+02   2.4614734e+00   1.4908025e+00
   4.3400000e+02   2.4602948e+00   1.4905673e+00
   4.3500000e+02   2.4599628e+00   1.4900818e+00
   4.3600000e+02   2.4595633e+00   1.4899131e+00
   4.3700000e+02   2.4595561e+00   1.4896913e+00
   4.3800000e+02   2.4598621e+00   1.4894027e+00
   4.3900000e+02   2.4601451e+00   1.4888786e+00
   4.4000000e+02   2.4604715e+00   1.4886619e+00
   4.4100000e+02   2.4606819e+00   1.4886154e+00
   4.4200000e+02   2.4609198e+00   1.4883484e+00
   4.4300000e+02   2.4612917e+00   1.4882356e+00
   4.4400000e+02   2.4615656e+00   1.4881139e+00
   4.4500000e+02   2.4617341e+00   1.4883138e+00
   4.4600000e+02   2.4625839e+00   1.4880649e+00
   4.4700000e+02   2.4622156e+00   1.4880568e+00
   4.4800000e+02   2.4626633e+00   1.4879438e+00
   4.4900000e+02   2.4629804e+00   1.4876704e+00
   4.5000000e+02   2.4630768e+00   1.4871759e+00
   4.5100000e+02   2.4631176e+00   1.4867795e+00
   4.5200000e+02   2.4631469e+00   1.4864918e+00
   4.5300000e+02   2.4627773e+00   1.4858992e+00
   4.5400000e+02   2.4626089e+00   1.4856365e+00
   4.5500000e+02   2.4622697e+00   1.4854142e+00
   4.5600000e+02   2.4616470e+00   1.4848637e+00
   4.5700000e+02   2.4616198e+00   1.4859609e+00
   4.5800000e+02   2.4609693e+00   1.4852116e+00
   4.5900000e+02   2.4607469e+00   1.4845513e+00
   4.6000000e+02   2.4600124e+00   1.4843470e+00
   4.6100000e+02   2.4595039e+00   1.4836937e+00
   4.6200000e+02   2.4592232e+00   1.4829663e+00
   4.6300000e+02   2.4589293e+00   1.4824393e+00
   4.6400000e+02   2.4588768e+00   1.4820524e+00
   4.6500000e+02   2.4586046e+00   1.4816462e+00
   4.6600000e+02   2.4586153e+00   1.4812836e+00
   4.6700000e+02   2.4582049e+00   1.4811012e+00
   4.6800000e+02   2.4583263e+00   1.4807000e+00
   4.6900000e+02   2.4598631e+00   1.4811144e+00
   4.7000000e+02   2.4598262e+00   1.4812752e+00
   4.7100000e+02   2.4592305e+00   1.4807170e+00
   4.7200000e+02   2.4589787e+00   1.4803414e+00
   4.7300000e+02   2.4595962e+00   1.4800381e+00
   4.7400000e+02   2.4592201e+00   1.4795114e+00
   4.7500000e+02   2.4594699e+00   1.4790332e+00
   4.7600000e+02   2.4594682e+00   1.4785681e+00
   4.7700000e+02   2.4598595e+00   1.4783281e+00
   4.7800000e+02   2.4605747e+00   1.4781300e+00
   4.7900000e+02   2.4614088e+00   1.4783141e+00
   4.8000000e+02   2.4619238e+00   1.4784486e+00
   4.8100000e+02   2.4621453e+00   1.4788565e+00
   4.8200000e+02   2.4627646e+00   1.4790106e+00
   4.8300000e+02   2.4632687e+00   1.4790870e+00
   4.8400000e+02   2.4639835e+00   1.4795316e+00
   4.8500000e+02   2.4648380e+00   1.4798044e+00
   4.8600000e+02   2.4654518e+00   1.4797045e+00
   4.8700000e+02   2.4660874e+00   1.4801967e+00
   4.8800000e+02   2.4659699e+00   1.4803563e+00
   4.8900000e+02   2.4663027e+00   1.4806230e+00
   4.9000000e+02   2.4663011e+00   1.4811111e+00
   4.9100000e+02   2.4663835e+00   1.4810711e+00
   4.9200000e+02   2.4664193e+00   1.4817274e+00
   4.9300000e+02   2.4664002e+00   1.4822677e+00
   4.9400000e+02   2.4659412e+00   1.4824038e+00
   4.9500000e+02   2.4653857e+00   1.4830374e+00
   4.9600000e+02   2.4648395e+00   1.4832488e+00
   4.9700000e+02   2.4642515e+00   1.4831955e+00
   4.9800000e+02   2.4640496e+00   1.4830538e+00
   4.9900000e+02   2.4635922e+00   1.4831945e+00
   5.0000000e+02   2.4633140e+00   1.4826858e+00
   5.0100000e+02   2.4633503e+00   1.4826979e+00
   5.0200000e+02   2.4631636e+00   1.4822502e+00
   5.0300000e+02   2.4630979e+00   1.4825396e+00
   5.0400000e+02   2.4630946e+00   1.4825824e+00
   5.0500000e+02   2.4627643e+00   1.4825314e+00
   5.0600000e+02   2.4624791e+00   1.4832148e+00
   5.0700000e+02   2.4618741e+00   1.4830575e+00
   5.0800000e+02   2.4620897e+00   1.4833613e+00
   5.0900000e+02   2.4624638e+00   1.4835361e+00
   5.1000000e+02   2.4627510e+00   1.4842284e+00
   5.1100000e+02   2.4627909e+00   1.4841135e+00
   5.1200000e+02   2.4618951e+00   1.4843856e+00
   5.1300000e+02   2.4622560e+00   1.4847701e+00
   5.1400000e+02   2.4624953e+00   1.4850830e+00
   5.1500000e+02   2.4624726e+00   1.4852636e+00
   5.1600000e+02   2.4621198e+00   1.4853228e+00
   5.1700000e+02   2.4618915e+00   1.4850221e+00
   5.1800000e+02   2.4622441e+00   1.4860232e+00
   5.1900000e+02   2.4616741e+00   1.4868038e+00
   5.2000000e+02   2.4611024e+00   1.4871131e+00
   5.2100000e+02   2.4602305e+00   1.4873667e+00
   5.2200000e+02   2.4598715e+00   1.4879063e+00
   5.2300000e+02   2.4591213e+00   1.4882177e+00
   5.2400000e+02   2.4590561e+00   1.4883250e+00
   5.2500000e+02   2.4587404e+00   1.4881683e+00
   5.2600000e+02   2.4586837e+00   1.4871159e+00
   5.2700000e+02   2.4585807e+00   1.4861905e+00
   5.2800000e+02   2.4582146e+00   1.4849921e+00
   5.2900000e+02   2.4588236e+00   1.4828788e+00
   5.3000000e+02   2.4576193e+00   1.4808414e+00
   5.3100000e+02   2.4562617e+00   1.4787954e+00
   5.3200000e+02   2.4548963e+00   1.4758438e+00
   5.3300000e+02   2.4538257e+00   1.4721905e+00
   5.3400000e+02   2.4522305e+00   1.4681059e+00
   5.3500000e+02   2.4508287e+00   1.4630309e+00
   5.3600000e+02   2.4496058e+00   1.4584083e+00
   5.3700000e+02   2.4481015e+00   1.4530110e+00
   5.3800000e+02   2.4464732e+00   1.4475392e+00
   5.3900000e+02   2.4450397e+00   1.4407862e+00
   5.4000000e+02   2.4432648e+00   1.4346526e+00
   5.4100000e+02   2.4421272e+00   1.4281113e+00
   5.4200000e+02   2.4404419e+00   1.4211911e+00
   5.4300000e+02   2.4381156e+00   1.4143699e+00
   5.4400000e+02   2.4361326e+00   1.4075934e+00
   5.4500000e+02   2.4330078e+00   1.4016785e+00
   5.4600000e+02   2.4283508e+00   1.3953159e+00
   5.4700000e+02   2.4236941e+00   1.3891435e+00
   5.4800000e+02   2.4186522e+00   1.3836082e+00
   5.4900000e+02   2.4118967e+00   1.3782477e+00
   5.5000000e+02   2.4038802e+00   1.3730494e+00
   5.5100000e+02   2.3955055e+00   1.3687714e+00
   5.5200000e+02   2.3859286e+00   1.3658805e+00
   5.5300000e+02   2.3754435e+00   1.3654946e+00
   5.5400000e+02   2.3633916e+00   1.3657945e+00
   5.5500000e+02   2.3500419e+00   1.3662099e+00
   5.5600000e+02   2.3354576e+00   1.3682139e+00
   5.5700000e+02   2.3210906e+00   1.3715239e+00
   5.5800000e+02   2.3047702e+00   1.3760387e+00
   5.5900000e+02   2.2883393e+00   1.3814818e+00
   5.6000000e+02   2.2721941e+00   1.3875090e+00
   5.6100000e+02   2.2558298e+00   1.3942565e+00
   5.6200000e+02   2.2395076e+00   1.4016675e+00
   5.6300000e+02   2.2225807e+00   1.4087798e+00
   5.6400000e+02   2.2042382e+00   1.4164933e+00
   5.6500000e+02   2.1887167e+00   1.4212657e+00
   5.6600000e+02   2.1713713e+00   1.4265134e+00
   5.6700000e+02   2.1537906e+00   1.4319088e+00
   5.6800000e+02   2.1360140e+00   1.4364927e+00
   5.6900000e+02   2.1194750e+00   1.4395813e+00
   5.7000000e+02   2.1035000e+00   1.4415236e+00
   5.7100000e+02   2.0894137e+00   1.4426028e+00
   5.7200000e+02   2.0768285e+00   1.4421580e+00
   5.7300000e+02   2.0666134e+00   1.4404368e+00
   5.7400000e+02   2.0586252e+00   1.4381058e+00
   5.7500000e+02   2.0535086e+00   1.4352968e+00
   5.7600000e+02   2.0498001e+00   1.4320967e+00
   5.7700000e+02   2.0483120e+00   1.4277748e+00
   5.7800000e+02   2.0472481e+00   1.4225058e+00
   5.7900000e+02   2.0468989e+00   1.4161637e+00
   5.8000000e+02   2.0489132e+00   1.4088705e+00
   5.8100000e+02   2.0519070e+00   1.4007796e+00
   5.8200000e+02   2.0561323e+00   1.3921563e+00
   5.8300000e+02   2.0625263e+00   1.3831762e+00
   5.8400000e+02   2.0693270e+00   1.3737509e+00
   5.8500000e+02   2.0778977e+00   1.3636414e+00
   5.8600000e+02   2.0866253e+00   1.3534921e+00
   5.8700000e+02   2.0946086e+00   1.3430887e+00
   5.8800000e+02   2.1027528e+00   1.3324457e+00
   5.8900000e+02   2.1127149e+00   1.3216834e+00
   5.9000000e+02   2.1204087e+00   1.3102010e+00
   5.9100000e+02   2.1273776e+00   1.2994452e+00
   5.9200000e+02   2.1333319e+00   1.2874759e+00
   5.9300000e+02   2.1400312e+00   1.2759672e+00
   5.9400000e+02   2.1476860e+00   1.2642370e+00
   5.9500000e+02   2.1540160e+00   1.2545652e+00
   5.9600000e+02   2.1594048e+00   1.2466230e+00
   5.9700000e+02   2.1646080e+00   1.2397322e+00
   5.9800000e+02   2.1691941e+00   1.2337079e+00
   5.9900000e+02   2.1730980e+00   1.2289188e+00
   6.0000000e+02   2.1768060e+00   1.2240309e+00
   6.0100000e+02   2.1810333e+00   1.2193760e+00
   6.0200000e+02   2.1830690e+00   1.2147228e+00
   6.0300000e+02   2.1841724e+00   1.2099571e+00
   6.0400000e+02   2.1856182e+00   1.2055831e+00
   6.0500000e+02   2.1862409e+00   1.2006395e+00
   6.0600000e+02   2.1860056e+00   1.1964341e+00
   6.0700000e+02   2.1860795e+00   1.1926651e+00
   6.0800000e+02   2.1852798e+00   1.1890969e+00
   6.0900000e+02   2.1848563e+00   1.1869822e+00
   6.1000000e+02   2.1840932e+00   1.1848314e+00
   6.1100000e+02   2.1826153e+00   1.1835223e+00
   6.1200000e+02   2.1816000e+00   1.1830948e+00
   6.1300000e+02   2.1803795e+00   1.1834202e+00
   6.1400000e+02   2.1783711e+00   1.1837933e+00
   6.1500000e+02   2.1763455e+00   1.1853961e+00
   6.1600000e+02   2.1745472e+00   1.1865010e+00
   6.1700000e+02   2.1731217e+00   1.1878479e+00
   6.1800000e+02   2.1727755e+00   1.1883724e+00
   6.1900000e+02   2.1715724e+00   1.1892245e+00
   6.2000000e+02   2.1712997e+00   1.1897715e+00
   6.2100000e+02   2.1705465e+00   1.1900510e+00
   6.2200000e+02   2.1692501e+00   1.1905661e+00
   6.2300000e+02   2.1672866e+00   1.1914014e+00
   6.2400000e+02   2.1652566e+00   1.1923668e+00
   6.2500000e+02   2.1617471e+00   1.1941980e+00
   6.2600000e+02   2.1586415e+00   1.1965763e+00
   6.2700000e+02   2.1547942e+00   1.2005529e+00
   6.2800000e+02   2.1512812e+00   1.2057715e+00
   6.2900000e+02   2.1481963e+00   1.2117273e+00
   6.3000000e+02   2.1452015e+00   1.2195107e+00
   6.3100000e+02   2.1419062e+00   1.2280688e+00
   6.3200000e+02   2.1382970e+00   1.2376133e+00
   6.3300000e+02   2.1339889e+00   1.2471784e+00
   6.3400000e+02   2.1288009e+00   1.2573370e+00
   6.3500000e+02   2.1234634e+00   1.2672458e+00
   6.3600000e+02   2.1174827e+00   1.2769011e+00
   6.3700000e+02   2.1107330e+00   1.2868251e+00
   6.3800000e+02   2.1035149e+00   1.2957289e+00
   6.3900000e+02   2.0970787e+00   1.3039926e+00
   6.4000000e+02   2.0909481e+00   1.3121602e+00
   6.4100000e+02   2.0851291e+00   1.3199055e+00
   6.4200000e+02   2.0803310e+00   1.3269468e+00
   6.4300000e+02   2.0759806e+00   1.3332885e+00
   6.4400000e+02   2.0712674e+00   1.3393885e+00
   6.4500000e+02   2.0669317e+00   1.3450304e+00
   6.4600000e+02   2.0625421e+00   1.3500119e+00
   6.4700000e+02   2.0589557e+00   1.3548189e+00
   6.4800000e+02   2.0558906e+00   1.3592804e+00
   6.4900000e+02   2.0541663e+00   1.3630719e+00
   6.5000000e+02   2.0521499e+00   1.3675057e+00
   6.5100000e+02   2.0505342e+00   1.3708164e+00
   6.5200000e+02   2.0493941e+00   1.3737321e+00
   6.5300000e+02   2.0477260e+00   1.3769878e+00
   6.5400000e+02   2.0466384e+00   1.3793074e+00
   6.5500000e+02   2.0457913e+00   1.3807303e+00
   6.5600000e+02   2.0442864e+00   1.3826065e+00
   6.5700000e+02   2.0432762e+00   1.3843224e+00
   6.5800000e+02   2.0423143e+00   1.3856557e+00
   6.5900000e+02   2.0419844e+00   1.3863545e+00
   6.6000000e+02   2.0415066e+00   1.3870295e+00
   6.6100000e+02   2.0418881e+00   1.3866717e+00
   6.6200000e+02   2.0433119e+00   1.3863953e+00
   6.6300000e+02   2.0447807e+00   1.3849626e+00
   6.6400000e+02   2.0456532e+00   1.3838047e+00
   6.6500000e+02   2.0467679e+00   1.3821082e+00
   6.6600000e+02   2.0474810e+00   1.3806584e+00
   6.6700000e+02   2.0486609e+00   1.3786614e+00
   6.6800000e+02   2.0499802e+00   1.3760865e+00
   6.6900000e+02   2.0513665e+00   1.3728013e+00
   6.7000000e+02   2.0534799e+00   1.3693698e+00
   6.7100000e+02   2.0555570e+00   1.3657646e+00
   6.7200000e+02   2.0583497e+00   1.3614585e+00
   6.7300000e+02   2.0613740e+00   1.3578519e+00
   6.7400000e+02   2.0637944e+00   1.3533226e+00
   6.7500000e+02   2.0663658e+00   1.3493378e+00
   6.7600000e+02   2.0691153e+00   1.3461002e+00
   6.7700000e+02   2.0720383e+00   1.3425400e+00
   6.7800000e+02   2.0752468e+00   1.3394279e+00
   6.7900000e+02   2.0785195e+00   1.3363624e+00
   6.8000000e+02   2.0816473e+00   1.3333522e+00
   6.8100000e+02   2.0844824e+00   1.3313460e+00
   6.8200000e+02   2.0875496e+00   1.3291633e+00
   6.8300000e+02   2.0900991e+00   1.3276459e+00
   6.8400000e+02   2.0928845e+00   1.3261395e+00
   6.8500000e+02   2.0957756e+00   1.3247911e+00
   6.8600000e+02   2.0973791e+00   1.3240871e+00
   6.8700000e+02   2.0985285e+00   1.3236749e+00
   6.8800000e+02   2.0996585e+00   1.3227504e+00
   6.8900000e+02   2.1006023e+00   1.3222674e+00
   6.9000000e+02   2.1009529e+00   1.3220844e+00
   6.9100000e+02   2.1008029e+00   1.3217618e+00
   6.9200000e+02   2.1004558e+00   1.3218610e+00
   6.9300000e+02   2.0999104e+00   1.3212856e+00
   6.9400000e+02   2.0995506e+00   1.3207734e+00
   6.9500000e+02   2.0989585e+00   1.3198185e+00
   6.9600000e+02   2.0979982e+00   1.3191810e+00
   6.9700000e+02   2.0987541e+00   1.3187872e+00
   6.9800000e+02   2.0975793e+00   1.3175972e+00
   6.9900000e+02   2.0965287e+00   1.3162359e+00
   7.0000000e+02   2.0957828e+00   1.3144890e+00
   7.0100000e+02   2.0954459e+00   1.3134278e+00
   7.0200000e+02   2.0949440e+00   1.3119267e+00
   7.0300000e+02   2.0945999e+00   1.3104173e+00
   7.0400000e+02   2.0948711e+00   1.3078881e+00
   7.0500000e+02   2.0952098e+00   1.3056237e+00
   7.0600000e+02   2.0954608e+00   1.3027895e+00
   7.0700000e+02   2.0960262e+00   1.2995267e+00
   7.0800000e+02   2.0970545e+00   1.2958087e+00
   7.0900000e+02   2.0984551e+00   1.2904463e+00
   7.1000000e+02   2.0999795e+00   1.2860117e+00
   7.1100000e+02   2.1020238e+00   1.2810405e+00
   7.1200000e+02   2.1045871e+00   1.2760525e+00
   7.1300000e+02   2.1069358e+00   1.2701102e+00
   7.1400000e+02   2.1090163e+00   1.2633130e+00
   7.1500000e+02   2.1110595e+00   1.2566145e+00
   7.1600000e+02   2.1136394e+00   1.2501749e+00
   7.1700000e+02   2.1156669e+00   1.2429152e+00
   7.1800000e+02   2.1177803e+00   1.2355109e+00
   7.1900000e+02   2.1191060e+00   1.2282796e+00
   7.2000000e+02   2.1199627e+00   1.2214731e+00
   7.2100000e+02   2.1211027e+00   1.2152185e+00
   7.2200000e+02   2.1202528e+00   1.2098862e+00
   7.2300000e+02   2.1188385e+00   1.2057079e+00
   7.2400000e+02   2.1171709e+00   1.2028635e+00
   7.2500000e+02   2.1143581e+00   1.2013309e+00
   7.2600000e+02   2.1106958e+00   1.2018409e+00
   7.2700000e+02   2.1056726e+00   1.2042816e+00
   7.2800000e+02   2.0996882e+00   1.2085999e+00
   7.2900000e+02   2.0921480e+00   1.2146091e+00
   7.3000000e+02   2.0832116e+00   1.2214501e+00
   7.3100000e+02   2.0743079e+00   1.2292041e+00
   7.3200000e+02   2.0643832e+00   1.2374617e+00
   7.3300000e+02   2.0554925e+00   1.2453164e+00
   7.3400000e+02   2.0460184e+00   1.2542330e+00
   7.3500000e+02   2.0366941e+00   1.2617851e+00
   7.3600000e+02   2.0273181e+00   1.2691966e+00
   7.3700000e+02   2.0182927e+00   1.2763789e+00
   7.3800000e+02   2.0094478e+00   1.2826960e+00
   7.3900000e+02   2.0002530e+00   1.2883094e+00
   7.4000000e+02   1.9912385e+00   1.2933157e+00
   7.4100000e+02   1.9817609e+00   1.2975340e+00
   7.4200000e+02   1.9718560e+00   1.3009870e+00
   7.4300000e+02   1.9620647e+00   1.3037946e+00
   7.4400000e+02   1.9524620e+00   1.3058103e+00
   7.4500000e+02   1.9438786e+00   1.3067341e+00
   7.4600000e+02   1.9357564e+00   1.3057589e+00
   7.4700000e+02   1.9275770e+00   1.3034431e+00
   7.4800000e+02   1.9205318e+00   1.2996599e+00
   7.4900000e+02   1.9142431e+00   1.2954385e+00
   7.5000000e+02   1.9083819e+00   1.2909903e+00
   7.5100000e+02   1.9025447e+00   1.2866533e+00
   7.5200000e+02   1.8965114e+00   1.2816830e+00
   7.5300000e+02   1.8912590e+00   1.2768312e+00
   7.5400000e+02   1.8862103e+00   1.2704662e+00
   7.5500000e+02   1.8815891e+00   1.2627877e+00
   7.5600000e+02   1.8784712e+00   1.2533172e+00
   7.5700000e+02   1.8765482e+00   1.2417344e+00
   7.5800000e+02   1.8773032e+00   1.2286338e+00
   7.5900000e+02   1.8785501e+00   1.2146782e+00
   7.6000000e+02   1.8815580e+00   1.1998708e+00
   7.6100000e+02   1.8850562e+00   1.1844382e+00
   7.6200000e+02   1.8892125e+00   1.1689623e+00
   7.6300000e+02   1.8932814e+00   1.1546578e+00
   7.6400000e+02   1.8964406e+00   1.1418808e+00
   7.6500000e+02   1.8988041e+00   1.1313432e+00
   7.6600000e+02   1.9012628e+00   1.1241726e+00
   7.6700000e+02   1.9039610e+00   1.1199911e+00
   7.6800000e+02   1.9074110e+00   1.1180143e+00
   7.6900000e+02   1.9115843e+00   1.1171363e+00
   7.7000000e+02   1.9164279e+00   1.1152387e+00
   7.7100000e+02   1.9216146e+00   1.1142228e+00
   7.7200000e+02   1.9282626e+00   1.1127218e+00
   7.7300000e+02   1.9345846e+00   1.1109253e+00
   7.7400000e+02   1.9413000e+00   1.1081012e+00
   7.7500000e+02   1.9479659e+00   1.1045526e+00
   7.7600000e+02   1.9529642e+00   1.1013436e+00
   7.7700000e+02   1.9574726e+00   1.0975898e+00
   7.7800000e+02   1.9603533e+00   1.0938631e+00
   7.7900000e+02   1.9637167e+00   1.0898857e+00
   7.8000000e+02   1.9655218e+00   1.0864003e+00
   7.8100000e+02   1.9678509e+00   1.0822994e+00
   7.8200000e+02   1.9695424e+00   1.0806800e+00
   7.8300000e+02   1.9709858e+00   1.0798616e+00
   7.8400000e+02   1.9703959e+00   1.0798809e+00
   7.8500000e+02   1.9685833e+00   1.0805676e+00
   7.8600000e+02   1.9652983e+00   1.0822603e+00
   7.8700000e+02   1.9609608e+00   1.0846327e+00
   7.8800000e+02   1.9552351e+00   1.0879155e+00
   7.8900000e+02   1.9481264e+00   1.0922058e+00
   7.9000000e+02   1.9410867e+00   1.0966791e+00
   7.9100000e+02   1.9330973e+00   1.1012461e+00
   7.9200000e+02   1.9250804e+00   1.1060972e+00
   7.9300000e+02   1.9163637e+00   1.1112335e+00
   7.9400000e+02   1.9085053e+00   1.1166161e+00
   7.9500000e+02   1.9004820e+00   1.1214467e+00
   7.9600000e+02   1.8936335e+00   1.1269256e+00
   7.9700000e+02   1.8868812e+00   1.1319686e+00
   7.9800000e+02   1.8811446e+00   1.1366084e+00
   7.9900000e+02   1.8755692e+00   1.1412526e+00
   8.0000000e+02   1.8708210e+00   1.1449650e+00
   8.0100000e+02   1.8660094e+00   1.1482615e+00
   8.0200000e+02   1.8610528e+00   1.1510863e+00
   8.0300000e+02   1.8562700e+00   1.1532123e+00
   8.0400000e+02   1.8518618e+00   1.1550344e+00
   8.0500000e+02   1.8472764e+00   1.1567979e+00
   8.0600000e+02   1.8421633e+00   1.1588198e+00
   8.0700000e+02   1.8375172e+00   1.1608906e+00
   8.0800000e+02   1.8329096e+00   1.1622957e+00
   8.0900000e+02   1.8294831e+00   1.1634108e+00
   8.1000000e+02   1.8256841e+00   1.1647289e+00
   8.1100000e+02   1.8238155e+00   1.1646114e+00
   8.1200000e+02   1.8216604e+00   1.1636812e+00
   8.1300000e+02   1.8208279e+00   1.1608350e+00
   8.1400000e+02   1.8209821e+00   1.1566148e+00
   8.1500000e+02   1.8215472e+00   1.1512505e+00
   8.1600000e+02   1.8224391e+00   1.1435456e+00
   8.1700000e+02   1.8242835e+00   1.1349241e+00
   8.1800000e+02   1.8251756e+00   1.1253784e+00
   8.1900000e+02   1.8263364e+00   1.1141048e+00
   8.2000000e+02   1.8269235e+00   1.1024067e+00
   8.2100000e+02   1.8263828e+00   1.0897136e+00
   8.2200000e+02   1.8261082e+00   1.0773357e+00
   8.2300000e+02   1.8252931e+00   1.0646856e+00
   8.2400000e+02   1.8251476e+00   1.0517461e+00
   8.2500000e+02   1.8251269e+00   1.0398313e+00
   8.2600000e+02   1.8257737e+00   1.0285824e+00
   8.2700000e+02   1.8271555e+00   1.0181074e+00
   8.2800000e+02   1.8285518e+00   1.0068730e+00
   8.2900000e+02   1.8308261e+00   9.9549794e-01
   8.3000000e+02   1.8335155e+00   9.8685974e-01
   8.3100000e+02   1.8360557e+00   9.7864074e-01
   8.3200000e+02   1.8387613e+00   9.6999981e-01
   8.3300000e+02   1.8419100e+00   9.6215352e-01
   8.3400000e+02   1.8449976e+00   9.5511204e-01
   8.3500000e+02   1.8477714e+00   9.4806126e-01
   8.3600000e+02   1.8502012e+00   9.4166531e-01
   8.3700000e+02   1.8521015e+00   9.3658829e-01
   8.3800000e+02   1.8534027e+00   9.3217486e-01
   8.3900000e+02   1.8537016e+00   9.2879327e-01
   8.4000000e+02   1.8535937e+00   9.2660993e-01
   8.4100000e+02   1.8540882e+00   9.2474835e-01
   8.4200000e+02   1.8537051e+00   9.2454688e-01
   8.4300000e+02   1.8528636e+00   9.2540078e-01
   8.4400000e+02   1.8514801e+00   9.2671995e-01
   8.4500000e+02   1.8495460e+00   9.2939572e-01
   8.4600000e+02   1.8471665e+00   9.3348650e-01
   8.4700000e+02   1.8427791e+00   9.3855556e-01
   8.4800000e+02   1.8381041e+00   9.4405173e-01
   8.4900000e+02   1.8323087e+00   9.5025127e-01
   8.5000000e+02   1.8262492e+00   9.5774202e-01
   8.5100000e+02   1.8191843e+00   9.6404138e-01
   8.5200000e+02   1.8120297e+00   9.7040548e-01
   8.5300000e+02   1.8040543e+00   9.7830332e-01
   8.5400000e+02   1.7953675e+00   9.8417055e-01
   8.5500000e+02   1.7876379e+00   9.9034786e-01
   8.5600000e+02   1.7793993e+00   9.9598009e-01
   8.5700000e+02   1.7729769e+00   1.0011090e+00
   8.5800000e+02   1.7663300e+00   1.0067260e+00
   8.5900000e+02   1.7601279e+00   1.0124835e+00
   8.6000000e+02   1.7545825e+00   1.0176245e+00
   8.6100000e+02   1.7493096e+00   1.0231328e+00
   8.6200000e+02   1.7439225e+00   1.0285816e+00
   8.6300000e+02   1.7388360e+00   1.0340898e+00
   8.6400000e+02   1.7336410e+00   1.0405434e+00
   8.6500000e+02   1.7280826e+00   1.0475005e+00
   8.6600000e+02   1.7234124e+00   1.0525418e+00
   8.6700000e+02   1.7189859e+00   1.0577772e+00
   8.6800000e+02   1.7149404e+00   1.0627582e+00
   8.6900000e+02   1.7114038e+00   1.0679744e+00
   8.7000000e+02   1.7084209e+00   1.0716496e+00
   8.7100000e+02   1.7061938e+00   1.0745164e+00
   8.7200000e+02   1.7041390e+00   1.0762590e+00
   8.7300000e+02   1.7030723e+00   1.0764937e+00
   8.7400000e+02   1.7020060e+00   1.0756815e+00
   8.7500000e+02   1.7020998e+00   1.0734715e+00
   8.7600000e+02   1.7027574e+00   1.0704775e+00
   8.7700000e+02   1.7037276e+00   1.0656506e+00
   8.7800000e+02   1.7051667e+00   1.0606973e+00
   8.7900000e+02   1.7060445e+00   1.0544504e+00
   8.8000000e+02   1.7072472e+00   1.0469832e+00
   8.8100000e+02   1.7078659e+00   1.0389436e+00
   8.8200000e+02   1.7089095e+00   1.0290796e+00
   8.8300000e+02   1.7099949e+00   1.0182106e+00
   8.8400000e+02   1.7104011e+00   1.0070082e+00
   8.8500000e+02   1.7109121e+00   9.9534504e-01
   8.8600000e+02   1.7109595e+00   9.8324783e-01
   8.8700000e+02   1.7105873e+00   9.7126765e-01
   8.8800000e+02   1.7103055e+00   9.5914198e-01
   8.8900000e+02   1.7103632e+00   9.4619381e-01
   8.9000000e+02   1.7098456e+00   9.3580685e-01
   8.9100000e+02   1.7101518e+00   9.2386989e-01
   8.9200000e+02   1.7093288e+00   9.1249003e-01
   8.9300000e+02   1.7093400e+00   9.0245015e-01
   8.9400000e+02   1.7089792e+00   8.9189949e-01
   8.9500000e+02   1.7084408e+00   8.8283433e-01
   8.9600000e+02   1.7077501e+00   8.7491639e-01
   8.9700000e+02   1.7072005e+00   8.6814828e-01
   8.9800000e+02   1.7065098e+00   8.6283305e-01
   8.9900000e+02   1.7052129e+00   8.5891220e-01
   9.0000000e+02   1.7030492e+00   8.5786635e-01
   9.0100000e+02   1.7002635e+00   8.5712910e-01
   9.0200000e+02   1.6968864e+00   8.5924161e-01
   9.0300000e+02   1.6930584e+00   8.6329312e-01
   9.0400000e+02   1.6883398e+00   8.6814115e-01
   9.0500000e+02   1.6830622e+00   8.7564920e-01
   9.0600000e+02   1.6765309e+00   8.8437747e-01
   9.0700000e+02   1.6679193e+00   8.9298675e-01
   9.0800000e+02   1.6591662e+00   9.0095287e-01
   9.0900000e+02   1.6491104e+00   9.0864130e-01
   9.1000000e+02   1.6390299e+00   9.1725673e-01
   9.1100000e+02   1.6288877e+00   9.2622768e-01
   9.1200000e+02   1.6191596e+00   9.3433534e-01
   9.1300000e+02   1.6091383e+00   9.4347176e-01
   9.1400000e+02   1.6016987e+00   9.5134842e-01
   9.1500000e+02   1.5940120e+00   9.6060226e-01
   9.1600000e+02   1.5882110e+00   9.7053360e-01
   9.1700000e+02   1.5826261e+00   9.8002151e-01
   9.1800000e+02   1.5779502e+00   9.8774434e-01
   9.1900000e+02   1.5727257e+00   9.9582065e-01
   9.2000000e+02   1.5674775e+00   1.0034940e+00
   9.2100000e+02   1.5622657e+00   1.0097757e+00
   9.2200000e+02   1.5567024e+00   1.0156387e+00
   9.2300000e+02   1.5516007e+00   1.0204154e+00
   9.2400000e+02   1.5464290e+00   1.0242354e+00
   9.2500000e+02   1.5417258e+00   1.0259784e+00
   9.2600000e+02   1.5381172e+00   1.0257643e+00
   9.2700000e+02   1.5363471e+00   1.0233258e+00
   9.2800000e+02   1.5350930e+00   1.0187163e+00
   9.2900000e+02   1.5354050e+00   1.0114136e+00
   9.3000000e+02   1.5365458e+00   1.0031853e+00
   9.3100000e+02   1.5373815e+00   9.9224188e-01
   9.3200000e+02   1.5380923e+00   9.7959571e-01
   9.3300000e+02   1.5384940e+00   9.6599416e-01
   9.3400000e+02   1.5388429e+00   9.5155837e-01
   9.3500000e+02   1.5385499e+00   9.3680012e-01
   9.3600000e+02   1.5380892e+00   9.2186382e-01
   9.3700000e+02   1.5377557e+00   9.0463273e-01
   9.3800000e+02   1.5361827e+00   8.9180578e-01
   9.3900000e+02   1.5342277e+00   8.7793809e-01
   9.4000000e+02   1.5323503e+00   8.6669968e-01
   9.4100000e+02   1.5306649e+00   8.5542346e-01
   9.4200000e+02   1.5286768e+00   8.4483821e-01
   9.4300000e+02   1.5265971e+00   8.3489848e-01
   9.4400000e+02   1.5242869e+00   8.2642693e-01
   9.4500000e+02   1.5218479e+00   8.1837780e-01
   9.4600000e+02   1.5200026e+00   8.1117090e-01
   9.4700000e+02   1.5185289e+00   8.0370146e-01
   9.4800000e+02   1.5177689e+00   7.9726090e-01
   9.4900000e+02   1.5169914e+00   7.9209599e-01
   9.5000000e+02   1.5157451e+00   7.8789188e-01
   9.5100000e+02   1.5152297e+00   7.8480399e-01
   9.5200000e+02   1.5146111e+00   7.8214525e-01
   9.5300000e+02   1.5146808e+00   7.8015339e-01
   9.5400000e+02   1.5148420e+00   7.7981057e-01
   9.5500000e+02   1.5153401e+00   7.8002619e-01
   9.5600000e+02   1.5158164e+00   7.8105164e-01
   9.5700000e+02   1.5172851e+00   7.8433953e-01
   9.5800000e+02   1.5188158e+00   7.8836324e-01
   9.5900000e+02   1.5212176e+00   7.9349138e-01
   9.6000000e+02   1.5244477e+00   7.9954123e-01
   9.6100000e+02   1.5275215e+00   8.0635725e-01
   9.6200000e+02   1.5308564e+00   8.1326693e-01
   9.6300000e+02   1.5331025e+00   8.2118287e-01
   9.6400000e+02   1.5353943e+00   8.2782840e-01
   9.6500000e+02   1.5360741e+00   8.3468383e-01
   9.6600000e+02   1.5347247e+00   8.4098861e-01
   9.6700000e+02   1.5307092e+00   8.4599163e-01
   9.6800000e+02   1.5257036e+00   8.4961037e-01
   9.6900000e+02   1.5197950e+00   8.5131585e-01
   9.7000000e+02   1.5130770e+00   8.5055173e-01
   9.7100000e+02   1.5073622e+00   8.4731261e-01
   9.7200000e+02   1.5029163e+00   8.4176870e-01
   9.7300000e+02   1.4999511e+00   8.3415567e-01
   9.7400000e+02   1.4975387e+00   8.2545937e-01
   9.7500000e+02   1.4955901e+00   8.1647695e-01
   9.7600000e+02   1.4942553e+00   8.0549416e-01
   9.7700000e+02   1.4928692e+00   7.9391431e-01
   9.7800000e+02   1.4915281e+00   7.8259611e-01
   9.7900000e+02   1.4903398e+00   7.7092591e-01
   9.8000000e+02   1.4898036e+00   7.5934323e-01
   9.8100000e+02   1.4892784e+00   7.4805594e-01
   9.8200000e+02   1.4888784e+00   7.3773595e-01
   9.8300000e+02   1.4879638e+00   7.2764592e-01
   9.8400000e+02   1.4875263e+00   7.1961650e-01
   9.8500000e+02   1.4894486e+00   7.0765808e-01
   9.8600000e+02   1.4882597e+00   7.0043833e-01
   9.8700000e+02   1.4877888e+00   6.9525418e-01
   9.8800000e+02   1.4871425e+00   6.9135648e-01
   9.8900000e+02   1.4862480e+00   6.8916740e-01
   9.9000000e+02   1.4853764e+00   6.8968469e-01
   9.9100000e+02   1.4840659e+00   6.9136278e-01
   9.9200000e+02   1.4839217e+00   6.9420014e-01
   9.9300000e+02   1.4841781e+00   6.9695308e-01
   9.9400000e+02   1.4838553e+00   6.9911249e-01
   9.9500000e+02   1.4840861e+00   7.0163650e-01
   9.9600000e+02   1.4840406e+00   7.0391703e-01
   9.9700000e+02   1.4847649e+00   7.0644742e-01
   9.9800000e+02   1.4844039e+00   7.0787887e-01
   9.9900000e+02   1.4845044e+00   7.0926522e-01
   1.0000000e+03   1.4849757e+00   7.0989765e-01
   1.0010000e+03   1.4847334e+00   7.0963719e-01
   1.0020000e+03   1.4851962e+00   7.0945783e-01
   1.0030000e+03   1.4851942e+00   7.0895425e-01
   1.0040000e+03   1.4857251e+00   7.0835159e-01
   1.0050000e+03   1.4861229e+00   7.0694424e-01
   1.0060000e+03   1.4863175e+00   7.0555993e-01
   1.0070000e+03   1.4866707e+00   7.0432992e-01
   1.0080000e+03   1.4865835e+00   7.0265334e-01
   1.0090000e+03   1.4866491e+00   7.0143789e-01
   1.0100000e+03   1.4856990e+00   7.0016382e-01
   1.0110000e+03   1.4840995e+00   6.9932258e-01
   1.0120000e+03   1.4828768e+00   6.9829348e-01
   1.0130000e+03   1.4810926e+00   6.9695622e-01
   1.0140000e+03   1.4800217e+00   6.9543435e-01
   1.0150000e+03   1.4781734e+00   6.9332222e-01
   1.0160000e+03   1.4765506e+00   6.9019463e-01
   1.0170000e+03   1.4745361e+00   6.8650547e-01
   1.0180000e+03   1.4720270e+00   6.8261124e-01
   1.0190000e+03   1.4682185e+00   6.7898443e-01
   1.0200000e+03   1.4640778e+00   6.7614811e-01
   1.0210000e+03   1.4586424e+00   6.7685833e-01
   1.0220000e+03   1.4523329e+00   6.7836182e-01
   1.0230000e+03   1.4451310e+00   6.8289441e-01
   1.0240000e+03   1.4387933e+00   6.8935677e-01
   1.0250000e+03   1.4324189e+00   6.9936061e-01
   1.0260000e+03   1.4273419e+00   7.1096807e-01
   1.0270000e+03   1.4216711e+00   7.2359879e-01
   1.0280000e+03   1.4151263e+00   7.3726621e-01
   1.0290000e+03   1.4079321e+00   7.5200253e-01
   1.0300000e+03   1.4001463e+00   7.6782142e-01
   1.0310000e+03   1.3925922e+00   7.8088932e-01
   1.0320000e+03   1.3843829e+00   7.9367134e-01
   1.0330000e+03   1.3774469e+00   8.0490229e-01
   1.0340000e+03   1.3716771e+00   8.1411402e-01
   1.0350000e+03   1.3665234e+00   8.2336804e-01
   1.0360000e+03   1.3620940e+00   8.3089239e-01
   1.0370000e+03   1.3580359e+00   8.3739033e-01
   1.0380000e+03   1.3537374e+00   8.4264273e-01
   1.0390000e+03   1.3497443e+00   8.4631468e-01
   1.0400000e+03   1.3461242e+00   8.4809580e-01
   1.0410000e+03   1.3434786e+00   8.4823803e-01
   1.0420000e+03   1.3421300e+00   8.4656138e-01
   1.0430000e+03   1.3405403e+00   8.4406482e-01
   1.0440000e+03   1.3396154e+00   8.4016872e-01
   1.0450000e+03   1.3399658e+00   8.3518065e-01
   1.0460000e+03   1.3381308e+00   8.3027232e-01
   1.0470000e+03   1.3363909e+00   8.2309277e-01
   1.0480000e+03   1.3344246e+00   8.1639357e-01
   1.0490000e+03   1.3316171e+00   8.0870277e-01
   1.0500000e+03   1.3279622e+00   7.9982845e-01
   1.0510000e+03   1.3244846e+00   7.9044371e-01
   1.0520000e+03   1.3205286e+00   7.8014643e-01
   1.0530000e+03   1.3167619e+00   7.7045580e-01
   1.0540000e+03   1.3125454e+00   7.6081310e-01
   1.0550000e+03   1.3081349e+00   7.5270300e-01
   1.0560000e+03   1.3035494e+00   7.4537188e-01
   1.0570000e+03   1.2981273e+00   7.3909734e-01
   1.0580000e+03   1.2933086e+00   7.3198339e-01
   1.0590000e+03   1.2888490e+00   7.2460287e-01
   1.0600000e+03   1.2853655e+00   7.1709590e-01
   1.0610000e+03   1.2823041e+00   7.0885995e-01
   1.0620000e+03   1.2793450e+00   6.9946884e-01
   1.0630000e+03   1.2771110e+00   6.8976185e-01
   1.0640000e+03   1.2752758e+00   6.7980671e-01
   1.0650000e+03   1.2735605e+00   6.7086618e-01
   1.0660000e+03   1.2719370e+00   6.6197567e-01
   1.0670000e+03   1.2703775e+00   6.5398787e-01
   1.0680000e+03   1.2684535e+00   6.4707873e-01
   1.0690000e+03   1.2665850e+00   6.4033629e-01
   1.0700000e+03   1.2639107e+00   6.3629492e-01
   1.0710000e+03   1.2601973e+00   6.3387383e-01
   1.0720000e+03   1.2570757e+00   6.3230541e-01
   1.0730000e+03   1.2541027e+00   6.3212090e-01
   1.0740000e+03   1.2513735e+00   6.3367490e-01
   1.0750000e+03   1.2483979e+00   6.3707162e-01
   1.0760000e+03   1.2446496e+00   6.4134160e-01
   1.0770000e+03   1.2413932e+00   6.4717791e-01
   1.0780000e+03   1.2367857e+00   6.5443069e-01
   1.0790000e+03   1.2322872e+00   6.6220410e-01
   1.0800000e+03   1.2256962e+00   6.7005977e-01
   1.0810000e+03   1.2182018e+00   6.7840611e-01
   1.0820000e+03   1.2095836e+00   6.8629041e-01
   1.0830000e+03   1.1995665e+00   6.9402682e-01
   1.0840000e+03   1.1892677e+00   7.0187688e-01
   1.0850000e+03   1.1781585e+00   7.0881014e-01
   1.0860000e+03   1.1678494e+00   7.1466689e-01
   1.0870000e+03   1.1576953e+00   7.1945672e-01
   1.0880000e+03   1.1472367e+00   7.2289699e-01
   1.0890000e+03   1.1372196e+00   7.2571227e-01
   1.0900000e+03   1.1278413e+00   7.2773726e-01
   1.0910000e+03   1.1184846e+00   7.2858820e-01
   1.0920000e+03   1.1096966e+00   7.2851142e-01
   1.0930000e+03   1.1010215e+00   7.2694704e-01
   1.0940000e+03   1.0942854e+00   7.2512840e-01
   1.0950000e+03   1.0881218e+00   7.2179824e-01
   1.0960000e+03   1.0831985e+00   7.1764011e-01
   1.0970000e+03   1.0790269e+00   7.1203156e-01
   1.0980000e+03   1.0763946e+00   7.0404511e-01
   1.0990000e+03   1.0743917e+00   6.9417565e-01
   1.1000000e+03   1.0732678e+00   6.8255307e-01
   1.1010000e+03   1.0718656e+00   6.6927813e-01
   1.1020000e+03   1.0715428e+00   6.5541310e-01
   1.1030000e+03   1.0710698e+00   6.4205924e-01
   1.1040000e+03   1.0705535e+00   6.3054331e-01
   1.1050000e+03   1.0726517e+00   6.1918881e-01
   1.1060000e+03   1.0722121e+00   6.0961879e-01
   1.1070000e+03   1.0720155e+00   6.0226213e-01
   1.1080000e+03   1.0715325e+00   5.9490344e-01
   1.1090000e+03   1.0705816e+00   5.8996389e-01
   1.1100000e+03   1.0688370e+00   5.8558452e-01
   1.1110000e+03   1.0668226e+00   5.8318310e-01
   1.1120000e+03   1.0634462e+00   5.8170756e-01
   1.1130000e+03   1.0590959e+00   5.8108352e-01
   1.1140000e+03   1.0544697e+00   5.8115817e-01
   1.1150000e+03   1.0483862e+00   5.8150801e-01
   1.1160000e+03   1.0414205e+00   5.8212586e-01
   1.1170000e+03   1.0331653e+00   5.8336957e-01
   1.1180000e+03   1.0252409e+00   5.8525691e-01
   1.1190000e+03   1.0177705e+00   5.8709795e-01
   1.1200000e+03   1.0097562e+00   5.8934748e-01
   1.1210000e+03   1.0015040e+00   5.9163142e-01
   1.1220000e+03   9.9262627e-01   5.9312928e-01
   1.1230000e+03   9.8500953e-01   5.9529197e-01
   1.1240000e+03   9.7792282e-01   5.9664615e-01
   1.1250000e+03   9.7277896e-01   5.9879976e-01
   1.1260000e+03   9.6965736e-01   6.0090834e-01
   1.1270000e+03   9.6778503e-01   6.0335778e-01
   1.1280000e+03   9.6813561e-01   6.0547019e-01
   1.1290000e+03   9.6806032e-01   6.0753645e-01
   1.1300000e+03   9.6843052e-01   6.0894785e-01
   1.1310000e+03   9.6789185e-01   6.0941583e-01
   1.1320000e+03   9.6704322e-01   6.0955517e-01
   1.1330000e+03   9.6448255e-01   6.0917805e-01
   1.1340000e+03   9.6041544e-01   6.0705839e-01
   1.1350000e+03   9.5401700e-01   6.0398418e-01
   1.1360000e+03   9.4686737e-01   5.9992110e-01
   1.1370000e+03   9.3905245e-01   5.9453027e-01
   1.1380000e+03   9.3092502e-01   5.8934964e-01
   1.1390000e+03   9.2165992e-01   5.8325824e-01
   1.1400000e+03   9.1217933e-01   5.7648030e-01
   1.1410000e+03   9.0212621e-01   5.6945975e-01
   1.1420000e+03   8.9217310e-01   5.6189979e-01
   1.1430000e+03   8.8280622e-01   5.5536272e-01
   1.1440000e+03   8.7423154e-01   5.4919516e-01
   1.1450000e+03   8.6597972e-01   5.4329485e-01
   1.1460000e+03   8.5893250e-01   5.3763223e-01
   1.1470000e+03   8.5307873e-01   5.3173636e-01
   1.1480000e+03   8.4859273e-01   5.2591265e-01
   1.1490000e+03   8.4477088e-01   5.2012107e-01
   1.1500000e+03   8.4123221e-01   5.1221198e-01
   1.1510000e+03   8.3812631e-01   5.0234986e-01
   1.1520000e+03   8.3399868e-01   4.9206349e-01
   1.1530000e+03   8.2897284e-01   4.7850291e-01
   1.1540000e+03   8.2432200e-01   4.6859407e-01
   1.1550000e+03   8.1901700e-01   4.5805092e-01
   1.1560000e+03   8.1413069e-01   4.4616423e-01
   1.1570000e+03   8.0918005e-01   4.3589124e-01
   1.1580000e+03   8.0412799e-01   4.2607069e-01
   1.1590000e+03   7.9885229e-01   4.1805098e-01
   1.1600000e+03   7.9340931e-01   4.1056133e-01
   1.1610000e+03   7.8919917e-01   4.0330458e-01
   1.1620000e+03   7.8604445e-01   3.9670524e-01
   1.1630000e+03   7.8367147e-01   3.8978084e-01
   1.1640000e+03   7.8129178e-01   3.8371470e-01
   1.1650000e+03   7.7913797e-01   3.7849652e-01
   1.1660000e+03   7.7651731e-01   3.7257431e-01
   1.1670000e+03   7.7224692e-01   3.6873664e-01
   1.1680000e+03   7.6737188e-01   3.6711508e-01
   1.1690000e+03   7.6054035e-01   3.6663375e-01
   1.1700000e+03   7.5408276e-01   3.6952901e-01
   1.1710000e+03   7.4575201e-01   3.7407363e-01
   1.1720000e+03   7.3811875e-01   3.8224009e-01
   1.1730000e+03   7.2853306e-01   3.9113059e-01
   1.1740000e+03   7.1692856e-01   4.0116761e-01
   1.1750000e+03   7.0318775e-01   4.1054340e-01
   1.1760000e+03   6.8891106e-01   4.2049356e-01
   1.1770000e+03   6.7464306e-01   4.3027731e-01
   1.1780000e+03   6.5977817e-01   4.3391195e-01
   1.1790000e+03   6.4337232e-01   4.3513920e-01
   1.1800000e+03   6.2784348e-01   4.3728039e-01
   1.1810000e+03   6.1219838e-01   4.3773553e-01
   1.1820000e+03   5.9699522e-01   4.3829369e-01
   1.1830000e+03   5.8247773e-01   4.3762647e-01
   1.1840000e+03   5.6849253e-01   4.3563875e-01
   1.1850000e+03   5.5589177e-01   4.3068666e-01
   1.1860000e+03   5.4539622e-01   4.2546332e-01
   1.1870000e+03   5.3804418e-01   4.1941514e-01
   1.1880000e+03   5.3007094e-01   4.1229116e-01
   1.1890000e+03   5.2297689e-01   4.0435171e-01
   1.1900000e+03   5.1300928e-01   3.9585046e-01
   1.1910000e+03   5.0122380e-01   3.8727561e-01
   1.1920000e+03   4.8859175e-01   3.8691046e-01
   1.1930000e+03   4.7285569e-01   3.7001547e-01
   1.1940000e+03   4.5673344e-01   3.6108769e-01
   1.1950000e+03   4.4077701e-01   3.5406934e-01
   1.1960000e+03   4.2644565e-01   3.4639168e-01
   1.1970000e+03   4.1422884e-01   3.4203558e-01
   1.1980000e+03   4.0392525e-01   3.3335998e-01
   1.1990000e+03   3.9383815e-01   3.2070843e-01
   1.2000000e+03   3.8476375e-01   3.1192444e-01
   1.2010000e+03   3.7645421e-01   2.9989046e-01
   1.2020000e+03   3.6861758e-01   2.9023342e-01
   1.2030000e+03   3.6024676e-01   2.8119713e-01
   1.2040000e+03   3.5215563e-01   2.7077898e-01
   1.2050000e+03   3.4502749e-01   2.5980088e-01
   1.2060000e+03   3.3482789e-01   2.4900293e-01
   1.2070000e+03   3.2636984e-01   2.3518690e-01
   1.2080000e+03   3.2289535e-01   2.1875810e-01
   1.2090000e+03   3.1926334e-01   2.0221929e-01
   1.2100000e+03   3.1113047e-01   1.8480214e-01
   1.2110000e+03   3.0531860e-01   1.6907302e-01
   1.2120000e+03   3.0000462e-01   1.5524983e-01
   1.2130000e+03   2.9390312e-01   1.4544425e-01
   1.2140000e+03   2.8972168e-01   1.3452340e-01
   1.2150000e+03   2.8215461e-01   1.2427949e-01
   1.2160000e+03   2.7250245e-01   1.1303443e-01
