   1.4430000e+03   6.0472368e-01   3.1474310e+00
   1.4440000e+03   6.0416265e-01   3.1344540e+00
   1.4450000e+03   6.0317238e-01   3.1240804e+00
   1.4460000e+03   6.0268926e-01   3.1148970e+00
   1.4470000e+03   6.0163992e-01   3.1074036e+00
   1.4480000e+03   6.0113100e-01   3.1017595e+00
   1.4490000e+03   6.0057300e-01   3.0972057e+00
   1.4500000e+03   6.0016056e-01   3.0947762e+00
   1.4510000e+03   5.9942952e-01   3.0926388e+00
   1.4520000e+03   5.9907527e-01   3.0915442e+00
   1.4530000e+03   5.9883008e-01   3.0913458e+00
   1.4540000e+03   5.9878317e-01   3.0913685e+00
   1.4550000e+03   5.9891574e-01   3.0924192e+00
   1.4560000e+03   5.9878661e-01   3.0933082e+00
   1.4570000e+03   5.9921331e-01   3.0940180e+00
   1.4580000e+03   5.9923893e-01   3.0942932e+00
   1.4590000e+03   5.9930662e-01   3.0941759e+00
   1.4600000e+03   5.9951573e-01   3.0932048e+00
   1.4610000e+03   6.0021887e-01   3.0921352e+00
   1.4620000e+03   6.0072433e-01   3.0909685e+00
   1.4630000e+03   6.0120201e-01   3.0893966e+00
   1.4640000e+03   6.0181823e-01   3.0876176e+00
   1.4650000e+03   6.0218348e-01   3.0856983e+00
   1.4660000e+03   6.0222807e-01   3.0830348e+00
   1.4670000e+03   6.0287118e-01   3.0799313e+00
   1.4680000e+03   6.0332136e-01   3.0764527e+00
   1.4690000e+03   6.0345499e-01   3.0727512e+00
   1.4700000e+03   6.0327484e-01   3.0678293e+00
   1.4710000e+03   6.0319485e-01   3.0638388e+00
   1.4720000e+03   6.0237641e-01   3.0592356e+00
   1.4730000e+03   6.0186769e-01   3.0543609e+00
   1.4740000e+03   6.0058306e-01   3.0492494e+00
   1.4750000e+03   5.9944317e-01   3.0442431e+00
   1.4760000e+03   5.9693828e-01   3.0388018e+00
   1.4770000e+03   5.9516885e-01   3.0342807e+00
   1.4780000e+03   5.9085397e-01   3.0284232e+00
   1.4790000e+03   5.8561195e-01   3.0232173e+00
   1.4800000e+03   5.8021699e-01   3.0185471e+00
   1.4810000e+03   5.7323560e-01   3.0144978e+00
   1.4820000e+03   5.6635776e-01   3.0103461e+00
   1.4830000e+03   5.5910461e-01   3.0067931e+00
   1.4840000e+03   5.5085362e-01   3.0031817e+00
   1.4850000e+03   5.4314097e-01   3.0005039e+00
   1.4860000e+03   5.3483750e-01   2.9983382e+00
   1.4870000e+03   5.2643984e-01   2.9969888e+00
   1.4880000e+03   5.1826114e-01   2.9967739e+00
   1.4890000e+03   5.0931287e-01   2.9974882e+00
   1.4900000e+03   5.0067136e-01   2.9978641e+00
   1.4910000e+03   4.9243838e-01   2.9983824e+00
   1.4920000e+03   4.8366156e-01   2.9986871e+00
   1.4930000e+03   4.7521446e-01   2.9991292e+00
   1.4940000e+03   4.6708780e-01   2.9992742e+00
   1.4950000e+03   4.5953112e-01   2.9994781e+00
   1.4960000e+03   4.5221549e-01   2.9996558e+00
   1.4970000e+03   4.4507591e-01   2.9989836e+00
   1.4980000e+03   4.3914442e-01   2.9982429e+00
   1.4990000e+03   4.3340898e-01   2.9971982e+00
   1.5000000e+03   4.2797107e-01   2.9949825e+00
   1.5010000e+03   4.2306095e-01   2.9916392e+00
   1.5020000e+03   4.1846288e-01   2.9882609e+00
   1.5030000e+03   4.1432312e-01   2.9842474e+00
   1.5040000e+03   4.1044879e-01   2.9793788e+00
   1.5050000e+03   4.0702610e-01   2.9746205e+00
   1.5060000e+03   4.0436452e-01   2.9683660e+00
   1.5070000e+03   4.0173489e-01   2.9615701e+00
   1.5080000e+03   3.9982883e-01   2.9543251e+00
   1.5090000e+03   3.9797841e-01   2.9458905e+00
   1.5100000e+03   3.9680467e-01   2.9375188e+00
   1.5110000e+03   3.9660461e-01   2.9284557e+00
   1.5120000e+03   3.9639012e-01   2.9195464e+00
   1.5130000e+03   3.9768814e-01   2.9096524e+00
   1.5140000e+03   3.9861638e-01   2.9009810e+00
   1.5150000e+03   3.9999624e-01   2.8916018e+00
   1.5160000e+03   4.0135348e-01   2.8827337e+00
   1.5170000e+03   4.0276836e-01   2.8749365e+00
   1.5180000e+03   4.0418003e-01   2.8670658e+00
   1.5190000e+03   4.0547577e-01   2.8603848e+00
   1.5200000e+03   4.0724005e-01   2.8541728e+00
   1.5210000e+03   4.0845291e-01   2.8486136e+00
   1.5220000e+03   4.1034943e-01   2.8436923e+00
   1.5230000e+03   4.1133784e-01   2.8389268e+00
   1.5240000e+03   4.1324109e-01   2.8347723e+00
   1.5250000e+03   4.1417552e-01   2.8301609e+00
   1.5260000e+03   4.1543788e-01   2.8281190e+00
   1.5270000e+03   4.1598672e-01   2.8255524e+00
   1.5280000e+03   4.1711128e-01   2.8239525e+00
   1.5290000e+03   4.1858091e-01   2.8224979e+00
   1.5300000e+03   4.1966825e-01   2.8210971e+00
   1.5310000e+03   4.2075306e-01   2.8198664e+00
   1.5320000e+03   4.2183215e-01   2.8192678e+00
   1.5330000e+03   4.2292614e-01   2.8185949e+00
   1.5340000e+03   4.2412146e-01   2.8179359e+00
   1.5350000e+03   4.2535258e-01   2.8176265e+00
   1.5360000e+03   4.2643603e-01   2.8169642e+00
   1.5370000e+03   4.2700621e-01   2.8165420e+00
   1.5380000e+03   4.2852439e-01   2.8151471e+00
   1.5390000e+03   4.2949523e-01   2.8142292e+00
   1.5400000e+03   4.3119545e-01   2.8135627e+00
   1.5410000e+03   4.3292361e-01   2.8121138e+00
   1.5420000e+03   4.3429624e-01   2.8105758e+00
   1.5430000e+03   4.3608606e-01   2.8095298e+00
   1.5440000e+03   4.3783882e-01   2.8082208e+00
   1.5450000e+03   4.3939124e-01   2.8071529e+00
   1.5460000e+03   4.4062372e-01   2.8062694e+00
   1.5470000e+03   4.4250953e-01   2.8064726e+00
   1.5480000e+03   4.4383035e-01   2.8063049e+00
   1.5490000e+03   4.4468508e-01   2.8074864e+00
   1.5500000e+03   4.4452262e-01   2.8082577e+00
   1.5510000e+03   4.4449125e-01   2.8093804e+00
   1.5520000e+03   4.4401260e-01   2.8105807e+00
   1.5530000e+03   4.4229845e-01   2.8136796e+00
   1.5540000e+03   4.4026178e-01   2.8176210e+00
   1.5550000e+03   4.3773129e-01   2.8227556e+00
   1.5560000e+03   4.3478970e-01   2.8284456e+00
   1.5570000e+03   4.3145126e-01   2.8359118e+00
   1.5580000e+03   4.2711024e-01   2.8433485e+00
   1.5590000e+03   4.2297692e-01   2.8515013e+00
   1.5600000e+03   4.1843129e-01   2.8598441e+00
   1.5610000e+03   4.1400162e-01   2.8680714e+00
   1.5620000e+03   4.0850313e-01   2.8753901e+00
   1.5630000e+03   4.0239346e-01   2.8826380e+00
   1.5640000e+03   3.9656279e-01   2.8886630e+00
   1.5650000e+03   3.9018308e-01   2.8941348e+00
   1.5660000e+03   3.8426291e-01   2.8985451e+00
   1.5670000e+03   3.7820322e-01   2.9022889e+00
   1.5680000e+03   3.7250344e-01   2.9055229e+00
   1.5690000e+03   3.6619223e-01   2.9079794e+00
   1.5700000e+03   3.6049411e-01   2.9101441e+00
   1.5710000e+03   3.5455350e-01   2.9120574e+00
   1.5720000e+03   3.4882441e-01   2.9138862e+00
   1.5730000e+03   3.4340922e-01   2.9149110e+00
   1.5740000e+03   3.3891479e-01   2.9165259e+00
   1.5750000e+03   3.3442153e-01   2.9179934e+00
   1.5760000e+03   3.2914111e-01   2.9189993e+00
   1.5770000e+03   3.2492978e-01   2.9201298e+00
   1.5780000e+03   3.2183222e-01   2.9205556e+00
   1.5790000e+03   3.1859763e-01   2.9211653e+00
   1.5800000e+03   3.1484902e-01   2.9211087e+00
   1.5810000e+03   3.1091516e-01   2.9206666e+00
   1.5820000e+03   3.0799212e-01   2.9206746e+00
   1.5830000e+03   3.0466849e-01   2.9200059e+00
   1.5840000e+03   3.0134723e-01   2.9190238e+00
   1.5850000e+03   2.9808810e-01   2.9174318e+00
   1.5860000e+03   2.9520135e-01   2.9154040e+00
   1.5870000e+03   2.9279298e-01   2.9130366e+00
   1.5880000e+03   2.9105993e-01   2.9098965e+00
   1.5890000e+03   2.9018451e-01   2.9064254e+00
   1.5900000e+03   2.8970150e-01   2.9020609e+00
   1.5910000e+03   2.9032833e-01   2.8980050e+00
   1.5920000e+03   2.9167139e-01   2.8932941e+00
   1.5930000e+03   2.9301780e-01   2.8880846e+00
   1.5940000e+03   2.9486715e-01   2.8821423e+00
   1.5950000e+03   2.9645629e-01   2.8754138e+00
   1.5960000e+03   2.9855810e-01   2.8689170e+00
   1.5970000e+03   3.0113383e-01   2.8629008e+00
   1.5980000e+03   3.0278296e-01   2.8553813e+00
   1.5990000e+03   3.0469901e-01   2.8476674e+00
   1.6000000e+03   3.0689155e-01   2.8406465e+00
   1.6010000e+03   3.0943848e-01   2.8333964e+00
   1.6020000e+03   3.1242495e-01   2.8261634e+00
   1.6030000e+03   3.1561456e-01   2.8186310e+00
   1.6040000e+03   3.1867705e-01   2.8110415e+00
   1.6050000e+03   3.2248422e-01   2.8035033e+00
   1.6060000e+03   3.2628206e-01   2.7952523e+00
   1.6070000e+03   3.3045677e-01   2.7873935e+00
   1.6080000e+03   3.3410051e-01   2.7792309e+00
   1.6090000e+03   3.3755961e-01   2.7703039e+00
   1.6100000e+03   3.4070812e-01   2.7622911e+00
   1.6110000e+03   3.4357315e-01   2.7538569e+00
   1.6120000e+03   3.4644587e-01   2.7455026e+00
   1.6130000e+03   3.4872301e-01   2.7369220e+00
   1.6140000e+03   3.5113969e-01   2.7286144e+00
   1.6150000e+03   3.5261288e-01   2.7204468e+00
   1.6160000e+03   3.5362832e-01   2.7128266e+00
   1.6170000e+03   3.5420108e-01   2.7057309e+00
   1.6180000e+03   3.5394071e-01   2.6994226e+00
   1.6190000e+03   3.5255417e-01   2.6944950e+00
   1.6200000e+03   3.5049975e-01   2.6892541e+00
   1.6210000e+03   3.4790212e-01   2.6840473e+00
   1.6220000e+03   3.4372888e-01   2.6789407e+00
   1.6230000e+03   3.3854050e-01   2.6740160e+00
   1.6240000e+03   3.3256187e-01   2.6684567e+00
   1.6250000e+03   3.2532529e-01   2.6629988e+00
   1.6260000e+03   3.1803304e-01   2.6579825e+00
   1.6270000e+03   3.0880161e-01   2.6525754e+00
   1.6280000e+03   2.9904985e-01   2.6467185e+00
   1.6290000e+03   2.8845790e-01   2.6419989e+00
   1.6300000e+03   2.7758097e-01   2.6366755e+00
   1.6310000e+03   2.6613712e-01   2.6316613e+00
   1.6320000e+03   2.5463205e-01   2.6262091e+00
   1.6330000e+03   2.4330374e-01   2.6210310e+00
   1.6340000e+03   2.3156328e-01   2.6147045e+00
   1.6350000e+03   2.2069921e-01   2.6085684e+00
   1.6360000e+03   2.0979408e-01   2.6023579e+00
   1.6370000e+03   2.0005530e-01   2.5958263e+00
   1.6380000e+03   1.9118357e-01   2.5885162e+00
   1.6390000e+03   1.8290765e-01   2.5806165e+00
   1.6400000e+03   1.7528541e-01   2.5726901e+00
   1.6410000e+03   1.6943305e-01   2.5641650e+00
   1.6420000e+03   1.6439116e-01   2.5545772e+00
   1.6430000e+03   1.6113653e-01   2.5455477e+00
   1.6440000e+03   1.5876115e-01   2.5352305e+00
   1.6450000e+03   1.5809913e-01   2.5244056e+00
   1.6460000e+03   1.5811112e-01   2.5137566e+00
   1.6470000e+03   1.5934602e-01   2.5022458e+00
   1.6480000e+03   1.6170614e-01   2.4902874e+00
   1.6490000e+03   1.6540918e-01   2.4787385e+00
   1.6500000e+03   1.7029541e-01   2.4677226e+00
   1.6510000e+03   1.7593990e-01   2.4572649e+00
   1.6520000e+03   1.8255763e-01   2.4469106e+00
   1.6530000e+03   1.9020431e-01   2.4366447e+00
   1.6540000e+03   1.9728422e-01   2.4263326e+00
   1.6550000e+03   2.0361212e-01   2.4160224e+00
   1.6560000e+03   2.0946820e-01   2.4056329e+00
   1.6570000e+03   2.1455273e-01   2.3952165e+00
   1.6580000e+03   2.1749458e-01   2.3860519e+00
   1.6590000e+03   2.2037287e-01   2.3780790e+00
   1.6600000e+03   2.2178369e-01   2.3700448e+00
   1.6610000e+03   2.2193342e-01   2.3618394e+00
   1.6620000e+03   2.2133487e-01   2.3539584e+00
   1.6630000e+03   2.1954175e-01   2.3459592e+00
   1.6640000e+03   2.1698341e-01   2.3377427e+00
   1.6650000e+03   2.1302801e-01   2.3284470e+00
   1.6660000e+03   2.0823237e-01   2.3188935e+00
   1.6670000e+03   2.0256952e-01   2.3090780e+00
   1.6680000e+03   1.9540761e-01   2.2995972e+00
   1.6690000e+03   1.8752753e-01   2.2893359e+00
   1.6700000e+03   1.7830887e-01   2.2799540e+00
   1.6710000e+03   1.6874918e-01   2.2702701e+00
   1.6720000e+03   1.5804973e-01   2.2612396e+00
   1.6730000e+03   1.4726557e-01   2.2522224e+00
   1.6740000e+03   1.3557008e-01   2.2429813e+00
   1.6750000e+03   1.2409543e-01   2.2335352e+00
   1.6760000e+03   1.1203795e-01   2.2242364e+00
   1.6770000e+03   1.0010032e-01   2.2144989e+00
   1.6780000e+03   8.8591138e-02   2.2045490e+00
   1.6790000e+03   7.7590369e-02   2.1951310e+00
   1.6800000e+03   6.6972698e-02   2.1855877e+00
   1.6810000e+03   5.6723224e-02   2.1766272e+00
   1.6820000e+03   4.7542923e-02   2.1679029e+00
   1.6830000e+03   3.9165138e-02   2.1588453e+00
   1.6840000e+03   3.1304044e-02   2.1500417e+00
   1.6850000e+03   2.4258926e-02   2.1413128e+00
   1.6860000e+03   1.7783075e-02   2.1333166e+00
   1.6870000e+03   1.2214719e-02   2.1250561e+00
   1.6880000e+03   7.6532206e-03   2.1173173e+00
   1.6890000e+03   3.5658024e-03   2.1094225e+00
   1.6900000e+03   2.0519119e-04   2.1014891e+00
   1.6910000e+03  -2.5655190e-03   2.0938046e+00
   1.6920000e+03  -4.9796541e-03   2.0855620e+00
   1.6930000e+03  -5.9645401e-03   2.0775459e+00
   1.6940000e+03  -6.3340783e-03   2.0697921e+00
   1.6950000e+03  -5.9740133e-03   2.0619831e+00
   1.6960000e+03  -4.6270773e-03   2.0546847e+00
   1.6970000e+03  -2.5506125e-03   2.0472392e+00
   1.6980000e+03   5.6824417e-04   2.0396858e+00
   1.6990000e+03   4.3473342e-03   2.0315670e+00
   1.7000000e+03   8.6452607e-03   2.0230136e+00
   1.7010000e+03   1.1712544e-02   2.0133423e+00
   1.7020000e+03   1.4985746e-02   2.0028122e+00
   1.7030000e+03   1.7150318e-02   1.9920418e+00
   1.7040000e+03   1.8526503e-02   1.9795835e+00
   1.7050000e+03   1.8864888e-02   1.9671334e+00
   1.7060000e+03   1.6396720e-02   1.9545947e+00
   1.7070000e+03   1.3107493e-02   1.9419257e+00
   1.7080000e+03   8.4935251e-03   1.9304201e+00
   1.7090000e+03   1.8960812e-03   1.9198429e+00
   1.7100000e+03  -5.4860771e-03   1.9107718e+00
   1.7110000e+03  -1.4666647e-02   1.9028156e+00
   1.7120000e+03  -2.4716177e-02   1.8961307e+00
   1.7130000e+03  -3.6171620e-02   1.8895903e+00
   1.7140000e+03  -4.7205751e-02   1.8833090e+00
   1.7150000e+03  -5.8725451e-02   1.8770955e+00
   1.7160000e+03  -6.9503602e-02   1.8709905e+00
   1.7170000e+03  -8.0795957e-02   1.8652046e+00
   1.7180000e+03  -9.1402480e-02   1.8593617e+00
   1.7190000e+03  -1.0037278e-01   1.8539250e+00
   1.7200000e+03  -1.0833548e-01   1.8484793e+00
   1.7210000e+03  -1.1523797e-01   1.8433616e+00
   1.7220000e+03  -1.2085766e-01   1.8374934e+00
   1.7230000e+03  -1.2561715e-01   1.8321682e+00
   1.7240000e+03  -1.2937957e-01   1.8260008e+00
   1.7250000e+03  -1.3230886e-01   1.8198048e+00
   1.7260000e+03  -1.3423357e-01   1.8133758e+00
   1.7270000e+03  -1.3544999e-01   1.8070220e+00
   1.7280000e+03  -1.3577464e-01   1.8005299e+00
   1.7290000e+03  -1.3481354e-01   1.7943521e+00
   1.7300000e+03  -1.3334266e-01   1.7881983e+00
   1.7310000e+03  -1.3045672e-01   1.7828161e+00
   1.7320000e+03  -1.2661139e-01   1.7777512e+00
   1.7330000e+03  -1.2241120e-01   1.7732879e+00
   1.7340000e+03  -1.1736591e-01   1.7686290e+00
   1.7350000e+03  -1.1205147e-01   1.7641688e+00
   1.7360000e+03  -1.0673406e-01   1.7596514e+00
   1.7370000e+03  -1.0118209e-01   1.7547295e+00
   1.7380000e+03  -9.6093311e-02   1.7496527e+00
   1.7390000e+03  -9.1709815e-02   1.7441624e+00
   1.7400000e+03  -8.7945884e-02   1.7384572e+00
   1.7410000e+03  -8.3974443e-02   1.7334662e+00
   1.7420000e+03  -8.1442108e-02   1.7279038e+00
   1.7430000e+03  -7.9700753e-02   1.7216045e+00
   1.7440000e+03  -7.9024063e-02   1.7145158e+00
   1.7450000e+03  -7.9550383e-02   1.7074391e+00
   1.7460000e+03  -8.0484225e-02   1.7008887e+00
   1.7470000e+03  -8.2180481e-02   1.6933668e+00
   1.7480000e+03  -8.5177504e-02   1.6858404e+00
   1.7490000e+03  -8.9246734e-02   1.6776794e+00
   1.7500000e+03  -9.3585169e-02   1.6696145e+00
   1.7510000e+03  -9.8619891e-02   1.6615496e+00
   1.7520000e+03  -1.0487574e-01   1.6537823e+00
   1.7530000e+03  -1.1162339e-01   1.6467938e+00
   1.7540000e+03  -1.1959223e-01   1.6388067e+00
   1.7550000e+03  -1.2753562e-01   1.6318331e+00
   1.7560000e+03  -1.3646419e-01   1.6236742e+00
   1.7570000e+03  -1.4611481e-01   1.6156264e+00
   1.7580000e+03  -1.5525584e-01   1.6076655e+00
   1.7590000e+03  -1.6468738e-01   1.5994037e+00
   1.7600000e+03  -1.7298374e-01   1.5906588e+00
   1.7610000e+03  -1.8109536e-01   1.5821347e+00
   1.7620000e+03  -1.8845373e-01   1.5736134e+00
   1.7630000e+03  -1.9499870e-01   1.5648362e+00
   1.7640000e+03  -2.0051358e-01   1.5562439e+00
   1.7650000e+03  -2.0504943e-01   1.5481342e+00
   1.7660000e+03  -2.0794905e-01   1.5392858e+00
   1.7670000e+03  -2.1000188e-01   1.5309669e+00
   1.7680000e+03  -2.1094940e-01   1.5216895e+00
   1.7690000e+03  -2.1078401e-01   1.5117426e+00
   1.7700000e+03  -2.0963491e-01   1.5020543e+00
   1.7710000e+03  -2.0777286e-01   1.4923297e+00
   1.7720000e+03  -2.0466689e-01   1.4823582e+00
   1.7730000e+03  -2.0058015e-01   1.4725896e+00
   1.7740000e+03  -1.9529127e-01   1.4641931e+00
   1.7750000e+03  -1.8876431e-01   1.4562179e+00
   1.7760000e+03  -1.8121736e-01   1.4488656e+00
   1.7770000e+03  -1.7314703e-01   1.4407155e+00
   1.7780000e+03  -1.6556243e-01   1.4330014e+00
   1.7790000e+03  -1.5843364e-01   1.4247061e+00
   1.7800000e+03  -1.5259389e-01   1.4163033e+00
   1.7810000e+03  -1.4844505e-01   1.4061948e+00
   1.7820000e+03  -1.4599300e-01   1.3956445e+00
   1.7830000e+03  -1.4436377e-01   1.3850588e+00
   1.7840000e+03  -1.4495500e-01   1.3739319e+00
   1.7850000e+03  -1.4716649e-01   1.3628732e+00
   1.7860000e+03  -1.5034854e-01   1.3513996e+00
   1.7870000e+03  -1.5516632e-01   1.3390215e+00
   1.7880000e+03  -1.6143177e-01   1.3267474e+00
   1.7890000e+03  -1.6802721e-01   1.3143516e+00
   1.7900000e+03  -1.7559672e-01   1.3017315e+00
   1.7910000e+03  -1.8418089e-01   1.2896159e+00
   1.7920000e+03  -1.9237166e-01   1.2770862e+00
   1.7930000e+03  -2.0131829e-01   1.2654874e+00
   1.7940000e+03  -2.0977680e-01   1.2533526e+00
   1.7950000e+03  -2.1799827e-01   1.2413820e+00
   1.7960000e+03  -2.2560340e-01   1.2295369e+00
   1.7970000e+03  -2.3238774e-01   1.2171135e+00
   1.7980000e+03  -2.3826679e-01   1.2044041e+00
   1.7990000e+03  -2.4257518e-01   1.1912868e+00
   1.8000000e+03  -2.4587008e-01   1.1770392e+00
   1.8010000e+03  -2.4780237e-01   1.1612827e+00
   1.8020000e+03  -2.4868380e-01   1.1462964e+00
   1.8030000e+03  -2.4840769e-01   1.1313766e+00
   1.8040000e+03  -2.4653588e-01   1.1162458e+00
   1.8050000e+03  -2.4380006e-01   1.1006969e+00
   1.8060000e+03  -2.3943946e-01   1.0851315e+00
   1.8070000e+03  -2.3419506e-01   1.0689649e+00
   1.8080000e+03  -2.2826359e-01   1.0529092e+00
   1.8090000e+03  -2.2164201e-01   1.0368088e+00
   1.8100000e+03  -2.1436679e-01   1.0198392e+00
   1.8110000e+03  -2.0772293e-01   1.0040091e+00
   1.8120000e+03  -2.0102586e-01   9.8809301e-01
   1.8130000e+03  -1.9462490e-01   9.7222959e-01
   1.8140000e+03  -1.8920984e-01   9.5675394e-01
   1.8150000e+03  -1.8370986e-01   9.4140832e-01
   1.8160000e+03  -1.7876525e-01   9.2609417e-01
   1.8170000e+03  -1.7412423e-01   9.1134381e-01
   1.8180000e+03  -1.6932155e-01   8.9658910e-01
   1.8190000e+03  -1.6477898e-01   8.8200979e-01
   1.8200000e+03  -1.5999575e-01   8.6887242e-01
   1.8210000e+03  -1.5505956e-01   8.5645441e-01
   1.8220000e+03  -1.5049804e-01   8.4433972e-01
   1.8230000e+03  -1.4678448e-01   8.3248443e-01
   1.8240000e+03  -1.4348501e-01   8.2069504e-01
   1.8250000e+03  -1.4124049e-01   8.0840053e-01
   1.8260000e+03  -1.3881155e-01   7.9703974e-01
   1.8270000e+03  -1.3649927e-01   7.8320345e-01
   1.8280000e+03  -1.3476413e-01   7.6933073e-01
   1.8290000e+03  -1.3497863e-01   7.5427086e-01
   1.8300000e+03  -1.3535926e-01   7.3872535e-01
   1.8310000e+03  -1.3657985e-01   7.2346527e-01
   1.8320000e+03  -1.3779299e-01   7.0874431e-01
   1.8330000e+03  -1.3828000e-01   6.9256229e-01
   1.8340000e+03  -1.3774195e-01   6.7525345e-01
   1.8350000e+03  -1.3449757e-01   6.5401383e-01
   1.8360000e+03  -1.2748289e-01   6.3100167e-01
   1.8370000e+03  -1.1865494e-01   6.0571692e-01
   1.8380000e+03  -1.0875128e-01   5.8134461e-01
   1.8390000e+03  -9.9460725e-02   5.5645440e-01
   1.8400000e+03  -8.8994842e-02   5.2758908e-01
   1.8410000e+03  -8.1446997e-02   4.9657420e-01
   1.8420000e+03  -7.6705235e-02   4.6415375e-01
   1.8430000e+03  -7.5185105e-02   4.2943452e-01
   1.8440000e+03  -7.6154415e-02   3.9402055e-01
   1.8450000e+03  -7.9438153e-02   3.5942559e-01
   1.8460000e+03  -8.5062168e-02   3.2643291e-01
   1.8470000e+03  -9.2223941e-02   2.9295379e-01
   1.8480000e+03  -9.9807507e-02   2.5703562e-01
   1.8490000e+03  -1.0456066e-01   2.1921769e-01
   1.8500000e+03  -1.0714118e-01   1.7915707e-01
   1.8510000e+03  -1.0938945e-01   1.1394279e-01
