   5.7100000e+02   2.7545121e+00   1.4588451e+00
   5.7200000e+02   2.7487611e+00   1.4518816e+00
   5.7300000e+02   2.7422750e+00   1.4438098e+00
   5.7400000e+02   2.7346233e+00   1.4338453e+00
   5.7500000e+02   2.7274678e+00   1.4226409e+00
   5.7600000e+02   2.7213935e+00   1.4104765e+00
   5.7700000e+02   2.7166881e+00   1.3979048e+00
   5.7800000e+02   2.7120942e+00   1.3873178e+00
   5.7900000e+02   2.7071451e+00   1.3764153e+00
   5.8000000e+02   2.7019690e+00   1.3670061e+00
   5.8100000e+02   2.6964028e+00   1.3584505e+00
   5.8200000e+02   2.6912586e+00   1.3513371e+00
   5.8300000e+02   2.6856136e+00   1.3454156e+00
   5.8400000e+02   2.6794845e+00   1.3411342e+00
   5.8500000e+02   2.6732528e+00   1.3378381e+00
   5.8600000e+02   2.6662747e+00   1.3352236e+00
   5.8700000e+02   2.6582558e+00   1.3336113e+00
   5.8800000e+02   2.6503365e+00   1.3331637e+00
   5.8900000e+02   2.6418353e+00   1.3341682e+00
   5.9000000e+02   2.6316405e+00   1.3363137e+00
   5.9100000e+02   2.6215505e+00   1.3398650e+00
   5.9200000e+02   2.6112398e+00   1.3450530e+00
   5.9300000e+02   2.6021214e+00   1.3523532e+00
   5.9400000e+02   2.5934833e+00   1.3603787e+00
   5.9500000e+02   2.5855902e+00   1.3692403e+00
   5.9600000e+02   2.5783708e+00   1.3778204e+00
   5.9700000e+02   2.5712297e+00   1.3862708e+00
   5.9800000e+02   2.5654509e+00   1.3942949e+00
   5.9900000e+02   2.5586976e+00   1.4021176e+00
   6.0000000e+02   2.5532346e+00   1.4097371e+00
   6.0100000e+02   2.5487273e+00   1.4180209e+00
   6.0200000e+02   2.5433763e+00   1.4240331e+00
   6.0300000e+02   2.5376958e+00   1.4292137e+00
   6.0400000e+02   2.5325128e+00   1.4340682e+00
   6.0500000e+02   2.5280728e+00   1.4381303e+00
   6.0600000e+02   2.5242114e+00   1.4411805e+00
   6.0700000e+02   2.5201759e+00   1.4431175e+00
   6.0800000e+02   2.5166406e+00   1.4440830e+00
   6.0900000e+02   2.5130421e+00   1.4447317e+00
   6.1000000e+02   2.5105221e+00   1.4442784e+00
   6.1100000e+02   2.5084411e+00   1.4425404e+00
   6.1200000e+02   2.5075267e+00   1.4397936e+00
   6.1300000e+02   2.5090493e+00   1.4355401e+00
   6.1400000e+02   2.5105953e+00   1.4302678e+00
   6.1500000e+02   2.5124511e+00   1.4244963e+00
   6.1600000e+02   2.5146789e+00   1.4178116e+00
   6.1700000e+02   2.5173210e+00   1.4099912e+00
   6.1800000e+02   2.5199946e+00   1.4017547e+00
   6.1900000e+02   2.5224574e+00   1.3941707e+00
   6.2000000e+02   2.5241744e+00   1.3870075e+00
   6.2100000e+02   2.5251864e+00   1.3796049e+00
   6.2200000e+02   2.5256757e+00   1.3729886e+00
   6.2300000e+02   2.5257565e+00   1.3670481e+00
   6.2400000e+02   2.5255543e+00   1.3610505e+00
   6.2500000e+02   2.5264195e+00   1.3563102e+00
   6.2600000e+02   2.5263728e+00   1.3520184e+00
   6.2700000e+02   2.5258866e+00   1.3475725e+00
   6.2800000e+02   2.5260756e+00   1.3440931e+00
   6.2900000e+02   2.5263541e+00   1.3414115e+00
   6.3000000e+02   2.5266439e+00   1.3393413e+00
   6.3100000e+02   2.5267576e+00   1.3369884e+00
   6.3200000e+02   2.5272812e+00   1.3350947e+00
   6.3300000e+02   2.5279749e+00   1.3325165e+00
   6.3400000e+02   2.5293115e+00   1.3303902e+00
   6.3500000e+02   2.5308137e+00   1.3281387e+00
   6.3600000e+02   2.5323212e+00   1.3261292e+00
   6.3700000e+02   2.5340785e+00   1.3234117e+00
   6.3800000e+02   2.5355637e+00   1.3214695e+00
   6.3900000e+02   2.5372125e+00   1.3206699e+00
   6.4000000e+02   2.5378761e+00   1.3196685e+00
   6.4100000e+02   2.5391943e+00   1.3190345e+00
   6.4200000e+02   2.5398523e+00   1.3187858e+00
   6.4300000e+02   2.5403684e+00   1.3183814e+00
   6.4400000e+02   2.5408260e+00   1.3173657e+00
   6.4500000e+02   2.5410108e+00   1.3163561e+00
   6.4600000e+02   2.5411485e+00   1.3155459e+00
   6.4700000e+02   2.5409634e+00   1.3146088e+00
   6.4800000e+02   2.5403927e+00   1.3140033e+00
   6.4900000e+02   2.5391687e+00   1.3147932e+00
   6.5000000e+02   2.5392924e+00   1.3136413e+00
   6.5100000e+02   2.5380411e+00   1.3119481e+00
   6.5200000e+02   2.5380928e+00   1.3106479e+00
   6.5300000e+02   2.5378050e+00   1.3096638e+00
   6.5400000e+02   2.5373615e+00   1.3081562e+00
   6.5500000e+02   2.5370557e+00   1.3067047e+00
   6.5600000e+02   2.5368516e+00   1.3052388e+00
   6.5700000e+02   2.5360891e+00   1.3035199e+00
   6.5800000e+02   2.5359751e+00   1.3018236e+00
   6.5900000e+02   2.5355510e+00   1.2989256e+00
   6.6000000e+02   2.5349658e+00   1.2956390e+00
   6.6100000e+02   2.5354121e+00   1.2922761e+00
   6.6200000e+02   2.5341446e+00   1.2880475e+00
   6.6300000e+02   2.5339057e+00   1.2836857e+00
   6.6400000e+02   2.5327289e+00   1.2792465e+00
   6.6500000e+02   2.5318170e+00   1.2748287e+00
   6.6600000e+02   2.5310576e+00   1.2701509e+00
   6.6700000e+02   2.5303947e+00   1.2647978e+00
   6.6800000e+02   2.5295787e+00   1.2593904e+00
   6.6900000e+02   2.5286066e+00   1.2536541e+00
   6.7000000e+02   2.5274736e+00   1.2473821e+00
   6.7100000e+02   2.5265839e+00   1.2415716e+00
   6.7200000e+02   2.5248998e+00   1.2356004e+00
   6.7300000e+02   2.5232310e+00   1.2288470e+00
   6.7400000e+02   2.5203378e+00   1.2244187e+00
   6.7500000e+02   2.5170232e+00   1.2204886e+00
   6.7600000e+02   2.5142366e+00   1.2187067e+00
   6.7700000e+02   2.5114109e+00   1.2175860e+00
   6.7800000e+02   2.5085135e+00   1.2181985e+00
   6.7900000e+02   2.5064011e+00   1.2201397e+00
   6.8000000e+02   2.5044216e+00   1.2237817e+00
   6.8100000e+02   2.5020622e+00   1.2283994e+00
   6.8200000e+02   2.4997735e+00   1.2339069e+00
   6.8300000e+02   2.4975797e+00   1.2409936e+00
   6.8400000e+02   2.4954302e+00   1.2482432e+00
   6.8500000e+02   2.4932058e+00   1.2567201e+00
   6.8600000e+02   2.4916276e+00   1.2645853e+00
   6.8700000e+02   2.4896700e+00   1.2725102e+00
   6.8800000e+02   2.4879985e+00   1.2804356e+00
   6.8900000e+02   2.4862021e+00   1.2890229e+00
   6.9000000e+02   2.4843506e+00   1.2969371e+00
   6.9100000e+02   2.4820428e+00   1.3045711e+00
   6.9200000e+02   2.4801513e+00   1.3120733e+00
   6.9300000e+02   2.4778252e+00   1.3190564e+00
   6.9400000e+02   2.4761119e+00   1.3258227e+00
   6.9500000e+02   2.4743034e+00   1.3318691e+00
   6.9600000e+02   2.4725674e+00   1.3380969e+00
   6.9700000e+02   2.4707558e+00   1.3440872e+00
   6.9800000e+02   2.4695684e+00   1.3496652e+00
   6.9900000e+02   2.4672119e+00   1.3547614e+00
   7.0000000e+02   2.4652686e+00   1.3599028e+00
   7.0100000e+02   2.4627596e+00   1.3643957e+00
   7.0200000e+02   2.4592272e+00   1.3694240e+00
   7.0300000e+02   2.4552865e+00   1.3737219e+00
   7.0400000e+02   2.4509200e+00   1.3779813e+00
   7.0500000e+02   2.4472408e+00   1.3811168e+00
   7.0600000e+02   2.4440993e+00   1.3835869e+00
   7.0700000e+02   2.4413336e+00   1.3847712e+00
   7.0800000e+02   2.4387418e+00   1.3849691e+00
   7.0900000e+02   2.4364974e+00   1.3841524e+00
   7.1000000e+02   2.4344119e+00   1.3835386e+00
   7.1100000e+02   2.4323187e+00   1.3811544e+00
   7.1200000e+02   2.4302982e+00   1.3788021e+00
   7.1300000e+02   2.4284098e+00   1.3752436e+00
   7.1400000e+02   2.4265907e+00   1.3700658e+00
   7.1500000e+02   2.4259854e+00   1.3647587e+00
   7.1600000e+02   2.4270328e+00   1.3590199e+00
   7.1700000e+02   2.4280416e+00   1.3522021e+00
   7.1800000e+02   2.4292944e+00   1.3447353e+00
   7.1900000e+02   2.4305811e+00   1.3375907e+00
   7.2000000e+02   2.4315939e+00   1.3301057e+00
   7.2100000e+02   2.4340924e+00   1.3208184e+00
   7.2200000e+02   2.4352234e+00   1.3140172e+00
   7.2300000e+02   2.4366295e+00   1.3067426e+00
   7.2400000e+02   2.4381487e+00   1.3016990e+00
   7.2500000e+02   2.4389154e+00   1.2959625e+00
   7.2600000e+02   2.4395246e+00   1.2916275e+00
   7.2700000e+02   2.4391747e+00   1.2870343e+00
   7.2800000e+02   2.4388245e+00   1.2830919e+00
   7.2900000e+02   2.4377568e+00   1.2789436e+00
   7.3000000e+02   2.4366338e+00   1.2745782e+00
   7.3100000e+02   2.4346918e+00   1.2706263e+00
   7.3200000e+02   2.4322189e+00   1.2667358e+00
   7.3300000e+02   2.4295663e+00   1.2644253e+00
   7.3400000e+02   2.4260292e+00   1.2603269e+00
   7.3500000e+02   2.4231419e+00   1.2564806e+00
   7.3600000e+02   2.4201505e+00   1.2526856e+00
   7.3700000e+02   2.4170131e+00   1.2485778e+00
   7.3800000e+02   2.4140655e+00   1.2444951e+00
   7.3900000e+02   2.4101931e+00   1.2397092e+00
   7.4000000e+02   2.4052930e+00   1.2365605e+00
   7.4100000e+02   2.3999468e+00   1.2354863e+00
   7.4200000e+02   2.3932023e+00   1.2361538e+00
   7.4300000e+02   2.3867757e+00   1.2397213e+00
   7.4400000e+02   2.3800816e+00   1.2455289e+00
   7.4500000e+02   2.3751857e+00   1.2546730e+00
   7.4600000e+02   2.3702353e+00   1.2627171e+00
   7.4700000e+02   2.3658326e+00   1.2706647e+00
   7.4800000e+02   2.3612471e+00   1.2805809e+00
   7.4900000e+02   2.3565687e+00   1.2888668e+00
   7.5000000e+02   2.3529287e+00   1.2971319e+00
   7.5100000e+02   2.3494423e+00   1.3049271e+00
   7.5200000e+02   2.3460889e+00   1.3128123e+00
   7.5300000e+02   2.3431152e+00   1.3202924e+00
   7.5400000e+02   2.3407685e+00   1.3275912e+00
   7.5500000e+02   2.3382653e+00   1.3345781e+00
   7.5600000e+02   2.3354331e+00   1.3404560e+00
   7.5700000e+02   2.3321988e+00   1.3470061e+00
   7.5800000e+02   2.3279592e+00   1.3516755e+00
   7.5900000e+02   2.3243145e+00   1.3558432e+00
   7.6000000e+02   2.3207461e+00   1.3589862e+00
   7.6100000e+02   2.3172413e+00   1.3607165e+00
   7.6200000e+02   2.3132879e+00   1.3619413e+00
   7.6300000e+02   2.3093669e+00   1.3620579e+00
   7.6400000e+02   2.3045142e+00   1.3618057e+00
   7.6500000e+02   2.2985943e+00   1.3606629e+00
   7.6600000e+02   2.2934881e+00   1.3588215e+00
   7.6700000e+02   2.2881350e+00   1.3562175e+00
   7.6800000e+02   2.2824310e+00   1.3522435e+00
   7.6900000e+02   2.2794452e+00   1.3483966e+00
   7.7000000e+02   2.2756271e+00   1.3425846e+00
   7.7100000e+02   2.2734058e+00   1.3370603e+00
   7.7200000e+02   2.2717892e+00   1.3309589e+00
   7.7300000e+02   2.2705496e+00   1.3249733e+00
   7.7400000e+02   2.2686734e+00   1.3194842e+00
   7.7500000e+02   2.2669616e+00   1.3138767e+00
   7.7600000e+02   2.2648704e+00   1.3088716e+00
   7.7700000e+02   2.2621821e+00   1.3049435e+00
   7.7800000e+02   2.2588239e+00   1.3010005e+00
   7.7900000e+02   2.2552141e+00   1.2978581e+00
   7.8000000e+02   2.2515271e+00   1.2951607e+00
   7.8100000e+02   2.2476047e+00   1.2928802e+00
   7.8200000e+02   2.2440996e+00   1.2921909e+00
   7.8300000e+02   2.2411255e+00   1.2920382e+00
   7.8400000e+02   2.2383717e+00   1.2930207e+00
   7.8500000e+02   2.2359178e+00   1.2939985e+00
   7.8600000e+02   2.2324339e+00   1.2961299e+00
   7.8700000e+02   2.2285126e+00   1.2980404e+00
   7.8800000e+02   2.2249252e+00   1.3006790e+00
   7.8900000e+02   2.2220746e+00   1.3031548e+00
   7.9000000e+02   2.2196051e+00   1.3062942e+00
   7.9100000e+02   2.2169460e+00   1.3097885e+00
   7.9200000e+02   2.2153957e+00   1.3132528e+00
   7.9300000e+02   2.2135942e+00   1.3158951e+00
   7.9400000e+02   2.2115335e+00   1.3190225e+00
   7.9500000e+02   2.2087284e+00   1.3215776e+00
   7.9600000e+02   2.2068809e+00   1.3244913e+00
   7.9700000e+02   2.2044419e+00   1.3269512e+00
   7.9800000e+02   2.2022200e+00   1.3296267e+00
   7.9900000e+02   2.1994041e+00   1.3320894e+00
   8.0000000e+02   2.1967048e+00   1.3348033e+00
   8.0100000e+02   2.1938968e+00   1.3380882e+00
   8.0200000e+02   2.1906963e+00   1.3416599e+00
   8.0300000e+02   2.1881967e+00   1.3448208e+00
   8.0400000e+02   2.1851648e+00   1.3483820e+00
   8.0500000e+02   2.1822831e+00   1.3517118e+00
   8.0600000e+02   2.1791918e+00   1.3554908e+00
   8.0700000e+02   2.1764592e+00   1.3582319e+00
   8.0800000e+02   2.1735045e+00   1.3613796e+00
   8.0900000e+02   2.1706461e+00   1.3644442e+00
   8.1000000e+02   2.1669344e+00   1.3677302e+00
   8.1100000e+02   2.1637821e+00   1.3705987e+00
   8.1200000e+02   2.1600530e+00   1.3734372e+00
   8.1300000e+02   2.1567903e+00   1.3771276e+00
   8.1400000e+02   2.1533290e+00   1.3805836e+00
   8.1500000e+02   2.1500915e+00   1.3841253e+00
   8.1600000e+02   2.1463273e+00   1.3877327e+00
   8.1700000e+02   2.1420631e+00   1.3906265e+00
   8.1800000e+02   2.1385680e+00   1.3925122e+00
   8.1900000e+02   2.1338688e+00   1.3938579e+00
   8.2000000e+02   2.1300778e+00   1.3949470e+00
   8.2100000e+02   2.1257600e+00   1.3953946e+00
   8.2200000e+02   2.1212042e+00   1.3949253e+00
   8.2300000e+02   2.1165605e+00   1.3935021e+00
   8.2400000e+02   2.1122445e+00   1.3919391e+00
   8.2500000e+02   2.1083971e+00   1.3885148e+00
   8.2600000e+02   2.1054269e+00   1.3837155e+00
   8.2700000e+02   2.1035142e+00   1.3769842e+00
   8.2800000e+02   2.1031074e+00   1.3687164e+00
   8.2900000e+02   2.1037244e+00   1.3592460e+00
   8.3000000e+02   2.1050292e+00   1.3495189e+00
   8.3100000e+02   2.1064032e+00   1.3395697e+00
   8.3200000e+02   2.1067928e+00   1.3296910e+00
   8.3300000e+02   2.1081008e+00   1.3206797e+00
   8.3400000e+02   2.1086498e+00   1.3118953e+00
   8.3500000e+02   2.1098394e+00   1.3035693e+00
   8.3600000e+02   2.1111677e+00   1.2961113e+00
   8.3700000e+02   2.1126717e+00   1.2892757e+00
   8.3800000e+02   2.1139076e+00   1.2824592e+00
   8.3900000e+02   2.1148058e+00   1.2761031e+00
   8.4000000e+02   2.1155383e+00   1.2704628e+00
   8.4100000e+02   2.1163281e+00   1.2643932e+00
   8.4200000e+02   2.1156128e+00   1.2599499e+00
   8.4300000e+02   2.1154047e+00   1.2562407e+00
   8.4400000e+02   2.1149156e+00   1.2530852e+00
   8.4500000e+02   2.1130954e+00   1.2508049e+00
   8.4600000e+02   2.1105406e+00   1.2489145e+00
   8.4700000e+02   2.1079813e+00   1.2481532e+00
   8.4800000e+02   2.1038154e+00   1.2481862e+00
   8.4900000e+02   2.0994396e+00   1.2492988e+00
   8.5000000e+02   2.0948470e+00   1.2513626e+00
   8.5100000e+02   2.0895919e+00   1.2533808e+00
   8.5200000e+02   2.0846687e+00   1.2565729e+00
   8.5300000e+02   2.0803434e+00   1.2607892e+00
   8.5400000e+02   2.0763148e+00   1.2654396e+00
   8.5500000e+02   2.0710101e+00   1.2696231e+00
   8.5600000e+02   2.0660481e+00   1.2741366e+00
   8.5700000e+02   2.0606040e+00   1.2785938e+00
   8.5800000e+02   2.0549654e+00   1.2832525e+00
   8.5900000e+02   2.0491132e+00   1.2878566e+00
   8.6000000e+02   2.0429989e+00   1.2928101e+00
   8.6100000e+02   2.0369310e+00   1.2971987e+00
   8.6200000e+02   2.0308815e+00   1.3019551e+00
   8.6300000e+02   2.0244851e+00   1.3069561e+00
   8.6400000e+02   2.0171881e+00   1.3120835e+00
   8.6500000e+02   2.0100502e+00   1.3179754e+00
   8.6600000e+02   2.0018250e+00   1.3220781e+00
   8.6700000e+02   1.9934998e+00   1.3268107e+00
   8.6800000e+02   1.9853094e+00   1.3319407e+00
   8.6900000e+02   1.9770703e+00   1.3362901e+00
   8.7000000e+02   1.9697232e+00   1.3409805e+00
   8.7100000e+02   1.9634590e+00   1.3451845e+00
   8.7200000e+02   1.9587375e+00   1.3487744e+00
   8.7300000e+02   1.9545674e+00   1.3518761e+00
   8.7400000e+02   1.9518397e+00   1.3539217e+00
   8.7500000e+02   1.9488072e+00   1.3552911e+00
   8.7600000e+02   1.9467572e+00   1.3554361e+00
   8.7700000e+02   1.9443146e+00   1.3547196e+00
   8.7800000e+02   1.9428678e+00   1.3528686e+00
   8.7900000e+02   1.9411193e+00   1.3503386e+00
   8.8000000e+02   1.9400848e+00   1.3460815e+00
   8.8100000e+02   1.9399834e+00   1.3408451e+00
   8.8200000e+02   1.9407317e+00   1.3353312e+00
   8.8300000e+02   1.9422004e+00   1.3281505e+00
   8.8400000e+02   1.9439796e+00   1.3190469e+00
   8.8500000e+02   1.9477244e+00   1.3084374e+00
   8.8600000e+02   1.9509083e+00   1.2978548e+00
   8.8700000e+02   1.9548299e+00   1.2864161e+00
   8.8800000e+02   1.9581636e+00   1.2757992e+00
   8.8900000e+02   1.9616891e+00   1.2650838e+00
   8.9000000e+02   1.9648326e+00   1.2540122e+00
   8.9100000e+02   1.9669271e+00   1.2431303e+00
   8.9200000e+02   1.9697310e+00   1.2313413e+00
   8.9300000e+02   1.9721041e+00   1.2213203e+00
   8.9400000e+02   1.9742475e+00   1.2103225e+00
   8.9500000e+02   1.9762179e+00   1.1991093e+00
   8.9600000e+02   1.9778443e+00   1.1884788e+00
   8.9700000e+02   1.9784672e+00   1.1783208e+00
   8.9800000e+02   1.9788804e+00   1.1688170e+00
   8.9900000e+02   1.9788181e+00   1.1603961e+00
   9.0000000e+02   1.9789848e+00   1.1537967e+00
   9.0100000e+02   1.9783299e+00   1.1480222e+00
   9.0200000e+02   1.9789396e+00   1.1438635e+00
   9.0300000e+02   1.9799120e+00   1.1406813e+00
   9.0400000e+02   1.9806561e+00   1.1376941e+00
   9.0500000e+02   1.9817165e+00   1.1351591e+00
   9.0600000e+02   1.9825790e+00   1.1331713e+00
   9.0700000e+02   1.9827826e+00   1.1317533e+00
   9.0800000e+02   1.9820306e+00   1.1301248e+00
   9.0900000e+02   1.9809475e+00   1.1289177e+00
   9.1000000e+02   1.9794965e+00   1.1283063e+00
   9.1100000e+02   1.9776202e+00   1.1282617e+00
   9.1200000e+02   1.9740542e+00   1.1291947e+00
   9.1300000e+02   1.9701751e+00   1.1305107e+00
   9.1400000e+02   1.9650864e+00   1.1318205e+00
   9.1500000e+02   1.9599784e+00   1.1345861e+00
   9.1600000e+02   1.9540288e+00   1.1378276e+00
   9.1700000e+02   1.9468914e+00   1.1415467e+00
   9.1800000e+02   1.9398611e+00   1.1455799e+00
   9.1900000e+02   1.9324625e+00   1.1507025e+00
   9.2000000e+02   1.9249491e+00   1.1564128e+00
   9.2100000e+02   1.9174977e+00   1.1627750e+00
   9.2200000e+02   1.9095610e+00   1.1697113e+00
   9.2300000e+02   1.9022942e+00   1.1774920e+00
   9.2400000e+02   1.8952334e+00   1.1846911e+00
   9.2500000e+02   1.8896256e+00   1.1924335e+00
   9.2600000e+02   1.8835677e+00   1.2005665e+00
   9.2700000e+02   1.8762691e+00   1.2073176e+00
   9.2800000e+02   1.8705173e+00   1.2149299e+00
   9.2900000e+02   1.8635088e+00   1.2209780e+00
   9.3000000e+02   1.8562967e+00   1.2263121e+00
   9.3100000e+02   1.8493797e+00   1.2300764e+00
   9.3200000e+02   1.8440326e+00   1.2322346e+00
   9.3300000e+02   1.8387799e+00   1.2333514e+00
   9.3400000e+02   1.8343054e+00   1.2329412e+00
   9.3500000e+02   1.8301948e+00   1.2320471e+00
   9.3600000e+02   1.8266383e+00   1.2306740e+00
   9.3700000e+02   1.8239572e+00   1.2286593e+00
   9.3800000e+02   1.8208802e+00   1.2259667e+00
   9.3900000e+02   1.8182825e+00   1.2225430e+00
   9.4000000e+02   1.8166573e+00   1.2175872e+00
   9.4100000e+02   1.8156272e+00   1.2122662e+00
   9.4200000e+02   1.8159924e+00   1.2051427e+00
   9.4300000e+02   1.8173922e+00   1.1968691e+00
   9.4400000e+02   1.8197070e+00   1.1879081e+00
   9.4500000e+02   1.8224751e+00   1.1783546e+00
   9.4600000e+02   1.8254207e+00   1.1680469e+00
   9.4700000e+02   1.8284561e+00   1.1579899e+00
   9.4800000e+02   1.8315212e+00   1.1478688e+00
   9.4900000e+02   1.8347006e+00   1.1372916e+00
   9.5000000e+02   1.8374731e+00   1.1276198e+00
   9.5100000e+02   1.8407388e+00   1.1183669e+00
   9.5200000e+02   1.8428695e+00   1.1096527e+00
   9.5300000e+02   1.8454974e+00   1.1013943e+00
   9.5400000e+02   1.8481626e+00   1.0935215e+00
   9.5500000e+02   1.8506079e+00   1.0859827e+00
   9.5600000e+02   1.8529750e+00   1.0791597e+00
   9.5700000e+02   1.8544425e+00   1.0738930e+00
   9.5800000e+02   1.8552985e+00   1.0696982e+00
   9.5900000e+02   1.8555047e+00   1.0660134e+00
   9.6000000e+02   1.8559015e+00   1.0635038e+00
   9.6100000e+02   1.8566823e+00   1.0619974e+00
   9.6200000e+02   1.8562251e+00   1.0608330e+00
   9.6300000e+02   1.8559442e+00   1.0604112e+00
   9.6400000e+02   1.8547330e+00   1.0604437e+00
   9.6500000e+02   1.8528712e+00   1.0615412e+00
   9.6600000e+02   1.8507941e+00   1.0630836e+00
   9.6700000e+02   1.8481680e+00   1.0656079e+00
   9.6800000e+02   1.8444471e+00   1.0696293e+00
   9.6900000e+02   1.8403036e+00   1.0736866e+00
   9.7000000e+02   1.8355949e+00   1.0797046e+00
   9.7100000e+02   1.8301188e+00   1.0862094e+00
   9.7200000e+02   1.8247105e+00   1.0934954e+00
   9.7300000e+02   1.8182179e+00   1.0993552e+00
   9.7400000e+02   1.8111895e+00   1.1062510e+00
   9.7500000e+02   1.8040115e+00   1.1134172e+00
   9.7600000e+02   1.7970482e+00   1.1199989e+00
   9.7700000e+02   1.7898590e+00   1.1266886e+00
   9.7800000e+02   1.7828985e+00   1.1332492e+00
   9.7900000e+02   1.7765082e+00   1.1391827e+00
   9.8000000e+02   1.7697106e+00   1.1449957e+00
   9.8100000e+02   1.7624588e+00   1.1505239e+00
   9.8200000e+02   1.7554109e+00   1.1555920e+00
   9.8300000e+02   1.7490324e+00   1.1606858e+00
   9.8400000e+02   1.7426534e+00   1.1655764e+00
   9.8500000e+02   1.7365575e+00   1.1709589e+00
   9.8600000e+02   1.7302747e+00   1.1748907e+00
   9.8700000e+02   1.7236292e+00   1.1796372e+00
   9.8800000e+02   1.7176302e+00   1.1835737e+00
   9.8900000e+02   1.7126321e+00   1.1873220e+00
   9.9000000e+02   1.7082277e+00   1.1904604e+00
   9.9100000e+02   1.7036270e+00   1.1934884e+00
   9.9200000e+02   1.6990861e+00   1.1958090e+00
   9.9300000e+02   1.6948453e+00   1.1981278e+00
   9.9400000e+02   1.6904673e+00   1.2005306e+00
   9.9500000e+02   1.6868153e+00   1.2025451e+00
   9.9600000e+02   1.6830637e+00   1.2041831e+00
   9.9700000e+02   1.6794951e+00   1.2047685e+00
   9.9800000e+02   1.6759999e+00   1.2049220e+00
   9.9900000e+02   1.6732617e+00   1.2038913e+00
   1.0000000e+03   1.6701770e+00   1.2018443e+00
   1.0010000e+03   1.6664446e+00   1.1977067e+00
   1.0020000e+03   1.6625737e+00   1.1929895e+00
   1.0030000e+03   1.6588749e+00   1.1872232e+00
   1.0040000e+03   1.6559998e+00   1.1799273e+00
   1.0050000e+03   1.6543775e+00   1.1721829e+00
   1.0060000e+03   1.6531528e+00   1.1624788e+00
   1.0070000e+03   1.6528323e+00   1.1521538e+00
   1.0080000e+03   1.6534018e+00   1.1413263e+00
   1.0090000e+03   1.6555389e+00   1.1293063e+00
   1.0100000e+03   1.6567464e+00   1.1181076e+00
   1.0110000e+03   1.6576907e+00   1.1070732e+00
   1.0120000e+03   1.6585052e+00   1.0962875e+00
   1.0130000e+03   1.6585654e+00   1.0867901e+00
   1.0140000e+03   1.6580793e+00   1.0777619e+00
   1.0150000e+03   1.6573744e+00   1.0701108e+00
   1.0160000e+03   1.6563204e+00   1.0629055e+00
   1.0170000e+03   1.6547773e+00   1.0570749e+00
   1.0180000e+03   1.6524252e+00   1.0519625e+00
   1.0190000e+03   1.6488027e+00   1.0476673e+00
   1.0200000e+03   1.6445724e+00   1.0434929e+00
   1.0210000e+03   1.6389184e+00   1.0400836e+00
   1.0220000e+03   1.6333941e+00   1.0382267e+00
   1.0230000e+03   1.6264774e+00   1.0369216e+00
   1.0240000e+03   1.6196209e+00   1.0365393e+00
   1.0250000e+03   1.6124553e+00   1.0377620e+00
   1.0260000e+03   1.6045883e+00   1.0390738e+00
   1.0270000e+03   1.5973510e+00   1.0409303e+00
   1.0280000e+03   1.5903409e+00   1.0428672e+00
   1.0290000e+03   1.5829709e+00   1.0450064e+00
   1.0300000e+03   1.5766895e+00   1.0480556e+00
   1.0310000e+03   1.5707888e+00   1.0511916e+00
   1.0320000e+03   1.5657666e+00   1.0542277e+00
   1.0330000e+03   1.5616844e+00   1.0581533e+00
   1.0340000e+03   1.5575990e+00   1.0622045e+00
   1.0350000e+03   1.5544062e+00   1.0665344e+00
   1.0360000e+03   1.5512171e+00   1.0703000e+00
   1.0370000e+03   1.5483377e+00   1.0740073e+00
   1.0380000e+03   1.5459276e+00   1.0777420e+00
   1.0390000e+03   1.5441676e+00   1.0818238e+00
   1.0400000e+03   1.5417143e+00   1.0856766e+00
   1.0410000e+03   1.5401699e+00   1.0900771e+00
   1.0420000e+03   1.5379349e+00   1.0946057e+00
   1.0430000e+03   1.5355306e+00   1.0992623e+00
   1.0440000e+03   1.5327902e+00   1.1044625e+00
   1.0450000e+03   1.5298390e+00   1.1098289e+00
   1.0460000e+03   1.5266809e+00   1.1152049e+00
   1.0470000e+03   1.5240644e+00   1.1202328e+00
   1.0480000e+03   1.5204824e+00   1.1258011e+00
   1.0490000e+03   1.5171044e+00   1.1318794e+00
   1.0500000e+03   1.5141980e+00   1.1374536e+00
   1.0510000e+03   1.5108336e+00   1.1429080e+00
   1.0520000e+03   1.5076391e+00   1.1470541e+00
   1.0530000e+03   1.5043985e+00   1.1503226e+00
   1.0540000e+03   1.5011417e+00   1.1513279e+00
   1.0550000e+03   1.4982942e+00   1.1509439e+00
   1.0560000e+03   1.4957273e+00   1.1481164e+00
   1.0570000e+03   1.4935413e+00   1.1440106e+00
   1.0580000e+03   1.4915401e+00   1.1382721e+00
   1.0590000e+03   1.4905067e+00   1.1318336e+00
   1.0600000e+03   1.4901458e+00   1.1245033e+00
   1.0610000e+03   1.4906255e+00   1.1152813e+00
   1.0620000e+03   1.4919123e+00   1.1050885e+00
   1.0630000e+03   1.4931531e+00   1.0933276e+00
   1.0640000e+03   1.4941488e+00   1.0822634e+00
   1.0650000e+03   1.4948264e+00   1.0714548e+00
   1.0660000e+03   1.4947311e+00   1.0606445e+00
   1.0670000e+03   1.4941969e+00   1.0502411e+00
   1.0680000e+03   1.4934138e+00   1.0405294e+00
   1.0690000e+03   1.4918245e+00   1.0293916e+00
   1.0700000e+03   1.4900762e+00   1.0203553e+00
   1.0710000e+03   1.4869055e+00   1.0115365e+00
   1.0720000e+03   1.4834937e+00   1.0043663e+00
   1.0730000e+03   1.4784459e+00   9.9795039e-01
   1.0740000e+03   1.4725809e+00   9.9275991e-01
   1.0750000e+03   1.4649795e+00   9.8830190e-01
   1.0760000e+03   1.4567094e+00   9.8576766e-01
   1.0770000e+03   1.4472776e+00   9.8481339e-01
   1.0780000e+03   1.4374233e+00   9.8534464e-01
   1.0790000e+03   1.4259832e+00   9.8685120e-01
   1.0800000e+03   1.4154437e+00   9.8980271e-01
   1.0810000e+03   1.4034817e+00   9.9358174e-01
   1.0820000e+03   1.3926805e+00   9.9783583e-01
   1.0830000e+03   1.3831475e+00   1.0010533e+00
   1.0840000e+03   1.3741686e+00   1.0036259e+00
   1.0850000e+03   1.3680579e+00   1.0062291e+00
   1.0860000e+03   1.3638767e+00   1.0081289e+00
   1.0870000e+03   1.3608154e+00   1.0085450e+00
   1.0880000e+03   1.3582796e+00   1.0092300e+00
   1.0890000e+03   1.3565181e+00   1.0097057e+00
   1.0900000e+03   1.3547653e+00   1.0097167e+00
   1.0910000e+03   1.3532489e+00   1.0104568e+00
   1.0920000e+03   1.3510695e+00   1.0109893e+00
   1.0930000e+03   1.3487071e+00   1.0114211e+00
   1.0940000e+03   1.3471231e+00   1.0122495e+00
   1.0950000e+03   1.3450106e+00   1.0126374e+00
   1.0960000e+03   1.3433191e+00   1.0124339e+00
   1.0970000e+03   1.3416788e+00   1.0121315e+00
   1.0980000e+03   1.3399424e+00   1.0112012e+00
   1.0990000e+03   1.3387380e+00   1.0098171e+00
   1.1000000e+03   1.3380462e+00   1.0073144e+00
   1.1010000e+03   1.3377239e+00   1.0038380e+00
   1.1020000e+03   1.3374544e+00   9.9967807e-01
   1.1030000e+03   1.3377478e+00   9.9503199e-01
   1.1040000e+03   1.3377408e+00   9.8941399e-01
   1.1050000e+03   1.3403427e+00   9.8387371e-01
   1.1060000e+03   1.3417429e+00   9.7577145e-01
   1.1070000e+03   1.3438803e+00   9.6734962e-01
   1.1080000e+03   1.3468017e+00   9.5795748e-01
   1.1090000e+03   1.3496738e+00   9.4775279e-01
   1.1100000e+03   1.3517542e+00   9.3779725e-01
   1.1110000e+03   1.3538204e+00   9.2805756e-01
   1.1120000e+03   1.3557943e+00   9.1853883e-01
   1.1130000e+03   1.3566039e+00   9.0973426e-01
   1.1140000e+03   1.3579442e+00   9.0237411e-01
   1.1150000e+03   1.3589867e+00   8.9590749e-01
   1.1160000e+03   1.3591809e+00   8.9043703e-01
   1.1170000e+03   1.3596586e+00   8.8640440e-01
   1.1180000e+03   1.3588550e+00   8.8251813e-01
   1.1190000e+03   1.3573182e+00   8.7905768e-01
   1.1200000e+03   1.3553727e+00   8.7700346e-01
   1.1210000e+03   1.3524464e+00   8.7482021e-01
   1.1220000e+03   1.3486487e+00   8.7337863e-01
   1.1230000e+03   1.3442531e+00   8.7304495e-01
   1.1240000e+03   1.3396043e+00   8.7358266e-01
   1.1250000e+03   1.3341393e+00   8.7495416e-01
   1.1260000e+03   1.3291206e+00   8.7750400e-01
   1.1270000e+03   1.3232514e+00   8.8034463e-01
   1.1280000e+03   1.3173418e+00   8.8342521e-01
   1.1290000e+03   1.3116916e+00   8.8654926e-01
   1.1300000e+03   1.3058080e+00   8.8944622e-01
   1.1310000e+03   1.3006737e+00   8.9304789e-01
   1.1320000e+03   1.2954428e+00   8.9606906e-01
   1.1330000e+03   1.2907625e+00   8.9945421e-01
   1.1340000e+03   1.2861393e+00   9.0260000e-01
   1.1350000e+03   1.2814965e+00   9.0583056e-01
   1.1360000e+03   1.2769742e+00   9.0867864e-01
   1.1370000e+03   1.2719794e+00   9.1115995e-01
   1.1380000e+03   1.2666029e+00   9.1393022e-01
   1.1390000e+03   1.2612881e+00   9.1623338e-01
   1.1400000e+03   1.2556986e+00   9.1885825e-01
   1.1410000e+03   1.2497607e+00   9.2083768e-01
   1.1420000e+03   1.2445693e+00   9.2387257e-01
   1.1430000e+03   1.2389308e+00   9.2641750e-01
   1.1440000e+03   1.2334286e+00   9.2903872e-01
   1.1450000e+03   1.2287669e+00   9.3085928e-01
   1.1460000e+03   1.2237436e+00   9.3189664e-01
   1.1470000e+03   1.2197919e+00   9.3307218e-01
   1.1480000e+03   1.2167775e+00   9.3264534e-01
   1.1490000e+03   1.2142723e+00   9.3126837e-01
   1.1500000e+03   1.2122793e+00   9.2948475e-01
   1.1510000e+03   1.2099768e+00   9.2653379e-01
   1.1520000e+03   1.2079033e+00   9.2304861e-01
   1.1530000e+03   1.2055104e+00   9.1881961e-01
   1.1540000e+03   1.2029543e+00   9.1431201e-01
   1.1550000e+03   1.2007199e+00   9.0801067e-01
   1.1560000e+03   1.1988004e+00   9.0110889e-01
   1.1570000e+03   1.1978078e+00   8.9283148e-01
   1.1580000e+03   1.1969820e+00   8.8376399e-01
   1.1590000e+03   1.1972636e+00   8.7331274e-01
   1.1600000e+03   1.1980392e+00   8.6181021e-01
   1.1610000e+03   1.1985426e+00   8.5029672e-01
   1.1620000e+03   1.1986786e+00   8.3832603e-01
   1.1630000e+03   1.1983623e+00   8.2633629e-01
   1.1640000e+03   1.1975350e+00   8.1516265e-01
   1.1650000e+03   1.1965649e+00   8.0399278e-01
   1.1660000e+03   1.1955918e+00   7.9412463e-01
   1.1670000e+03   1.1935223e+00   7.8508351e-01
   1.1680000e+03   1.1920136e+00   7.7722587e-01
   1.1690000e+03   1.1910086e+00   7.7158538e-01
   1.1700000e+03   1.1895491e+00   7.6706110e-01
   1.1710000e+03   1.1880249e+00   7.6335709e-01
   1.1720000e+03   1.1862693e+00   7.6095687e-01
   1.1730000e+03   1.1839268e+00   7.5935923e-01
   1.1740000e+03   1.1809507e+00   7.5848688e-01
   1.1750000e+03   1.1775386e+00   7.5800988e-01
   1.1760000e+03   1.1732285e+00   7.5857779e-01
   1.1770000e+03   1.1678095e+00   7.5980229e-01
   1.1780000e+03   1.1632044e+00   7.6154926e-01
   1.1790000e+03   1.1579775e+00   7.6396010e-01
   1.1800000e+03   1.1521060e+00   7.6829263e-01
   1.1810000e+03   1.1453030e+00   7.7292370e-01
   1.1820000e+03   1.1387237e+00   7.7836448e-01
   1.1830000e+03   1.1318119e+00   7.8453448e-01
   1.1840000e+03   1.1245429e+00   7.9179529e-01
   1.1850000e+03   1.1168031e+00   7.9828502e-01
   1.1860000e+03   1.1091998e+00   8.0521925e-01
   1.1870000e+03   1.1019009e+00   8.1148302e-01
   1.1880000e+03   1.0945116e+00   8.1732961e-01
   1.1890000e+03   1.0869417e+00   8.2414213e-01
   1.1900000e+03   1.0796422e+00   8.2894961e-01
   1.1910000e+03   1.0724924e+00   8.3367173e-01
   1.1920000e+03   1.0665978e+00   8.3687958e-01
   1.1930000e+03   1.0612138e+00   8.3903481e-01
   1.1940000e+03   1.0565521e+00   8.4035825e-01
   1.1950000e+03   1.0517295e+00   8.4023676e-01
   1.1960000e+03   1.0474060e+00   8.3882183e-01
   1.1970000e+03   1.0429447e+00   8.3674706e-01
   1.1980000e+03   1.0382773e+00   8.3397027e-01
   1.1990000e+03   1.0332974e+00   8.2965378e-01
   1.2000000e+03   1.0276841e+00   8.2487583e-01
   1.2010000e+03   1.0211319e+00   8.1703953e-01
   1.2020000e+03   1.0154914e+00   8.1041594e-01
   1.2030000e+03   1.0097315e+00   8.0202155e-01
   1.2040000e+03   1.0040500e+00   7.9301389e-01
   1.2050000e+03   9.9810006e-01   7.8282946e-01
   1.2060000e+03   9.9203943e-01   7.7184229e-01
   1.2070000e+03   9.8646668e-01   7.6132987e-01
   1.2080000e+03   9.8096669e-01   7.5151498e-01
   1.2090000e+03   9.7539273e-01   7.4251115e-01
   1.2100000e+03   9.7046708e-01   7.3489534e-01
   1.2110000e+03   9.6535253e-01   7.2903285e-01
   1.2120000e+03   9.6076139e-01   7.2482733e-01
   1.2130000e+03   9.5685052e-01   7.2195123e-01
   1.2140000e+03   9.5185861e-01   7.2099520e-01
   1.2150000e+03   9.4671350e-01   7.2197073e-01
   1.2160000e+03   9.4120249e-01   7.2405324e-01
   1.2170000e+03   9.3708880e-01   7.2734088e-01
   1.2180000e+03   9.3211872e-01   7.3223172e-01
   1.2190000e+03   9.2749747e-01   7.3798468e-01
   1.2200000e+03   9.2241603e-01   7.4527695e-01
   1.2210000e+03   9.1690108e-01   7.5256100e-01
   1.2220000e+03   9.1157544e-01   7.6108531e-01
   1.2230000e+03   9.0656768e-01   7.7009384e-01
   1.2240000e+03   9.0032964e-01   7.7779914e-01
   1.2250000e+03   8.9416320e-01   7.8636494e-01
   1.2260000e+03   8.8789483e-01   7.9338394e-01
   1.2270000e+03   8.8152332e-01   7.9810080e-01
   1.2280000e+03   8.7539619e-01   8.0143595e-01
   1.2290000e+03   8.7055958e-01   8.0265174e-01
   1.2300000e+03   8.6719916e-01   8.0284051e-01
   1.2310000e+03   8.6455574e-01   8.0003126e-01
   1.2320000e+03   8.6378922e-01   7.9483002e-01
   1.2330000e+03   8.6380406e-01   7.8846187e-01
   1.2340000e+03   8.6482646e-01   7.8096329e-01
   1.2350000e+03   8.6527999e-01   7.7249774e-01
   1.2360000e+03   8.6616177e-01   7.6471997e-01
   1.2370000e+03   8.6720429e-01   7.5520587e-01
   1.2380000e+03   8.6768812e-01   7.4670019e-01
   1.2390000e+03   8.6826953e-01   7.4032287e-01
   1.2400000e+03   8.6794639e-01   7.3328392e-01
   1.2410000e+03   8.6740641e-01   7.2742448e-01
   1.2420000e+03   8.6679264e-01   7.2207095e-01
   1.2430000e+03   8.6676162e-01   7.1682193e-01
   1.2440000e+03   8.6678362e-01   7.1221664e-01
   1.2450000e+03   8.6653997e-01   7.0701803e-01
   1.2460000e+03   8.6614042e-01   7.0232450e-01
   1.2470000e+03   8.6549156e-01   6.9769122e-01
   1.2480000e+03   8.6415577e-01   6.9373622e-01
   1.2490000e+03   8.6414361e-01   6.9169441e-01
   1.2500000e+03   8.6084591e-01   6.8971680e-01
   1.2510000e+03   8.5638806e-01   6.8831835e-01
   1.2520000e+03   8.5124686e-01   6.8725633e-01
   1.2530000e+03   8.4555769e-01   6.8740421e-01
   1.2540000e+03   8.3970028e-01   6.8729126e-01
   1.2550000e+03   8.3147986e-01   6.8651812e-01
   1.2560000e+03   8.2394582e-01   6.8648159e-01
   1.2570000e+03   8.1621799e-01   6.8559440e-01
   1.2580000e+03   8.0911845e-01   6.8487105e-01
   1.2590000e+03   8.0216286e-01   6.8432461e-01
   1.2600000e+03   7.9459885e-01   6.8327622e-01
   1.2610000e+03   7.8747785e-01   6.8237896e-01
   1.2620000e+03   7.7989239e-01   6.8324543e-01
   1.2630000e+03   7.7251305e-01   6.8305416e-01
   1.2640000e+03   7.6407311e-01   6.8471123e-01
   1.2650000e+03   7.5529583e-01   6.8577356e-01
   1.2660000e+03   7.4701289e-01   6.8708081e-01
   1.2670000e+03   7.3952660e-01   6.8647221e-01
   1.2680000e+03   7.3392780e-01   6.8401600e-01
   1.2690000e+03   7.3047403e-01   6.7966238e-01
   1.2700000e+03   7.2873840e-01   6.7322907e-01
   1.2710000e+03   7.2659757e-01   6.6590164e-01
   1.2720000e+03   7.2593863e-01   6.5781252e-01
   1.2730000e+03   7.2915037e-01   6.5085084e-01
   1.2740000e+03   7.2741849e-01   6.4306268e-01
   1.2750000e+03   7.2447401e-01   6.3584350e-01
   1.2760000e+03   7.2081975e-01   6.3061030e-01
   1.2770000e+03   7.1433569e-01   6.2482105e-01
   1.2780000e+03   7.0540254e-01   6.2049236e-01
   1.2790000e+03   6.9422944e-01   6.1581448e-01
   1.2800000e+03   6.8136830e-01   6.1224647e-01
   1.2810000e+03   6.6713148e-01   6.0891500e-01
   1.2820000e+03   6.5237833e-01   6.0557867e-01
   1.2830000e+03   6.3566258e-01   6.0284751e-01
   1.2840000e+03   6.1661841e-01   6.0044411e-01
   1.2850000e+03   5.9803215e-01   6.0100464e-01
   1.2860000e+03   5.7652994e-01   6.0017675e-01
   1.2870000e+03   5.5412436e-01   6.0007360e-01
   1.2880000e+03   5.3337932e-01   6.0125855e-01
   1.2890000e+03   5.1496143e-01   6.0073842e-01
   1.2900000e+03   4.9974100e-01   5.9961518e-01
   1.2910000e+03   4.8717178e-01   5.9703848e-01
   1.2920000e+03   4.7917154e-01   5.9322743e-01
   1.2930000e+03   4.7348044e-01   5.8743867e-01
   1.2940000e+03   4.7223521e-01   5.8164652e-01
   1.2950000e+03   4.7203970e-01   5.7500901e-01
   1.2960000e+03   4.7357635e-01   5.6620130e-01
   1.2970000e+03   4.7642293e-01   5.5761273e-01
   1.2980000e+03   4.7788543e-01   5.5037133e-01
   1.2990000e+03   4.7675180e-01   5.4220950e-01
   1.3000000e+03   4.7298211e-01   5.3494329e-01
   1.3010000e+03   4.6718201e-01   5.2626269e-01
   1.3020000e+03   4.6087758e-01   5.1854031e-01
   1.3030000e+03   4.5175222e-01   5.1045340e-01
   1.3040000e+03   4.4106669e-01   5.0238714e-01
   1.3050000e+03   4.2960027e-01   4.9299962e-01
   1.3060000e+03   4.2036283e-01   4.8855740e-01
   1.3070000e+03   4.0941370e-01   4.7824461e-01
   1.3080000e+03   4.0003427e-01   4.6427568e-01
   1.3090000e+03   3.9411401e-01   4.5284845e-01
   1.3100000e+03   3.9158997e-01   4.4011465e-01
   1.3110000e+03   3.8682360e-01   4.2539741e-01
   1.3120000e+03   3.8682258e-01   4.1253862e-01
   1.3130000e+03   3.8688474e-01   4.0084671e-01
   1.3140000e+03   3.8665194e-01   3.9011458e-01
   1.3150000e+03   3.8665924e-01   3.7734087e-01
   1.3160000e+03   3.8530641e-01   3.6397413e-01
   1.3170000e+03   3.8108823e-01   3.5091422e-01
   1.3180000e+03   3.7440455e-01   3.4023519e-01
   1.3190000e+03   3.6329702e-01   3.2981125e-01
   1.3200000e+03   3.5194498e-01   3.2323590e-01
   1.3210000e+03   3.3815482e-01   3.1978359e-01
   1.3220000e+03   3.2052409e-01   3.1095076e-01
   1.3230000e+03   3.0172940e-01   2.9986990e-01
   1.3240000e+03   2.7965784e-01   2.8893405e-01
   1.3250000e+03   2.5750460e-01   2.7235490e-01
   1.3260000e+03   2.3866818e-01   2.5522143e-01
   1.3270000e+03   2.2534569e-01   2.3795453e-01
   1.3280000e+03   2.1605174e-01   2.2041165e-01
   1.3290000e+03   2.1157456e-01   2.0465223e-01
   1.3300000e+03   2.1005085e-01   1.8837567e-01
   1.3310000e+03   2.1056142e-01   1.7133801e-01
   1.3320000e+03   2.1085208e-01   1.5464970e-01
   1.3330000e+03   2.1090241e-01   1.3728739e-01
   1.3340000e+03   2.1122409e-01   1.2193612e-01
   1.3350000e+03   2.1231938e-01   1.0706392e-01
