   3.7500000e+02   1.3128057e+00   2.4007774e+00
   3.7600000e+02   1.3135136e+00   2.4016821e+00
   3.7700000e+02   1.3148399e+00   2.4023806e+00
   3.7800000e+02   1.3159752e+00   2.4025168e+00
   3.7900000e+02   1.3167244e+00   2.4021898e+00
   3.8000000e+02   1.3177211e+00   2.4006124e+00
   3.8100000e+02   1.3186382e+00   2.3992970e+00
   3.8200000e+02   1.3188623e+00   2.3979585e+00
   3.8300000e+02   1.3188036e+00   2.3966261e+00
   3.8400000e+02   1.3190486e+00   2.3957808e+00
   3.8500000e+02   1.3197252e+00   2.3955915e+00
   3.8600000e+02   1.3206077e+00   2.3953213e+00
   3.8700000e+02   1.3213954e+00   2.3950339e+00
   3.8800000e+02   1.3221131e+00   2.3951194e+00
   3.8900000e+02   1.3225609e+00   2.3950534e+00
   3.9000000e+02   1.3232676e+00   2.3953861e+00
   3.9100000e+02   1.3234813e+00   2.3959000e+00
   3.9200000e+02   1.3235511e+00   2.3964071e+00
   3.9300000e+02   1.3235285e+00   2.3970867e+00
   3.9400000e+02   1.3231844e+00   2.3973929e+00
   3.9500000e+02   1.3230477e+00   2.3978793e+00
   3.9600000e+02   1.3228561e+00   2.3980998e+00
   3.9700000e+02   1.3225664e+00   2.3973550e+00
   3.9800000e+02   1.3228685e+00   2.3972214e+00
   3.9900000e+02   1.3236556e+00   2.3980204e+00
   4.0000000e+02   1.3241369e+00   2.3982307e+00
   4.0100000e+02   1.3247711e+00   2.3987270e+00
   4.0200000e+02   1.3255769e+00   2.3992818e+00
   4.0300000e+02   1.3258686e+00   2.4001011e+00
   4.0400000e+02   1.3263172e+00   2.4007907e+00
   4.0500000e+02   1.3262793e+00   2.4017539e+00
   4.0600000e+02   1.3262666e+00   2.4031787e+00
   4.0700000e+02   1.3258750e+00   2.4043663e+00
   4.0800000e+02   1.3253703e+00   2.4055579e+00
   4.0900000e+02   1.3252657e+00   2.4051568e+00
   4.1000000e+02   1.3242034e+00   2.4064821e+00
   4.1100000e+02   1.3236462e+00   2.4075900e+00
   4.1200000e+02   1.3233435e+00   2.4084989e+00
   4.1300000e+02   1.3228249e+00   2.4093793e+00
   4.1400000e+02   1.3227937e+00   2.4098557e+00
   4.1500000e+02   1.3231105e+00   2.4104824e+00
   4.1600000e+02   1.3228109e+00   2.4108193e+00
   4.1700000e+02   1.3226427e+00   2.4117289e+00
   4.1800000e+02   1.3228408e+00   2.4118832e+00
   4.1900000e+02   1.3228870e+00   2.4122233e+00
   4.2000000e+02   1.3229046e+00   2.4120808e+00
   4.2100000e+02   1.3231282e+00   2.4115523e+00
   4.2200000e+02   1.3234221e+00   2.4118998e+00
   4.2300000e+02   1.3237482e+00   2.4125494e+00
   4.2400000e+02   1.3242485e+00   2.4128737e+00
   4.2500000e+02   1.3250392e+00   2.4125667e+00
   4.2600000e+02   1.3262460e+00   2.4128415e+00
   4.2700000e+02   1.3272213e+00   2.4127418e+00
   4.2800000e+02   1.3280829e+00   2.4128221e+00
   4.2900000e+02   1.3295056e+00   2.4125319e+00
   4.3000000e+02   1.3307730e+00   2.4118040e+00
   4.3100000e+02   1.3324312e+00   2.4111979e+00
   4.3200000e+02   1.3336232e+00   2.4097760e+00
   4.3300000e+02   1.3349234e+00   2.4094504e+00
   4.3400000e+02   1.3362862e+00   2.4082130e+00
   4.3500000e+02   1.3374090e+00   2.4078773e+00
   4.3600000e+02   1.3378017e+00   2.4068945e+00
   4.3700000e+02   1.3389902e+00   2.4056592e+00
   4.3800000e+02   1.3395440e+00   2.4044632e+00
   4.3900000e+02   1.3396082e+00   2.4035515e+00
   4.4000000e+02   1.3396889e+00   2.4022879e+00
   4.4100000e+02   1.3399522e+00   2.4008264e+00
   4.4200000e+02   1.3402010e+00   2.3995135e+00
   4.4300000e+02   1.3401224e+00   2.3985207e+00
   4.4400000e+02   1.3403427e+00   2.3973140e+00
   4.4500000e+02   1.3404707e+00   2.3969141e+00
   4.4600000e+02   1.3403369e+00   2.3976675e+00
   4.4700000e+02   1.3397307e+00   2.3988086e+00
   4.4800000e+02   1.3389544e+00   2.4001885e+00
   4.4900000e+02   1.3382469e+00   2.4018374e+00
   4.5000000e+02   1.3382344e+00   2.4038753e+00
   4.5100000e+02   1.3383314e+00   2.4057833e+00
   4.5200000e+02   1.3385447e+00   2.4070849e+00
   4.5300000e+02   1.3394235e+00   2.4080834e+00
   4.5400000e+02   1.3407547e+00   2.4092755e+00
   4.5500000e+02   1.3416886e+00   2.4114248e+00
   4.5600000e+02   1.3423042e+00   2.4144421e+00
   4.5700000e+02   1.3412608e+00   2.4185451e+00
   4.5800000e+02   1.3406503e+00   2.4217444e+00
   4.5900000e+02   1.3388488e+00   2.4245126e+00
   4.6000000e+02   1.3366464e+00   2.4269872e+00
   4.6100000e+02   1.3341189e+00   2.4292886e+00
   4.6200000e+02   1.3316017e+00   2.4317797e+00
   4.6300000e+02   1.3288892e+00   2.4352110e+00
   4.6400000e+02   1.3256709e+00   2.4395488e+00
   4.6500000e+02   1.3210609e+00   2.4458617e+00
   4.6600000e+02   1.3155635e+00   2.4523156e+00
   4.6700000e+02   1.3088283e+00   2.4590833e+00
   4.6800000e+02   1.3014075e+00   2.4661144e+00
   4.6900000e+02   1.2944703e+00   2.4727566e+00
   4.7000000e+02   1.2884996e+00   2.4806536e+00
   4.7100000e+02   1.2828195e+00   2.4878874e+00
   4.7200000e+02   1.2779147e+00   2.4958651e+00
   4.7300000e+02   1.2738258e+00   2.5025995e+00
   4.7400000e+02   1.2689778e+00   2.5088014e+00
   4.7500000e+02   1.2634335e+00   2.5144513e+00
   4.7600000e+02   1.2575708e+00   2.5198884e+00
   4.7700000e+02   1.2516224e+00   2.5243820e+00
   4.7800000e+02   1.2458021e+00   2.5287123e+00
   4.7900000e+02   1.2404456e+00   2.5328387e+00
   4.8000000e+02   1.2340251e+00   2.5377868e+00
   4.8100000e+02   1.2288879e+00   2.5426649e+00
   4.8200000e+02   1.2248369e+00   2.5472834e+00
   4.8300000e+02   1.2228021e+00   2.5513925e+00
   4.8400000e+02   1.2229635e+00   2.5547625e+00
   4.8500000e+02   1.2247164e+00   2.5570936e+00
   4.8600000e+02   1.2279322e+00   2.5583321e+00
   4.8700000e+02   1.2321519e+00   2.5598484e+00
   4.8800000e+02   1.2371576e+00   2.5617007e+00
   4.8900000e+02   1.2404546e+00   2.5638456e+00
   4.9000000e+02   1.2432860e+00   2.5659940e+00
   4.9100000e+02   1.2451583e+00   2.5679135e+00
   4.9200000e+02   1.2457099e+00   2.5694560e+00
   4.9300000e+02   1.2471669e+00   2.5711347e+00
   4.9400000e+02   1.2467230e+00   2.5720225e+00
   4.9500000e+02   1.2475089e+00   2.5721078e+00
   4.9600000e+02   1.2485249e+00   2.5715880e+00
   4.9700000e+02   1.2501707e+00   2.5703412e+00
   4.9800000e+02   1.2517730e+00   2.5687081e+00
   4.9900000e+02   1.2536764e+00   2.5668169e+00
   5.0000000e+02   1.2549342e+00   2.5637899e+00
   5.0100000e+02   1.2563765e+00   2.5609251e+00
   5.0200000e+02   1.2573298e+00   2.5575333e+00
   5.0300000e+02   1.2584898e+00   2.5542081e+00
   5.0400000e+02   1.2600428e+00   2.5501379e+00
   5.0500000e+02   1.2624837e+00   2.5457859e+00
   5.0600000e+02   1.2636030e+00   2.5409371e+00
   5.0700000e+02   1.2654825e+00   2.5356646e+00
   5.0800000e+02   1.2675057e+00   2.5300908e+00
   5.0900000e+02   1.2704031e+00   2.5239543e+00
   5.1000000e+02   1.2731388e+00   2.5175392e+00
   5.1100000e+02   1.2756263e+00   2.5109756e+00
   5.1200000e+02   1.2786128e+00   2.5039353e+00
   5.1300000e+02   1.2810388e+00   2.4969151e+00
   5.1400000e+02   1.2823340e+00   2.4896338e+00
   5.1500000e+02   1.2837591e+00   2.4820031e+00
   5.1600000e+02   1.2846166e+00   2.4747570e+00
   5.1700000e+02   1.2849947e+00   2.4661593e+00
   5.1800000e+02   1.2856111e+00   2.4571433e+00
   5.1900000e+02   1.2853174e+00   2.4476165e+00
   5.2000000e+02   1.2851005e+00   2.4377225e+00
   5.2100000e+02   1.2845311e+00   2.4277989e+00
   5.2200000e+02   1.2838640e+00   2.4189669e+00
   5.2300000e+02   1.2836827e+00   2.4102748e+00
   5.2400000e+02   1.2823793e+00   2.4013717e+00
   5.2500000e+02   1.2817868e+00   2.3933391e+00
   5.2600000e+02   1.2812690e+00   2.3851772e+00
   5.2700000e+02   1.2807908e+00   2.3778609e+00
   5.2800000e+02   1.2799168e+00   2.3704114e+00
   5.2900000e+02   1.2786353e+00   2.3639538e+00
   5.3000000e+02   1.2766772e+00   2.3577696e+00
   5.3100000e+02   1.2739743e+00   2.3509581e+00
   5.3200000e+02   1.2700540e+00   2.3440085e+00
   5.3300000e+02   1.2657704e+00   2.3375947e+00
   5.3400000e+02   1.2596994e+00   2.3307967e+00
   5.3500000e+02   1.2532782e+00   2.3242696e+00
   5.3600000e+02   1.2452264e+00   2.3180611e+00
   5.3700000e+02   1.2361017e+00   2.3124856e+00
   5.3800000e+02   1.2260341e+00   2.3059897e+00
   5.3900000e+02   1.2145417e+00   2.2995305e+00
   5.4000000e+02   1.2026437e+00   2.2930095e+00
   5.4100000e+02   1.1896366e+00   2.2869449e+00
   5.4200000e+02   1.1758277e+00   2.2797680e+00
   5.4300000e+02   1.1620242e+00   2.2719380e+00
   5.4400000e+02   1.1484234e+00   2.2645137e+00
   5.4500000e+02   1.1354053e+00   2.2560633e+00
   5.4600000e+02   1.1239500e+00   2.2483938e+00
   5.4700000e+02   1.1141779e+00   2.2395821e+00
   5.4800000e+02   1.1081621e+00   2.2305333e+00
   5.4900000e+02   1.1052036e+00   2.2214850e+00
   5.5000000e+02   1.1045419e+00   2.2114043e+00
   5.5100000e+02   1.1041892e+00   2.2005845e+00
   5.5200000e+02   1.1046659e+00   2.1895745e+00
   5.5300000e+02   1.1045756e+00   2.1774525e+00
   5.5400000e+02   1.1026477e+00   2.1640247e+00
   5.5500000e+02   1.0997682e+00   2.1498825e+00
   5.5600000e+02   1.0955801e+00   2.1343846e+00
   5.5700000e+02   1.0909809e+00   2.1190786e+00
   5.5800000e+02   1.0858589e+00   2.1037042e+00
   5.5900000e+02   1.0803535e+00   2.0892107e+00
   5.6000000e+02   1.0741714e+00   2.0757816e+00
   5.6100000e+02   1.0668173e+00   2.0620863e+00
   5.6200000e+02   1.0591352e+00   2.0496235e+00
   5.6300000e+02   1.0502699e+00   2.0377798e+00
   5.6400000e+02   1.0395159e+00   2.0261492e+00
   5.6500000e+02   1.0284002e+00   2.0169389e+00
   5.6600000e+02   1.0156460e+00   2.0077987e+00
   5.6700000e+02   1.0030066e+00   1.9997278e+00
   5.6800000e+02   9.9050623e-01   1.9920467e+00
   5.6900000e+02   9.7797873e-01   1.9832655e+00
   5.7000000e+02   9.6637730e-01   1.9745990e+00
   5.7100000e+02   9.5594159e-01   1.9653609e+00
   5.7200000e+02   9.4737611e-01   1.9565446e+00
   5.7300000e+02   9.4046163e-01   1.9482580e+00
   5.7400000e+02   9.3627874e-01   1.9405322e+00
   5.7500000e+02   9.3409683e-01   1.9329450e+00
   5.7600000e+02   9.3371070e-01   1.9253240e+00
   5.7700000e+02   9.3539331e-01   1.9162935e+00
   5.7800000e+02   9.3764484e-01   1.9085548e+00
   5.7900000e+02   9.4109199e-01   1.8994673e+00
   5.8000000e+02   9.4503483e-01   1.8911178e+00
   5.8100000e+02   9.4830577e-01   1.8821083e+00
   5.8200000e+02   9.5135989e-01   1.8743218e+00
   5.8300000e+02   9.5258403e-01   1.8669832e+00
   5.8400000e+02   9.5304145e-01   1.8602746e+00
   5.8500000e+02   9.5177727e-01   1.8531500e+00
   5.8600000e+02   9.4957420e-01   1.8476947e+00
   5.8700000e+02   9.4626018e-01   1.8429883e+00
   5.8800000e+02   9.4198287e-01   1.8396585e+00
   5.8900000e+02   9.3622350e-01   1.8372842e+00
   5.9000000e+02   9.2997463e-01   1.8368129e+00
   5.9100000e+02   9.2435731e-01   1.8367416e+00
   5.9200000e+02   9.1942875e-01   1.8366723e+00
   5.9300000e+02   9.1508498e-01   1.8354256e+00
   5.9400000e+02   9.1145673e-01   1.8337995e+00
   5.9500000e+02   9.0742421e-01   1.8324883e+00
   5.9600000e+02   9.0276713e-01   1.8304049e+00
   5.9700000e+02   8.9787742e-01   1.8289969e+00
   5.9800000e+02   8.9352188e-01   1.8283055e+00
   5.9900000e+02   8.9016011e-01   1.8294420e+00
   6.0000000e+02   8.8834739e-01   1.8312397e+00
   6.0100000e+02   8.8800654e-01   1.8340393e+00
   6.0200000e+02   8.8900009e-01   1.8385087e+00
   6.0300000e+02   8.9070274e-01   1.8451302e+00
   6.0400000e+02   8.9210257e-01   1.8516778e+00
   6.0500000e+02   8.9381977e-01   1.8587747e+00
   6.0600000e+02   8.9484855e-01   1.8648596e+00
   6.0700000e+02   8.9508167e-01   1.8705564e+00
   6.0800000e+02   8.9522420e-01   1.8745464e+00
   6.0900000e+02   8.9499062e-01   1.8780807e+00
   6.1000000e+02   8.9468398e-01   1.8811460e+00
   6.1100000e+02   8.9400277e-01   1.8838265e+00
   6.1200000e+02   8.9262312e-01   1.8866301e+00
   6.1300000e+02   8.9110564e-01   1.8894229e+00
   6.1400000e+02   8.8770611e-01   1.8903097e+00
   6.1500000e+02   8.8445846e-01   1.8913955e+00
   6.1600000e+02   8.8137210e-01   1.8913567e+00
   6.1700000e+02   8.7904321e-01   1.8910863e+00
   6.1800000e+02   8.7793094e-01   1.8908154e+00
   6.1900000e+02   8.7761165e-01   1.8894792e+00
   6.2000000e+02   8.7750048e-01   1.8888067e+00
   6.2100000e+02   8.7654019e-01   1.8872649e+00
   6.2200000e+02   8.7624995e-01   1.8843908e+00
   6.2300000e+02   8.7646446e-01   1.8799205e+00
   6.2400000e+02   8.7700485e-01   1.8735718e+00
   6.2500000e+02   8.7816413e-01   1.8659300e+00
   6.2600000e+02   8.8035975e-01   1.8579316e+00
   6.2700000e+02   8.8454016e-01   1.8493871e+00
   6.2800000e+02   8.8844958e-01   1.8402031e+00
   6.2900000e+02   8.9267346e-01   1.8313280e+00
   6.3000000e+02   8.9693390e-01   1.8215391e+00
   6.3100000e+02   9.0042153e-01   1.8135558e+00
   6.3200000e+02   9.0369880e-01   1.8051229e+00
   6.3300000e+02   9.0701477e-01   1.7974271e+00
   6.3400000e+02   9.0982363e-01   1.7902164e+00
   6.3500000e+02   9.1250408e-01   1.7831217e+00
   6.3600000e+02   9.1520021e-01   1.7765726e+00
   6.3700000e+02   9.1807412e-01   1.7703642e+00
   6.3800000e+02   9.1936121e-01   1.7642428e+00
   6.3900000e+02   9.1973140e-01   1.7581105e+00
   6.4000000e+02   9.1930902e-01   1.7522767e+00
   6.4100000e+02   9.1827751e-01   1.7469601e+00
   6.4200000e+02   9.1559237e-01   1.7411548e+00
   6.4300000e+02   9.1075826e-01   1.7355727e+00
   6.4400000e+02   9.0381659e-01   1.7304372e+00
   6.4500000e+02   8.9635455e-01   1.7258719e+00
   6.4600000e+02   8.8820408e-01   1.7222160e+00
   6.4700000e+02   8.7943508e-01   1.7195419e+00
   6.4800000e+02   8.7067182e-01   1.7174091e+00
   6.4900000e+02   8.6132209e-01   1.7158252e+00
   6.5000000e+02   8.5296562e-01   1.7136461e+00
   6.5100000e+02   8.4431349e-01   1.7107090e+00
   6.5200000e+02   8.3692511e-01   1.7082574e+00
   6.5300000e+02   8.2975263e-01   1.7047057e+00
   6.5400000e+02   8.2281565e-01   1.7005273e+00
   6.5500000e+02   8.1720990e-01   1.6959119e+00
   6.5600000e+02   8.1243406e-01   1.6911912e+00
   6.5700000e+02   8.0916745e-01   1.6865321e+00
   6.5800000e+02   8.0681211e-01   1.6817992e+00
   6.5900000e+02   8.0499886e-01   1.6763625e+00
   6.6000000e+02   8.0411335e-01   1.6712315e+00
   6.6100000e+02   8.0398341e-01   1.6649083e+00
   6.6200000e+02   8.0434805e-01   1.6600241e+00
   6.6300000e+02   8.0596280e-01   1.6551018e+00
   6.6400000e+02   8.0765627e-01   1.6505727e+00
   6.6500000e+02   8.1050136e-01   1.6465991e+00
   6.6600000e+02   8.1399870e-01   1.6432883e+00
   6.6700000e+02   8.1797293e-01   1.6402996e+00
   6.6800000e+02   8.2260263e-01   1.6378290e+00
   6.6900000e+02   8.2764132e-01   1.6355616e+00
   6.7000000e+02   8.3340809e-01   1.6344497e+00
   6.7100000e+02   8.3950243e-01   1.6332849e+00
   6.7200000e+02   8.4545342e-01   1.6322406e+00
   6.7300000e+02   8.5265435e-01   1.6310419e+00
   6.7400000e+02   8.5725925e-01   1.6287786e+00
   6.7500000e+02   8.6161050e-01   1.6256244e+00
   6.7600000e+02   8.6538024e-01   1.6229105e+00
   6.7700000e+02   8.6809796e-01   1.6193618e+00
   6.7800000e+02   8.6905741e-01   1.6154779e+00
   6.7900000e+02   8.6944741e-01   1.6115927e+00
   6.8000000e+02   8.6919584e-01   1.6067068e+00
   6.8100000e+02   8.6762767e-01   1.6024654e+00
   6.8200000e+02   8.6498753e-01   1.5977665e+00
   6.8300000e+02   8.6125692e-01   1.5932945e+00
   6.8400000e+02   8.5623636e-01   1.5886757e+00
   6.8500000e+02   8.4968797e-01   1.5844879e+00
   6.8600000e+02   8.4360510e-01   1.5824390e+00
   6.8700000e+02   8.3578877e-01   1.5810065e+00
   6.8800000e+02   8.2884463e-01   1.5805290e+00
   6.8900000e+02   8.2134333e-01   1.5812292e+00
   6.9000000e+02   8.1430293e-01   1.5819786e+00
   6.9100000e+02   8.0708410e-01   1.5835691e+00
   6.9200000e+02   8.0082970e-01   1.5855794e+00
   6.9300000e+02   7.9758149e-01   1.5891895e+00
   6.9400000e+02   7.9565810e-01   1.5918236e+00
   6.9500000e+02   7.9493908e-01   1.5947086e+00
   6.9600000e+02   7.9406803e-01   1.5963699e+00
   6.9700000e+02   7.9453414e-01   1.5962461e+00
   6.9800000e+02   7.9241216e-01   1.5948081e+00
   6.9900000e+02   7.9066532e-01   1.5936322e+00
   7.0000000e+02   7.8879800e-01   1.5916230e+00
   7.0100000e+02   7.8598340e-01   1.5876281e+00
   7.0200000e+02   7.8338210e-01   1.5839270e+00
   7.0300000e+02   7.8035779e-01   1.5795572e+00
   7.0400000e+02   7.7755802e-01   1.5745438e+00
   7.0500000e+02   7.7488999e-01   1.5696298e+00
   7.0600000e+02   7.7260043e-01   1.5645543e+00
   7.0700000e+02   7.7031962e-01   1.5581587e+00
   7.0800000e+02   7.6859170e-01   1.5510665e+00
   7.0900000e+02   7.6626453e-01   1.5409606e+00
   7.1000000e+02   7.6424846e-01   1.5302740e+00
   7.1100000e+02   7.6377828e-01   1.5168685e+00
   7.1200000e+02   7.6498553e-01   1.5028125e+00
   7.1300000e+02   7.6942644e-01   1.4873248e+00
   7.1400000e+02   7.7574048e-01   1.4730061e+00
   7.1500000e+02   7.8139661e-01   1.4598684e+00
   7.1600000e+02   7.8550812e-01   1.4487713e+00
   7.1700000e+02   7.8867126e-01   1.4391656e+00
   7.1800000e+02   7.9093760e-01   1.4306960e+00
   7.1900000e+02   7.9175589e-01   1.4223862e+00
   7.2000000e+02   7.9127625e-01   1.4149841e+00
   7.2100000e+02   7.9068071e-01   1.4083376e+00
   7.2200000e+02   7.8915896e-01   1.4018506e+00
   7.2300000e+02   7.8616904e-01   1.3956508e+00
   7.2400000e+02   7.8287002e-01   1.3898571e+00
   7.2500000e+02   7.8047598e-01   1.3860784e+00
   7.2600000e+02   7.7797205e-01   1.3820058e+00
   7.2700000e+02   7.7519156e-01   1.3796982e+00
   7.2800000e+02   7.7185498e-01   1.3788996e+00
   7.2900000e+02   7.6717224e-01   1.3789070e+00
   7.3000000e+02   7.6246857e-01   1.3789476e+00
   7.3100000e+02   7.5743080e-01   1.3790384e+00
   7.3200000e+02   7.5289266e-01   1.3790561e+00
   7.3300000e+02   7.4901711e-01   1.3782251e+00
   7.3400000e+02   7.4616777e-01   1.3770533e+00
   7.3500000e+02   7.4455327e-01   1.3755312e+00
   7.3600000e+02   7.4284454e-01   1.3743169e+00
   7.3700000e+02   7.4055080e-01   1.3729391e+00
   7.3800000e+02   7.3680968e-01   1.3716285e+00
   7.3900000e+02   7.3182600e-01   1.3700905e+00
   7.4000000e+02   7.2492601e-01   1.3690215e+00
   7.4100000e+02   7.1717209e-01   1.3681167e+00
   7.4200000e+02   7.0709040e-01   1.3674369e+00
   7.4300000e+02   6.9608328e-01   1.3668097e+00
   7.4400000e+02   6.8378585e-01   1.3659098e+00
   7.4500000e+02   6.6988648e-01   1.3642959e+00
   7.4600000e+02   6.5806866e-01   1.3624572e+00
   7.4700000e+02   6.4541841e-01   1.3607070e+00
   7.4800000e+02   6.3428438e-01   1.3572239e+00
   7.4900000e+02   6.2380608e-01   1.3534323e+00
   7.5000000e+02   6.1561166e-01   1.3490150e+00
   7.5100000e+02   6.0876999e-01   1.3442098e+00
   7.5200000e+02   6.0402494e-01   1.3392178e+00
   7.5300000e+02   6.0127411e-01   1.3336681e+00
   7.5400000e+02   5.9957374e-01   1.3285389e+00
   7.5500000e+02   5.9968308e-01   1.3229622e+00
   7.5600000e+02   6.0225231e-01   1.3174509e+00
   7.5700000e+02   6.0572796e-01   1.3108841e+00
   7.5800000e+02   6.0919275e-01   1.3057235e+00
   7.5900000e+02   6.1341990e-01   1.2990761e+00
   7.6000000e+02   6.1728225e-01   1.2941509e+00
   7.6100000e+02   6.2169427e-01   1.2895261e+00
   7.6200000e+02   6.2440289e-01   1.2857287e+00
   7.6300000e+02   6.2657942e-01   1.2822533e+00
   7.6400000e+02   6.2731780e-01   1.2788766e+00
   7.6500000e+02   6.2582041e-01   1.2746742e+00
   7.6600000e+02   6.2310011e-01   1.2701239e+00
   7.6700000e+02   6.1861032e-01   1.2651361e+00
   7.6800000e+02   6.1381984e-01   1.2594609e+00
   7.6900000e+02   6.0854585e-01   1.2531666e+00
   7.7000000e+02   6.0313606e-01   1.2452492e+00
   7.7100000e+02   5.9658018e-01   1.2382554e+00
   7.7200000e+02   5.9079494e-01   1.2312343e+00
   7.7300000e+02   5.8350050e-01   1.2247272e+00
   7.7400000e+02   5.7559123e-01   1.2177835e+00
   7.7500000e+02   5.6720172e-01   1.2120309e+00
   7.7600000e+02   5.5826249e-01   1.2058431e+00
   7.7700000e+02   5.4974883e-01   1.1992605e+00
   7.7800000e+02   5.4106514e-01   1.1918392e+00
   7.7900000e+02   5.3264053e-01   1.1841923e+00
   7.8000000e+02   5.2458762e-01   1.1757810e+00
   7.8100000e+02   5.1629440e-01   1.1661171e+00
   7.8200000e+02   5.0897565e-01   1.1578379e+00
   7.8300000e+02   5.0324741e-01   1.1481940e+00
   7.8400000e+02   4.9864248e-01   1.1392494e+00
   7.8500000e+02   4.9598063e-01   1.1300001e+00
   7.8600000e+02   4.9422645e-01   1.1196918e+00
   7.8700000e+02   4.9306416e-01   1.1101695e+00
   7.8800000e+02   4.9265907e-01   1.1002130e+00
   7.8900000e+02   4.9226257e-01   1.0914138e+00
   7.9000000e+02   4.9292466e-01   1.0824606e+00
   7.9100000e+02   4.9406744e-01   1.0733184e+00
   7.9200000e+02   4.9540820e-01   1.0649662e+00
   7.9300000e+02   4.9707492e-01   1.0582712e+00
   7.9400000e+02   4.9807835e-01   1.0519592e+00
   7.9500000e+02   4.9759099e-01   1.0460880e+00
   7.9600000e+02   4.9565074e-01   1.0412424e+00
   7.9700000e+02   4.9224927e-01   1.0363604e+00
   7.9800000e+02   4.8852002e-01   1.0323084e+00
   7.9900000e+02   4.8366506e-01   1.0273626e+00
   8.0000000e+02   4.7831119e-01   1.0221154e+00
   8.0100000e+02   4.7276394e-01   1.0155762e+00
   8.0200000e+02   4.6722385e-01   1.0085576e+00
   8.0300000e+02   4.6216616e-01   1.0011688e+00
   8.0400000e+02   4.5751257e-01   9.9330392e-01
   8.0500000e+02   4.5343014e-01   9.8376685e-01
   8.0600000e+02   4.4852407e-01   9.7545064e-01
   8.0700000e+02   4.4446727e-01   9.6741311e-01
   8.0800000e+02   4.3944699e-01   9.5962646e-01
   8.0900000e+02   4.3490290e-01   9.5222677e-01
   8.1000000e+02   4.2948038e-01   9.4483442e-01
   8.1100000e+02   4.2434358e-01   9.3796264e-01
   8.1200000e+02   4.1998204e-01   9.3065005e-01
   8.1300000e+02   4.1836345e-01   9.2313434e-01
   8.1400000e+02   4.1909995e-01   9.1406219e-01
   8.1500000e+02   4.2132625e-01   9.0378427e-01
   8.1600000e+02   4.2449715e-01   8.9258863e-01
   8.1700000e+02   4.2853200e-01   8.8221094e-01
   8.1800000e+02   4.3187585e-01   8.7066143e-01
   8.1900000e+02   4.3582834e-01   8.5940209e-01
   8.2000000e+02   4.3881053e-01   8.4821116e-01
   8.2100000e+02   4.4130495e-01   8.3851732e-01
   8.2200000e+02   4.4252427e-01   8.2980067e-01
   8.2300000e+02   4.4305460e-01   8.2071041e-01
   8.2400000e+02   4.4270539e-01   8.1190601e-01
   8.2500000e+02   4.4183427e-01   8.0171833e-01
   8.2600000e+02   4.4043349e-01   7.9198065e-01
   8.2700000e+02   4.3811540e-01   7.8243044e-01
   8.2800000e+02   4.3529773e-01   7.7216167e-01
   8.2900000e+02   4.3138961e-01   7.6295866e-01
   8.3000000e+02   4.2663506e-01   7.5218869e-01
   8.3100000e+02   4.1974302e-01   7.4248738e-01
   8.3200000e+02   4.1204731e-01   7.3216942e-01
   8.3300000e+02   4.0284491e-01   7.2143352e-01
   8.3400000e+02   3.9182095e-01   7.1054113e-01
   8.3500000e+02   3.8122477e-01   7.0130278e-01
   8.3600000e+02   3.7026149e-01   6.9205316e-01
   8.3700000e+02   3.5929419e-01   6.8256968e-01
   8.3800000e+02   3.5058096e-01   6.7348135e-01
   8.3900000e+02   3.4397686e-01   6.6411167e-01
   8.4000000e+02   3.4004529e-01   6.5511529e-01
   8.4100000e+02   3.3785067e-01   6.4489381e-01
   8.4200000e+02   3.3676550e-01   6.3254268e-01
   8.4300000e+02   3.3741205e-01   6.1827468e-01
   8.4400000e+02   3.3962963e-01   6.0438361e-01
   8.4500000e+02   3.4167930e-01   5.9147751e-01
   8.4600000e+02   3.4273685e-01   5.8149641e-01
   8.4700000e+02   3.4379502e-01   5.7315893e-01
   8.4800000e+02   3.4403050e-01   5.6163566e-01
   8.4900000e+02   3.4467302e-01   5.4949567e-01
   8.5000000e+02   3.4243244e-01   5.3936019e-01
   8.5100000e+02   3.3868941e-01   5.2686614e-01
   8.5200000e+02   3.3309718e-01   5.1383822e-01
   8.5300000e+02   3.2435073e-01   5.0144589e-01
   8.5400000e+02   3.1280686e-01   4.8664960e-01
   8.5500000e+02   2.9989481e-01   4.7081921e-01
   8.5600000e+02   2.8367837e-01   4.5418380e-01
   8.5700000e+02   2.6838192e-01   4.3717997e-01
   8.5800000e+02   2.5479687e-01   4.1816761e-01
   8.5900000e+02   2.4193668e-01   3.9799980e-01
   8.6000000e+02   2.3091933e-01   3.7505763e-01
   8.6100000e+02   2.2147657e-01   3.4894524e-01
   8.6200000e+02   2.1302922e-01   3.2251173e-01
   8.6300000e+02   2.0671781e-01   2.9535784e-01
   8.6400000e+02   2.0243902e-01   2.6391545e-01
   8.6500000e+02   2.0186404e-01   2.3163679e-01
   8.6600000e+02   2.0519969e-01   1.9671774e-01
   8.6700000e+02   2.0740741e-01   1.6117941e-01
   8.6800000e+02   2.1149483e-01   1.1837140e-01
