   7.1200000e+02   2.7571988e+00   1.4563647e+00
   7.1300000e+02   2.7553439e+00   1.4563179e+00
   7.1400000e+02   2.7545274e+00   1.4561520e+00
   7.1500000e+02   2.7539253e+00   1.4559714e+00
   7.1600000e+02   2.7530378e+00   1.4559748e+00
   7.1700000e+02   2.7534390e+00   1.4560270e+00
   7.1800000e+02   2.7534483e+00   1.4560915e+00
   7.1900000e+02   2.7534994e+00   1.4569332e+00
   7.2000000e+02   2.7539599e+00   1.4577564e+00
   7.2100000e+02   2.7538962e+00   1.4576829e+00
   7.2200000e+02   2.7541575e+00   1.4571135e+00
   7.2300000e+02   2.7546700e+00   1.4560854e+00
   7.2400000e+02   2.7545283e+00   1.4559354e+00
   7.2500000e+02   2.7539939e+00   1.4551984e+00
   7.2600000e+02   2.7533311e+00   1.4541839e+00
   7.2700000e+02   2.7525638e+00   1.4529148e+00
   7.2800000e+02   2.7518020e+00   1.4518931e+00
   7.2900000e+02   2.7512669e+00   1.4513482e+00
   7.3000000e+02   2.7505081e+00   1.4500023e+00
   7.3100000e+02   2.7496660e+00   1.4494725e+00
   7.3200000e+02   2.7496373e+00   1.4482559e+00
   7.3300000e+02   2.7464359e+00   1.4484864e+00
   7.3400000e+02   2.7465335e+00   1.4476719e+00
   7.3500000e+02   2.7466363e+00   1.4463519e+00
   7.3600000e+02   2.7473195e+00   1.4450374e+00
   7.3700000e+02   2.7480251e+00   1.4437027e+00
   7.3800000e+02   2.7482249e+00   1.4433348e+00
   7.3900000e+02   2.7480217e+00   1.4422126e+00
   7.4000000e+02   2.7476351e+00   1.4417579e+00
   7.4100000e+02   2.7485261e+00   1.4408341e+00
   7.4200000e+02   2.7490722e+00   1.4398365e+00
   7.4300000e+02   2.7496811e+00   1.4387509e+00
   7.4400000e+02   2.7503119e+00   1.4377683e+00
   7.4500000e+02   2.7506256e+00   1.4376963e+00
   7.4600000e+02   2.7497924e+00   1.4366120e+00
   7.4700000e+02   2.7490415e+00   1.4349620e+00
   7.4800000e+02   2.7474626e+00   1.4344337e+00
   7.4900000e+02   2.7459946e+00   1.4337868e+00
   7.5000000e+02   2.7446227e+00   1.4331288e+00
   7.5100000e+02   2.7430136e+00   1.4322674e+00
   7.5200000e+02   2.7418616e+00   1.4317820e+00
   7.5300000e+02   2.7408826e+00   1.4312484e+00
   7.5400000e+02   2.7397346e+00   1.4306156e+00
   7.5500000e+02   2.7389009e+00   1.4301121e+00
   7.5600000e+02   2.7383009e+00   1.4295339e+00
   7.5700000e+02   2.7380210e+00   1.4307041e+00
   7.5800000e+02   2.7376742e+00   1.4292170e+00
   7.5900000e+02   2.7377991e+00   1.4280352e+00
   7.6000000e+02   2.7373132e+00   1.4273291e+00
   7.6100000e+02   2.7372041e+00   1.4263265e+00
   7.6200000e+02   2.7368759e+00   1.4249869e+00
   7.6300000e+02   2.7362136e+00   1.4236947e+00
   7.6400000e+02   2.7350691e+00   1.4223324e+00
   7.6500000e+02   2.7339309e+00   1.4206306e+00
   7.6600000e+02   2.7333598e+00   1.4186131e+00
   7.6700000e+02   2.7323770e+00   1.4165022e+00
   7.6800000e+02   2.7321896e+00   1.4137688e+00
   7.6900000e+02   2.7325225e+00   1.4115031e+00
   7.7000000e+02   2.7300681e+00   1.4087873e+00
   7.7100000e+02   2.7273213e+00   1.4061713e+00
   7.7200000e+02   2.7224401e+00   1.4034052e+00
   7.7300000e+02   2.7159310e+00   1.4010276e+00
   7.7400000e+02   2.7091697e+00   1.3986806e+00
   7.7500000e+02   2.7013799e+00   1.3962235e+00
   7.7600000e+02   2.6946053e+00   1.3931588e+00
   7.7700000e+02   2.6875212e+00   1.3908329e+00
   7.7800000e+02   2.6812095e+00   1.3884578e+00
   7.7900000e+02   2.6747264e+00   1.3869342e+00
   7.8000000e+02   2.6685195e+00   1.3859790e+00
   7.8100000e+02   2.6591378e+00   1.3868956e+00
   7.8200000e+02   2.6522138e+00   1.3891511e+00
   7.8300000e+02   2.6454268e+00   1.3925102e+00
   7.8400000e+02   2.6372239e+00   1.3971636e+00
   7.8500000e+02   2.6290041e+00   1.4016610e+00
   7.8600000e+02   2.6198684e+00   1.4074632e+00
   7.8700000e+02   2.6107942e+00   1.4142803e+00
   7.8800000e+02   2.6018597e+00   1.4213278e+00
   7.8900000e+02   2.5937950e+00   1.4288100e+00
   7.9000000e+02   2.5865302e+00   1.4361139e+00
   7.9100000e+02   2.5793909e+00   1.4429481e+00
   7.9200000e+02   2.5734161e+00   1.4486256e+00
   7.9300000e+02   2.5690572e+00   1.4531087e+00
   7.9400000e+02   2.5647195e+00   1.4577120e+00
   7.9500000e+02   2.5598505e+00   1.4616639e+00
   7.9600000e+02   2.5562135e+00   1.4661503e+00
   7.9700000e+02   2.5525026e+00   1.4697892e+00
   7.9800000e+02   2.5493865e+00   1.4731622e+00
   7.9900000e+02   2.5465504e+00   1.4759979e+00
   8.0000000e+02   2.5436289e+00   1.4784108e+00
   8.0100000e+02   2.5410325e+00   1.4809449e+00
   8.0200000e+02   2.5391262e+00   1.4824934e+00
   8.0300000e+02   2.5380941e+00   1.4839181e+00
   8.0400000e+02   2.5366798e+00   1.4844218e+00
   8.0500000e+02   2.5351165e+00   1.4844666e+00
   8.0600000e+02   2.5337376e+00   1.4833820e+00
   8.0700000e+02   2.5316991e+00   1.4819351e+00
   8.0800000e+02   2.5295467e+00   1.4804763e+00
   8.0900000e+02   2.5265458e+00   1.4787677e+00
   8.1000000e+02   2.5233373e+00   1.4781241e+00
   8.1100000e+02   2.5191825e+00   1.4767624e+00
   8.1200000e+02   2.5156693e+00   1.4756039e+00
   8.1300000e+02   2.5126216e+00   1.4746293e+00
   8.1400000e+02   2.5104597e+00   1.4731956e+00
   8.1500000e+02   2.5079537e+00   1.4719177e+00
   8.1600000e+02   2.5063323e+00   1.4704409e+00
   8.1700000e+02   2.5042097e+00   1.4701662e+00
   8.1800000e+02   2.5029913e+00   1.4690052e+00
   8.1900000e+02   2.5010816e+00   1.4671851e+00
   8.2000000e+02   2.5006098e+00   1.4662910e+00
   8.2100000e+02   2.4997123e+00   1.4653051e+00
   8.2200000e+02   2.5002882e+00   1.4640753e+00
   8.2300000e+02   2.5009977e+00   1.4631022e+00
   8.2400000e+02   2.5021552e+00   1.4626467e+00
   8.2500000e+02   2.5028668e+00   1.4620012e+00
   8.2600000e+02   2.5038999e+00   1.4618078e+00
   8.2700000e+02   2.5049267e+00   1.4611812e+00
   8.2800000e+02   2.5057486e+00   1.4607175e+00
   8.2900000e+02   2.5066082e+00   1.4617098e+00
   8.3000000e+02   2.5076464e+00   1.4605640e+00
   8.3100000e+02   2.5095285e+00   1.4599558e+00
   8.3200000e+02   2.5103300e+00   1.4594691e+00
   8.3300000e+02   2.5117994e+00   1.4591609e+00
   8.3400000e+02   2.5120139e+00   1.4589825e+00
   8.3500000e+02   2.5118958e+00   1.4592356e+00
   8.3600000e+02   2.5119826e+00   1.4593195e+00
   8.3700000e+02   2.5121403e+00   1.4595272e+00
   8.3800000e+02   2.5110365e+00   1.4599031e+00
   8.3900000e+02   2.5106454e+00   1.4598723e+00
   8.4000000e+02   2.5099279e+00   1.4598809e+00
   8.4100000e+02   2.5082340e+00   1.4609983e+00
   8.4200000e+02   2.5078284e+00   1.4597074e+00
   8.4300000e+02   2.5072215e+00   1.4597815e+00
   8.4400000e+02   2.5066385e+00   1.4598493e+00
   8.4500000e+02   2.5063636e+00   1.4592302e+00
   8.4600000e+02   2.5054825e+00   1.4589607e+00
   8.4700000e+02   2.5051029e+00   1.4583771e+00
   8.4800000e+02   2.5052827e+00   1.4581560e+00
   8.4900000e+02   2.5049539e+00   1.4579933e+00
   8.5000000e+02   2.5047874e+00   1.4580536e+00
   8.5100000e+02   2.5054715e+00   1.4571571e+00
   8.5200000e+02   2.5053943e+00   1.4566153e+00
   8.5300000e+02   2.5071156e+00   1.4566369e+00
   8.5400000e+02   2.5077715e+00   1.4552719e+00
   8.5500000e+02   2.5078511e+00   1.4542809e+00
   8.5600000e+02   2.5083487e+00   1.4528858e+00
   8.5700000e+02   2.5086680e+00   1.4522094e+00
   8.5800000e+02   2.5095813e+00   1.4514880e+00
   8.5900000e+02   2.5102790e+00   1.4508485e+00
   8.6000000e+02   2.5110977e+00   1.4500340e+00
   8.6100000e+02   2.5122334e+00   1.4496012e+00
   8.6200000e+02   2.5139016e+00   1.4491373e+00
   8.6300000e+02   2.5164419e+00   1.4493196e+00
   8.6400000e+02   2.5188674e+00   1.4497994e+00
   8.6500000e+02   2.5217956e+00   1.4506205e+00
   8.6600000e+02   2.5238525e+00   1.4519103e+00
   8.6700000e+02   2.5270405e+00   1.4529328e+00
   8.6800000e+02   2.5290441e+00   1.4546074e+00
   8.6900000e+02   2.5320903e+00   1.4559827e+00
   8.7000000e+02   2.5329361e+00   1.4579204e+00
   8.7100000e+02   2.5343620e+00   1.4594900e+00
   8.7200000e+02   2.5349304e+00   1.4610120e+00
   8.7300000e+02   2.5346251e+00   1.4621633e+00
   8.7400000e+02   2.5338436e+00   1.4625842e+00
   8.7500000e+02   2.5323114e+00   1.4623720e+00
   8.7600000e+02   2.5299358e+00   1.4609006e+00
   8.7700000e+02   2.5282908e+00   1.4604055e+00
   8.7800000e+02   2.5253459e+00   1.4573879e+00
   8.7900000e+02   2.5213727e+00   1.4527201e+00
   8.8000000e+02   2.5175853e+00   1.4477535e+00
   8.8100000e+02   2.5136796e+00   1.4412103e+00
   8.8200000e+02   2.5101913e+00   1.4339232e+00
   8.8300000e+02   2.5076007e+00   1.4250069e+00
   8.8400000e+02   2.5060810e+00   1.4166882e+00
   8.8500000e+02   2.5061026e+00   1.4077721e+00
   8.8600000e+02   2.5077773e+00   1.3992009e+00
   8.8700000e+02   2.5114100e+00   1.3911887e+00
   8.8800000e+02   2.5161120e+00   1.3835076e+00
   8.8900000e+02   2.5239708e+00   1.3755581e+00
   8.9000000e+02   2.5294335e+00   1.3697705e+00
   8.9100000e+02   2.5362815e+00   1.3644136e+00
   8.9200000e+02   2.5414718e+00   1.3599110e+00
   8.9300000e+02   2.5441465e+00   1.3553448e+00
   8.9400000e+02   2.5458653e+00   1.3504379e+00
   8.9500000e+02   2.5461569e+00   1.3455623e+00
   8.9600000e+02   2.5456904e+00   1.3409908e+00
   8.9700000e+02   2.5441966e+00   1.3369871e+00
   8.9800000e+02   2.5425614e+00   1.3324921e+00
   8.9900000e+02   2.5410355e+00   1.3280702e+00
   9.0000000e+02   2.5395055e+00   1.3236131e+00
   9.0100000e+02   2.5377429e+00   1.3190990e+00
   9.0200000e+02   2.5346664e+00   1.3148281e+00
   9.0300000e+02   2.5299610e+00   1.3096390e+00
   9.0400000e+02   2.5243588e+00   1.3048767e+00
   9.0500000e+02   2.5172541e+00   1.2998259e+00
   9.0600000e+02   2.5095078e+00   1.2945955e+00
   9.0700000e+02   2.5004891e+00   1.2901760e+00
   9.0800000e+02   2.4922192e+00   1.2871121e+00
   9.0900000e+02   2.4848248e+00   1.2836606e+00
   9.1000000e+02   2.4782477e+00   1.2817554e+00
   9.1100000e+02   2.4724941e+00   1.2794397e+00
   9.1200000e+02   2.4679612e+00   1.2782264e+00
   9.1300000e+02   2.4637575e+00   1.2757459e+00
   9.1400000e+02   2.4612251e+00   1.2747664e+00
   9.1500000e+02   2.4587443e+00   1.2728415e+00
   9.1600000e+02   2.4571843e+00   1.2716772e+00
   9.1700000e+02   2.4550587e+00   1.2701839e+00
   9.1800000e+02   2.4533276e+00   1.2691080e+00
   9.1900000e+02   2.4515750e+00   1.2682252e+00
   9.2000000e+02   2.4499931e+00   1.2668192e+00
   9.2100000e+02   2.4483520e+00   1.2658240e+00
   9.2200000e+02   2.4463279e+00   1.2649246e+00
   9.2300000e+02   2.4440162e+00   1.2640529e+00
   9.2400000e+02   2.4420327e+00   1.2632880e+00
   9.2500000e+02   2.4394758e+00   1.2627670e+00
   9.2600000e+02   2.4350638e+00   1.2620808e+00
   9.2700000e+02   2.4318946e+00   1.2615665e+00
   9.2800000e+02   2.4271770e+00   1.2614594e+00
   9.2900000e+02   2.4224990e+00   1.2611867e+00
   9.3000000e+02   2.4179263e+00   1.2621979e+00
   9.3100000e+02   2.4129360e+00   1.2634686e+00
   9.3200000e+02   2.4082054e+00   1.2647697e+00
   9.3300000e+02   2.4021245e+00   1.2669188e+00
   9.3400000e+02   2.3962508e+00   1.2700473e+00
   9.3500000e+02   2.3901727e+00   1.2735819e+00
   9.3600000e+02   2.3838361e+00   1.2779008e+00
   9.3700000e+02   2.3765782e+00   1.2829446e+00
   9.3800000e+02   2.3696143e+00   1.2879657e+00
   9.3900000e+02   2.3628111e+00   1.2928242e+00
   9.4000000e+02   2.3561871e+00   1.2987085e+00
   9.4100000e+02   2.3500582e+00   1.3049071e+00
   9.4200000e+02   2.3443617e+00   1.3112812e+00
   9.4300000e+02   2.3389206e+00   1.3170076e+00
   9.4400000e+02   2.3333662e+00   1.3230637e+00
   9.4500000e+02   2.3288562e+00   1.3292192e+00
   9.4600000e+02   2.3246997e+00   1.3351152e+00
   9.4700000e+02   2.3214926e+00   1.3407599e+00
   9.4800000e+02   2.3185405e+00   1.3468751e+00
   9.4900000e+02   2.3155920e+00   1.3527404e+00
   9.5000000e+02   2.3149786e+00   1.3578153e+00
   9.5100000e+02   2.3134967e+00   1.3627227e+00
   9.5200000e+02   2.3127832e+00   1.3671512e+00
   9.5300000e+02   2.3113832e+00   1.3714817e+00
   9.5400000e+02   2.3099567e+00   1.3751091e+00
   9.5500000e+02   2.3081501e+00   1.3779526e+00
   9.5600000e+02   2.3061538e+00   1.3796523e+00
   9.5700000e+02   2.3040948e+00   1.3809642e+00
   9.5800000e+02   2.3021342e+00   1.3810212e+00
   9.5900000e+02   2.3011569e+00   1.3798092e+00
   9.6000000e+02   2.3004946e+00   1.3780978e+00
   9.6100000e+02   2.3021697e+00   1.3746196e+00
   9.6200000e+02   2.3033681e+00   1.3705963e+00
   9.6300000e+02   2.3047165e+00   1.3668089e+00
   9.6400000e+02   2.3060146e+00   1.3620543e+00
   9.6500000e+02   2.3072041e+00   1.3563571e+00
   9.6600000e+02   2.3097267e+00   1.3501798e+00
   9.6700000e+02   2.3111362e+00   1.3434263e+00
   9.6800000e+02   2.3115681e+00   1.3363620e+00
   9.6900000e+02   2.3144429e+00   1.3284175e+00
   9.7000000e+02   2.3141137e+00   1.3203441e+00
   9.7100000e+02   2.3149102e+00   1.3125246e+00
   9.7200000e+02   2.3152596e+00   1.3043461e+00
   9.7300000e+02   2.3174112e+00   1.2958382e+00
   9.7400000e+02   2.3165862e+00   1.2892822e+00
   9.7500000e+02   2.3152605e+00   1.2826218e+00
   9.7600000e+02   2.3128939e+00   1.2762804e+00
   9.7700000e+02   2.3108158e+00   1.2704895e+00
   9.7800000e+02   2.3076393e+00   1.2651772e+00
   9.7900000e+02   2.3052726e+00   1.2599675e+00
   9.8000000e+02   2.3024983e+00   1.2551838e+00
   9.8100000e+02   2.3006538e+00   1.2506578e+00
   9.8200000e+02   2.2975570e+00   1.2463181e+00
   9.8300000e+02   2.2955594e+00   1.2425317e+00
   9.8400000e+02   2.2931922e+00   1.2396114e+00
   9.8500000e+02   2.2926329e+00   1.2372249e+00
   9.8600000e+02   2.2905918e+00   1.2347523e+00
   9.8700000e+02   2.2890627e+00   1.2331682e+00
   9.8800000e+02   2.2877650e+00   1.2317861e+00
   9.8900000e+02   2.2870578e+00   1.2307613e+00
   9.9000000e+02   2.2858885e+00   1.2294717e+00
   9.9100000e+02   2.2845177e+00   1.2280044e+00
   9.9200000e+02   2.2829273e+00   1.2264789e+00
   9.9300000e+02   2.2811885e+00   1.2250919e+00
   9.9400000e+02   2.2791492e+00   1.2237831e+00
   9.9500000e+02   2.2778092e+00   1.2229778e+00
   9.9600000e+02   2.2764160e+00   1.2221515e+00
   9.9700000e+02   2.2767980e+00   1.2213633e+00
   9.9800000e+02   2.2755541e+00   1.2197884e+00
   9.9900000e+02   2.2741745e+00   1.2175448e+00
   1.0000000e+03   2.2734519e+00   1.2157833e+00
   1.0010000e+03   2.2727943e+00   1.2129420e+00
   1.0020000e+03   2.2720714e+00   1.2097449e+00
   1.0030000e+03   2.2713336e+00   1.2064607e+00
   1.0040000e+03   2.2710573e+00   1.2027470e+00
   1.0050000e+03   2.2698772e+00   1.1984151e+00
   1.0060000e+03   2.2686534e+00   1.1948112e+00
   1.0070000e+03   2.2676956e+00   1.1911429e+00
   1.0080000e+03   2.2658606e+00   1.1876255e+00
   1.0090000e+03   2.2653752e+00   1.1852585e+00
   1.0100000e+03   2.2640336e+00   1.1798847e+00
   1.0110000e+03   2.2625451e+00   1.1753726e+00
   1.0120000e+03   2.2608645e+00   1.1709872e+00
   1.0130000e+03   2.2595113e+00   1.1667602e+00
   1.0140000e+03   2.2582419e+00   1.1622650e+00
   1.0150000e+03   2.2569170e+00   1.1574199e+00
   1.0160000e+03   2.2557292e+00   1.1527879e+00
   1.0170000e+03   2.2541193e+00   1.1479263e+00
   1.0180000e+03   2.2522299e+00   1.1426674e+00
   1.0190000e+03   2.2503184e+00   1.1374912e+00
   1.0200000e+03   2.2488451e+00   1.1323517e+00
   1.0210000e+03   2.2473270e+00   1.1273578e+00
   1.0220000e+03   2.2452996e+00   1.1238083e+00
   1.0230000e+03   2.2442168e+00   1.1207645e+00
   1.0240000e+03   2.2416242e+00   1.1187808e+00
   1.0250000e+03   2.2381763e+00   1.1165999e+00
   1.0260000e+03   2.2339670e+00   1.1151695e+00
   1.0270000e+03   2.2294339e+00   1.1141192e+00
   1.0280000e+03   2.2243146e+00   1.1145873e+00
   1.0290000e+03   2.2181100e+00   1.1153795e+00
   1.0300000e+03   2.2109127e+00   1.1179064e+00
   1.0310000e+03   2.2037668e+00   1.1202917e+00
   1.0320000e+03   2.1957680e+00   1.1240994e+00
   1.0330000e+03   2.1874540e+00   1.1278549e+00
   1.0340000e+03   2.1785310e+00   1.1326435e+00
   1.0350000e+03   2.1698348e+00   1.1383614e+00
   1.0360000e+03   2.1607830e+00   1.1429738e+00
   1.0370000e+03   2.1524597e+00   1.1479452e+00
   1.0380000e+03   2.1449358e+00   1.1533194e+00
   1.0390000e+03   2.1359719e+00   1.1585443e+00
   1.0400000e+03   2.1283004e+00   1.1624111e+00
   1.0410000e+03   2.1201777e+00   1.1668020e+00
   1.0420000e+03   2.1127143e+00   1.1703907e+00
   1.0430000e+03   2.1046498e+00   1.1740114e+00
   1.0440000e+03   2.0965031e+00   1.1766777e+00
   1.0450000e+03   2.0884841e+00   1.1782849e+00
   1.0460000e+03   2.0806109e+00   1.1803776e+00
   1.0470000e+03   2.0737000e+00   1.1816538e+00
   1.0480000e+03   2.0676099e+00   1.1818735e+00
   1.0490000e+03   2.0638165e+00   1.1809778e+00
   1.0500000e+03   2.0603013e+00   1.1792901e+00
   1.0510000e+03   2.0583003e+00   1.1784905e+00
   1.0520000e+03   2.0569159e+00   1.1768695e+00
   1.0530000e+03   2.0562232e+00   1.1753771e+00
   1.0540000e+03   2.0547192e+00   1.1736882e+00
   1.0550000e+03   2.0532863e+00   1.1713734e+00
   1.0560000e+03   2.0508331e+00   1.1693913e+00
   1.0570000e+03   2.0491798e+00   1.1681946e+00
   1.0580000e+03   2.0474125e+00   1.1667790e+00
   1.0590000e+03   2.0460626e+00   1.1649703e+00
   1.0600000e+03   2.0446326e+00   1.1615282e+00
   1.0610000e+03   2.0432276e+00   1.1585986e+00
   1.0620000e+03   2.0420627e+00   1.1564303e+00
   1.0630000e+03   2.0408770e+00   1.1541172e+00
   1.0640000e+03   2.0395603e+00   1.1501069e+00
   1.0650000e+03   2.0380201e+00   1.1457470e+00
   1.0660000e+03   2.0360524e+00   1.1412403e+00
   1.0670000e+03   2.0348891e+00   1.1377202e+00
   1.0680000e+03   2.0343283e+00   1.1345715e+00
   1.0690000e+03   2.0342900e+00   1.1321122e+00
   1.0700000e+03   2.0335192e+00   1.1268102e+00
   1.0710000e+03   2.0325495e+00   1.1221732e+00
   1.0720000e+03   2.0317116e+00   1.1181288e+00
   1.0730000e+03   2.0317089e+00   1.1150692e+00
   1.0740000e+03   2.0325054e+00   1.1116180e+00
   1.0750000e+03   2.0326707e+00   1.1077345e+00
   1.0760000e+03   2.0330127e+00   1.1033459e+00
   1.0770000e+03   2.0336715e+00   1.0993838e+00
   1.0780000e+03   2.0351659e+00   1.0956738e+00
   1.0790000e+03   2.0364925e+00   1.0921463e+00
   1.0800000e+03   2.0378681e+00   1.0881084e+00
   1.0810000e+03   2.0391884e+00   1.0837760e+00
   1.0820000e+03   2.0398527e+00   1.0791974e+00
   1.0830000e+03   2.0402423e+00   1.0746969e+00
   1.0840000e+03   2.0401577e+00   1.0702408e+00
   1.0850000e+03   2.0401496e+00   1.0664497e+00
   1.0860000e+03   2.0404236e+00   1.0618562e+00
   1.0870000e+03   2.0405418e+00   1.0576836e+00
   1.0880000e+03   2.0404210e+00   1.0531887e+00
   1.0890000e+03   2.0400890e+00   1.0490099e+00
   1.0900000e+03   2.0407205e+00   1.0442785e+00
   1.0910000e+03   2.0404289e+00   1.0403754e+00
   1.0920000e+03   2.0406778e+00   1.0363826e+00
   1.0930000e+03   2.0421898e+00   1.0326366e+00
   1.0940000e+03   2.0425177e+00   1.0285603e+00
   1.0950000e+03   2.0423021e+00   1.0235988e+00
   1.0960000e+03   2.0432937e+00   1.0186767e+00
   1.0970000e+03   2.0444554e+00   1.0133908e+00
   1.0980000e+03   2.0456545e+00   1.0071935e+00
   1.0990000e+03   2.0457983e+00   1.0009444e+00
   1.1000000e+03   2.0464537e+00   9.9496734e-01
   1.1010000e+03   2.0467208e+00   9.8882022e-01
   1.1020000e+03   2.0464675e+00   9.8245830e-01
   1.1030000e+03   2.0466365e+00   9.7620713e-01
   1.1040000e+03   2.0464542e+00   9.7060498e-01
   1.1050000e+03   2.0476475e+00   9.6563771e-01
   1.1060000e+03   2.0464196e+00   9.5995185e-01
   1.1070000e+03   2.0455548e+00   9.5435443e-01
   1.1080000e+03   2.0437919e+00   9.4946155e-01
   1.1090000e+03   2.0420855e+00   9.4508793e-01
   1.1100000e+03   2.0392673e+00   9.3981243e-01
   1.1110000e+03   2.0355060e+00   9.3575448e-01
   1.1120000e+03   2.0311416e+00   9.3170944e-01
   1.1130000e+03   2.0267326e+00   9.2801352e-01
   1.1140000e+03   2.0217110e+00   9.2561657e-01
   1.1150000e+03   2.0164911e+00   9.2351346e-01
   1.1160000e+03   2.0099963e+00   9.2220884e-01
   1.1170000e+03   2.0028274e+00   9.2221867e-01
   1.1180000e+03   1.9957130e+00   9.2294784e-01
   1.1190000e+03   1.9878455e+00   9.2449630e-01
   1.1200000e+03   1.9807564e+00   9.2630664e-01
   1.1210000e+03   1.9726133e+00   9.2830876e-01
   1.1220000e+03   1.9657051e+00   9.3158955e-01
   1.1230000e+03   1.9572272e+00   9.3467177e-01
   1.1240000e+03   1.9495606e+00   9.3906625e-01
   1.1250000e+03   1.9408535e+00   9.4317330e-01
   1.1260000e+03   1.9320787e+00   9.4791042e-01
   1.1270000e+03   1.9229861e+00   9.5176000e-01
   1.1280000e+03   1.9135518e+00   9.5652715e-01
   1.1290000e+03   1.9026033e+00   9.6010792e-01
   1.1300000e+03   1.8947748e+00   9.6532977e-01
   1.1310000e+03   1.8849730e+00   9.7027090e-01
   1.1320000e+03   1.8754751e+00   9.7570554e-01
   1.1330000e+03   1.8658200e+00   9.8082390e-01
   1.1340000e+03   1.8563229e+00   9.8580372e-01
   1.1350000e+03   1.8461450e+00   9.9061163e-01
   1.1360000e+03   1.8365066e+00   9.9485289e-01
   1.1370000e+03   1.8274158e+00   9.9815731e-01
   1.1380000e+03   1.8198546e+00   1.0011403e+00
   1.1390000e+03   1.8129930e+00   1.0025232e+00
   1.1400000e+03   1.8089591e+00   1.0024101e+00
   1.1410000e+03   1.8059541e+00   1.0011937e+00
   1.1420000e+03   1.8042113e+00   9.9891806e-01
   1.1430000e+03   1.8025915e+00   9.9571935e-01
   1.1440000e+03   1.8030910e+00   9.9177063e-01
   1.1450000e+03   1.8030794e+00   9.8701283e-01
   1.1460000e+03   1.8030107e+00   9.8288027e-01
   1.1470000e+03   1.8028013e+00   9.7895895e-01
   1.1480000e+03   1.8023401e+00   9.7495545e-01
   1.1490000e+03   1.8019539e+00   9.7110830e-01
   1.1500000e+03   1.8021698e+00   9.6710863e-01
   1.1510000e+03   1.8016277e+00   9.6322115e-01
   1.1520000e+03   1.8016348e+00   9.5983723e-01
   1.1530000e+03   1.8030689e+00   9.5618166e-01
   1.1540000e+03   1.8023258e+00   9.5230589e-01
   1.1550000e+03   1.8032352e+00   9.4904429e-01
   1.1560000e+03   1.8037645e+00   9.4528970e-01
   1.1570000e+03   1.8048625e+00   9.4172577e-01
   1.1580000e+03   1.8057716e+00   9.3817222e-01
   1.1590000e+03   1.8066724e+00   9.3530347e-01
   1.1600000e+03   1.8072259e+00   9.3190026e-01
   1.1610000e+03   1.8073685e+00   9.2895930e-01
   1.1620000e+03   1.8072323e+00   9.2562831e-01
   1.1630000e+03   1.8074718e+00   9.2221032e-01
   1.1640000e+03   1.8069430e+00   9.1937805e-01
   1.1650000e+03   1.8063695e+00   9.1652927e-01
   1.1660000e+03   1.8062842e+00   9.1384745e-01
   1.1670000e+03   1.8055115e+00   9.1093297e-01
   1.1680000e+03   1.8045960e+00   9.0825457e-01
   1.1690000e+03   1.8030466e+00   9.0563310e-01
   1.1700000e+03   1.8015611e+00   9.0334987e-01
   1.1710000e+03   1.8003602e+00   9.0093920e-01
   1.1720000e+03   1.7994212e+00   8.9834021e-01
   1.1730000e+03   1.7987792e+00   8.9635686e-01
   1.1740000e+03   1.7980812e+00   8.9384131e-01
   1.1750000e+03   1.7976398e+00   8.9119846e-01
   1.1760000e+03   1.7968237e+00   8.8893254e-01
   1.1770000e+03   1.7973737e+00   8.8593498e-01
   1.1780000e+03   1.7968896e+00   8.8323884e-01
   1.1790000e+03   1.7958902e+00   8.8031944e-01
   1.1800000e+03   1.7951317e+00   8.7822227e-01
   1.1810000e+03   1.7948280e+00   8.7510772e-01
   1.1820000e+03   1.7940644e+00   8.7234035e-01
   1.1830000e+03   1.7933403e+00   8.6950390e-01
   1.1840000e+03   1.7919028e+00   8.6641533e-01
   1.1850000e+03   1.7905058e+00   8.6313401e-01
   1.1860000e+03   1.7891846e+00   8.6006115e-01
   1.1870000e+03   1.7874908e+00   8.5747077e-01
   1.1880000e+03   1.7849986e+00   8.5498788e-01
   1.1890000e+03   1.7819388e+00   8.5065015e-01
   1.1900000e+03   1.7776771e+00   8.4892582e-01
   1.1910000e+03   1.7733073e+00   8.4649399e-01
   1.1920000e+03   1.7688527e+00   8.4391178e-01
   1.1930000e+03   1.7645220e+00   8.4155910e-01
   1.1940000e+03   1.7603918e+00   8.3915590e-01
   1.1950000e+03   1.7563957e+00   8.3777757e-01
   1.1960000e+03   1.7520176e+00   8.3660552e-01
   1.1970000e+03   1.7480262e+00   8.3803005e-01
   1.1980000e+03   1.7440489e+00   8.4021445e-01
   1.1990000e+03   1.7395854e+00   8.4326045e-01
   1.2000000e+03   1.7357910e+00   8.4718870e-01
   1.2010000e+03   1.7300526e+00   8.5144071e-01
   1.2020000e+03   1.7246336e+00   8.5591510e-01
   1.2030000e+03   1.7183701e+00   8.6135975e-01
   1.2040000e+03   1.7108431e+00   8.6674471e-01
   1.2050000e+03   1.7035714e+00   8.7215983e-01
   1.2060000e+03   1.6965277e+00   8.7751694e-01
   1.2070000e+03   1.6887233e+00   8.8363351e-01
   1.2080000e+03   1.6815107e+00   8.8958689e-01
   1.2090000e+03   1.6733210e+00   8.9602796e-01
   1.2100000e+03   1.6662658e+00   9.0216003e-01
   1.2110000e+03   1.6589861e+00   9.0886989e-01
   1.2120000e+03   1.6521435e+00   9.1496997e-01
   1.2130000e+03   1.6453016e+00   9.2123167e-01
   1.2140000e+03   1.6382887e+00   9.2731951e-01
   1.2150000e+03   1.6321740e+00   9.3267610e-01
   1.2160000e+03   1.6263159e+00   9.3815012e-01
   1.2170000e+03   1.6210425e+00   9.4328400e-01
   1.2180000e+03   1.6153965e+00   9.4810590e-01
   1.2190000e+03   1.6100106e+00   9.5270743e-01
   1.2200000e+03   1.6041746e+00   9.5706309e-01
   1.2210000e+03   1.5983053e+00   9.6153233e-01
   1.2220000e+03   1.5923649e+00   9.6507131e-01
   1.2230000e+03   1.5861276e+00   9.6805766e-01
   1.2240000e+03   1.5798161e+00   9.7060416e-01
   1.2250000e+03   1.5739489e+00   9.7315486e-01
   1.2260000e+03   1.5675425e+00   9.7478203e-01
   1.2270000e+03   1.5614992e+00   9.7753231e-01
   1.2280000e+03   1.5554625e+00   9.7921413e-01
   1.2290000e+03   1.5493529e+00   9.8090065e-01
   1.2300000e+03   1.5433168e+00   9.8230345e-01
   1.2310000e+03   1.5378461e+00   9.8250539e-01
   1.2320000e+03   1.5325053e+00   9.8196876e-01
   1.2330000e+03   1.5275805e+00   9.7994814e-01
   1.2340000e+03   1.5228789e+00   9.7724479e-01
   1.2350000e+03   1.5183147e+00   9.7330720e-01
   1.2360000e+03   1.5135608e+00   9.6884766e-01
   1.2370000e+03   1.5089749e+00   9.6225320e-01
   1.2380000e+03   1.5044822e+00   9.5558350e-01
   1.2390000e+03   1.4996686e+00   9.4806698e-01
   1.2400000e+03   1.4949004e+00   9.4005711e-01
   1.2410000e+03   1.4905299e+00   9.3055653e-01
   1.2420000e+03   1.4866706e+00   9.1986680e-01
   1.2430000e+03   1.4827054e+00   9.0862001e-01
   1.2440000e+03   1.4780574e+00   8.9765996e-01
   1.2450000e+03   1.4732077e+00   8.8715094e-01
   1.2460000e+03   1.4675210e+00   8.7572002e-01
   1.2470000e+03   1.4607510e+00   8.6435823e-01
   1.2480000e+03   1.4548320e+00   8.5336576e-01
   1.2490000e+03   1.4489934e+00   8.4438477e-01
   1.2500000e+03   1.4423193e+00   8.3391099e-01
   1.2510000e+03   1.4349727e+00   8.2471906e-01
   1.2520000e+03   1.4273689e+00   8.1625960e-01
   1.2530000e+03   1.4199360e+00   8.0874133e-01
   1.2540000e+03   1.4120412e+00   8.0224513e-01
   1.2550000e+03   1.4037348e+00   7.9683776e-01
   1.2560000e+03   1.3955903e+00   7.9213433e-01
   1.2570000e+03   1.3877182e+00   7.8852700e-01
   1.2580000e+03   1.3801477e+00   7.8599269e-01
   1.2590000e+03   1.3723624e+00   7.8491431e-01
   1.2600000e+03   1.3652793e+00   7.8374542e-01
   1.2610000e+03   1.3586725e+00   7.8469124e-01
   1.2620000e+03   1.3534859e+00   7.8598755e-01
   1.2630000e+03   1.3485036e+00   7.8817137e-01
   1.2640000e+03   1.3444891e+00   7.9156299e-01
   1.2650000e+03   1.3414601e+00   7.9538421e-01
   1.2660000e+03   1.3399019e+00   7.9940334e-01
   1.2670000e+03   1.3377654e+00   8.0270767e-01
   1.2680000e+03   1.3361291e+00   8.0568863e-01
   1.2690000e+03   1.3343244e+00   8.0890492e-01
   1.2700000e+03   1.3324144e+00   8.1143682e-01
   1.2710000e+03   1.3299896e+00   8.1404509e-01
   1.2720000e+03   1.3269019e+00   8.1622088e-01
   1.2730000e+03   1.3238682e+00   8.1862435e-01
   1.2740000e+03   1.3199709e+00   8.2042931e-01
   1.2750000e+03   1.3157988e+00   8.2263147e-01
   1.2760000e+03   1.3123778e+00   8.2429588e-01
   1.2770000e+03   1.3087303e+00   8.2553564e-01
   1.2780000e+03   1.3049108e+00   8.2762373e-01
   1.2790000e+03   1.3017215e+00   8.2956142e-01
   1.2800000e+03   1.2984686e+00   8.3167730e-01
   1.2810000e+03   1.2948973e+00   8.3388022e-01
   1.2820000e+03   1.2905452e+00   8.3577007e-01
   1.2830000e+03   1.2867791e+00   8.3770153e-01
   1.2840000e+03   1.2829084e+00   8.3933081e-01
   1.2850000e+03   1.2798986e+00   8.4221354e-01
   1.2860000e+03   1.2758361e+00   8.4381167e-01
   1.2870000e+03   1.2720504e+00   8.4546564e-01
   1.2880000e+03   1.2687943e+00   8.4733048e-01
   1.2890000e+03   1.2653759e+00   8.4927978e-01
   1.2900000e+03   1.2619534e+00   8.5144327e-01
   1.2910000e+03   1.2586948e+00   8.5362224e-01
   1.2920000e+03   1.2556861e+00   8.5595300e-01
   1.2930000e+03   1.2528554e+00   8.5822773e-01
   1.2940000e+03   1.2496326e+00   8.5969299e-01
   1.2950000e+03   1.2467080e+00   8.6090703e-01
   1.2960000e+03   1.2436712e+00   8.6152736e-01
   1.2970000e+03   1.2408262e+00   8.6153397e-01
   1.2980000e+03   1.2371817e+00   8.6215177e-01
   1.2990000e+03   1.2332935e+00   8.6069949e-01
   1.3000000e+03   1.2286728e+00   8.5914977e-01
   1.3010000e+03   1.2239164e+00   8.5664186e-01
   1.3020000e+03   1.2182633e+00   8.5371984e-01
   1.3030000e+03   1.2117458e+00   8.4988502e-01
   1.3040000e+03   1.2045124e+00   8.4590398e-01
   1.3050000e+03   1.1969900e+00   8.4163583e-01
   1.3060000e+03   1.1890989e+00   8.3614784e-01
   1.3070000e+03   1.1805896e+00   8.3009648e-01
   1.3080000e+03   1.1727342e+00   8.2360176e-01
   1.3090000e+03   1.1645221e+00   8.1620908e-01
   1.3100000e+03   1.1559426e+00   8.0897031e-01
   1.3110000e+03   1.1492546e+00   8.0165901e-01
   1.3120000e+03   1.1417661e+00   7.9443123e-01
   1.3130000e+03   1.1346927e+00   7.8781940e-01
   1.3140000e+03   1.1273062e+00   7.8241793e-01
   1.3150000e+03   1.1193780e+00   7.7720960e-01
   1.3160000e+03   1.1112948e+00   7.7257981e-01
   1.3170000e+03   1.1028074e+00   7.6841909e-01
   1.3180000e+03   1.0940923e+00   7.6529200e-01
   1.3190000e+03   1.0852720e+00   7.6288456e-01
   1.3200000e+03   1.0751616e+00   7.6113076e-01
   1.3210000e+03   1.0631229e+00   7.6014208e-01
   1.3220000e+03   1.0513140e+00   7.5986448e-01
   1.3230000e+03   1.0386617e+00   7.5973398e-01
   1.3240000e+03   1.0245512e+00   7.5980100e-01
   1.3250000e+03   1.0103709e+00   7.6044346e-01
   1.3260000e+03   9.9639941e-01   7.6195296e-01
   1.3270000e+03   9.8108649e-01   7.6351107e-01
   1.3280000e+03   9.6828150e-01   7.6580638e-01
   1.3290000e+03   9.5535113e-01   7.6823332e-01
   1.3300000e+03   9.4310752e-01   7.7044121e-01
   1.3310000e+03   9.3133805e-01   7.7229924e-01
   1.3320000e+03   9.2075047e-01   7.7320556e-01
   1.3330000e+03   9.1223536e-01   7.7325024e-01
   1.3340000e+03   9.0395101e-01   7.7264186e-01
   1.3350000e+03   8.9775693e-01   7.7159601e-01
   1.3360000e+03   8.9148381e-01   7.7005836e-01
   1.3370000e+03   8.8644965e-01   7.6746349e-01
   1.3380000e+03   8.8175307e-01   7.6361233e-01
   1.3390000e+03   8.7677761e-01   7.5938876e-01
   1.3400000e+03   8.7240789e-01   7.5494025e-01
   1.3410000e+03   8.6794696e-01   7.5024133e-01
   1.3420000e+03   8.6368985e-01   7.4581916e-01
   1.3430000e+03   8.5881773e-01   7.4144843e-01
   1.3440000e+03   8.5419463e-01   7.3742871e-01
   1.3450000e+03   8.5055049e-01   7.3411955e-01
   1.3460000e+03   8.4631094e-01   7.3213195e-01
   1.3470000e+03   8.4207706e-01   7.3057572e-01
   1.3480000e+03   8.3798097e-01   7.2913270e-01
   1.3490000e+03   8.3254351e-01   7.2889334e-01
   1.3500000e+03   8.2605583e-01   7.2873030e-01
   1.3510000e+03   8.1891573e-01   7.2961841e-01
   1.3520000e+03   8.1111038e-01   7.3113063e-01
   1.3530000e+03   8.0283332e-01   7.3315192e-01
   1.3540000e+03   7.9349812e-01   7.3461405e-01
   1.3550000e+03   7.8442352e-01   7.3610627e-01
   1.3560000e+03   7.7591516e-01   7.3708507e-01
   1.3570000e+03   7.6798264e-01   7.3839340e-01
   1.3580000e+03   7.5838233e-01   7.3956744e-01
   1.3590000e+03   7.5044548e-01   7.3957201e-01
   1.3600000e+03   7.4209993e-01   7.3858348e-01
   1.3610000e+03   7.3388923e-01   7.3744830e-01
   1.3620000e+03   7.2576927e-01   7.3583112e-01
   1.3630000e+03   7.1825293e-01   7.3283545e-01
   1.3640000e+03   7.1105047e-01   7.2847768e-01
   1.3650000e+03   7.0442819e-01   7.2316959e-01
   1.3660000e+03   6.9866483e-01   7.1653019e-01
   1.3670000e+03   6.9382715e-01   7.0959319e-01
   1.3680000e+03   6.8862267e-01   7.0055482e-01
   1.3690000e+03   6.8429415e-01   6.9150099e-01
   1.3700000e+03   6.8063429e-01   6.8128690e-01
   1.3710000e+03   6.7687689e-01   6.7053372e-01
   1.3720000e+03   6.7316357e-01   6.5872530e-01
   1.3730000e+03   6.6958966e-01   6.4837207e-01
   1.3740000e+03   6.6368256e-01   6.3657830e-01
   1.3750000e+03   6.5624926e-01   6.2595851e-01
   1.3760000e+03   6.4714609e-01   6.1753135e-01
   1.3770000e+03   6.3589586e-01   6.0924909e-01
   1.3780000e+03   6.2359446e-01   6.0179146e-01
   1.3790000e+03   6.1145501e-01   5.9710526e-01
   1.3800000e+03   5.9787231e-01   5.9264928e-01
   1.3810000e+03   5.8213480e-01   5.8889162e-01
   1.3820000e+03   5.6512530e-01   5.8335454e-01
   1.3830000e+03   5.4660832e-01   5.7586338e-01
   1.3840000e+03   5.2614460e-01   5.6690887e-01
   1.3850000e+03   5.0704975e-01   5.5498481e-01
   1.3860000e+03   4.8654513e-01   5.4146085e-01
   1.3870000e+03   4.6594402e-01   5.2588333e-01
   1.3880000e+03   4.5002500e-01   5.1022023e-01
   1.3890000e+03   4.3450414e-01   4.9391089e-01
   1.3900000e+03   4.2035664e-01   4.7709472e-01
   1.3910000e+03   4.0604132e-01   4.5810873e-01
   1.3920000e+03   3.9638699e-01   4.4096677e-01
   1.3930000e+03   3.8653679e-01   4.2187163e-01
   1.3940000e+03   3.7712649e-01   4.0117603e-01
   1.3950000e+03   3.6801148e-01   3.7959590e-01
   1.3960000e+03   3.5740483e-01   3.5257290e-01
   1.3970000e+03   3.4586895e-01   3.2970680e-01
   1.3980000e+03   3.3548037e-01   3.0485160e-01
   1.3990000e+03   3.2531995e-01   2.8396894e-01
   1.4000000e+03   3.1399366e-01   2.5945395e-01
   1.4010000e+03   3.0347831e-01   2.3849246e-01
   1.4020000e+03   2.8745804e-01   2.0925960e-01
   1.4030000e+03   2.7876562e-01   1.8581604e-01
   1.4040000e+03   2.6364391e-01   1.5487217e-01
   1.4050000e+03   2.5288619e-01   1.2068431e-01
