   3.7500000e+02  -1.4440854e+00   1.0519639e+00
   3.7600000e+02  -1.4456930e+00   1.0529966e+00
   3.7700000e+02  -1.4471024e+00   1.0536207e+00
   3.7800000e+02  -1.4484793e+00   1.0543512e+00
   3.7900000e+02  -1.4502412e+00   1.0551177e+00
   3.8000000e+02  -1.4514686e+00   1.0560961e+00
   3.8100000e+02  -1.4532307e+00   1.0571584e+00
   3.8200000e+02  -1.4546295e+00   1.0587307e+00
   3.8300000e+02  -1.4564202e+00   1.0599036e+00
   3.8400000e+02  -1.4575895e+00   1.0612282e+00
   3.8500000e+02  -1.4581796e+00   1.0606261e+00
   3.8600000e+02  -1.4592833e+00   1.0619147e+00
   3.8700000e+02  -1.4590434e+00   1.0625151e+00
   3.8800000e+02  -1.4590783e+00   1.0631793e+00
   3.8900000e+02  -1.4595713e+00   1.0636790e+00
   3.9000000e+02  -1.4599559e+00   1.0644416e+00
   3.9100000e+02  -1.4604483e+00   1.0647472e+00
   3.9200000e+02  -1.4611751e+00   1.0655794e+00
   3.9300000e+02  -1.4618634e+00   1.0658582e+00
   3.9400000e+02  -1.4623189e+00   1.0665007e+00
   3.9500000e+02  -1.4624483e+00   1.0675634e+00
   3.9600000e+02  -1.4626763e+00   1.0684542e+00
   3.9700000e+02  -1.4621878e+00   1.0673629e+00
   3.9800000e+02  -1.4622271e+00   1.0683927e+00
   3.9900000e+02  -1.4619674e+00   1.0695741e+00
   4.0000000e+02  -1.4609426e+00   1.0702632e+00
   4.0100000e+02  -1.4608789e+00   1.0710963e+00
   4.0200000e+02  -1.4603192e+00   1.0723640e+00
   4.0300000e+02  -1.4595308e+00   1.0731793e+00
   4.0400000e+02  -1.4588734e+00   1.0741047e+00
   4.0500000e+02  -1.4583434e+00   1.0749338e+00
   4.0600000e+02  -1.4574949e+00   1.0758631e+00
   4.0700000e+02  -1.4566098e+00   1.0767880e+00
   4.0800000e+02  -1.4558923e+00   1.0772025e+00
   4.0900000e+02  -1.4562106e+00   1.0771342e+00
   4.1000000e+02  -1.4548037e+00   1.0778401e+00
   4.1100000e+02  -1.4544432e+00   1.0777736e+00
   4.1200000e+02  -1.4539569e+00   1.0774923e+00
   4.1300000e+02  -1.4534595e+00   1.0772839e+00
   4.1400000e+02  -1.4527299e+00   1.0773526e+00
   4.1500000e+02  -1.4527515e+00   1.0769885e+00
   4.1600000e+02  -1.4526277e+00   1.0766660e+00
   4.1700000e+02  -1.4526326e+00   1.0765993e+00
   4.1800000e+02  -1.4531223e+00   1.0764983e+00
   4.1900000e+02  -1.4536037e+00   1.0768540e+00
   4.2000000e+02  -1.4545574e+00   1.0769237e+00
   4.2100000e+02  -1.4560985e+00   1.0772318e+00
   4.2200000e+02  -1.4570646e+00   1.0772681e+00
   4.2300000e+02  -1.4581807e+00   1.0772855e+00
   4.2400000e+02  -1.4591968e+00   1.0774157e+00
   4.2500000e+02  -1.4599981e+00   1.0777136e+00
   4.2600000e+02  -1.4606245e+00   1.0787632e+00
   4.2700000e+02  -1.4613486e+00   1.0788993e+00
   4.2800000e+02  -1.4620142e+00   1.0794406e+00
   4.2900000e+02  -1.4624742e+00   1.0794945e+00
   4.3000000e+02  -1.4628314e+00   1.0796308e+00
   4.3100000e+02  -1.4630944e+00   1.0799511e+00
   4.3200000e+02  -1.4631607e+00   1.0798219e+00
   4.3300000e+02  -1.4621168e+00   1.0794128e+00
   4.3400000e+02  -1.4619752e+00   1.0792846e+00
   4.3500000e+02  -1.4609357e+00   1.0782870e+00
   4.3600000e+02  -1.4594482e+00   1.0782380e+00
   4.3700000e+02  -1.4583032e+00   1.0778780e+00
   4.3800000e+02  -1.4570174e+00   1.0778599e+00
   4.3900000e+02  -1.4564834e+00   1.0782568e+00
   4.4000000e+02  -1.4573303e+00   1.0779827e+00
   4.4100000e+02  -1.4590475e+00   1.0779290e+00
   4.4200000e+02  -1.4610170e+00   1.0763376e+00
   4.4300000e+02  -1.4632506e+00   1.0745446e+00
   4.4400000e+02  -1.4647636e+00   1.0722181e+00
   4.4500000e+02  -1.4672261e+00   1.0705724e+00
   4.4600000e+02  -1.4679422e+00   1.0677034e+00
   4.4700000e+02  -1.4681758e+00   1.0643846e+00
   4.4800000e+02  -1.4681183e+00   1.0614904e+00
   4.4900000e+02  -1.4683115e+00   1.0580274e+00
   4.5000000e+02  -1.4687979e+00   1.0546584e+00
   4.5100000e+02  -1.4697585e+00   1.0513157e+00
   4.5200000e+02  -1.4715479e+00   1.0480233e+00
   4.5300000e+02  -1.4737066e+00   1.0449579e+00
   4.5400000e+02  -1.4761007e+00   1.0413615e+00
   4.5500000e+02  -1.4783230e+00   1.0376246e+00
   4.5600000e+02  -1.4802798e+00   1.0335108e+00
   4.5700000e+02  -1.4834881e+00   1.0297378e+00
   4.5800000e+02  -1.4860157e+00   1.0257372e+00
   4.5900000e+02  -1.4893826e+00   1.0210685e+00
   4.6000000e+02  -1.4922167e+00   1.0168318e+00
   4.6100000e+02  -1.4952192e+00   1.0121155e+00
   4.6200000e+02  -1.4970127e+00   1.0076907e+00
   4.6300000e+02  -1.4990178e+00   1.0029957e+00
   4.6400000e+02  -1.5002811e+00   9.9768629e-01
   4.6500000e+02  -1.5021068e+00   9.9178564e-01
   4.6600000e+02  -1.5025172e+00   9.8526970e-01
   4.6700000e+02  -1.5037509e+00   9.7969784e-01
   4.6800000e+02  -1.5051164e+00   9.7360069e-01
   4.6900000e+02  -1.5080017e+00   9.6798333e-01
   4.7000000e+02  -1.5112748e+00   9.6185866e-01
   4.7100000e+02  -1.5150264e+00   9.5574100e-01
   4.7200000e+02  -1.5179369e+00   9.4929016e-01
   4.7300000e+02  -1.5194044e+00   9.4393984e-01
   4.7400000e+02  -1.5203028e+00   9.3827334e-01
   4.7500000e+02  -1.5200782e+00   9.3193380e-01
   4.7600000e+02  -1.5194293e+00   9.2589280e-01
   4.7700000e+02  -1.5185146e+00   9.1999746e-01
   4.7800000e+02  -1.5175826e+00   9.1494559e-01
   4.7900000e+02  -1.5165950e+00   9.1072997e-01
   4.8000000e+02  -1.5157982e+00   9.0689613e-01
   4.8100000e+02  -1.5148436e+00   9.0305248e-01
   4.8200000e+02  -1.5138008e+00   9.0155687e-01
   4.8300000e+02  -1.5128198e+00   8.9971722e-01
   4.8400000e+02  -1.5119447e+00   8.9811104e-01
   4.8500000e+02  -1.5114377e+00   8.9761553e-01
   4.8600000e+02  -1.5107539e+00   8.9843940e-01
   4.8700000e+02  -1.5095145e+00   9.0016078e-01
   4.8800000e+02  -1.5084035e+00   9.0265666e-01
   4.8900000e+02  -1.5065117e+00   9.0633856e-01
   4.9000000e+02  -1.5038308e+00   9.1183709e-01
   4.9100000e+02  -1.5002170e+00   9.1895188e-01
   4.9200000e+02  -1.4960954e+00   9.2739084e-01
   4.9300000e+02  -1.4920068e+00   9.3842649e-01
   4.9400000e+02  -1.4862926e+00   9.4846063e-01
   4.9500000e+02  -1.4808380e+00   9.5996749e-01
   4.9600000e+02  -1.4749908e+00   9.7228641e-01
   4.9700000e+02  -1.4689832e+00   9.8527282e-01
   4.9800000e+02  -1.4627826e+00   9.9823120e-01
   4.9900000e+02  -1.4565466e+00   1.0105885e+00
   5.0000000e+02  -1.4501395e+00   1.0225249e+00
   5.0100000e+02  -1.4423102e+00   1.0335370e+00
   5.0200000e+02  -1.4345033e+00   1.0442975e+00
   5.0300000e+02  -1.4261180e+00   1.0545288e+00
   5.0400000e+02  -1.4174955e+00   1.0644993e+00
   5.0500000e+02  -1.4087563e+00   1.0742313e+00
   5.0600000e+02  -1.4002276e+00   1.0829700e+00
   5.0700000e+02  -1.3926174e+00   1.0917222e+00
   5.0800000e+02  -1.3844633e+00   1.0993610e+00
   5.0900000e+02  -1.3772004e+00   1.1061214e+00
   5.1000000e+02  -1.3702088e+00   1.1119187e+00
   5.1100000e+02  -1.3640137e+00   1.1166253e+00
   5.1200000e+02  -1.3585578e+00   1.1206630e+00
   5.1300000e+02  -1.3537519e+00   1.1241354e+00
   5.1400000e+02  -1.3496151e+00   1.1263883e+00
   5.1500000e+02  -1.3465777e+00   1.1277020e+00
   5.1600000e+02  -1.3450821e+00   1.1283125e+00
   5.1700000e+02  -1.3451533e+00   1.1276760e+00
   5.1800000e+02  -1.3461936e+00   1.1254238e+00
   5.1900000e+02  -1.3485209e+00   1.1213909e+00
   5.2000000e+02  -1.3528148e+00   1.1158829e+00
   5.2100000e+02  -1.3572035e+00   1.1083436e+00
   5.2200000e+02  -1.3627154e+00   1.0992164e+00
   5.2300000e+02  -1.3687358e+00   1.0883000e+00
   5.2400000e+02  -1.3747173e+00   1.0766403e+00
   5.2500000e+02  -1.3795293e+00   1.0648410e+00
   5.2600000e+02  -1.3836835e+00   1.0521023e+00
   5.2700000e+02  -1.3875828e+00   1.0393927e+00
   5.2800000e+02  -1.3902654e+00   1.0254580e+00
   5.2900000e+02  -1.3929369e+00   1.0119423e+00
   5.3000000e+02  -1.3945432e+00   1.0003657e+00
   5.3100000e+02  -1.3947862e+00   9.8917362e-01
   5.3200000e+02  -1.3937610e+00   9.7938456e-01
   5.3300000e+02  -1.3910337e+00   9.7096047e-01
   5.3400000e+02  -1.3870722e+00   9.6548254e-01
   5.3500000e+02  -1.3817838e+00   9.6203341e-01
   5.3600000e+02  -1.3740352e+00   9.5987390e-01
   5.3700000e+02  -1.3646557e+00   9.6032589e-01
   5.3800000e+02  -1.3535926e+00   9.6199885e-01
   5.3900000e+02  -1.3405023e+00   9.6642950e-01
   5.4000000e+02  -1.3256570e+00   9.7271064e-01
   5.4100000e+02  -1.3087396e+00   9.8100316e-01
   5.4200000e+02  -1.2909893e+00   9.8869242e-01
   5.4300000e+02  -1.2726002e+00   9.9741958e-01
   5.4400000e+02  -1.2527102e+00   1.0044275e+00
   5.4500000e+02  -1.2337882e+00   1.0093980e+00
   5.4600000e+02  -1.2155620e+00   1.0128565e+00
   5.4700000e+02  -1.1992649e+00   1.0132850e+00
   5.4800000e+02  -1.1848925e+00   1.0104499e+00
   5.4900000e+02  -1.1729037e+00   1.0050499e+00
   5.5000000e+02  -1.1623602e+00   9.9783318e-01
   5.5100000e+02  -1.1541600e+00   9.8805318e-01
   5.5200000e+02  -1.1467275e+00   9.7537509e-01
   5.5300000e+02  -1.1422488e+00   9.6017770e-01
   5.5400000e+02  -1.1375515e+00   9.4311311e-01
   5.5500000e+02  -1.1345865e+00   9.2321153e-01
   5.5600000e+02  -1.1327312e+00   9.0178515e-01
   5.5700000e+02  -1.1302901e+00   8.8124495e-01
   5.5800000e+02  -1.1270507e+00   8.6236205e-01
   5.5900000e+02  -1.1229095e+00   8.4567857e-01
   5.6000000e+02  -1.1181875e+00   8.3252114e-01
   5.6100000e+02  -1.1112201e+00   8.2220155e-01
   5.6200000e+02  -1.1033370e+00   8.1632501e-01
   5.6300000e+02  -1.0946852e+00   8.1444042e-01
   5.6400000e+02  -1.0849614e+00   8.1656264e-01
   5.6500000e+02  -1.0764907e+00   8.2131155e-01
   5.6600000e+02  -1.0656711e+00   8.2864010e-01
   5.6700000e+02  -1.0544511e+00   8.3842044e-01
   5.6800000e+02  -1.0434802e+00   8.4994569e-01
   5.6900000e+02  -1.0328533e+00   8.6173565e-01
   5.7000000e+02  -1.0223097e+00   8.7335778e-01
   5.7100000e+02  -1.0127476e+00   8.8372292e-01
   5.7200000e+02  -1.0044639e+00   8.9275052e-01
   5.7300000e+02  -9.9756242e-01   8.9964240e-01
   5.7400000e+02  -9.9283073e-01   9.0411606e-01
   5.7500000e+02  -9.9034095e-01   9.0536890e-01
   5.7600000e+02  -9.9019970e-01   9.0392372e-01
   5.7700000e+02  -9.9136457e-01   9.0098038e-01
   5.7800000e+02  -9.9410096e-01   8.9477325e-01
   5.7900000e+02  -9.9773779e-01   8.8667591e-01
   5.8000000e+02  -1.0019739e+00   8.7664024e-01
   5.8100000e+02  -1.0065702e+00   8.6568676e-01
   5.8200000e+02  -1.0106484e+00   8.5482129e-01
   5.8300000e+02  -1.0143183e+00   8.4425582e-01
   5.8400000e+02  -1.0180118e+00   8.3307074e-01
   5.8500000e+02  -1.0211695e+00   8.2212410e-01
   5.8600000e+02  -1.0241766e+00   8.1146592e-01
   5.8700000e+02  -1.0262253e+00   8.0077688e-01
   5.8800000e+02  -1.0279927e+00   7.9001288e-01
   5.8900000e+02  -1.0292238e+00   7.7914477e-01
   5.9000000e+02  -1.0299585e+00   7.7054003e-01
   5.9100000e+02  -1.0296075e+00   7.6381526e-01
   5.9200000e+02  -1.0300525e+00   7.5832684e-01
   5.9300000e+02  -1.0298239e+00   7.5514570e-01
   5.9400000e+02  -1.0296111e+00   7.5395432e-01
   5.9500000e+02  -1.0289724e+00   7.5473223e-01
   5.9600000e+02  -1.0274581e+00   7.5716410e-01
   5.9700000e+02  -1.0254287e+00   7.6184327e-01
   5.9800000e+02  -1.0220809e+00   7.6910260e-01
   5.9900000e+02  -1.0184920e+00   7.7735352e-01
   6.0000000e+02  -1.0134582e+00   7.8761242e-01
   6.0100000e+02  -1.0071442e+00   7.9860822e-01
   6.0200000e+02  -1.0018849e+00   8.1037501e-01
   6.0300000e+02  -9.9635297e-01   8.2137709e-01
   6.0400000e+02  -9.8988611e-01   8.3211837e-01
   6.0500000e+02  -9.8271356e-01   8.4228385e-01
   6.0600000e+02  -9.7491577e-01   8.5047819e-01
   6.0700000e+02  -9.6767799e-01   8.5684428e-01
   6.0800000e+02  -9.6168914e-01   8.6041578e-01
   6.0900000e+02  -9.5664981e-01   8.6190125e-01
   6.1000000e+02  -9.5205413e-01   8.6032525e-01
   6.1100000e+02  -9.4811568e-01   8.5568843e-01
   6.1200000e+02  -9.4515791e-01   8.4896552e-01
   6.1300000e+02  -9.4302794e-01   8.3938015e-01
   6.1400000e+02  -9.4186927e-01   8.2857923e-01
   6.1500000e+02  -9.4034730e-01   8.1666483e-01
   6.1600000e+02  -9.3978355e-01   8.0350329e-01
   6.1700000e+02  -9.3947225e-01   7.8965523e-01
   6.1800000e+02  -9.3934830e-01   7.7479106e-01
   6.1900000e+02  -9.3846282e-01   7.6050391e-01
   6.2000000e+02  -9.3724721e-01   7.4594340e-01
   6.2100000e+02  -9.3571782e-01   7.3216340e-01
   6.2200000e+02  -9.3376348e-01   7.1888996e-01
   6.2300000e+02  -9.3151886e-01   7.0584927e-01
   6.2400000e+02  -9.2841264e-01   6.9480563e-01
   6.2500000e+02  -9.2504988e-01   6.8480874e-01
   6.2600000e+02  -9.2124918e-01   6.7760359e-01
   6.2700000e+02  -9.1734568e-01   6.7256159e-01
   6.2800000e+02  -9.1286825e-01   6.7050485e-01
   6.2900000e+02  -9.0886733e-01   6.7035520e-01
   6.3000000e+02  -9.0345503e-01   6.7234346e-01
   6.3100000e+02  -8.9891870e-01   6.7685210e-01
   6.3200000e+02  -8.9326543e-01   6.8297936e-01
   6.3300000e+02  -8.8668711e-01   6.9034366e-01
   6.3400000e+02  -8.7994834e-01   6.9862482e-01
   6.3500000e+02  -8.7246311e-01   7.0601572e-01
   6.3600000e+02  -8.6518473e-01   7.1254588e-01
   6.3700000e+02  -8.5832399e-01   7.1705754e-01
   6.3800000e+02  -8.5205236e-01   7.1938512e-01
   6.3900000e+02  -8.4705234e-01   7.1782687e-01
   6.4000000e+02  -8.4347578e-01   7.1471953e-01
   6.4100000e+02  -8.4063460e-01   7.0971197e-01
   6.4200000e+02  -8.3839193e-01   7.0220133e-01
   6.4300000e+02  -8.3654497e-01   6.9217087e-01
   6.4400000e+02  -8.3426953e-01   6.8140375e-01
   6.4500000e+02  -8.3181031e-01   6.6938945e-01
   6.4600000e+02  -8.2870927e-01   6.5832575e-01
   6.4700000e+02  -8.2521824e-01   6.4708096e-01
   6.4800000e+02  -8.2099488e-01   6.3768648e-01
   6.4900000e+02  -8.1568119e-01   6.2916991e-01
   6.5000000e+02  -8.1050443e-01   6.2435199e-01
   6.5100000e+02  -8.0243299e-01   6.2070680e-01
   6.5200000e+02  -7.9458943e-01   6.1914086e-01
   6.5300000e+02  -7.8505284e-01   6.1895973e-01
   6.5400000e+02  -7.7461013e-01   6.2089727e-01
   6.5500000e+02  -7.6362182e-01   6.2475520e-01
   6.5600000e+02  -7.5240865e-01   6.3077930e-01
   6.5700000e+02  -7.4125013e-01   6.3734705e-01
   6.5800000e+02  -7.2949747e-01   6.4352602e-01
   6.5900000e+02  -7.1777867e-01   6.4980016e-01
   6.6000000e+02  -7.0564319e-01   6.5480056e-01
   6.6100000e+02  -6.9334258e-01   6.5879715e-01
   6.6200000e+02  -6.8263274e-01   6.5889907e-01
   6.6300000e+02  -6.7334017e-01   6.5678190e-01
   6.6400000e+02  -6.6632746e-01   6.5173173e-01
   6.6500000e+02  -6.5999527e-01   6.4458032e-01
   6.6600000e+02  -6.5514802e-01   6.3451270e-01
   6.6700000e+02  -6.5131451e-01   6.2263415e-01
   6.6800000e+02  -6.4736261e-01   6.1043444e-01
   6.6900000e+02  -6.4301916e-01   5.9858946e-01
   6.7000000e+02  -6.3688777e-01   5.8880165e-01
   6.7100000e+02  -6.2900055e-01   5.8098208e-01
   6.7200000e+02  -6.1977684e-01   5.7646093e-01
   6.7300000e+02  -6.0870774e-01   5.7334334e-01
   6.7400000e+02  -5.9752267e-01   5.7305639e-01
   6.7500000e+02  -5.8595113e-01   5.7476259e-01
   6.7600000e+02  -5.7281263e-01   5.7846212e-01
   6.7700000e+02  -5.5956844e-01   5.8278239e-01
   6.7800000e+02  -5.4611060e-01   5.8748477e-01
   6.7900000e+02  -5.3365011e-01   5.9201069e-01
   6.8000000e+02  -5.2204196e-01   5.9726999e-01
   6.8100000e+02  -5.1150624e-01   6.0512707e-01
   6.8200000e+02  -5.0304965e-01   6.0678640e-01
   6.8300000e+02  -4.9513403e-01   6.0752125e-01
   6.8400000e+02  -4.8814005e-01   6.0667578e-01
   6.8500000e+02  -4.8164454e-01   6.0476944e-01
   6.8600000e+02  -4.7688200e-01   6.0048289e-01
   6.8700000e+02  -4.7284435e-01   5.9446581e-01
   6.8800000e+02  -4.6961965e-01   5.8776347e-01
   6.8900000e+02  -4.6620498e-01   5.7836794e-01
   6.9000000e+02  -4.6083189e-01   5.6830191e-01
   6.9100000e+02  -4.5400909e-01   5.5897224e-01
   6.9200000e+02  -4.4768925e-01   5.4896878e-01
   6.9300000e+02  -4.4004472e-01   5.3918721e-01
   6.9400000e+02  -4.3163085e-01   5.3058951e-01
   6.9500000e+02  -4.2421257e-01   5.2394526e-01
   6.9600000e+02  -4.1689041e-01   5.1880516e-01
   6.9700000e+02  -4.0881394e-01   5.1646537e-01
   6.9800000e+02  -3.9994482e-01   5.1457283e-01
   6.9900000e+02  -3.9211120e-01   5.1329257e-01
   7.0000000e+02  -3.8497555e-01   5.1437143e-01
   7.0100000e+02  -3.7837787e-01   5.1634992e-01
   7.0200000e+02  -3.7250489e-01   5.2110573e-01
   7.0300000e+02  -3.6569500e-01   5.2311416e-01
   7.0400000e+02  -3.5687403e-01   5.2309427e-01
   7.0500000e+02  -3.4843060e-01   5.2080561e-01
   7.0600000e+02  -3.4037973e-01   5.1607753e-01
   7.0700000e+02  -3.3186692e-01   5.0839796e-01
   7.0800000e+02  -3.2397133e-01   4.9717913e-01
   7.0900000e+02  -3.1735394e-01   4.8269344e-01
   7.1000000e+02  -3.1061416e-01   4.6955953e-01
   7.1100000e+02  -3.0544335e-01   4.5462911e-01
   7.1200000e+02  -2.9943294e-01   4.3983572e-01
   7.1300000e+02  -2.9384876e-01   4.2447603e-01
   7.1400000e+02  -2.8740844e-01   4.0901206e-01
   7.1500000e+02  -2.7837969e-01   3.9538531e-01
   7.1600000e+02  -2.6810466e-01   3.8241990e-01
   7.1700000e+02  -2.5770542e-01   3.7194779e-01
   7.1800000e+02  -2.4737295e-01   3.6392446e-01
   7.1900000e+02  -2.3763654e-01   3.5858255e-01
   7.2000000e+02  -2.2796252e-01   3.5509912e-01
   7.2100000e+02  -2.1897182e-01   3.5417932e-01
   7.2200000e+02  -2.1254040e-01   3.4749326e-01
   7.2300000e+02  -2.0799709e-01   3.3745752e-01
   7.2400000e+02  -2.0527853e-01   3.2401205e-01
   7.2500000e+02  -2.0274142e-01   3.0862740e-01
   7.2600000e+02  -2.0159125e-01   2.9269479e-01
   7.2700000e+02  -2.0222114e-01   2.7683569e-01
   7.2800000e+02  -2.0386505e-01   2.6081521e-01
   7.2900000e+02  -2.0477071e-01   2.4674413e-01
   7.3000000e+02  -2.0473705e-01   2.3557077e-01
   7.3100000e+02  -2.0110122e-01   2.2675812e-01
   7.3200000e+02  -1.9408623e-01   2.1919218e-01
   7.3300000e+02  -1.8324105e-01   2.1601510e-01
   7.3400000e+02  -1.7355847e-01   2.0634051e-01
   7.3500000e+02  -1.6374061e-01   1.9568237e-01
   7.3600000e+02  -1.5389257e-01   1.8263106e-01
   7.3700000e+02  -1.4549055e-01   1.6571274e-01
   7.3800000e+02  -1.3820228e-01   1.4577918e-01
   7.3900000e+02  -1.3452961e-01   1.2518415e-01
