   3.7500000e+02   5.3617391e-01   1.9461745e+00
   3.7600000e+02   5.3468985e-01   1.9445742e+00
   3.7700000e+02   5.3210651e-01   1.9413874e+00
   3.7800000e+02   5.3019351e-01   1.9388698e+00
   3.7900000e+02   5.2870142e-01   1.9363526e+00
   3.8000000e+02   5.2715996e-01   1.9343548e+00
   3.8100000e+02   5.2652232e-01   1.9327568e+00
   3.8200000e+02   5.2605267e-01   1.9319494e+00
   3.8300000e+02   5.2692770e-01   1.9321984e+00
   3.8400000e+02   5.2800669e-01   1.9329204e+00
   3.8500000e+02   5.2872523e-01   1.9337159e+00
   3.8600000e+02   5.2957800e-01   1.9344544e+00
   3.8700000e+02   5.2973906e-01   1.9339591e+00
   3.8800000e+02   5.2930996e-01   1.9329394e+00
   3.8900000e+02   5.2806498e-01   1.9321374e+00
   3.9000000e+02   5.2705605e-01   1.9301793e+00
   3.9100000e+02   5.2627370e-01   1.9286730e+00
   3.9200000e+02   5.2525755e-01   1.9271334e+00
   3.9300000e+02   5.2476811e-01   1.9260143e+00
   3.9400000e+02   5.2457202e-01   1.9259931e+00
   3.9500000e+02   5.2560300e-01   1.9271848e+00
   3.9600000e+02   5.2621043e-01   1.9287979e+00
   3.9700000e+02   5.2752670e-01   1.9302293e+00
   3.9800000e+02   5.2792554e-01   1.9311541e+00
   3.9900000e+02   5.2877596e-01   1.9328968e+00
   4.0000000e+02   5.2904530e-01   1.9341257e+00
   4.0100000e+02   5.2900226e-01   1.9351436e+00
   4.0200000e+02   5.2819982e-01   1.9352003e+00
   4.0300000e+02   5.2696856e-01   1.9345941e+00
   4.0400000e+02   5.2652620e-01   1.9340141e+00
   4.0500000e+02   5.2581365e-01   1.9331387e+00
   4.0600000e+02   5.2584686e-01   1.9331704e+00
   4.0700000e+02   5.2630276e-01   1.9337248e+00
   4.0800000e+02   5.2733493e-01   1.9343489e+00
   4.0900000e+02   5.2824944e-01   1.9349669e+00
   4.1000000e+02   5.2837462e-01   1.9349429e+00
   4.1100000e+02   5.2895966e-01   1.9346241e+00
   4.1200000e+02   5.2898026e-01   1.9338652e+00
   4.1300000e+02   5.2942087e-01   1.9340959e+00
   4.1400000e+02   5.2996110e-01   1.9344019e+00
   4.1500000e+02   5.3131349e-01   1.9355940e+00
   4.1600000e+02   5.3245914e-01   1.9366368e+00
   4.1700000e+02   5.3336357e-01   1.9378436e+00
   4.1800000e+02   5.3482915e-01   1.9390162e+00
   4.1900000e+02   5.3524049e-01   1.9404455e+00
   4.2000000e+02   5.3586426e-01   1.9414835e+00
   4.2100000e+02   5.3683223e-01   1.9428621e+00
   4.2200000e+02   5.3723108e-01   1.9436816e+00
   4.2300000e+02   5.3794533e-01   1.9446338e+00
   4.2400000e+02   5.3868701e-01   1.9459475e+00
   4.2500000e+02   5.3911266e-01   1.9462686e+00
   4.2600000e+02   5.3924250e-01   1.9464042e+00
   4.2700000e+02   5.3868420e-01   1.9462351e+00
   4.2800000e+02   5.3839301e-01   1.9461867e+00
   4.2900000e+02   5.3850782e-01   1.9464022e+00
   4.3000000e+02   5.3916593e-01   1.9468981e+00
   4.3100000e+02   5.3995839e-01   1.9474965e+00
   4.3200000e+02   5.4049441e-01   1.9481128e+00
   4.3300000e+02   5.4099830e-01   1.9481298e+00
   4.3400000e+02   5.4094277e-01   1.9485228e+00
   4.3500000e+02   5.4059068e-01   1.9477440e+00
   4.3600000e+02   5.4109283e-01   1.9474462e+00
   4.3700000e+02   5.4181721e-01   1.9477705e+00
   4.3800000e+02   5.4316685e-01   1.9489913e+00
   4.3900000e+02   5.4330195e-01   1.9500772e+00
   4.4000000e+02   5.4375515e-01   1.9508697e+00
   4.4100000e+02   5.4368467e-01   1.9514328e+00
   4.4200000e+02   5.4333757e-01   1.9512940e+00
   4.4300000e+02   5.4261322e-01   1.9510360e+00
   4.4400000e+02   5.4187511e-01   1.9505279e+00
   4.4500000e+02   5.4105594e-01   1.9505438e+00
   4.4600000e+02   5.4047085e-01   1.9508777e+00
   4.4700000e+02   5.4069505e-01   1.9520932e+00
   4.4800000e+02   5.4084081e-01   1.9533161e+00
   4.4900000e+02   5.4200323e-01   1.9543170e+00
   4.5000000e+02   5.4321270e-01   1.9556552e+00
   4.5100000e+02   5.4519005e-01   1.9568992e+00
   4.5200000e+02   5.4834307e-01   1.9585447e+00
   4.5300000e+02   5.5278721e-01   1.9595167e+00
   4.5400000e+02   5.5890737e-01   1.9616060e+00
   4.5500000e+02   5.6541617e-01   1.9641613e+00
   4.5600000e+02   5.7141113e-01   1.9670280e+00
   4.5700000e+02   5.7642070e-01   1.9695161e+00
   4.5800000e+02   5.7855086e-01   1.9719716e+00
   4.5900000e+02   5.8003424e-01   1.9734235e+00
   4.6000000e+02   5.7998063e-01   1.9742398e+00
   4.6100000e+02   5.7882022e-01   1.9744843e+00
   4.6200000e+02   5.7664442e-01   1.9733768e+00
   4.6300000e+02   5.7382027e-01   1.9728773e+00
   4.6400000e+02   5.7022324e-01   1.9720291e+00
   4.6500000e+02   5.6656701e-01   1.9723664e+00
   4.6600000e+02   5.6244958e-01   1.9749248e+00
   4.6700000e+02   5.5860164e-01   1.9783180e+00
   4.6800000e+02   5.5430779e-01   1.9823538e+00
   4.6900000e+02   5.5065275e-01   1.9868029e+00
   4.7000000e+02   5.4736556e-01   1.9907553e+00
   4.7100000e+02   5.4357146e-01   1.9946093e+00
   4.7200000e+02   5.3952322e-01   1.9991890e+00
   4.7300000e+02   5.3520904e-01   2.0031344e+00
   4.7400000e+02   5.3089376e-01   2.0073192e+00
   4.7500000e+02   5.2601449e-01   2.0115171e+00
   4.7600000e+02   5.2112505e-01   2.0158807e+00
   4.7700000e+02   5.1609310e-01   2.0208420e+00
   4.7800000e+02   5.1088287e-01   2.0252278e+00
   4.7900000e+02   5.0453905e-01   2.0300193e+00
   4.8000000e+02   4.9817397e-01   2.0342985e+00
   4.8100000e+02   4.9113208e-01   2.0385560e+00
   4.8200000e+02   4.8382904e-01   2.0421173e+00
   4.8300000e+02   4.7710768e-01   2.0448357e+00
   4.8400000e+02   4.7033312e-01   2.0483011e+00
   4.8500000e+02   4.6325373e-01   2.0511095e+00
   4.8600000e+02   4.5685471e-01   2.0539503e+00
   4.8700000e+02   4.5142072e-01   2.0566217e+00
   4.8800000e+02   4.4566939e-01   2.0598622e+00
   4.8900000e+02   4.4088277e-01   2.0627602e+00
   4.9000000e+02   4.3701122e-01   2.0655431e+00
   4.9100000e+02   4.3325516e-01   2.0675911e+00
   4.9200000e+02   4.3043354e-01   2.0694125e+00
   4.9300000e+02   4.2852703e-01   2.0697330e+00
   4.9400000e+02   4.2685234e-01   2.0696938e+00
   4.9500000e+02   4.2540732e-01   2.0686260e+00
   4.9600000e+02   4.2514583e-01   2.0662339e+00
   4.9700000e+02   4.2657239e-01   2.0636837e+00
   4.9800000e+02   4.2867056e-01   2.0604066e+00
   4.9900000e+02   4.3186197e-01   2.0558790e+00
   5.0000000e+02   4.3692242e-01   2.0511061e+00
   5.0100000e+02   4.4278254e-01   2.0452480e+00
   5.0200000e+02   4.5001508e-01   2.0380538e+00
   5.0300000e+02   4.5825371e-01   2.0309479e+00
   5.0400000e+02   4.6747848e-01   2.0233248e+00
   5.0500000e+02   4.7776750e-01   2.0145821e+00
   5.0600000e+02   4.8774379e-01   2.0058799e+00
   5.0700000e+02   4.9767475e-01   1.9960179e+00
   5.0800000e+02   5.0701805e-01   1.9856855e+00
   5.0900000e+02   5.1543683e-01   1.9743298e+00
   5.1000000e+02   5.2279744e-01   1.9628122e+00
   5.1100000e+02   5.2881252e-01   1.9523206e+00
   5.1200000e+02   5.3322463e-01   1.9418521e+00
   5.1300000e+02   5.3584579e-01   1.9324274e+00
   5.1400000e+02   5.3673654e-01   1.9246159e+00
   5.1500000e+02   5.3585427e-01   1.9180246e+00
   5.1600000e+02   5.3375538e-01   1.9123045e+00
   5.1700000e+02   5.2973092e-01   1.9073604e+00
   5.1800000e+02   5.2513605e-01   1.9040633e+00
   5.1900000e+02   5.1808365e-01   1.9018053e+00
   5.2000000e+02   5.1047525e-01   1.8994644e+00
   5.2100000e+02   5.0140023e-01   1.8971816e+00
   5.2200000e+02   4.9101644e-01   1.8933507e+00
   5.2300000e+02   4.8089397e-01   1.8882604e+00
   5.2400000e+02   4.7178006e-01   1.8808890e+00
   5.2500000e+02   4.6417391e-01   1.8720151e+00
   5.2600000e+02   4.5737590e-01   1.8615618e+00
   5.2700000e+02   4.5247110e-01   1.8492240e+00
   5.2800000e+02   4.4801852e-01   1.8348026e+00
   5.2900000e+02   4.4453381e-01   1.8184182e+00
   5.3000000e+02   4.4289573e-01   1.8000319e+00
   5.3100000e+02   4.4262373e-01   1.7796463e+00
   5.3200000e+02   4.4355397e-01   1.7587015e+00
   5.3300000e+02   4.4507317e-01   1.7365229e+00
   5.3400000e+02   4.4621400e-01   1.7139619e+00
   5.3500000e+02   4.4702318e-01   1.6918492e+00
   5.3600000e+02   4.4696996e-01   1.6712592e+00
   5.3700000e+02   4.4540630e-01   1.6507204e+00
   5.3800000e+02   4.4291199e-01   1.6318941e+00
   5.3900000e+02   4.3904088e-01   1.6142448e+00
   5.4000000e+02   4.3439552e-01   1.5981684e+00
   5.4100000e+02   4.2882976e-01   1.5832571e+00
   5.4200000e+02   4.2244872e-01   1.5701748e+00
   5.4300000e+02   4.1568836e-01   1.5576645e+00
   5.4400000e+02   4.0774789e-01   1.5472047e+00
   5.4500000e+02   3.9899074e-01   1.5381496e+00
   5.4600000e+02   3.8956493e-01   1.5299032e+00
   5.4700000e+02   3.8008236e-01   1.5190546e+00
   5.4800000e+02   3.7215737e-01   1.5068098e+00
   5.4900000e+02   3.6650312e-01   1.4917158e+00
   5.5000000e+02   3.6358342e-01   1.4741525e+00
   5.5100000e+02   3.6369465e-01   1.4551741e+00
   5.5200000e+02   3.6699959e-01   1.4352945e+00
   5.5300000e+02   3.7181891e-01   1.4147024e+00
   5.5400000e+02   3.7629210e-01   1.3955098e+00
   5.5500000e+02   3.8025481e-01   1.3792598e+00
   5.5600000e+02   3.8347707e-01   1.3647678e+00
   5.5700000e+02   3.8583016e-01   1.3523614e+00
   5.5800000e+02   3.8799381e-01   1.3416232e+00
   5.5900000e+02   3.8949251e-01   1.3316548e+00
   5.6000000e+02   3.9036929e-01   1.3229925e+00
   5.6100000e+02   3.9084380e-01   1.3158759e+00
   5.6200000e+02   3.9112305e-01   1.3111279e+00
   5.6300000e+02   3.9077526e-01   1.3093563e+00
   5.6400000e+02   3.8888810e-01   1.3095949e+00
   5.6500000e+02   3.8524576e-01   1.3107815e+00
   5.6600000e+02   3.7934940e-01   1.3131305e+00
   5.6700000e+02   3.7137949e-01   1.3158731e+00
   5.6800000e+02   3.6150724e-01   1.3184621e+00
   5.6900000e+02   3.5156555e-01   1.3204723e+00
   5.7000000e+02   3.4183659e-01   1.3213550e+00
   5.7100000e+02   3.3475429e-01   1.3198595e+00
   5.7200000e+02   3.3126537e-01   1.3164475e+00
   5.7300000e+02   3.3128119e-01   1.3106443e+00
   5.7400000e+02   3.3444938e-01   1.3025359e+00
   5.7500000e+02   3.4011901e-01   1.2927444e+00
   5.7600000e+02   3.4775929e-01   1.2823139e+00
   5.7700000e+02   3.5591382e-01   1.2724770e+00
   5.7800000e+02   3.6093200e-01   1.2611772e+00
   5.7900000e+02   3.6260324e-01   1.2517113e+00
   5.8000000e+02   3.6108556e-01   1.2425121e+00
   5.8100000e+02   3.5730838e-01   1.2337988e+00
   5.8200000e+02   3.5159490e-01   1.2262934e+00
   5.8300000e+02   3.4482210e-01   1.2214331e+00
   5.8400000e+02   3.3755810e-01   1.2180282e+00
   5.8500000e+02   3.3004412e-01   1.2160346e+00
   5.8600000e+02   3.2382350e-01   1.2151791e+00
   5.8700000e+02   3.1912970e-01   1.2140536e+00
   5.8800000e+02   3.1635797e-01   1.2134777e+00
   5.8900000e+02   3.1547627e-01   1.2123509e+00
   5.9000000e+02   3.1601459e-01   1.2105804e+00
   5.9100000e+02   3.1760589e-01   1.2090227e+00
   5.9200000e+02   3.1907218e-01   1.2074546e+00
   5.9300000e+02   3.2086307e-01   1.2053418e+00
   5.9400000e+02   3.2218019e-01   1.2024937e+00
   5.9500000e+02   3.2341625e-01   1.1994194e+00
   5.9600000e+02   3.2410095e-01   1.1962567e+00
   5.9700000e+02   3.2467911e-01   1.1927411e+00
   5.9800000e+02   3.2478123e-01   1.1891431e+00
   5.9900000e+02   3.2463835e-01   1.1863233e+00
   6.0000000e+02   3.2339826e-01   1.1836707e+00
   6.0100000e+02   3.2020222e-01   1.1797384e+00
   6.0200000e+02   3.1567398e-01   1.1772297e+00
   6.0300000e+02   3.0858123e-01   1.1747179e+00
   6.0400000e+02   3.0016467e-01   1.1718500e+00
   6.0500000e+02   2.9049535e-01   1.1685429e+00
   6.0600000e+02   2.8008319e-01   1.1642938e+00
   6.0700000e+02   2.6943552e-01   1.1594458e+00
   6.0800000e+02   2.5886919e-01   1.1534934e+00
   6.0900000e+02   2.4997636e-01   1.1464543e+00
   6.1000000e+02   2.4333301e-01   1.1391017e+00
   6.1100000e+02   2.3912649e-01   1.1307837e+00
   6.1200000e+02   2.3782709e-01   1.1227353e+00
   6.1300000e+02   2.3863685e-01   1.1146508e+00
   6.1400000e+02   2.4136362e-01   1.1074841e+00
   6.1500000e+02   2.4630779e-01   1.1008545e+00
   6.1600000e+02   2.5208964e-01   1.0933104e+00
   6.1700000e+02   2.5726107e-01   1.0837905e+00
   6.1800000e+02   2.6109360e-01   1.0742196e+00
   6.1900000e+02   2.6185952e-01   1.0637863e+00
   6.2000000e+02   2.6001386e-01   1.0523011e+00
   6.2100000e+02   2.5586579e-01   1.0418608e+00
   6.2200000e+02   2.4953411e-01   1.0325712e+00
   6.2300000e+02   2.4162102e-01   1.0236768e+00
   6.2400000e+02   2.3223868e-01   1.0159387e+00
   6.2500000e+02   2.2242823e-01   1.0069858e+00
   6.2600000e+02   2.1225456e-01   9.9932990e-01
   6.2700000e+02   2.0242158e-01   9.9151566e-01
   6.2800000e+02   1.9349765e-01   9.8466346e-01
   6.2900000e+02   1.8657113e-01   9.7840224e-01
   6.3000000e+02   1.8125995e-01   9.7353496e-01
   6.3100000e+02   1.7797618e-01   9.6943591e-01
   6.3200000e+02   1.7701046e-01   9.6631649e-01
   6.3300000e+02   1.7860445e-01   9.6371716e-01
   6.3400000e+02   1.8173648e-01   9.6027132e-01
   6.3500000e+02   1.8590994e-01   9.5548509e-01
   6.3600000e+02   1.9032457e-01   9.4819820e-01
   6.3700000e+02   1.9291102e-01   9.3995114e-01
   6.3800000e+02   1.9306188e-01   9.3058264e-01
   6.3900000e+02   1.9125567e-01   9.2056511e-01
   6.4000000e+02   1.8621204e-01   9.1026725e-01
   6.4100000e+02   1.7811157e-01   8.9974311e-01
   6.4200000e+02   1.6785626e-01   8.8965845e-01
   6.4300000e+02   1.5603065e-01   8.7886738e-01
   6.4400000e+02   1.4307089e-01   8.6817386e-01
   6.4500000e+02   1.3085642e-01   8.5778021e-01
   6.4600000e+02   1.1792953e-01   8.4778782e-01
   6.4700000e+02   1.0628715e-01   8.3506630e-01
   6.4800000e+02   9.6100195e-02   8.2223338e-01
   6.4900000e+02   8.7827151e-02   8.0912974e-01
   6.5000000e+02   8.0965637e-02   7.9256156e-01
   6.5100000e+02   7.5376146e-02   7.7558372e-01
   6.5200000e+02   7.1569681e-02   7.5871676e-01
   6.5300000e+02   6.9623455e-02   7.4009778e-01
   6.5400000e+02   6.9319615e-02   7.2129919e-01
   6.5500000e+02   7.0037658e-02   7.0178725e-01
   6.5600000e+02   6.9553034e-02   6.8145672e-01
   6.5700000e+02   6.7718537e-02   6.5903789e-01
   6.5800000e+02   6.1951137e-02   6.3373460e-01
   6.5900000e+02   5.5731723e-02   6.0790693e-01
   6.6000000e+02   4.5868689e-02   5.9076763e-01
   6.6100000e+02   3.3247591e-02   5.6491188e-01
   6.6200000e+02   1.9771583e-02   5.3910131e-01
   6.6300000e+02   7.7621779e-03   5.1644485e-01
   6.6400000e+02  -5.0225297e-03   4.8820719e-01
   6.6500000e+02  -1.4181119e-02   4.6486893e-01
   6.6600000e+02  -2.0845293e-02   4.4109925e-01
   6.6700000e+02  -2.7192969e-02   4.1819896e-01
   6.6800000e+02  -3.2686339e-02   3.9189293e-01
   6.6900000e+02  -3.8488907e-02   3.6756407e-01
   6.7000000e+02  -4.1199140e-02   3.4295274e-01
   6.7100000e+02  -4.3720230e-02   3.2050083e-01
   6.7200000e+02  -4.3470347e-02   2.9767626e-01
   6.7300000e+02  -4.2057642e-02   2.7634924e-01
   6.7400000e+02  -3.7936349e-02   2.5318235e-01
   6.7500000e+02  -3.3853661e-02   2.2792191e-01
   6.7600000e+02  -2.9088451e-02   1.9895634e-01
   6.7700000e+02  -2.5143281e-02   1.7144416e-01
   6.7800000e+02  -2.5748466e-02   1.3951130e-01
   6.7900000e+02  -2.8503165e-02   1.0869641e-01
