   9.9500000e+02  -1.9364632e+00   3.1608025e+00
   9.9600000e+02  -1.9311572e+00   3.1554814e+00
   9.9700000e+02  -1.9260249e+00   3.1494733e+00
   9.9800000e+02  -1.9211844e+00   3.1440364e+00
   9.9900000e+02  -1.9178970e+00   3.1386556e+00
   1.0000000e+03  -1.9150730e+00   3.1333946e+00
   1.0010000e+03  -1.9129223e+00   3.1286258e+00
   1.0020000e+03  -1.9111995e+00   3.1226355e+00
   1.0030000e+03  -1.9099864e+00   3.1164156e+00
   1.0040000e+03  -1.9097030e+00   3.1100519e+00
   1.0050000e+03  -1.9104330e+00   3.1036593e+00
   1.0060000e+03  -1.9117002e+00   3.0974993e+00
   1.0070000e+03  -1.9132220e+00   3.0913217e+00
   1.0080000e+03  -1.9153157e+00   3.0853030e+00
   1.0090000e+03  -1.9182458e+00   3.0797222e+00
   1.0100000e+03  -1.9204924e+00   3.0740805e+00
   1.0110000e+03  -1.9216183e+00   3.0678062e+00
   1.0120000e+03  -1.9237972e+00   3.0616831e+00
   1.0130000e+03  -1.9244930e+00   3.0551153e+00
   1.0140000e+03  -1.9257475e+00   3.0486293e+00
   1.0150000e+03  -1.9260510e+00   3.0428765e+00
   1.0160000e+03  -1.9268355e+00   3.0369719e+00
   1.0170000e+03  -1.9276662e+00   3.0313900e+00
   1.0180000e+03  -1.9286867e+00   3.0260648e+00
   1.0190000e+03  -1.9297146e+00   3.0210630e+00
   1.0200000e+03  -1.9303821e+00   3.0160172e+00
   1.0210000e+03  -1.9311782e+00   3.0110626e+00
   1.0220000e+03  -1.9320941e+00   3.0063712e+00
   1.0230000e+03  -1.9323766e+00   3.0013942e+00
   1.0240000e+03  -1.9332812e+00   2.9970062e+00
   1.0250000e+03  -1.9333008e+00   2.9925693e+00
   1.0260000e+03  -1.9331272e+00   2.9883102e+00
   1.0270000e+03  -1.9323500e+00   2.9845404e+00
   1.0280000e+03  -1.9317423e+00   2.9810435e+00
   1.0290000e+03  -1.9297174e+00   2.9779876e+00
   1.0300000e+03  -1.9280047e+00   2.9758391e+00
   1.0310000e+03  -1.9253451e+00   2.9733629e+00
   1.0320000e+03  -1.9224277e+00   2.9716074e+00
   1.0330000e+03  -1.9182550e+00   2.9687512e+00
   1.0340000e+03  -1.9138241e+00   2.9670643e+00
   1.0350000e+03  -1.9087951e+00   2.9648330e+00
   1.0360000e+03  -1.9037773e+00   2.9632089e+00
   1.0370000e+03  -1.8975174e+00   2.9609472e+00
   1.0380000e+03  -1.8906591e+00   2.9594805e+00
   1.0390000e+03  -1.8828236e+00   2.9585863e+00
   1.0400000e+03  -1.8750019e+00   2.9579276e+00
   1.0410000e+03  -1.8662885e+00   2.9580756e+00
   1.0420000e+03  -1.8572855e+00   2.9585723e+00
   1.0430000e+03  -1.8471428e+00   2.9592420e+00
   1.0440000e+03  -1.8366284e+00   2.9593801e+00
   1.0450000e+03  -1.8249246e+00   2.9587289e+00
   1.0460000e+03  -1.8140281e+00   2.9577579e+00
   1.0470000e+03  -1.8035919e+00   2.9565905e+00
   1.0480000e+03  -1.7928580e+00   2.9550601e+00
   1.0490000e+03  -1.7829624e+00   2.9528927e+00
   1.0500000e+03  -1.7749608e+00   2.9513313e+00
   1.0510000e+03  -1.7679017e+00   2.9492027e+00
   1.0520000e+03  -1.7627734e+00   2.9464240e+00
   1.0530000e+03  -1.7588401e+00   2.9442659e+00
   1.0540000e+03  -1.7550928e+00   2.9422633e+00
   1.0550000e+03  -1.7524505e+00   2.9400398e+00
   1.0560000e+03  -1.7497465e+00   2.9362172e+00
   1.0570000e+03  -1.7472968e+00   2.9315917e+00
   1.0580000e+03  -1.7451756e+00   2.9267496e+00
   1.0590000e+03  -1.7431925e+00   2.9215050e+00
   1.0600000e+03  -1.7405714e+00   2.9146780e+00
   1.0610000e+03  -1.7389700e+00   2.9070142e+00
   1.0620000e+03  -1.7374084e+00   2.8992540e+00
   1.0630000e+03  -1.7360158e+00   2.8910558e+00
   1.0640000e+03  -1.7346385e+00   2.8827781e+00
   1.0650000e+03  -1.7334339e+00   2.8736463e+00
   1.0660000e+03  -1.7324463e+00   2.8643897e+00
   1.0670000e+03  -1.7315192e+00   2.8547728e+00
   1.0680000e+03  -1.7303958e+00   2.8453255e+00
   1.0690000e+03  -1.7297038e+00   2.8376510e+00
   1.0700000e+03  -1.7278671e+00   2.8281006e+00
   1.0710000e+03  -1.7256446e+00   2.8177502e+00
   1.0720000e+03  -1.7230876e+00   2.8084171e+00
   1.0730000e+03  -1.7201740e+00   2.7993852e+00
   1.0740000e+03  -1.7176372e+00   2.7909838e+00
   1.0750000e+03  -1.7151422e+00   2.7826470e+00
   1.0760000e+03  -1.7121604e+00   2.7749002e+00
   1.0770000e+03  -1.7095766e+00   2.7674471e+00
   1.0780000e+03  -1.7069444e+00   2.7603384e+00
   1.0790000e+03  -1.7044115e+00   2.7535801e+00
   1.0800000e+03  -1.7021499e+00   2.7478010e+00
   1.0810000e+03  -1.6986264e+00   2.7422408e+00
   1.0820000e+03  -1.6966237e+00   2.7379404e+00
   1.0830000e+03  -1.6940735e+00   2.7331366e+00
   1.0840000e+03  -1.6917074e+00   2.7292783e+00
   1.0850000e+03  -1.6890961e+00   2.7258672e+00
   1.0860000e+03  -1.6855434e+00   2.7230360e+00
   1.0870000e+03  -1.6822900e+00   2.7202322e+00
   1.0880000e+03  -1.6785146e+00   2.7178882e+00
   1.0890000e+03  -1.6743669e+00   2.7164128e+00
   1.0900000e+03  -1.6692024e+00   2.7145385e+00
   1.0910000e+03  -1.6637879e+00   2.7130378e+00
   1.0920000e+03  -1.6582453e+00   2.7112022e+00
   1.0930000e+03  -1.6508613e+00   2.7093854e+00
   1.0940000e+03  -1.6440965e+00   2.7065872e+00
   1.0950000e+03  -1.6373967e+00   2.7051813e+00
   1.0960000e+03  -1.6301042e+00   2.7035102e+00
   1.0970000e+03  -1.6231058e+00   2.7021134e+00
   1.0980000e+03  -1.6157999e+00   2.7005437e+00
   1.0990000e+03  -1.6087085e+00   2.6994780e+00
   1.1000000e+03  -1.6015606e+00   2.6983038e+00
   1.1010000e+03  -1.5953966e+00   2.6970891e+00
   1.1020000e+03  -1.5906265e+00   2.6945271e+00
   1.1030000e+03  -1.5871185e+00   2.6912772e+00
   1.1040000e+03  -1.5851642e+00   2.6877500e+00
   1.1050000e+03  -1.5848094e+00   2.6823851e+00
   1.1060000e+03  -1.5845407e+00   2.6788029e+00
   1.1070000e+03  -1.5849289e+00   2.6753692e+00
   1.1080000e+03  -1.5858552e+00   2.6708379e+00
   1.1090000e+03  -1.5864551e+00   2.6663501e+00
   1.1100000e+03  -1.5873457e+00   2.6609064e+00
   1.1110000e+03  -1.5870735e+00   2.6549455e+00
   1.1120000e+03  -1.5864114e+00   2.6483302e+00
   1.1130000e+03  -1.5861119e+00   2.6414943e+00
   1.1140000e+03  -1.5853623e+00   2.6349849e+00
   1.1150000e+03  -1.5854676e+00   2.6279813e+00
   1.1160000e+03  -1.5857167e+00   2.6208591e+00
   1.1170000e+03  -1.5870897e+00   2.6135294e+00
   1.1180000e+03  -1.5873419e+00   2.6065274e+00
   1.1190000e+03  -1.5873035e+00   2.5989743e+00
   1.1200000e+03  -1.5876276e+00   2.5909543e+00
   1.1210000e+03  -1.5873324e+00   2.5831834e+00
   1.1220000e+03  -1.5873189e+00   2.5750258e+00
   1.1230000e+03  -1.5868343e+00   2.5674577e+00
   1.1240000e+03  -1.5858080e+00   2.5591353e+00
   1.1250000e+03  -1.5844761e+00   2.5509259e+00
   1.1260000e+03  -1.5826815e+00   2.5427025e+00
   1.1270000e+03  -1.5803095e+00   2.5347380e+00
   1.1280000e+03  -1.5764982e+00   2.5268490e+00
   1.1290000e+03  -1.5711982e+00   2.5202962e+00
   1.1300000e+03  -1.5670350e+00   2.5138687e+00
   1.1310000e+03  -1.5624466e+00   2.5087029e+00
   1.1320000e+03  -1.5572557e+00   2.5038671e+00
   1.1330000e+03  -1.5526907e+00   2.4999539e+00
   1.1340000e+03  -1.5473989e+00   2.4961281e+00
   1.1350000e+03  -1.5422708e+00   2.4928540e+00
   1.1360000e+03  -1.5370975e+00   2.4903429e+00
   1.1370000e+03  -1.5326902e+00   2.4882106e+00
   1.1380000e+03  -1.5284095e+00   2.4871641e+00
   1.1390000e+03  -1.5244871e+00   2.4873127e+00
   1.1400000e+03  -1.5206454e+00   2.4888702e+00
   1.1410000e+03  -1.5178974e+00   2.4896335e+00
   1.1420000e+03  -1.5141689e+00   2.4928782e+00
   1.1430000e+03  -1.5105907e+00   2.4955981e+00
   1.1440000e+03  -1.5058806e+00   2.4987474e+00
   1.1450000e+03  -1.5012411e+00   2.5005539e+00
   1.1460000e+03  -1.4967319e+00   2.5023202e+00
   1.1470000e+03  -1.4919210e+00   2.5029619e+00
   1.1480000e+03  -1.4874763e+00   2.5035906e+00
   1.1490000e+03  -1.4837875e+00   2.5038394e+00
   1.1500000e+03  -1.4809353e+00   2.5029126e+00
   1.1510000e+03  -1.4792310e+00   2.5019775e+00
   1.1520000e+03  -1.4771676e+00   2.5000727e+00
   1.1530000e+03  -1.4754846e+00   2.4980152e+00
   1.1540000e+03  -1.4737307e+00   2.4948045e+00
   1.1550000e+03  -1.4724681e+00   2.4905352e+00
   1.1560000e+03  -1.4710704e+00   2.4858613e+00
   1.1570000e+03  -1.4696821e+00   2.4798394e+00
   1.1580000e+03  -1.4682157e+00   2.4737447e+00
   1.1590000e+03  -1.4675352e+00   2.4672343e+00
   1.1600000e+03  -1.4673653e+00   2.4603021e+00
   1.1610000e+03  -1.4681094e+00   2.4531918e+00
   1.1620000e+03  -1.4694074e+00   2.4448903e+00
   1.1630000e+03  -1.4700151e+00   2.4370031e+00
   1.1640000e+03  -1.4709638e+00   2.4287223e+00
   1.1650000e+03  -1.4719582e+00   2.4188519e+00
   1.1660000e+03  -1.4727030e+00   2.4111723e+00
   1.1670000e+03  -1.4728026e+00   2.4034719e+00
   1.1680000e+03  -1.4732360e+00   2.3957510e+00
   1.1690000e+03  -1.4733468e+00   2.3891988e+00
   1.1700000e+03  -1.4729791e+00   2.3820212e+00
   1.1710000e+03  -1.4721942e+00   2.3754519e+00
   1.1720000e+03  -1.4706962e+00   2.3696655e+00
   1.1730000e+03  -1.4683447e+00   2.3644078e+00
   1.1740000e+03  -1.4663253e+00   2.3604003e+00
   1.1750000e+03  -1.4628343e+00   2.3571884e+00
   1.1760000e+03  -1.4593197e+00   2.3543725e+00
   1.1770000e+03  -1.4533284e+00   2.3521202e+00
   1.1780000e+03  -1.4494702e+00   2.3495004e+00
   1.1790000e+03  -1.4448935e+00   2.3484256e+00
   1.1800000e+03  -1.4397943e+00   2.3479354e+00
   1.1810000e+03  -1.4344473e+00   2.3482613e+00
   1.1820000e+03  -1.4292355e+00   2.3492988e+00
   1.1830000e+03  -1.4231333e+00   2.3509176e+00
   1.1840000e+03  -1.4161368e+00   2.3529174e+00
   1.1850000e+03  -1.4090548e+00   2.3546848e+00
   1.1860000e+03  -1.4022703e+00   2.3565127e+00
   1.1870000e+03  -1.3952052e+00   2.3582090e+00
   1.1880000e+03  -1.3897905e+00   2.3597248e+00
   1.1890000e+03  -1.3833951e+00   2.3602601e+00
   1.1900000e+03  -1.3814131e+00   2.3611258e+00
   1.1910000e+03  -1.3805311e+00   2.3621889e+00
   1.1920000e+03  -1.3814980e+00   2.3626828e+00
   1.1930000e+03  -1.3836057e+00   2.3622815e+00
   1.1940000e+03  -1.3855172e+00   2.3613291e+00
   1.1950000e+03  -1.3878004e+00   2.3605344e+00
   1.1960000e+03  -1.3902672e+00   2.3594708e+00
   1.1970000e+03  -1.3932186e+00   2.3588353e+00
   1.1980000e+03  -1.3967042e+00   2.3584750e+00
   1.1990000e+03  -1.4013268e+00   2.3575650e+00
   1.2000000e+03  -1.4061039e+00   2.3562981e+00
   1.2010000e+03  -1.4100902e+00   2.3533131e+00
   1.2020000e+03  -1.4130490e+00   2.3493426e+00
   1.2030000e+03  -1.4144937e+00   2.3445454e+00
   1.2040000e+03  -1.4154258e+00   2.3398658e+00
   1.2050000e+03  -1.4152130e+00   2.3356209e+00
   1.2060000e+03  -1.4153134e+00   2.3317231e+00
   1.2070000e+03  -1.4155337e+00   2.3290051e+00
   1.2080000e+03  -1.4167685e+00   2.3263794e+00
   1.2090000e+03  -1.4173834e+00   2.3237662e+00
   1.2100000e+03  -1.4178380e+00   2.3204750e+00
   1.2110000e+03  -1.4179092e+00   2.3174944e+00
   1.2120000e+03  -1.4179002e+00   2.3146954e+00
   1.2130000e+03  -1.4169573e+00   2.3124228e+00
   1.2140000e+03  -1.4164776e+00   2.3098872e+00
   1.2150000e+03  -1.4153009e+00   2.3079230e+00
   1.2160000e+03  -1.4142800e+00   2.3059231e+00
   1.2170000e+03  -1.4127409e+00   2.3045575e+00
   1.2180000e+03  -1.4111911e+00   2.3031435e+00
   1.2190000e+03  -1.4088898e+00   2.3020385e+00
   1.2200000e+03  -1.4061255e+00   2.3015423e+00
   1.2210000e+03  -1.4025906e+00   2.3018686e+00
   1.2220000e+03  -1.3979340e+00   2.3025858e+00
   1.2230000e+03  -1.3933656e+00   2.3038594e+00
   1.2240000e+03  -1.3881654e+00   2.3050485e+00
   1.2250000e+03  -1.3819240e+00   2.3064183e+00
   1.2260000e+03  -1.3746832e+00   2.3083459e+00
   1.2270000e+03  -1.3676192e+00   2.3114726e+00
   1.2280000e+03  -1.3604872e+00   2.3152714e+00
   1.2290000e+03  -1.3526948e+00   2.3195765e+00
   1.2300000e+03  -1.3447635e+00   2.3239399e+00
   1.2310000e+03  -1.3363414e+00   2.3291995e+00
   1.2320000e+03  -1.3282480e+00   2.3343195e+00
   1.2330000e+03  -1.3198851e+00   2.3403486e+00
   1.2340000e+03  -1.3109520e+00   2.3460027e+00
   1.2350000e+03  -1.3014457e+00   2.3516452e+00
   1.2360000e+03  -1.2920958e+00   2.3571125e+00
   1.2370000e+03  -1.2823303e+00   2.3630234e+00
   1.2380000e+03  -1.2737968e+00   2.3680789e+00
   1.2390000e+03  -1.2659659e+00   2.3729935e+00
   1.2400000e+03  -1.2601128e+00   2.3768393e+00
   1.2410000e+03  -1.2553133e+00   2.3812317e+00
   1.2420000e+03  -1.2514263e+00   2.3849281e+00
   1.2430000e+03  -1.2480957e+00   2.3880149e+00
   1.2440000e+03  -1.2453875e+00   2.3905909e+00
   1.2450000e+03  -1.2435085e+00   2.3926961e+00
   1.2460000e+03  -1.2415690e+00   2.3941316e+00
   1.2470000e+03  -1.2396468e+00   2.3946264e+00
   1.2480000e+03  -1.2376930e+00   2.3951605e+00
   1.2490000e+03  -1.2356673e+00   2.3945491e+00
   1.2500000e+03  -1.2336873e+00   2.3946181e+00
   1.2510000e+03  -1.2330760e+00   2.3944095e+00
   1.2520000e+03  -1.2322345e+00   2.3940894e+00
   1.2530000e+03  -1.2318547e+00   2.3924398e+00
   1.2540000e+03  -1.2313494e+00   2.3902641e+00
   1.2550000e+03  -1.2309841e+00   2.3877119e+00
   1.2560000e+03  -1.2305976e+00   2.3847872e+00
   1.2570000e+03  -1.2300397e+00   2.3816361e+00
   1.2580000e+03  -1.2298357e+00   2.3786578e+00
   1.2590000e+03  -1.2292235e+00   2.3763154e+00
   1.2600000e+03  -1.2292044e+00   2.3750069e+00
   1.2610000e+03  -1.2293503e+00   2.3730766e+00
   1.2620000e+03  -1.2283728e+00   2.3718491e+00
   1.2630000e+03  -1.2272703e+00   2.3709254e+00
   1.2640000e+03  -1.2263621e+00   2.3706129e+00
   1.2650000e+03  -1.2260111e+00   2.3699921e+00
   1.2660000e+03  -1.2255152e+00   2.3704308e+00
   1.2670000e+03  -1.2248816e+00   2.3702950e+00
   1.2680000e+03  -1.2246352e+00   2.3707044e+00
   1.2690000e+03  -1.2246807e+00   2.3710407e+00
   1.2700000e+03  -1.2246436e+00   2.3705303e+00
   1.2710000e+03  -1.2248935e+00   2.3691048e+00
   1.2720000e+03  -1.2254323e+00   2.3664737e+00
   1.2730000e+03  -1.2270216e+00   2.3627959e+00
   1.2740000e+03  -1.2287004e+00   2.3578724e+00
   1.2750000e+03  -1.2313762e+00   2.3510376e+00
   1.2760000e+03  -1.2358964e+00   2.3425268e+00
   1.2770000e+03  -1.2410231e+00   2.3336355e+00
   1.2780000e+03  -1.2459987e+00   2.3248499e+00
   1.2790000e+03  -1.2509290e+00   2.3164156e+00
   1.2800000e+03  -1.2557173e+00   2.3088786e+00
   1.2810000e+03  -1.2603486e+00   2.3003483e+00
   1.2820000e+03  -1.2646374e+00   2.2928825e+00
   1.2830000e+03  -1.2691557e+00   2.2847669e+00
   1.2840000e+03  -1.2738533e+00   2.2763509e+00
   1.2850000e+03  -1.2783687e+00   2.2670446e+00
   1.2860000e+03  -1.2819247e+00   2.2580001e+00
   1.2870000e+03  -1.2849145e+00   2.2501872e+00
   1.2880000e+03  -1.2871548e+00   2.2422116e+00
   1.2890000e+03  -1.2883745e+00   2.2344735e+00
   1.2900000e+03  -1.2887775e+00   2.2269797e+00
   1.2910000e+03  -1.2888055e+00   2.2197529e+00
   1.2920000e+03  -1.2880378e+00   2.2131335e+00
   1.2930000e+03  -1.2863251e+00   2.2066145e+00
   1.2940000e+03  -1.2832270e+00   2.2010354e+00
   1.2950000e+03  -1.2800980e+00   2.1961162e+00
   1.2960000e+03  -1.2758837e+00   2.1916856e+00
   1.2970000e+03  -1.2711560e+00   2.1879027e+00
   1.2980000e+03  -1.2658056e+00   2.1838855e+00
   1.2990000e+03  -1.2597190e+00   2.1802884e+00
   1.3000000e+03  -1.2528608e+00   2.1768665e+00
   1.3010000e+03  -1.2455976e+00   2.1740487e+00
   1.3020000e+03  -1.2385509e+00   2.1715554e+00
   1.3030000e+03  -1.2307045e+00   2.1698691e+00
   1.3040000e+03  -1.2229659e+00   2.1682453e+00
   1.3050000e+03  -1.2144470e+00   2.1666606e+00
   1.3060000e+03  -1.2048459e+00   2.1652425e+00
   1.3070000e+03  -1.1954951e+00   2.1640825e+00
   1.3080000e+03  -1.1861984e+00   2.1632297e+00
   1.3090000e+03  -1.1768318e+00   2.1629648e+00
   1.3100000e+03  -1.1671435e+00   2.1616235e+00
   1.3110000e+03  -1.1581120e+00   2.1604595e+00
   1.3120000e+03  -1.1496542e+00   2.1596961e+00
   1.3130000e+03  -1.1412126e+00   2.1588726e+00
   1.3140000e+03  -1.1344656e+00   2.1581714e+00
   1.3150000e+03  -1.1278607e+00   2.1574873e+00
   1.3160000e+03  -1.1224619e+00   2.1561749e+00
   1.3170000e+03  -1.1175603e+00   2.1550194e+00
   1.3180000e+03  -1.1125721e+00   2.1536207e+00
   1.3190000e+03  -1.1074934e+00   2.1522552e+00
   1.3200000e+03  -1.1024623e+00   2.1503401e+00
   1.3210000e+03  -1.0962480e+00   2.1483303e+00
   1.3220000e+03  -1.0922010e+00   2.1450180e+00
   1.3230000e+03  -1.0880873e+00   2.1421814e+00
   1.3240000e+03  -1.0847594e+00   2.1385496e+00
   1.3250000e+03  -1.0825944e+00   2.1344495e+00
   1.3260000e+03  -1.0808739e+00   2.1296152e+00
   1.3270000e+03  -1.0789424e+00   2.1245844e+00
   1.3280000e+03  -1.0778508e+00   2.1185457e+00
   1.3290000e+03  -1.0768501e+00   2.1116227e+00
   1.3300000e+03  -1.0763348e+00   2.1045909e+00
   1.3310000e+03  -1.0765122e+00   2.0972122e+00
   1.3320000e+03  -1.0769178e+00   2.0892394e+00
   1.3330000e+03  -1.0775918e+00   2.0810728e+00
   1.3340000e+03  -1.0795980e+00   2.0737709e+00
   1.3350000e+03  -1.0817177e+00   2.0661494e+00
   1.3360000e+03  -1.0841035e+00   2.0586976e+00
   1.3370000e+03  -1.0856059e+00   2.0516397e+00
   1.3380000e+03  -1.0874563e+00   2.0455878e+00
   1.3390000e+03  -1.0892340e+00   2.0394725e+00
   1.3400000e+03  -1.0905969e+00   2.0337624e+00
   1.3410000e+03  -1.0921100e+00   2.0288239e+00
   1.3420000e+03  -1.0930912e+00   2.0241200e+00
   1.3430000e+03  -1.0942370e+00   2.0198043e+00
   1.3440000e+03  -1.0951879e+00   2.0159289e+00
   1.3450000e+03  -1.0957867e+00   2.0118931e+00
   1.3460000e+03  -1.0970197e+00   2.0088723e+00
   1.3470000e+03  -1.0979023e+00   2.0067112e+00
   1.3480000e+03  -1.0989893e+00   2.0053005e+00
   1.3490000e+03  -1.0997682e+00   2.0037745e+00
   1.3500000e+03  -1.1001469e+00   2.0033752e+00
   1.3510000e+03  -1.1002774e+00   2.0034312e+00
   1.3520000e+03  -1.0999952e+00   2.0043679e+00
   1.3530000e+03  -1.0982965e+00   2.0056299e+00
   1.3540000e+03  -1.0969947e+00   2.0073964e+00
   1.3550000e+03  -1.0949899e+00   2.0097851e+00
   1.3560000e+03  -1.0928912e+00   2.0130957e+00
   1.3570000e+03  -1.0890657e+00   2.0169482e+00
   1.3580000e+03  -1.0853976e+00   2.0213699e+00
   1.3590000e+03  -1.0816608e+00   2.0262275e+00
   1.3600000e+03  -1.0776766e+00   2.0316731e+00
   1.3610000e+03  -1.0737463e+00   2.0374538e+00
   1.3620000e+03  -1.0689737e+00   2.0434759e+00
   1.3630000e+03  -1.0645690e+00   2.0497688e+00
   1.3640000e+03  -1.0600292e+00   2.0557972e+00
   1.3650000e+03  -1.0553094e+00   2.0617438e+00
   1.3660000e+03  -1.0507138e+00   2.0674144e+00
   1.3670000e+03  -1.0460880e+00   2.0729083e+00
   1.3680000e+03  -1.0414327e+00   2.0778301e+00
   1.3690000e+03  -1.0370594e+00   2.0833922e+00
   1.3700000e+03  -1.0328246e+00   2.0882966e+00
   1.3710000e+03  -1.0290990e+00   2.0929800e+00
   1.3720000e+03  -1.0252004e+00   2.0974051e+00
   1.3730000e+03  -1.0212477e+00   2.1019130e+00
   1.3740000e+03  -1.0174419e+00   2.1062732e+00
   1.3750000e+03  -1.0128634e+00   2.1105278e+00
   1.3760000e+03  -1.0086776e+00   2.1147348e+00
   1.3770000e+03  -1.0033760e+00   2.1192248e+00
   1.3780000e+03  -9.9855418e-01   2.1240417e+00
   1.3790000e+03  -9.9426114e-01   2.1287042e+00
   1.3800000e+03  -9.9074694e-01   2.1325819e+00
   1.3810000e+03  -9.8897078e-01   2.1351682e+00
   1.3820000e+03  -9.8765526e-01   2.1377902e+00
   1.3830000e+03  -9.8758756e-01   2.1402110e+00
   1.3840000e+03  -9.8768403e-01   2.1414413e+00
   1.3850000e+03  -9.8730861e-01   2.1415658e+00
   1.3860000e+03  -9.8666456e-01   2.1407087e+00
   1.3870000e+03  -9.8513831e-01   2.1380779e+00
   1.3880000e+03  -9.8336133e-01   2.1342618e+00
   1.3890000e+03  -9.8069036e-01   2.1279269e+00
   1.3900000e+03  -9.7752485e-01   2.1186594e+00
   1.3910000e+03  -9.7376308e-01   2.1076367e+00
   1.3920000e+03  -9.6870542e-01   2.0945806e+00
   1.3930000e+03  -9.6216049e-01   2.0795413e+00
   1.3940000e+03  -9.5483109e-01   2.0685804e+00
   1.3950000e+03  -9.4707946e-01   2.0575901e+00
   1.3960000e+03  -9.4008103e-01   2.0461214e+00
   1.3970000e+03  -9.3433216e-01   2.0353377e+00
   1.3980000e+03  -9.2993031e-01   2.0238891e+00
   1.3990000e+03  -9.2739969e-01   2.0112953e+00
   1.4000000e+03  -9.2494713e-01   1.9962963e+00
   1.4010000e+03  -9.2319640e-01   1.9800995e+00
   1.4020000e+03  -9.2094456e-01   1.9623840e+00
   1.4030000e+03  -9.1841533e-01   1.9440262e+00
   1.4040000e+03  -9.1391240e-01   1.9241596e+00
   1.4050000e+03  -9.0900219e-01   1.9028630e+00
   1.4060000e+03  -9.0483120e-01   1.8816688e+00
   1.4070000e+03  -9.0036731e-01   1.8597786e+00
   1.4080000e+03  -8.9587158e-01   1.8386121e+00
   1.4090000e+03  -8.9144684e-01   1.8187115e+00
   1.4100000e+03  -8.8619578e-01   1.7992051e+00
   1.4110000e+03  -8.7854161e-01   1.7800174e+00
   1.4120000e+03  -8.6899579e-01   1.7604605e+00
   1.4130000e+03  -8.5803824e-01   1.7412955e+00
   1.4140000e+03  -8.4692063e-01   1.7227364e+00
   1.4150000e+03  -8.3537838e-01   1.7048795e+00
   1.4160000e+03  -8.2431022e-01   1.6883374e+00
   1.4170000e+03  -8.1200140e-01   1.6720002e+00
   1.4180000e+03  -8.0134712e-01   1.6577436e+00
   1.4190000e+03  -7.8964168e-01   1.6454793e+00
   1.4200000e+03  -7.7908379e-01   1.6348825e+00
   1.4210000e+03  -7.6826968e-01   1.6274111e+00
   1.4220000e+03  -7.5775378e-01   1.6215482e+00
   1.4230000e+03  -7.4726911e-01   1.6163468e+00
   1.4240000e+03  -7.3853636e-01   1.6114144e+00
   1.4250000e+03  -7.3035965e-01   1.6069383e+00
   1.4260000e+03  -7.2400201e-01   1.6027040e+00
   1.4270000e+03  -7.1890623e-01   1.5987116e+00
   1.4280000e+03  -7.1511155e-01   1.5945306e+00
   1.4290000e+03  -7.1271264e-01   1.5906772e+00
   1.4300000e+03  -7.1118334e-01   1.5860058e+00
   1.4310000e+03  -7.1174118e-01   1.5808229e+00
   1.4320000e+03  -7.1395308e-01   1.5753289e+00
   1.4330000e+03  -7.1821918e-01   1.5693623e+00
   1.4340000e+03  -7.2403913e-01   1.5623164e+00
   1.4350000e+03  -7.3153094e-01   1.5544497e+00
   1.4360000e+03  -7.4018022e-01   1.5460711e+00
   1.4370000e+03  -7.4972506e-01   1.5367092e+00
   1.4380000e+03  -7.5885436e-01   1.5258162e+00
   1.4390000e+03  -7.6708366e-01   1.5151336e+00
   1.4400000e+03  -7.7422627e-01   1.5054556e+00
   1.4410000e+03  -7.8014422e-01   1.4969241e+00
   1.4420000e+03  -7.8206331e-01   1.4905891e+00
   1.4430000e+03  -7.8160063e-01   1.4862598e+00
   1.4440000e+03  -7.7893436e-01   1.4838397e+00
   1.4450000e+03  -7.7482760e-01   1.4829577e+00
   1.4460000e+03  -7.7003467e-01   1.4829456e+00
   1.4470000e+03  -7.6562708e-01   1.4845314e+00
   1.4480000e+03  -7.6081870e-01   1.4871494e+00
   1.4490000e+03  -7.5477229e-01   1.4901585e+00
   1.4500000e+03  -7.4870711e-01   1.4927335e+00
   1.4510000e+03  -7.4340925e-01   1.4953153e+00
   1.4520000e+03  -7.3771315e-01   1.4962148e+00
   1.4530000e+03  -7.3148696e-01   1.4960904e+00
   1.4540000e+03  -7.2858674e-01   1.4934103e+00
   1.4550000e+03  -7.2646792e-01   1.4895260e+00
   1.4560000e+03  -7.2523364e-01   1.4838546e+00
   1.4570000e+03  -7.2550492e-01   1.4773850e+00
   1.4580000e+03  -7.2611348e-01   1.4703275e+00
   1.4590000e+03  -7.2794615e-01   1.4634297e+00
   1.4600000e+03  -7.3008813e-01   1.4553624e+00
   1.4610000e+03  -7.3277848e-01   1.4456821e+00
   1.4620000e+03  -7.3716428e-01   1.4348453e+00
   1.4630000e+03  -7.4306597e-01   1.4245634e+00
   1.4640000e+03  -7.4949408e-01   1.4155668e+00
   1.4650000e+03  -7.5444747e-01   1.4056804e+00
   1.4660000e+03  -7.5919001e-01   1.3984502e+00
   1.4670000e+03  -7.6210760e-01   1.3922481e+00
   1.4680000e+03  -7.6271318e-01   1.3874487e+00
   1.4690000e+03  -7.6151538e-01   1.3829559e+00
   1.4700000e+03  -7.5901551e-01   1.3787933e+00
   1.4710000e+03  -7.5488057e-01   1.3744806e+00
   1.4720000e+03  -7.4987045e-01   1.3698480e+00
   1.4730000e+03  -7.4354168e-01   1.3646881e+00
   1.4740000e+03  -7.3733324e-01   1.3590367e+00
   1.4750000e+03  -7.2992255e-01   1.3529528e+00
   1.4760000e+03  -7.2165795e-01   1.3468956e+00
   1.4770000e+03  -7.1434190e-01   1.3419963e+00
   1.4780000e+03  -7.0695550e-01   1.3370201e+00
   1.4790000e+03  -6.9841285e-01   1.3302986e+00
   1.4800000e+03  -6.9127262e-01   1.3237514e+00
   1.4810000e+03  -6.8512752e-01   1.3181676e+00
   1.4820000e+03  -6.7931034e-01   1.3135946e+00
   1.4830000e+03  -6.7482580e-01   1.3090560e+00
   1.4840000e+03  -6.7128394e-01   1.3038407e+00
   1.4850000e+03  -6.7011326e-01   1.2982255e+00
   1.4860000e+03  -6.7037033e-01   1.2924620e+00
   1.4870000e+03  -6.6998613e-01   1.2857010e+00
   1.4880000e+03  -6.6868811e-01   1.2785988e+00
   1.4890000e+03  -6.6664236e-01   1.2700847e+00
   1.4900000e+03  -6.6482054e-01   1.2622950e+00
   1.4910000e+03  -6.6348372e-01   1.2542087e+00
   1.4920000e+03  -6.6274879e-01   1.2453881e+00
   1.4930000e+03  -6.6221020e-01   1.2356452e+00
   1.4940000e+03  -6.6345558e-01   1.2259348e+00
   1.4950000e+03  -6.6521907e-01   1.2161806e+00
   1.4960000e+03  -6.6782194e-01   1.2065341e+00
   1.4970000e+03  -6.7249541e-01   1.1973055e+00
   1.4980000e+03  -6.7723440e-01   1.1881481e+00
   1.4990000e+03  -6.8315969e-01   1.1787008e+00
   1.5000000e+03  -6.8897119e-01   1.1692705e+00
   1.5010000e+03  -6.9513354e-01   1.1600481e+00
   1.5020000e+03  -7.0008766e-01   1.1499287e+00
   1.5030000e+03  -7.0548284e-01   1.1409513e+00
   1.5040000e+03  -7.1028479e-01   1.1315300e+00
   1.5050000e+03  -7.1408914e-01   1.1221549e+00
   1.5060000e+03  -7.1799785e-01   1.1144350e+00
   1.5070000e+03  -7.2156025e-01   1.1071575e+00
   1.5080000e+03  -7.2440982e-01   1.0993416e+00
   1.5090000e+03  -7.2693095e-01   1.0919939e+00
   1.5100000e+03  -7.2779278e-01   1.0850300e+00
   1.5110000e+03  -7.2722864e-01   1.0780673e+00
   1.5120000e+03  -7.2536906e-01   1.0701689e+00
   1.5130000e+03  -7.2132769e-01   1.0605028e+00
   1.5140000e+03  -7.1698181e-01   1.0532029e+00
   1.5150000e+03  -7.1192960e-01   1.0463228e+00
   1.5160000e+03  -7.0591660e-01   1.0395186e+00
   1.5170000e+03  -6.9939798e-01   1.0339138e+00
   1.5180000e+03  -6.9218570e-01   1.0292065e+00
   1.5190000e+03  -6.8327357e-01   1.0242853e+00
   1.5200000e+03  -6.7346123e-01   1.0189805e+00
   1.5210000e+03  -6.6410684e-01   1.0131317e+00
   1.5220000e+03  -6.5647376e-01   1.0069310e+00
   1.5230000e+03  -6.5048159e-01   1.0004208e+00
   1.5240000e+03  -6.4591212e-01   9.9385703e-01
   1.5250000e+03  -6.4247592e-01   9.8831981e-01
   1.5260000e+03  -6.4168010e-01   9.8241790e-01
   1.5270000e+03  -6.4127101e-01   9.7712858e-01
   1.5280000e+03  -6.4231770e-01   9.7184762e-01
   1.5290000e+03  -6.4508209e-01   9.6698714e-01
   1.5300000e+03  -6.4983480e-01   9.6251621e-01
   1.5310000e+03  -6.5583698e-01   9.5744436e-01
   1.5320000e+03  -6.6293758e-01   9.5192141e-01
   1.5330000e+03  -6.7088683e-01   9.4569962e-01
   1.5340000e+03  -6.7841727e-01   9.3945968e-01
   1.5350000e+03  -6.8513594e-01   9.3377462e-01
   1.5360000e+03  -6.9035275e-01   9.2779465e-01
   1.5370000e+03  -6.9263807e-01   9.2031612e-01
   1.5380000e+03  -6.9431412e-01   9.1416722e-01
   1.5390000e+03  -6.9441607e-01   9.0842016e-01
   1.5400000e+03  -6.9290159e-01   9.0193395e-01
   1.5410000e+03  -6.9029549e-01   8.9509605e-01
   1.5420000e+03  -6.8699665e-01   8.8848663e-01
   1.5430000e+03  -6.8242683e-01   8.8189693e-01
   1.5440000e+03  -6.7658286e-01   8.7485605e-01
   1.5450000e+03  -6.6961439e-01   8.6901401e-01
   1.5460000e+03  -6.6300485e-01   8.6405186e-01
   1.5470000e+03  -6.5570105e-01   8.5831138e-01
   1.5480000e+03  -6.4751919e-01   8.5161416e-01
   1.5490000e+03  -6.3937272e-01   8.4421193e-01
   1.5500000e+03  -6.3222136e-01   8.3596558e-01
   1.5510000e+03  -6.2396497e-01   8.2518228e-01
   1.5520000e+03  -6.1627236e-01   8.1265347e-01
   1.5530000e+03  -6.0852634e-01   7.9920891e-01
   1.5540000e+03  -6.0185040e-01   7.8505118e-01
   1.5550000e+03  -5.9524293e-01   7.7070859e-01
   1.5560000e+03  -5.8909470e-01   7.5582356e-01
   1.5570000e+03  -5.8365824e-01   7.4088336e-01
   1.5580000e+03  -5.7856142e-01   7.2606032e-01
   1.5590000e+03  -5.7439224e-01   7.1073979e-01
   1.5600000e+03  -5.7151784e-01   6.9554411e-01
   1.5610000e+03  -5.6844936e-01   6.8010393e-01
   1.5620000e+03  -5.6543418e-01   6.6564988e-01
   1.5630000e+03  -5.6164023e-01   6.5137087e-01
   1.5640000e+03  -5.5761754e-01   6.3780020e-01
   1.5650000e+03  -5.5314206e-01   6.2556352e-01
   1.5660000e+03  -5.4862447e-01   6.1426830e-01
   1.5670000e+03  -5.4558991e-01   6.0447920e-01
   1.5680000e+03  -5.4447943e-01   5.9689046e-01
   1.5690000e+03  -5.4300429e-01   5.8890490e-01
   1.5700000e+03  -5.4038279e-01   5.7949964e-01
   1.5710000e+03  -5.3676587e-01   5.6820658e-01
   1.5720000e+03  -5.3279019e-01   5.5389683e-01
   1.5730000e+03  -5.2918655e-01   5.3641976e-01
   1.5740000e+03  -5.2540055e-01   5.2027890e-01
   1.5750000e+03  -5.2112778e-01   5.0301988e-01
   1.5760000e+03  -5.1617929e-01   4.8559580e-01
   1.5770000e+03  -5.0860905e-01   4.6874369e-01
   1.5780000e+03  -4.9888125e-01   4.5185432e-01
   1.5790000e+03  -4.8718153e-01   4.3440836e-01
   1.5800000e+03  -4.7509277e-01   4.1875712e-01
   1.5810000e+03  -4.6317988e-01   4.0635451e-01
   1.5820000e+03  -4.5237089e-01   3.9657155e-01
   1.5830000e+03  -4.4225024e-01   3.8826020e-01
   1.5840000e+03  -4.3161158e-01   3.7768754e-01
   1.5850000e+03  -4.1807348e-01   3.6599873e-01
   1.5860000e+03  -4.0659132e-01   3.5263331e-01
   1.5870000e+03  -3.9478901e-01   3.3724308e-01
   1.5880000e+03  -3.8499755e-01   3.2307727e-01
   1.5890000e+03  -3.7723885e-01   3.1002404e-01
   1.5900000e+03  -3.6833927e-01   2.9986550e-01
   1.5910000e+03  -3.5830620e-01   2.9145022e-01
   1.5920000e+03  -3.4781913e-01   2.8556359e-01
   1.5930000e+03  -3.3541293e-01   2.7970085e-01
   1.5940000e+03  -3.2261759e-01   2.7453315e-01
   1.5950000e+03  -3.0996453e-01   2.6916150e-01
   1.5960000e+03  -2.9876773e-01   2.6489942e-01
   1.5970000e+03  -2.8803347e-01   2.6254340e-01
   1.5980000e+03  -2.7963617e-01   2.5875639e-01
   1.5990000e+03  -2.6967898e-01   2.5476288e-01
   1.6000000e+03  -2.5992140e-01   2.4859457e-01
   1.6010000e+03  -2.4996960e-01   2.4344911e-01
   1.6020000e+03  -2.3689763e-01   2.3337196e-01
   1.6030000e+03  -2.2550872e-01   2.2175919e-01
   1.6040000e+03  -2.1801776e-01   2.1172026e-01
   1.6050000e+03  -2.1044894e-01   1.9868453e-01
   1.6060000e+03  -2.0298839e-01   1.8362852e-01
   1.6070000e+03  -1.9560654e-01   1.6557468e-01
   1.6080000e+03  -1.8959760e-01   1.4440571e-01
   1.6090000e+03  -1.8492066e-01   1.2044687e-01
