   5.2600000e+02  -2.9124275e+00   2.9142755e+00
   5.2700000e+02  -2.9088864e+00   2.9155296e+00
   5.2800000e+02  -2.9057212e+00   2.9158589e+00
   5.2900000e+02  -2.9016076e+00   2.9166814e+00
   5.3000000e+02  -2.8974592e+00   2.9178695e+00
   5.3100000e+02  -2.8924146e+00   2.9193872e+00
   5.3200000e+02  -2.8872114e+00   2.9207532e+00
   5.3300000e+02  -2.8823032e+00   2.9221707e+00
   5.3400000e+02  -2.8748639e+00   2.9246492e+00
   5.3500000e+02  -2.8673542e+00   2.9262609e+00
   5.3600000e+02  -2.8594876e+00   2.9288795e+00
   5.3700000e+02  -2.8510566e+00   2.9301734e+00
   5.3800000e+02  -2.8419880e+00   2.9312600e+00
   5.3900000e+02  -2.8344130e+00   2.9314842e+00
   5.4000000e+02  -2.8265153e+00   2.9305576e+00
   5.4100000e+02  -2.8181423e+00   2.9288812e+00
   5.4200000e+02  -2.8124674e+00   2.9262201e+00
   5.4300000e+02  -2.8062463e+00   2.9218537e+00
   5.4400000e+02  -2.8008280e+00   2.9178114e+00
   5.4500000e+02  -2.7944686e+00   2.9112203e+00
   5.4600000e+02  -2.7880058e+00   2.9033191e+00
   5.4700000e+02  -2.7822601e+00   2.8935022e+00
   5.4800000e+02  -2.7780002e+00   2.8826186e+00
   5.4900000e+02  -2.7753333e+00   2.8713201e+00
   5.5000000e+02  -2.7751211e+00   2.8591627e+00
   5.5100000e+02  -2.7771561e+00   2.8464475e+00
   5.5200000e+02  -2.7792199e+00   2.8334965e+00
   5.5300000e+02  -2.7837552e+00   2.8201106e+00
   5.5400000e+02  -2.7865767e+00   2.8071714e+00
   5.5500000e+02  -2.7910455e+00   2.7935880e+00
   5.5600000e+02  -2.7958848e+00   2.7799403e+00
   5.5700000e+02  -2.7997784e+00   2.7662634e+00
   5.5800000e+02  -2.8023353e+00   2.7521214e+00
   5.5900000e+02  -2.8042736e+00   2.7377288e+00
   5.6000000e+02  -2.8056510e+00   2.7232136e+00
   5.6100000e+02  -2.8050194e+00   2.7081706e+00
   5.6200000e+02  -2.8028201e+00   2.6927339e+00
   5.6300000e+02  -2.7990195e+00   2.6774213e+00
   5.6400000e+02  -2.7939322e+00   2.6613318e+00
   5.6500000e+02  -2.7873803e+00   2.6475117e+00
   5.6600000e+02  -2.7792547e+00   2.6323758e+00
   5.6700000e+02  -2.7695856e+00   2.6186742e+00
   5.6800000e+02  -2.7582793e+00   2.6058244e+00
   5.6900000e+02  -2.7458480e+00   2.5939047e+00
   5.7000000e+02  -2.7316929e+00   2.5823568e+00
   5.7100000e+02  -2.7168129e+00   2.5727877e+00
   5.7200000e+02  -2.7009533e+00   2.5652808e+00
   5.7300000e+02  -2.6848115e+00   2.5596346e+00
   5.7400000e+02  -2.6685722e+00   2.5553726e+00
   5.7500000e+02  -2.6536938e+00   2.5533293e+00
   5.7600000e+02  -2.6384259e+00   2.5514079e+00
   5.7700000e+02  -2.6233623e+00   2.5506974e+00
   5.7800000e+02  -2.6098114e+00   2.5504481e+00
   5.7900000e+02  -2.5962613e+00   2.5502180e+00
   5.8000000e+02  -2.5824788e+00   2.5493698e+00
   5.8100000e+02  -2.5689791e+00   2.5477050e+00
   5.8200000e+02  -2.5560452e+00   2.5442053e+00
   5.8300000e+02  -2.5453943e+00   2.5401501e+00
   5.8400000e+02  -2.5370900e+00   2.5358407e+00
   5.8500000e+02  -2.5291305e+00   2.5299270e+00
   5.8600000e+02  -2.5217128e+00   2.5222196e+00
   5.8700000e+02  -2.5140195e+00   2.5142447e+00
   5.8800000e+02  -2.5070285e+00   2.5048733e+00
   5.8900000e+02  -2.5016657e+00   2.4947837e+00
   5.9000000e+02  -2.4961857e+00   2.4833763e+00
   5.9100000e+02  -2.4924789e+00   2.4716494e+00
   5.9200000e+02  -2.4904094e+00   2.4593126e+00
   5.9300000e+02  -2.4899501e+00   2.4473987e+00
   5.9400000e+02  -2.4910815e+00   2.4348397e+00
   5.9500000e+02  -2.4933508e+00   2.4224235e+00
   5.9600000e+02  -2.4965361e+00   2.4107411e+00
   5.9700000e+02  -2.4993676e+00   2.3991176e+00
   5.9800000e+02  -2.5019280e+00   2.3874756e+00
   5.9900000e+02  -2.5051554e+00   2.3767928e+00
   6.0000000e+02  -2.5066937e+00   2.3654242e+00
   6.0100000e+02  -2.5089775e+00   2.3534540e+00
   6.0200000e+02  -2.5100256e+00   2.3422825e+00
   6.0300000e+02  -2.5099652e+00   2.3302656e+00
   6.0400000e+02  -2.5096871e+00   2.3190327e+00
   6.0500000e+02  -2.5080732e+00   2.3083427e+00
   6.0600000e+02  -2.5060909e+00   2.2983575e+00
   6.0700000e+02  -2.5047192e+00   2.2906639e+00
   6.0800000e+02  -2.5026543e+00   2.2826601e+00
   6.0900000e+02  -2.4999774e+00   2.2755350e+00
   6.1000000e+02  -2.4962010e+00   2.2696693e+00
   6.1100000e+02  -2.4922134e+00   2.2638521e+00
   6.1200000e+02  -2.4868449e+00   2.2588638e+00
   6.1300000e+02  -2.4806747e+00   2.2531429e+00
   6.1400000e+02  -2.4732321e+00   2.2489574e+00
   6.1500000e+02  -2.4644160e+00   2.2456530e+00
   6.1600000e+02  -2.4551359e+00   2.2438473e+00
   6.1700000e+02  -2.4442289e+00   2.2423701e+00
   6.1800000e+02  -2.4336379e+00   2.2426924e+00
   6.1900000e+02  -2.4236050e+00   2.2436789e+00
   6.2000000e+02  -2.4137022e+00   2.2450591e+00
   6.2100000e+02  -2.4032127e+00   2.2464922e+00
   6.2200000e+02  -2.3915782e+00   2.2476948e+00
   6.2300000e+02  -2.3805462e+00   2.2496609e+00
   6.2400000e+02  -2.3677735e+00   2.2505141e+00
   6.2500000e+02  -2.3559486e+00   2.2511318e+00
   6.2600000e+02  -2.3435335e+00   2.2515719e+00
   6.2700000e+02  -2.3310244e+00   2.2511975e+00
   6.2800000e+02  -2.3201293e+00   2.2509219e+00
   6.2900000e+02  -2.3095953e+00   2.2501846e+00
   6.3000000e+02  -2.3003853e+00   2.2488708e+00
   6.3100000e+02  -2.2930295e+00   2.2476786e+00
   6.3200000e+02  -2.2869125e+00   2.2469917e+00
   6.3300000e+02  -2.2810561e+00   2.2452150e+00
   6.3400000e+02  -2.2764503e+00   2.2437376e+00
   6.3500000e+02  -2.2720555e+00   2.2421411e+00
   6.3600000e+02  -2.2686981e+00   2.2405951e+00
   6.3700000e+02  -2.2663991e+00   2.2390554e+00
   6.3800000e+02  -2.2641220e+00   2.2366780e+00
   6.3900000e+02  -2.2623619e+00   2.2336735e+00
   6.4000000e+02  -2.2611014e+00   2.2295092e+00
   6.4100000e+02  -2.2612655e+00   2.2254676e+00
   6.4200000e+02  -2.2625298e+00   2.2208906e+00
   6.4300000e+02  -2.2643232e+00   2.2161334e+00
   6.4400000e+02  -2.2673135e+00   2.2115567e+00
   6.4500000e+02  -2.2715636e+00   2.2066221e+00
   6.4600000e+02  -2.2764453e+00   2.2018204e+00
   6.4700000e+02  -2.2824212e+00   2.1962352e+00
   6.4800000e+02  -2.2895187e+00   2.1901642e+00
   6.4900000e+02  -2.2970417e+00   2.1837224e+00
   6.5000000e+02  -2.3041295e+00   2.1774104e+00
   6.5100000e+02  -2.3112507e+00   2.1714292e+00
   6.5200000e+02  -2.3183652e+00   2.1653038e+00
   6.5300000e+02  -2.3252017e+00   2.1592053e+00
   6.5400000e+02  -2.3317494e+00   2.1538742e+00
   6.5500000e+02  -2.3375735e+00   2.1482077e+00
   6.5600000e+02  -2.3439277e+00   2.1423830e+00
   6.5700000e+02  -2.3492289e+00   2.1362198e+00
   6.5800000e+02  -2.3535476e+00   2.1301248e+00
   6.5900000e+02  -2.3577006e+00   2.1242546e+00
   6.6000000e+02  -2.3610773e+00   2.1177806e+00
   6.6100000e+02  -2.3658108e+00   2.1136330e+00
   6.6200000e+02  -2.3679485e+00   2.1080993e+00
   6.6300000e+02  -2.3698324e+00   2.1042071e+00
   6.6400000e+02  -2.3717870e+00   2.1009564e+00
   6.6500000e+02  -2.3730418e+00   2.0986291e+00
   6.6600000e+02  -2.3741599e+00   2.0961975e+00
   6.6700000e+02  -2.3754535e+00   2.0947604e+00
   6.6800000e+02  -2.3760476e+00   2.0929539e+00
   6.6900000e+02  -2.3760742e+00   2.0915265e+00
   6.7000000e+02  -2.3758027e+00   2.0907849e+00
   6.7100000e+02  -2.3754800e+00   2.0901500e+00
   6.7200000e+02  -2.3742411e+00   2.0894393e+00
   6.7300000e+02  -2.3733226e+00   2.0891804e+00
   6.7400000e+02  -2.3744352e+00   2.0882860e+00
   6.7500000e+02  -2.3743347e+00   2.0871773e+00
   6.7600000e+02  -2.3731869e+00   2.0864747e+00
   6.7700000e+02  -2.3724293e+00   2.0857067e+00
   6.7800000e+02  -2.3718952e+00   2.0851457e+00
   6.7900000e+02  -2.3705568e+00   2.0845737e+00
   6.8000000e+02  -2.3699947e+00   2.0836600e+00
   6.8100000e+02  -2.3689703e+00   2.0824390e+00
   6.8200000e+02  -2.3682518e+00   2.0816209e+00
   6.8300000e+02  -2.3675332e+00   2.0807539e+00
   6.8400000e+02  -2.3667586e+00   2.0796272e+00
   6.8500000e+02  -2.3664066e+00   2.0783375e+00
   6.8600000e+02  -2.3645288e+00   2.0769239e+00
   6.8700000e+02  -2.3624351e+00   2.0755553e+00
   6.8800000e+02  -2.3590877e+00   2.0734445e+00
   6.8900000e+02  -2.3551716e+00   2.0705227e+00
   6.9000000e+02  -2.3507116e+00   2.0685193e+00
   6.9100000e+02  -2.3462177e+00   2.0664733e+00
   6.9200000e+02  -2.3407798e+00   2.0651150e+00
   6.9300000e+02  -2.3348680e+00   2.0636620e+00
   6.9400000e+02  -2.3282651e+00   2.0625040e+00
   6.9500000e+02  -2.3212890e+00   2.0619840e+00
   6.9600000e+02  -2.3144570e+00   2.0618613e+00
   6.9700000e+02  -2.3068416e+00   2.0622390e+00
   6.9800000e+02  -2.2997187e+00   2.0628672e+00
   6.9900000e+02  -2.2914547e+00   2.0643266e+00
   7.0000000e+02  -2.2835530e+00   2.0655418e+00
   7.0100000e+02  -2.2756285e+00   2.0675725e+00
   7.0200000e+02  -2.2682319e+00   2.0698062e+00
   7.0300000e+02  -2.2598959e+00   2.0730132e+00
   7.0400000e+02  -2.2524688e+00   2.0764154e+00
   7.0500000e+02  -2.2453903e+00   2.0794513e+00
   7.0600000e+02  -2.2383385e+00   2.0824884e+00
   7.0700000e+02  -2.2314190e+00   2.0850547e+00
   7.0800000e+02  -2.2245096e+00   2.0881527e+00
   7.0900000e+02  -2.2172950e+00   2.0902601e+00
   7.1000000e+02  -2.2100052e+00   2.0926321e+00
   7.1100000e+02  -2.2032858e+00   2.0945277e+00
   7.1200000e+02  -2.1972936e+00   2.0973601e+00
   7.1300000e+02  -2.1918997e+00   2.0994878e+00
   7.1400000e+02  -2.1864386e+00   2.1006095e+00
   7.1500000e+02  -2.1816781e+00   2.1010180e+00
   7.1600000e+02  -2.1772076e+00   2.1023889e+00
   7.1700000e+02  -2.1733587e+00   2.1032596e+00
   7.1800000e+02  -2.1697268e+00   2.1037854e+00
   7.1900000e+02  -2.1664057e+00   2.1040368e+00
   7.2000000e+02  -2.1634637e+00   2.1043552e+00
   7.2100000e+02  -2.1609038e+00   2.1021758e+00
   7.2200000e+02  -2.1577336e+00   2.1006779e+00
   7.2300000e+02  -2.1552243e+00   2.0989087e+00
   7.2400000e+02  -2.1536789e+00   2.0944815e+00
   7.2500000e+02  -2.1519656e+00   2.0904284e+00
   7.2600000e+02  -2.1513659e+00   2.0841065e+00
   7.2700000e+02  -2.1504702e+00   2.0775889e+00
   7.2800000e+02  -2.1505730e+00   2.0707251e+00
   7.2900000e+02  -2.1510929e+00   2.0637352e+00
   7.3000000e+02  -2.1511817e+00   2.0557391e+00
   7.3100000e+02  -2.1518310e+00   2.0475960e+00
   7.3200000e+02  -2.1527959e+00   2.0395943e+00
   7.3300000e+02  -2.1547138e+00   2.0282071e+00
   7.3400000e+02  -2.1559105e+00   2.0196264e+00
   7.3500000e+02  -2.1565563e+00   2.0098476e+00
   7.3600000e+02  -2.1570118e+00   2.0006044e+00
   7.3700000e+02  -2.1564949e+00   1.9912551e+00
   7.3800000e+02  -2.1565960e+00   1.9804347e+00
   7.3900000e+02  -2.1565800e+00   1.9695884e+00
   7.4000000e+02  -2.1575927e+00   1.9593708e+00
   7.4100000e+02  -2.1581321e+00   1.9486271e+00
   7.4200000e+02  -2.1597790e+00   1.9376169e+00
   7.4300000e+02  -2.1613765e+00   1.9261987e+00
   7.4400000e+02  -2.1624220e+00   1.9151660e+00
   7.4500000e+02  -2.1628147e+00   1.9047134e+00
   7.4600000e+02  -2.1619167e+00   1.8944412e+00
   7.4700000e+02  -2.1603261e+00   1.8835445e+00
   7.4800000e+02  -2.1578662e+00   1.8741549e+00
   7.4900000e+02  -2.1552931e+00   1.8653395e+00
   7.5000000e+02  -2.1523172e+00   1.8569381e+00
   7.5100000e+02  -2.1495320e+00   1.8495310e+00
   7.5200000e+02  -2.1474976e+00   1.8432847e+00
   7.5300000e+02  -2.1450591e+00   1.8369500e+00
   7.5400000e+02  -2.1431476e+00   1.8309692e+00
   7.5500000e+02  -2.1407271e+00   1.8257062e+00
   7.5600000e+02  -2.1383781e+00   1.8214354e+00
   7.5700000e+02  -2.1353245e+00   1.8167382e+00
   7.5800000e+02  -2.1336999e+00   1.8128260e+00
   7.5900000e+02  -2.1304769e+00   1.8088943e+00
   7.6000000e+02  -2.1266225e+00   1.8061942e+00
   7.6100000e+02  -2.1230378e+00   1.8035951e+00
   7.6200000e+02  -2.1186359e+00   1.8010836e+00
   7.6300000e+02  -2.1133104e+00   1.7993366e+00
   7.6400000e+02  -2.1081928e+00   1.7978226e+00
   7.6500000e+02  -2.1027173e+00   1.7966704e+00
   7.6600000e+02  -2.0967399e+00   1.7960760e+00
   7.6700000e+02  -2.0912969e+00   1.7961859e+00
   7.6800000e+02  -2.0848320e+00   1.7970217e+00
   7.6900000e+02  -2.0774649e+00   1.7980711e+00
   7.7000000e+02  -2.0705190e+00   1.7996952e+00
   7.7100000e+02  -2.0628109e+00   1.8011088e+00
   7.7200000e+02  -2.0548211e+00   1.8030614e+00
   7.7300000e+02  -2.0464847e+00   1.8054815e+00
   7.7400000e+02  -2.0384411e+00   1.8086247e+00
   7.7500000e+02  -2.0304477e+00   1.8119772e+00
   7.7600000e+02  -2.0229034e+00   1.8159586e+00
   7.7700000e+02  -2.0156340e+00   1.8202921e+00
   7.7800000e+02  -2.0079902e+00   1.8249072e+00
   7.7900000e+02  -2.0010694e+00   1.8302804e+00
   7.8000000e+02  -1.9942143e+00   1.8361041e+00
   7.8100000e+02  -1.9879833e+00   1.8418321e+00
   7.8200000e+02  -1.9804538e+00   1.8480105e+00
   7.8300000e+02  -1.9735282e+00   1.8540703e+00
   7.8400000e+02  -1.9670564e+00   1.8601650e+00
   7.8500000e+02  -1.9604544e+00   1.8651245e+00
   7.8600000e+02  -1.9541299e+00   1.8694157e+00
   7.8700000e+02  -1.9492993e+00   1.8737452e+00
   7.8800000e+02  -1.9443491e+00   1.8772010e+00
   7.8900000e+02  -1.9400206e+00   1.8801551e+00
   7.9000000e+02  -1.9361755e+00   1.8823915e+00
   7.9100000e+02  -1.9328181e+00   1.8838134e+00
   7.9200000e+02  -1.9295541e+00   1.8844808e+00
   7.9300000e+02  -1.9278055e+00   1.8862512e+00
   7.9400000e+02  -1.9261411e+00   1.8855093e+00
   7.9500000e+02  -1.9241898e+00   1.8841051e+00
   7.9600000e+02  -1.9215690e+00   1.8824602e+00
   7.9700000e+02  -1.9184508e+00   1.8807660e+00
   7.9800000e+02  -1.9152578e+00   1.8784723e+00
   7.9900000e+02  -1.9126230e+00   1.8762478e+00
   8.0000000e+02  -1.9100088e+00   1.8730704e+00
   8.0100000e+02  -1.9085250e+00   1.8694470e+00
   8.0200000e+02  -1.9075670e+00   1.8660460e+00
   8.0300000e+02  -1.9069182e+00   1.8615392e+00
   8.0400000e+02  -1.9071256e+00   1.8559621e+00
   8.0500000e+02  -1.9081211e+00   1.8490536e+00
   8.0600000e+02  -1.9100120e+00   1.8411595e+00
   8.0700000e+02  -1.9126632e+00   1.8326363e+00
   8.0800000e+02  -1.9159984e+00   1.8243319e+00
   8.0900000e+02  -1.9193925e+00   1.8151742e+00
   8.1000000e+02  -1.9233671e+00   1.8058086e+00
   8.1100000e+02  -1.9272719e+00   1.7963436e+00
   8.1200000e+02  -1.9305368e+00   1.7874833e+00
   8.1300000e+02  -1.9337564e+00   1.7786163e+00
   8.1400000e+02  -1.9363064e+00   1.7703740e+00
   8.1500000e+02  -1.9385820e+00   1.7621266e+00
   8.1600000e+02  -1.9405863e+00   1.7539381e+00
   8.1700000e+02  -1.9430766e+00   1.7444818e+00
   8.1800000e+02  -1.9448320e+00   1.7360770e+00
   8.1900000e+02  -1.9467754e+00   1.7271225e+00
   8.2000000e+02  -1.9479216e+00   1.7179824e+00
   8.2100000e+02  -1.9485552e+00   1.7090972e+00
   8.2200000e+02  -1.9488783e+00   1.7018849e+00
   8.2300000e+02  -1.9490565e+00   1.6947742e+00
   8.2400000e+02  -1.9488192e+00   1.6875863e+00
   8.2500000e+02  -1.9483608e+00   1.6812379e+00
   8.2600000e+02  -1.9474449e+00   1.6754241e+00
   8.2700000e+02  -1.9453164e+00   1.6704066e+00
   8.2800000e+02  -1.9432504e+00   1.6648032e+00
   8.2900000e+02  -1.9399213e+00   1.6596334e+00
   8.3000000e+02  -1.9355085e+00   1.6551417e+00
   8.3100000e+02  -1.9309368e+00   1.6513700e+00
   8.3200000e+02  -1.9261930e+00   1.6490861e+00
   8.3300000e+02  -1.9210080e+00   1.6466995e+00
   8.3400000e+02  -1.9155357e+00   1.6452057e+00
   8.3500000e+02  -1.9095296e+00   1.6439963e+00
   8.3600000e+02  -1.9026233e+00   1.6435844e+00
   8.3700000e+02  -1.8956311e+00   1.6441437e+00
   8.3800000e+02  -1.8880737e+00   1.6446897e+00
   8.3900000e+02  -1.8794953e+00   1.6460389e+00
   8.4000000e+02  -1.8692513e+00   1.6468809e+00
   8.4100000e+02  -1.8596404e+00   1.6487475e+00
   8.4200000e+02  -1.8485919e+00   1.6502448e+00
   8.4300000e+02  -1.8377506e+00   1.6514185e+00
   8.4400000e+02  -1.8262897e+00   1.6526925e+00
   8.4500000e+02  -1.8149771e+00   1.6542283e+00
   8.4600000e+02  -1.8034013e+00   1.6561793e+00
   8.4700000e+02  -1.7926319e+00   1.6573154e+00
   8.4800000e+02  -1.7815070e+00   1.6583938e+00
   8.4900000e+02  -1.7705321e+00   1.6586126e+00
   8.5000000e+02  -1.7598756e+00   1.6593129e+00
   8.5100000e+02  -1.7505867e+00   1.6595972e+00
   8.5200000e+02  -1.7419069e+00   1.6607734e+00
   8.5300000e+02  -1.7345514e+00   1.6621214e+00
   8.5400000e+02  -1.7278502e+00   1.6613404e+00
   8.5500000e+02  -1.7220768e+00   1.6610346e+00
   8.5600000e+02  -1.7171204e+00   1.6605813e+00
   8.5700000e+02  -1.7126575e+00   1.6608005e+00
   8.5800000e+02  -1.7103048e+00   1.6608518e+00
   8.5900000e+02  -1.7080284e+00   1.6596034e+00
   8.6000000e+02  -1.7065375e+00   1.6578048e+00
   8.6100000e+02  -1.7054854e+00   1.6546821e+00
   8.6200000e+02  -1.7043190e+00   1.6503463e+00
   8.6300000e+02  -1.7041973e+00   1.6441346e+00
   8.6400000e+02  -1.7052905e+00   1.6367481e+00
   8.6500000e+02  -1.7079309e+00   1.6300614e+00
   8.6600000e+02  -1.7103819e+00   1.6227125e+00
   8.6700000e+02  -1.7142216e+00   1.6150696e+00
   8.6800000e+02  -1.7194139e+00   1.6052854e+00
   8.6900000e+02  -1.7253560e+00   1.5958478e+00
   8.7000000e+02  -1.7313886e+00   1.5855377e+00
   8.7100000e+02  -1.7366176e+00   1.5750515e+00
   8.7200000e+02  -1.7420732e+00   1.5644288e+00
   8.7300000e+02  -1.7472263e+00   1.5536916e+00
   8.7400000e+02  -1.7520397e+00   1.5429173e+00
   8.7500000e+02  -1.7573980e+00   1.5321589e+00
   8.7600000e+02  -1.7616354e+00   1.5219484e+00
   8.7700000e+02  -1.7667279e+00   1.5111818e+00
   8.7800000e+02  -1.7711998e+00   1.5007714e+00
   8.7900000e+02  -1.7745355e+00   1.4911520e+00
   8.8000000e+02  -1.7771812e+00   1.4815287e+00
   8.8100000e+02  -1.7791927e+00   1.4736726e+00
   8.8200000e+02  -1.7809433e+00   1.4657665e+00
   8.8300000e+02  -1.7831773e+00   1.4600350e+00
   8.8400000e+02  -1.7847946e+00   1.4554420e+00
   8.8500000e+02  -1.7864717e+00   1.4529007e+00
   8.8600000e+02  -1.7870810e+00   1.4512779e+00
   8.8700000e+02  -1.7883894e+00   1.4496549e+00
   8.8800000e+02  -1.7889300e+00   1.4484341e+00
   8.8900000e+02  -1.7896667e+00   1.4476057e+00
   8.9000000e+02  -1.7888455e+00   1.4471270e+00
   8.9100000e+02  -1.7879076e+00   1.4465484e+00
   8.9200000e+02  -1.7866331e+00   1.4457311e+00
   8.9300000e+02  -1.7869087e+00   1.4451541e+00
   8.9400000e+02  -1.7866828e+00   1.4437730e+00
   8.9500000e+02  -1.7852346e+00   1.4428439e+00
   8.9600000e+02  -1.7841255e+00   1.4418124e+00
   8.9700000e+02  -1.7799106e+00   1.4396453e+00
   8.9800000e+02  -1.7751611e+00   1.4360800e+00
   8.9900000e+02  -1.7683197e+00   1.4322246e+00
   9.0000000e+02  -1.7601449e+00   1.4279425e+00
   9.0100000e+02  -1.7498589e+00   1.4244519e+00
   9.0200000e+02  -1.7406675e+00   1.4216259e+00
   9.0300000e+02  -1.7334912e+00   1.4204898e+00
   9.0400000e+02  -1.7267407e+00   1.4216357e+00
   9.0500000e+02  -1.7218756e+00   1.4252642e+00
   9.0600000e+02  -1.7178607e+00   1.4303679e+00
   9.0700000e+02  -1.7150297e+00   1.4361776e+00
   9.0800000e+02  -1.7119293e+00   1.4436032e+00
   9.0900000e+02  -1.7084151e+00   1.4509094e+00
   9.1000000e+02  -1.7044438e+00   1.4589025e+00
   9.1100000e+02  -1.6997162e+00   1.4668161e+00
   9.1200000e+02  -1.6950350e+00   1.4744756e+00
   9.1300000e+02  -1.6900987e+00   1.4812454e+00
   9.1400000e+02  -1.6852182e+00   1.4883219e+00
   9.1500000e+02  -1.6795756e+00   1.4946521e+00
   9.1600000e+02  -1.6736632e+00   1.4998006e+00
   9.1700000e+02  -1.6683322e+00   1.5041323e+00
   9.1800000e+02  -1.6630700e+00   1.5083559e+00
   9.1900000e+02  -1.6584072e+00   1.5116920e+00
   9.2000000e+02  -1.6541811e+00   1.5149058e+00
   9.2100000e+02  -1.6501874e+00   1.5171981e+00
   9.2200000e+02  -1.6465955e+00   1.5198273e+00
   9.2300000e+02  -1.6429775e+00   1.5218370e+00
   9.2400000e+02  -1.6398843e+00   1.5239501e+00
   9.2500000e+02  -1.6365882e+00   1.5246900e+00
   9.2600000e+02  -1.6335878e+00   1.5248313e+00
   9.2700000e+02  -1.6300256e+00   1.5244587e+00
   9.2800000e+02  -1.6266176e+00   1.5237860e+00
   9.2900000e+02  -1.6229862e+00   1.5221281e+00
   9.3000000e+02  -1.6206623e+00   1.5190463e+00
   9.3100000e+02  -1.6188671e+00   1.5154050e+00
   9.3200000e+02  -1.6164546e+00   1.5106430e+00
   9.3300000e+02  -1.6151983e+00   1.5058896e+00
   9.3400000e+02  -1.6132061e+00   1.4996780e+00
   9.3500000e+02  -1.6120764e+00   1.4923414e+00
   9.3600000e+02  -1.6116696e+00   1.4848110e+00
   9.3700000e+02  -1.6112342e+00   1.4757633e+00
   9.3800000e+02  -1.6117480e+00   1.4676021e+00
   9.3900000e+02  -1.6128194e+00   1.4585202e+00
   9.4000000e+02  -1.6139990e+00   1.4487047e+00
   9.4100000e+02  -1.6155442e+00   1.4396282e+00
   9.4200000e+02  -1.6165398e+00   1.4305206e+00
   9.4300000e+02  -1.6170152e+00   1.4206262e+00
   9.4400000e+02  -1.6179381e+00   1.4117782e+00
   9.4500000e+02  -1.6185689e+00   1.4028366e+00
   9.4600000e+02  -1.6184192e+00   1.3941829e+00
   9.4700000e+02  -1.6185686e+00   1.3862400e+00
   9.4800000e+02  -1.6183104e+00   1.3783767e+00
   9.4900000e+02  -1.6183309e+00   1.3708229e+00
   9.5000000e+02  -1.6172932e+00   1.3634400e+00
   9.5100000e+02  -1.6162985e+00   1.3571887e+00
   9.5200000e+02  -1.6159535e+00   1.3507336e+00
   9.5300000e+02  -1.6150533e+00   1.3453499e+00
   9.5400000e+02  -1.6145765e+00   1.3399965e+00
   9.5500000e+02  -1.6131098e+00   1.3349811e+00
   9.5600000e+02  -1.6123569e+00   1.3302739e+00
   9.5700000e+02  -1.6113537e+00   1.3266374e+00
   9.5800000e+02  -1.6102342e+00   1.3234421e+00
   9.5900000e+02  -1.6093879e+00   1.3211036e+00
   9.6000000e+02  -1.6080837e+00   1.3190834e+00
   9.6100000e+02  -1.6078245e+00   1.3173007e+00
   9.6200000e+02  -1.6061394e+00   1.3177518e+00
   9.6300000e+02  -1.6037509e+00   1.3177037e+00
   9.6400000e+02  -1.6008920e+00   1.3189996e+00
   9.6500000e+02  -1.5971961e+00   1.3203604e+00
   9.6600000e+02  -1.5935971e+00   1.3231571e+00
   9.6700000e+02  -1.5884061e+00   1.3264162e+00
   9.6800000e+02  -1.5834032e+00   1.3305334e+00
   9.6900000e+02  -1.5773369e+00   1.3349275e+00
   9.7000000e+02  -1.5696569e+00   1.3408938e+00
   9.7100000e+02  -1.5624814e+00   1.3467590e+00
   9.7200000e+02  -1.5545917e+00   1.3528874e+00
   9.7300000e+02  -1.5459096e+00   1.3605039e+00
   9.7400000e+02  -1.5374683e+00   1.3672052e+00
   9.7500000e+02  -1.5288095e+00   1.3742375e+00
   9.7600000e+02  -1.5197795e+00   1.3824773e+00
   9.7700000e+02  -1.5108338e+00   1.3899191e+00
   9.7800000e+02  -1.5019034e+00   1.3971098e+00
   9.7900000e+02  -1.4927359e+00   1.4034991e+00
   9.8000000e+02  -1.4835740e+00   1.4097994e+00
   9.8100000e+02  -1.4753773e+00   1.4154366e+00
   9.8200000e+02  -1.4675452e+00   1.4201824e+00
   9.8300000e+02  -1.4607406e+00   1.4238769e+00
   9.8400000e+02  -1.4546920e+00   1.4261670e+00
   9.8500000e+02  -1.4492406e+00   1.4267644e+00
   9.8600000e+02  -1.4444620e+00   1.4279865e+00
   9.8700000e+02  -1.4396886e+00   1.4271151e+00
   9.8800000e+02  -1.4349085e+00   1.4252818e+00
   9.8900000e+02  -1.4310126e+00   1.4222534e+00
   9.9000000e+02  -1.4267461e+00   1.4178677e+00
   9.9100000e+02  -1.4228870e+00   1.4130412e+00
   9.9200000e+02  -1.4197083e+00   1.4060051e+00
   9.9300000e+02  -1.4181214e+00   1.3985993e+00
   9.9400000e+02  -1.4166025e+00   1.3904052e+00
   9.9500000e+02  -1.4162146e+00   1.3811750e+00
   9.9600000e+02  -1.4163506e+00   1.3708767e+00
   9.9700000e+02  -1.4168019e+00   1.3605587e+00
   9.9800000e+02  -1.4172420e+00   1.3490524e+00
   9.9900000e+02  -1.4177043e+00   1.3376058e+00
   1.0000000e+03  -1.4182685e+00   1.3255451e+00
   1.0010000e+03  -1.4189265e+00   1.3131533e+00
   1.0020000e+03  -1.4202058e+00   1.3006509e+00
   1.0030000e+03  -1.4216763e+00   1.2884176e+00
   1.0040000e+03  -1.4227063e+00   1.2763418e+00
   1.0050000e+03  -1.4229191e+00   1.2646642e+00
   1.0060000e+03  -1.4225477e+00   1.2535067e+00
   1.0070000e+03  -1.4214310e+00   1.2426614e+00
   1.0080000e+03  -1.4202164e+00   1.2320731e+00
   1.0090000e+03  -1.4180585e+00   1.2216101e+00
   1.0100000e+03  -1.4158957e+00   1.2134939e+00
   1.0110000e+03  -1.4128928e+00   1.2043415e+00
   1.0120000e+03  -1.4099640e+00   1.1963851e+00
   1.0130000e+03  -1.4071446e+00   1.1890489e+00
   1.0140000e+03  -1.4042098e+00   1.1820825e+00
   1.0150000e+03  -1.4014174e+00   1.1754866e+00
   1.0160000e+03  -1.3983558e+00   1.1683553e+00
   1.0170000e+03  -1.3952791e+00   1.1616935e+00
   1.0180000e+03  -1.3925421e+00   1.1560300e+00
   1.0190000e+03  -1.3886029e+00   1.1513999e+00
   1.0200000e+03  -1.3834430e+00   1.1483123e+00
   1.0210000e+03  -1.3779375e+00   1.1458957e+00
   1.0220000e+03  -1.3724988e+00   1.1455981e+00
   1.0230000e+03  -1.3667413e+00   1.1469134e+00
   1.0240000e+03  -1.3611565e+00   1.1487411e+00
   1.0250000e+03  -1.3551647e+00   1.1510610e+00
   1.0260000e+03  -1.3486347e+00   1.1547077e+00
   1.0270000e+03  -1.3418010e+00   1.1583020e+00
   1.0280000e+03  -1.3345144e+00   1.1618656e+00
   1.0290000e+03  -1.3267126e+00   1.1653322e+00
   1.0300000e+03  -1.3196336e+00   1.1694933e+00
   1.0310000e+03  -1.3114735e+00   1.1733837e+00
   1.0320000e+03  -1.3031689e+00   1.1767866e+00
   1.0330000e+03  -1.2937505e+00   1.1790228e+00
   1.0340000e+03  -1.2861994e+00   1.1813486e+00
   1.0350000e+03  -1.2801309e+00   1.1837688e+00
   1.0360000e+03  -1.2745551e+00   1.1848915e+00
   1.0370000e+03  -1.2704288e+00   1.1861724e+00
   1.0380000e+03  -1.2661689e+00   1.1865957e+00
   1.0390000e+03  -1.2626122e+00   1.1862645e+00
   1.0400000e+03  -1.2592920e+00   1.1849762e+00
   1.0410000e+03  -1.2566869e+00   1.1829365e+00
   1.0420000e+03  -1.2553158e+00   1.1793355e+00
   1.0430000e+03  -1.2534140e+00   1.1751794e+00
   1.0440000e+03  -1.2519247e+00   1.1697644e+00
   1.0450000e+03  -1.2499047e+00   1.1634007e+00
   1.0460000e+03  -1.2488247e+00   1.1572998e+00
   1.0470000e+03  -1.2475222e+00   1.1500704e+00
   1.0480000e+03  -1.2478994e+00   1.1431038e+00
   1.0490000e+03  -1.2486581e+00   1.1351757e+00
   1.0500000e+03  -1.2504700e+00   1.1274094e+00
   1.0510000e+03  -1.2530059e+00   1.1191490e+00
   1.0520000e+03  -1.2560512e+00   1.1100742e+00
   1.0530000e+03  -1.2598886e+00   1.1011252e+00
   1.0540000e+03  -1.2643583e+00   1.0927328e+00
   1.0550000e+03  -1.2689577e+00   1.0830526e+00
   1.0560000e+03  -1.2732102e+00   1.0739570e+00
   1.0570000e+03  -1.2784357e+00   1.0641756e+00
   1.0580000e+03  -1.2826482e+00   1.0557257e+00
   1.0590000e+03  -1.2851630e+00   1.0479108e+00
   1.0600000e+03  -1.2882223e+00   1.0398093e+00
   1.0610000e+03  -1.2905913e+00   1.0325282e+00
   1.0620000e+03  -1.2923624e+00   1.0245093e+00
   1.0630000e+03  -1.2947484e+00   1.0164458e+00
   1.0640000e+03  -1.2965160e+00   1.0084265e+00
   1.0650000e+03  -1.2980776e+00   1.0005817e+00
   1.0660000e+03  -1.2998231e+00   9.9297327e-01
   1.0670000e+03  -1.3014713e+00   9.8571777e-01
   1.0680000e+03  -1.3019046e+00   9.7883452e-01
   1.0690000e+03  -1.3018747e+00   9.7198027e-01
   1.0700000e+03  -1.3023702e+00   9.6650024e-01
   1.0710000e+03  -1.3023128e+00   9.6094371e-01
   1.0720000e+03  -1.3022096e+00   9.5575419e-01
   1.0730000e+03  -1.3015894e+00   9.5061554e-01
   1.0740000e+03  -1.3005537e+00   9.4594759e-01
   1.0750000e+03  -1.2991218e+00   9.4156977e-01
   1.0760000e+03  -1.2973218e+00   9.3733027e-01
   1.0770000e+03  -1.2955175e+00   9.3364302e-01
   1.0780000e+03  -1.2938019e+00   9.3081263e-01
   1.0790000e+03  -1.2916531e+00   9.2802543e-01
   1.0800000e+03  -1.2897834e+00   9.2552355e-01
   1.0810000e+03  -1.2881069e+00   9.2078814e-01
   1.0820000e+03  -1.2878266e+00   9.1873160e-01
   1.0830000e+03  -1.2886774e+00   9.1725795e-01
   1.0840000e+03  -1.2888482e+00   9.1638888e-01
   1.0850000e+03  -1.2882377e+00   9.1594739e-01
   1.0860000e+03  -1.2864762e+00   9.1549982e-01
   1.0870000e+03  -1.2844214e+00   9.1518736e-01
   1.0880000e+03  -1.2808495e+00   9.1524256e-01
   1.0890000e+03  -1.2760932e+00   9.1448890e-01
   1.0900000e+03  -1.2704122e+00   9.1317392e-01
   1.0910000e+03  -1.2651350e+00   9.1226047e-01
   1.0920000e+03  -1.2594846e+00   9.1082532e-01
   1.0930000e+03  -1.2525859e+00   9.0783647e-01
   1.0940000e+03  -1.2448832e+00   9.0699908e-01
   1.0950000e+03  -1.2388610e+00   9.0685854e-01
   1.0960000e+03  -1.2334152e+00   9.0671643e-01
   1.0970000e+03  -1.2276519e+00   9.0533155e-01
   1.0980000e+03  -1.2216999e+00   9.0404770e-01
   1.0990000e+03  -1.2143490e+00   9.0340963e-01
   1.1000000e+03  -1.2051581e+00   9.0347703e-01
   1.1010000e+03  -1.1951811e+00   9.0310799e-01
   1.1020000e+03  -1.1851462e+00   9.0215780e-01
   1.1030000e+03  -1.1759370e+00   9.0168112e-01
   1.1040000e+03  -1.1672573e+00   9.0176130e-01
   1.1050000e+03  -1.1581592e+00   9.0279273e-01
   1.1060000e+03  -1.1495524e+00   9.0284758e-01
   1.1070000e+03  -1.1413677e+00   9.0328991e-01
   1.1080000e+03  -1.1329885e+00   9.0332181e-01
   1.1090000e+03  -1.1231756e+00   9.0335251e-01
   1.1100000e+03  -1.1135731e+00   9.0226114e-01
   1.1110000e+03  -1.1041394e+00   8.9980240e-01
   1.1120000e+03  -1.0956603e+00   8.9555270e-01
   1.1130000e+03  -1.0885216e+00   8.9009414e-01
   1.1140000e+03  -1.0822351e+00   8.8279183e-01
   1.1150000e+03  -1.0765085e+00   8.7575500e-01
   1.1160000e+03  -1.0716126e+00   8.6819519e-01
   1.1170000e+03  -1.0665012e+00   8.5804639e-01
   1.1180000e+03  -1.0619113e+00   8.4855411e-01
   1.1190000e+03  -1.0581773e+00   8.3831946e-01
   1.1200000e+03  -1.0553304e+00   8.2817959e-01
   1.1210000e+03  -1.0516329e+00   8.1778759e-01
   1.1220000e+03  -1.0470838e+00   8.0771420e-01
   1.1230000e+03  -1.0426232e+00   7.9856532e-01
   1.1240000e+03  -1.0373440e+00   7.9042004e-01
   1.1250000e+03  -1.0329748e+00   7.8383357e-01
   1.1260000e+03  -1.0286739e+00   7.7949973e-01
   1.1270000e+03  -1.0241909e+00   7.7734106e-01
   1.1280000e+03  -1.0188433e+00   7.7660931e-01
   1.1290000e+03  -1.0125291e+00   7.7682047e-01
   1.1300000e+03  -1.0058604e+00   7.8015777e-01
   1.1310000e+03  -9.9809235e-01   7.8444390e-01
   1.1320000e+03  -9.9080227e-01   7.8903050e-01
   1.1330000e+03  -9.8294601e-01   7.9391325e-01
   1.1340000e+03  -9.7476972e-01   7.9941864e-01
   1.1350000e+03  -9.6635407e-01   8.0383134e-01
   1.1360000e+03  -9.5776082e-01   8.0688283e-01
   1.1370000e+03  -9.4968100e-01   8.0796051e-01
   1.1380000e+03  -9.4254286e-01   8.0752869e-01
   1.1390000e+03  -9.3799754e-01   8.0553193e-01
   1.1400000e+03  -9.3468602e-01   8.0264677e-01
   1.1410000e+03  -9.3329951e-01   7.9889748e-01
   1.1420000e+03  -9.3270967e-01   7.9292459e-01
   1.1430000e+03  -9.3326821e-01   7.8549080e-01
   1.1440000e+03  -9.3504472e-01   7.7808264e-01
   1.1450000e+03  -9.3653950e-01   7.7068842e-01
   1.1460000e+03  -9.3734247e-01   7.6375941e-01
   1.1470000e+03  -9.3701975e-01   7.5728259e-01
   1.1480000e+03  -9.3490808e-01   7.5232866e-01
   1.1490000e+03  -9.3220329e-01   7.4773851e-01
   1.1500000e+03  -9.2799939e-01   7.4463855e-01
   1.1510000e+03  -9.2250513e-01   7.4218817e-01
   1.1520000e+03  -9.1475737e-01   7.4049339e-01
   1.1530000e+03  -9.0593048e-01   7.4090174e-01
   1.1540000e+03  -8.9520014e-01   7.4139847e-01
   1.1550000e+03  -8.8435546e-01   7.4276654e-01
   1.1560000e+03  -8.7247250e-01   7.4635326e-01
   1.1570000e+03  -8.5915014e-01   7.5047292e-01
   1.1580000e+03  -8.4529910e-01   7.5492244e-01
   1.1590000e+03  -8.3122042e-01   7.5911915e-01
   1.1600000e+03  -8.1813156e-01   7.6270329e-01
   1.1610000e+03  -8.0581765e-01   7.6544855e-01
   1.1620000e+03  -7.9467971e-01   7.6805474e-01
   1.1630000e+03  -7.8453384e-01   7.7016025e-01
   1.1640000e+03  -7.7549527e-01   7.7198794e-01
   1.1650000e+03  -7.6543161e-01   7.7258095e-01
   1.1660000e+03  -7.5869284e-01   7.7342101e-01
   1.1670000e+03  -7.5226939e-01   7.7295830e-01
   1.1680000e+03  -7.4762284e-01   7.7202354e-01
   1.1690000e+03  -7.4517071e-01   7.7055927e-01
   1.1700000e+03  -7.4513378e-01   7.6812639e-01
   1.1710000e+03  -7.4603543e-01   7.6513644e-01
   1.1720000e+03  -7.4862659e-01   7.6150473e-01
   1.1730000e+03  -7.5386274e-01   7.5757199e-01
   1.1740000e+03  -7.5998787e-01   7.5279339e-01
   1.1750000e+03  -7.6616216e-01   7.4720655e-01
   1.1760000e+03  -7.7347670e-01   7.4094523e-01
   1.1770000e+03  -7.8174523e-01   7.3375920e-01
   1.1780000e+03  -7.8966368e-01   7.2628294e-01
   1.1790000e+03  -7.9740718e-01   7.1863716e-01
   1.1800000e+03  -8.0475605e-01   7.0932535e-01
   1.1810000e+03  -8.0961010e-01   7.0118347e-01
   1.1820000e+03  -8.1233375e-01   6.9266455e-01
   1.1830000e+03  -8.1243599e-01   6.8479781e-01
   1.1840000e+03  -8.1224080e-01   6.7892025e-01
   1.1850000e+03  -8.1037380e-01   6.7434684e-01
   1.1860000e+03  -8.0799592e-01   6.7203341e-01
   1.1870000e+03  -8.0375703e-01   6.7135516e-01
   1.1880000e+03  -7.9813958e-01   6.7258652e-01
   1.1890000e+03  -7.9339370e-01   6.7376695e-01
   1.1900000e+03  -7.8613410e-01   6.7755244e-01
   1.1910000e+03  -7.7847108e-01   6.8173075e-01
   1.1920000e+03  -7.6927089e-01   6.8587779e-01
   1.1930000e+03  -7.6129090e-01   6.9001756e-01
   1.1940000e+03  -7.5224221e-01   6.9364719e-01
   1.1950000e+03  -7.4368125e-01   6.9672134e-01
   1.1960000e+03  -7.3437878e-01   6.9842931e-01
   1.1970000e+03  -7.2610830e-01   6.9920819e-01
   1.1980000e+03  -7.1881206e-01   6.9986167e-01
   1.1990000e+03  -7.1191076e-01   6.9982105e-01
   1.2000000e+03  -7.0715546e-01   6.9804169e-01
   1.2010000e+03  -7.0175026e-01   6.9697509e-01
   1.2020000e+03  -6.9871715e-01   6.9297864e-01
   1.2030000e+03  -6.9630251e-01   6.8864419e-01
   1.2040000e+03  -6.9495573e-01   6.8352815e-01
   1.2050000e+03  -6.9460503e-01   6.7740730e-01
   1.2060000e+03  -6.9611216e-01   6.7052578e-01
   1.2070000e+03  -6.9914000e-01   6.6331584e-01
   1.2080000e+03  -7.0294625e-01   6.5608829e-01
   1.2090000e+03  -7.0820458e-01   6.4966873e-01
   1.2100000e+03  -7.1323342e-01   6.4371248e-01
   1.2110000e+03  -7.1831765e-01   6.3851352e-01
   1.2120000e+03  -7.2358457e-01   6.3440449e-01
   1.2130000e+03  -7.2822998e-01   6.2947939e-01
   1.2140000e+03  -7.3310915e-01   6.2609738e-01
   1.2150000e+03  -7.3764013e-01   6.2358905e-01
   1.2160000e+03  -7.4147930e-01   6.2150284e-01
   1.2170000e+03  -7.4481226e-01   6.1959333e-01
   1.2180000e+03  -7.4688729e-01   6.1836086e-01
   1.2190000e+03  -7.4931416e-01   6.1664939e-01
   1.2200000e+03  -7.5126813e-01   6.1469336e-01
   1.2210000e+03  -7.5288447e-01   6.1310817e-01
   1.2220000e+03  -7.5400049e-01   6.1129682e-01
   1.2230000e+03  -7.5442688e-01   6.0925097e-01
   1.2240000e+03  -7.5381223e-01   6.0734165e-01
   1.2250000e+03  -7.5305086e-01   6.0501764e-01
   1.2260000e+03  -7.5131280e-01   6.0374863e-01
   1.2270000e+03  -7.4946268e-01   6.0359349e-01
   1.2280000e+03  -7.4553204e-01   6.0335254e-01
   1.2290000e+03  -7.4131808e-01   6.0280844e-01
   1.2300000e+03  -7.3642528e-01   6.0278717e-01
   1.2310000e+03  -7.2926397e-01   6.0250258e-01
   1.2320000e+03  -7.2082494e-01   6.0269118e-01
   1.2330000e+03  -7.1074742e-01   6.0279902e-01
   1.2340000e+03  -7.0002347e-01   6.0359764e-01
   1.2350000e+03  -6.8753508e-01   6.0464237e-01
   1.2360000e+03  -6.7435783e-01   6.0623297e-01
   1.2370000e+03  -6.5946147e-01   6.0715336e-01
   1.2380000e+03  -6.4511887e-01   6.0959537e-01
   1.2390000e+03  -6.3088981e-01   6.1180285e-01
   1.2400000e+03  -6.1672222e-01   6.1346444e-01
   1.2410000e+03  -6.0403429e-01   6.1508800e-01
   1.2420000e+03  -5.9206293e-01   6.1582966e-01
   1.2430000e+03  -5.8065499e-01   6.1569320e-01
   1.2440000e+03  -5.6880681e-01   6.1194284e-01
   1.2450000e+03  -5.5921640e-01   6.0714069e-01
   1.2460000e+03  -5.5059763e-01   5.9995126e-01
   1.2470000e+03  -5.4030381e-01   5.9065824e-01
   1.2480000e+03  -5.3091698e-01   5.7972004e-01
   1.2490000e+03  -5.1948624e-01   5.6707417e-01
   1.2500000e+03  -5.1185696e-01   5.5771593e-01
   1.2510000e+03  -5.0414187e-01   5.4812193e-01
   1.2520000e+03  -4.9567317e-01   5.3814167e-01
   1.2530000e+03  -4.8478013e-01   5.2727704e-01
   1.2540000e+03  -4.7116920e-01   5.1500577e-01
   1.2550000e+03  -4.5407215e-01   5.0314345e-01
   1.2560000e+03  -4.3576716e-01   4.8985616e-01
   1.2570000e+03  -4.1439728e-01   4.7787672e-01
   1.2580000e+03  -3.9139860e-01   4.6740876e-01
   1.2590000e+03  -3.6641779e-01   4.5635464e-01
   1.2600000e+03  -3.3996577e-01   4.4450477e-01
   1.2610000e+03  -3.1199721e-01   4.3605624e-01
   1.2620000e+03  -2.8508576e-01   4.1987085e-01
   1.2630000e+03  -2.6117694e-01   4.0375264e-01
   1.2640000e+03  -2.3801818e-01   3.8438373e-01
   1.2650000e+03  -2.1891341e-01   3.6492607e-01
   1.2660000e+03  -2.0517737e-01   3.4370266e-01
   1.2670000e+03  -1.9261127e-01   3.2051755e-01
   1.2680000e+03  -1.8506746e-01   2.9634451e-01
   1.2690000e+03  -1.7717249e-01   2.6772961e-01
   1.2700000e+03  -1.7072851e-01   2.3902245e-01
   1.2710000e+03  -1.6259729e-01   2.1107367e-01
   1.2720000e+03  -1.5467350e-01   1.7825535e-01
   1.2730000e+03  -1.4351947e-01   1.4567481e-01
   1.2740000e+03  -1.2925676e-01   1.1331124e-01
