   3.7600000e+02   2.7651035e+00   5.8810954e-01
   3.7700000e+02   2.7639762e+00   5.8947772e-01
   3.7800000e+02   2.7632901e+00   5.9035052e-01
   3.7900000e+02   2.7628407e+00   5.9126141e-01
   3.8000000e+02   2.7629702e+00   5.9158026e-01
   3.8100000e+02   2.7623241e+00   5.9186639e-01
   3.8200000e+02   2.7610570e+00   5.9228942e-01
   3.8300000e+02   2.7587152e+00   5.9226124e-01
   3.8400000e+02   2.7562518e+00   5.9055620e-01
   3.8500000e+02   2.7539162e+00   5.8898715e-01
   3.8600000e+02   2.7513043e+00   5.8698692e-01
   3.8700000e+02   2.7498341e+00   5.8525545e-01
   3.8800000e+02   2.7481149e+00   5.8346592e-01
   3.8900000e+02   2.7468228e+00   5.8173630e-01
   3.9000000e+02   2.7454879e+00   5.8027243e-01
   3.9100000e+02   2.7444523e+00   5.7893404e-01
   3.9200000e+02   2.7434384e+00   5.7755034e-01
   3.9300000e+02   2.7419406e+00   5.7626271e-01
   3.9400000e+02   2.7406484e+00   5.7494701e-01
   3.9500000e+02   2.7388130e+00   5.7374848e-01
   3.9600000e+02   2.7366162e+00   5.7260843e-01
   3.9700000e+02   2.7338919e+00   5.7219917e-01
   3.9800000e+02   2.7315192e+00   5.7097672e-01
   3.9900000e+02   2.7288332e+00   5.7001814e-01
   4.0000000e+02   2.7271065e+00   5.6936671e-01
   4.0100000e+02   2.7244417e+00   5.6889918e-01
   4.0200000e+02   2.7219906e+00   5.6782221e-01
   4.0300000e+02   2.7194744e+00   5.6662541e-01
   4.0400000e+02   2.7169723e+00   5.6497892e-01
   4.0500000e+02   2.7155444e+00   5.6352768e-01
   4.0600000e+02   2.7134310e+00   5.6152785e-01
   4.0700000e+02   2.7117977e+00   5.5934677e-01
   4.0800000e+02   2.7086458e+00   5.5658860e-01
   4.0900000e+02   2.7064374e+00   5.5360145e-01
   4.1000000e+02   2.7051996e+00   5.5018483e-01
   4.1100000e+02   2.7039944e+00   5.4615991e-01
   4.1200000e+02   2.7020434e+00   5.4245850e-01
   4.1300000e+02   2.7009173e+00   5.3823359e-01
   4.1400000e+02   2.6981750e+00   5.3347509e-01
   4.1500000e+02   2.6959586e+00   5.2800864e-01
   4.1600000e+02   2.6936622e+00   5.2209360e-01
   4.1700000e+02   2.6912610e+00   5.1645293e-01
   4.1800000e+02   2.6894268e+00   5.1004584e-01
   4.1900000e+02   2.6872861e+00   5.0335801e-01
   4.2000000e+02   2.6856864e+00   4.9714622e-01
   4.2100000e+02   2.6846870e+00   4.9064778e-01
   4.2200000e+02   2.6831027e+00   4.8646713e-01
   4.2300000e+02   2.6834430e+00   4.8280153e-01
   4.2400000e+02   2.6845528e+00   4.8023823e-01
   4.2500000e+02   2.6856146e+00   4.7997356e-01
   4.2600000e+02   2.6871952e+00   4.8123466e-01
   4.2700000e+02   2.6882406e+00   4.8494546e-01
   4.2800000e+02   2.6897584e+00   4.8992654e-01
   4.2900000e+02   2.6908026e+00   4.9651313e-01
   4.3000000e+02   2.6920566e+00   5.0377036e-01
   4.3100000e+02   2.6923953e+00   5.1117850e-01
   4.3200000e+02   2.6918442e+00   5.1781107e-01
   4.3300000e+02   2.6908244e+00   5.2344259e-01
   4.3400000e+02   2.6876848e+00   5.2982107e-01
   4.3500000e+02   2.6829439e+00   5.3440595e-01
   4.3600000e+02   2.6784498e+00   5.3701436e-01
   4.3700000e+02   2.6741895e+00   5.3744259e-01
   4.3800000e+02   2.6712961e+00   5.3566043e-01
   4.3900000e+02   2.6692831e+00   5.3409658e-01
   4.4000000e+02   2.6675118e+00   5.3231652e-01
   4.4100000e+02   2.6661147e+00   5.3082025e-01
   4.4200000e+02   2.6653251e+00   5.2930641e-01
   4.4300000e+02   2.6650897e+00   5.2837720e-01
   4.4400000e+02   2.6658126e+00   5.2766340e-01
   4.4500000e+02   2.6675444e+00   5.2768184e-01
   4.4600000e+02   2.6697765e+00   5.2798046e-01
   4.4700000e+02   2.6719369e+00   5.2914049e-01
   4.4800000e+02   2.6733391e+00   5.3140245e-01
   4.4900000e+02   2.6752367e+00   5.3358200e-01
   4.5000000e+02   2.6786121e+00   5.3812147e-01
   4.5100000e+02   2.6810097e+00   5.4188778e-01
   4.5200000e+02   2.6833189e+00   5.4589879e-01
   4.5300000e+02   2.6859228e+00   5.4999181e-01
   4.5400000e+02   2.6874061e+00   5.5516881e-01
   4.5500000e+02   2.6892794e+00   5.5978772e-01
   4.5600000e+02   2.6905673e+00   5.6424375e-01
   4.5700000e+02   2.6940080e+00   5.6751442e-01
   4.5800000e+02   2.6957062e+00   5.7037725e-01
   4.5900000e+02   2.6982895e+00   5.7222833e-01
   4.6000000e+02   2.7009838e+00   5.7415517e-01
   4.6100000e+02   2.7040955e+00   5.7659918e-01
   4.6200000e+02   2.7067237e+00   5.7850237e-01
   4.6300000e+02   2.7102073e+00   5.8035962e-01
   4.6400000e+02   2.7131212e+00   5.8253886e-01
   4.6500000e+02   2.7160467e+00   5.8421905e-01
   4.6600000e+02   2.7182642e+00   5.8536498e-01
   4.6700000e+02   2.7204890e+00   5.8685789e-01
   4.6800000e+02   2.7220352e+00   5.8716371e-01
   4.6900000e+02   2.7240477e+00   5.8715387e-01
   4.7000000e+02   2.7244256e+00   5.8685509e-01
   4.7100000e+02   2.7260587e+00   5.8715334e-01
   4.7200000e+02   2.7266583e+00   5.8641253e-01
   4.7300000e+02   2.7269633e+00   5.8577085e-01
   4.7400000e+02   2.7272916e+00   5.8468095e-01
   4.7500000e+02   2.7269150e+00   5.8342235e-01
   4.7600000e+02   2.7275009e+00   5.8214856e-01
   4.7700000e+02   2.7279815e+00   5.8115690e-01
   4.7800000e+02   2.7284264e+00   5.7999065e-01
   4.7900000e+02   2.7283785e+00   5.7919790e-01
   4.8000000e+02   2.7286057e+00   5.7793430e-01
   4.8100000e+02   2.7289247e+00   5.7781766e-01
   4.8200000e+02   2.7294770e+00   5.7606373e-01
   4.8300000e+02   2.7301930e+00   5.7508057e-01
   4.8400000e+02   2.7310232e+00   5.7406610e-01
   4.8500000e+02   2.7318274e+00   5.7307526e-01
   4.8600000e+02   2.7323524e+00   5.7231203e-01
   4.8700000e+02   2.7336080e+00   5.7144568e-01
   4.8800000e+02   2.7341261e+00   5.7091193e-01
   4.8900000e+02   2.7345182e+00   5.6995853e-01
   4.9000000e+02   2.7350191e+00   5.6940642e-01
   4.9100000e+02   2.7344786e+00   5.6915461e-01
   4.9200000e+02   2.7335221e+00   5.6907376e-01
   4.9300000e+02   2.7333587e+00   5.7034131e-01
   4.9400000e+02   2.7321218e+00   5.7036722e-01
   4.9500000e+02   2.7307763e+00   5.7037781e-01
   4.9600000e+02   2.7303132e+00   5.7019607e-01
   4.9700000e+02   2.7289982e+00   5.6981865e-01
   4.9800000e+02   2.7278761e+00   5.7037594e-01
   4.9900000e+02   2.7268761e+00   5.7051895e-01
   5.0000000e+02   2.7251755e+00   5.7110864e-01
   5.0100000e+02   2.7247200e+00   5.7183970e-01
   5.0200000e+02   2.7241228e+00   5.7203827e-01
   5.0300000e+02   2.7227835e+00   5.7267019e-01
   5.0400000e+02   2.7226893e+00   5.7255699e-01
   5.0500000e+02   2.7224469e+00   5.7259648e-01
   5.0600000e+02   2.7210324e+00   5.7099311e-01
   5.0700000e+02   2.7192747e+00   5.6942620e-01
   5.0800000e+02   2.7182282e+00   5.6784334e-01
   5.0900000e+02   2.7165489e+00   5.6667973e-01
   5.1000000e+02   2.7152802e+00   5.6460290e-01
   5.1100000e+02   2.7141386e+00   5.6219544e-01
   5.1200000e+02   2.7124363e+00   5.5953806e-01
   5.1300000e+02   2.7108712e+00   5.5730627e-01
   5.1400000e+02   2.7097535e+00   5.5550908e-01
   5.1500000e+02   2.7081651e+00   5.5362953e-01
   5.1600000e+02   2.7058989e+00   5.5268937e-01
   5.1700000e+02   2.7028778e+00   5.5164199e-01
   5.1800000e+02   2.6982543e+00   5.5088073e-01
   5.1900000e+02   2.6924188e+00   5.5082857e-01
   5.2000000e+02   2.6856676e+00   5.5034613e-01
   5.2100000e+02   2.6775756e+00   5.5005077e-01
   5.2200000e+02   2.6670991e+00   5.4936549e-01
   5.2300000e+02   2.6568227e+00   5.4900514e-01
   5.2400000e+02   2.6448252e+00   5.4802417e-01
   5.2500000e+02   2.6328284e+00   5.4674701e-01
   5.2600000e+02   2.6214251e+00   5.4313889e-01
   5.2700000e+02   2.6081591e+00   5.3898589e-01
   5.2800000e+02   2.5966652e+00   5.3197171e-01
   5.2900000e+02   2.5839800e+00   5.2378625e-01
   5.3000000e+02   2.5726640e+00   5.1314558e-01
   5.3100000e+02   2.5626097e+00   5.0197563e-01
   5.3200000e+02   2.5524847e+00   4.9062260e-01
   5.3300000e+02   2.5422929e+00   4.8058253e-01
   5.3400000e+02   2.5314405e+00   4.7121164e-01
   5.3500000e+02   2.5220272e+00   4.6283521e-01
   5.3600000e+02   2.5115267e+00   4.5704796e-01
   5.3700000e+02   2.5015378e+00   4.5224236e-01
   5.3800000e+02   2.4920187e+00   4.4831520e-01
   5.3900000e+02   2.4813065e+00   4.4521298e-01
   5.4000000e+02   2.4707260e+00   4.4395757e-01
   5.4100000e+02   2.4586612e+00   4.4378806e-01
   5.4200000e+02   2.4476268e+00   4.4279467e-01
   5.4300000e+02   2.4365243e+00   4.4427238e-01
   5.4400000e+02   2.4244359e+00   4.4674749e-01
   5.4500000e+02   2.4118477e+00   4.5110107e-01
   5.4600000e+02   2.4007370e+00   4.5559905e-01
   5.4700000e+02   2.3898840e+00   4.6201772e-01
   5.4800000e+02   2.3804427e+00   4.7100582e-01
   5.4900000e+02   2.3712921e+00   4.8001951e-01
   5.5000000e+02   2.3624713e+00   4.8989118e-01
   5.5100000e+02   2.3531758e+00   5.0002371e-01
   5.5200000e+02   2.3445953e+00   5.0906168e-01
   5.5300000e+02   2.3363724e+00   5.1739291e-01
   5.5400000e+02   2.3261850e+00   5.2385092e-01
   5.5500000e+02   2.3157355e+00   5.2862936e-01
   5.5600000e+02   2.3047573e+00   5.3030572e-01
   5.5700000e+02   2.2927178e+00   5.3059841e-01
   5.5800000e+02   2.2789499e+00   5.2920107e-01
   5.5900000e+02   2.2640837e+00   5.2569179e-01
   5.6000000e+02   2.2475926e+00   5.2089443e-01
   5.6100000e+02   2.2299656e+00   5.1508449e-01
   5.6200000e+02   2.2098677e+00   5.0810057e-01
   5.6300000e+02   2.1894307e+00   4.9990193e-01
   5.6400000e+02   2.1624924e+00   4.8834612e-01
   5.6500000e+02   2.1447174e+00   4.7902216e-01
   5.6600000e+02   2.1226537e+00   4.6715952e-01
   5.6700000e+02   2.1015654e+00   4.5393594e-01
   5.6800000e+02   2.0816900e+00   4.4111003e-01
   5.6900000e+02   2.0623976e+00   4.2739076e-01
   5.7000000e+02   2.0431907e+00   4.1510244e-01
   5.7100000e+02   2.0240232e+00   4.0351336e-01
   5.7200000e+02   2.0056560e+00   3.9293344e-01
   5.7300000e+02   1.9882673e+00   3.8369634e-01
   5.7400000e+02   1.9726907e+00   3.7635160e-01
   5.7500000e+02   1.9590148e+00   3.7142228e-01
   5.7600000e+02   1.9470244e+00   3.6831307e-01
   5.7700000e+02   1.9370488e+00   3.6800911e-01
   5.7800000e+02   1.9278521e+00   3.6739464e-01
   5.7900000e+02   1.9194027e+00   3.6923886e-01
   5.8000000e+02   1.9118945e+00   3.7191081e-01
   5.8100000e+02   1.9044266e+00   3.7620251e-01
   5.8200000e+02   1.8972453e+00   3.8245960e-01
   5.8300000e+02   1.8910098e+00   3.8998663e-01
   5.8400000e+02   1.8853843e+00   3.9850580e-01
   5.8500000e+02   1.8802635e+00   4.0866316e-01
   5.8600000e+02   1.8756496e+00   4.1914467e-01
   5.8700000e+02   1.8713034e+00   4.3002574e-01
   5.8800000e+02   1.8671175e+00   4.4143833e-01
   5.8900000e+02   1.8633012e+00   4.5307336e-01
   5.9000000e+02   1.8591637e+00   4.6458434e-01
   5.9100000e+02   1.8553079e+00   4.7638187e-01
   5.9200000e+02   1.8509570e+00   4.8755486e-01
   5.9300000e+02   1.8466405e+00   4.9839062e-01
   5.9400000e+02   1.8422644e+00   5.0805798e-01
   5.9500000e+02   1.8377639e+00   5.1647862e-01
   5.9600000e+02   1.8331548e+00   5.2347801e-01
   5.9700000e+02   1.8296184e+00   5.2789293e-01
   5.9800000e+02   1.8268532e+00   5.3045423e-01
   5.9900000e+02   1.8235290e+00   5.3107668e-01
   6.0000000e+02   1.8203502e+00   5.3060887e-01
   6.0100000e+02   1.8165417e+00   5.2918586e-01
   6.0200000e+02   1.8114982e+00   5.2579077e-01
   6.0300000e+02   1.8068055e+00   5.2178511e-01
   6.0400000e+02   1.8011627e+00   5.1629207e-01
   6.0500000e+02   1.7951919e+00   5.0974945e-01
   6.0600000e+02   1.7891505e+00   5.0244114e-01
   6.0700000e+02   1.7825335e+00   4.9535579e-01
   6.0800000e+02   1.7751063e+00   4.8763469e-01
   6.0900000e+02   1.7681593e+00   4.7995356e-01
   6.1000000e+02   1.7609247e+00   4.7231382e-01
   6.1100000e+02   1.7541041e+00   4.6464413e-01
   6.1200000e+02   1.7472946e+00   4.5756992e-01
   6.1300000e+02   1.7413724e+00   4.5052309e-01
   6.1400000e+02   1.7339589e+00   4.4411145e-01
   6.1500000e+02   1.7271807e+00   4.3895341e-01
   6.1600000e+02   1.7201951e+00   4.3424484e-01
   6.1700000e+02   1.7136570e+00   4.3130709e-01
   6.1800000e+02   1.7077353e+00   4.2984927e-01
   6.1900000e+02   1.7022057e+00   4.3113393e-01
   6.2000000e+02   1.6973376e+00   4.3478246e-01
   6.2100000e+02   1.6928585e+00   4.4185416e-01
   6.2200000e+02   1.6876599e+00   4.5125767e-01
   6.2300000e+02   1.6822730e+00   4.6426691e-01
   6.2400000e+02   1.6772798e+00   4.7827839e-01
   6.2500000e+02   1.6716330e+00   4.9417608e-01
   6.2600000e+02   1.6684864e+00   5.0946451e-01
   6.2700000e+02   1.6758672e+00   5.1251780e-01
   6.2800000e+02   1.6671069e+00   5.3787279e-01
   6.2900000e+02   1.6646140e+00   5.5371926e-01
   6.3000000e+02   1.6632665e+00   5.6295922e-01
   6.3100000e+02   1.6606356e+00   5.7279445e-01
   6.3200000e+02   1.6564379e+00   5.8171864e-01
   6.3300000e+02   1.6501307e+00   5.9058415e-01
   6.3400000e+02   1.6463552e+00   5.9768541e-01
   6.3500000e+02   1.6418952e+00   6.0416914e-01
   6.3600000e+02   1.6334418e+00   6.1237784e-01
   6.3700000e+02   1.6275067e+00   6.2004188e-01
   6.3800000e+02   1.6199798e+00   6.2798105e-01
   6.3900000e+02   1.6118581e+00   6.3547693e-01
   6.4000000e+02   1.6043880e+00   6.4368454e-01
   6.4100000e+02   1.5955354e+00   6.5046247e-01
   6.4200000e+02   1.5878912e+00   6.5791637e-01
   6.4300000e+02   1.5794183e+00   6.6392839e-01
   6.4400000e+02   1.5715013e+00   6.6911292e-01
   6.4500000e+02   1.5646223e+00   6.7322472e-01
   6.4600000e+02   1.5586556e+00   6.7628539e-01
   6.4700000e+02   1.5545097e+00   6.7859281e-01
   6.4800000e+02   1.5522245e+00   6.7956039e-01
   6.4900000e+02   1.5495268e+00   6.7916592e-01
   6.5000000e+02   1.5480417e+00   6.7767602e-01
   6.5100000e+02   1.5460331e+00   6.7448440e-01
   6.5200000e+02   1.5450964e+00   6.7112421e-01
   6.5300000e+02   1.5441022e+00   6.6680645e-01
   6.5400000e+02   1.5424668e+00   6.6240104e-01
   6.5500000e+02   1.5416003e+00   6.5676906e-01
   6.5600000e+02   1.5408919e+00   6.5089679e-01
   6.5700000e+02   1.5405058e+00   6.4416059e-01
   6.5800000e+02   1.5401765e+00   6.3682548e-01
   6.5900000e+02   1.5392714e+00   6.2803795e-01
   6.6000000e+02   1.5383259e+00   6.1869152e-01
   6.6100000e+02   1.5377562e+00   6.0892574e-01
   6.6200000e+02   1.5350839e+00   5.9926101e-01
   6.6300000e+02   1.5326469e+00   5.9081652e-01
   6.6400000e+02   1.5276804e+00   5.8362386e-01
   6.6500000e+02   1.5226633e+00   5.7503435e-01
   6.6600000e+02   1.5176477e+00   5.6573712e-01
   6.6700000e+02   1.5128621e+00   5.5473489e-01
   6.6800000e+02   1.5092458e+00   5.4297883e-01
   6.6900000e+02   1.5056894e+00   5.3009188e-01
   6.7000000e+02   1.5021936e+00   5.1679608e-01
   6.7100000e+02   1.4976630e+00   5.0242821e-01
   6.7200000e+02   1.4927521e+00   4.8909074e-01
   6.7300000e+02   1.4869104e+00   4.7582157e-01
   6.7400000e+02   1.4819745e+00   4.6513241e-01
   6.7500000e+02   1.4766695e+00   4.5478734e-01
   6.7600000e+02   1.4717543e+00   4.4522635e-01
   6.7700000e+02   1.4678815e+00   4.3774931e-01
   6.7800000e+02   1.4636666e+00   4.2990858e-01
   6.7900000e+02   1.4598454e+00   4.2432962e-01
   6.8000000e+02   1.4560889e+00   4.1980480e-01
   6.8100000e+02   1.4520577e+00   4.1611240e-01
   6.8200000e+02   1.4482587e+00   4.1465372e-01
   6.8300000e+02   1.4443582e+00   4.1409638e-01
   6.8400000e+02   1.4410764e+00   4.1559841e-01
   6.8500000e+02   1.4370854e+00   4.1981126e-01
   6.8600000e+02   1.4332474e+00   4.2461366e-01
   6.8700000e+02   1.4297143e+00   4.3124262e-01
   6.8800000e+02   1.4270643e+00   4.3896798e-01
   6.8900000e+02   1.4243928e+00   4.4798698e-01
   6.9000000e+02   1.4215654e+00   4.5749734e-01
   6.9100000e+02   1.4185297e+00   4.6797718e-01
   6.9200000e+02   1.4144482e+00   4.7930992e-01
   6.9300000e+02   1.4090725e+00   4.9057378e-01
   6.9400000e+02   1.4029762e+00   5.0177518e-01
   6.9500000e+02   1.3958038e+00   5.1287288e-01
   6.9600000e+02   1.3886916e+00   5.2343841e-01
   6.9700000e+02   1.3801280e+00   5.3306392e-01
   6.9800000e+02   1.3726800e+00   5.4019570e-01
   6.9900000e+02   1.3645780e+00   5.4657907e-01
   7.0000000e+02   1.3570562e+00   5.5113474e-01
   7.0100000e+02   1.3498596e+00   5.5381238e-01
   7.0200000e+02   1.3418484e+00   5.5527675e-01
   7.0300000e+02   1.3337583e+00   5.5455573e-01
   7.0400000e+02   1.3250583e+00   5.5271486e-01
   7.0500000e+02   1.3150165e+00   5.4901315e-01
   7.0600000e+02   1.3040840e+00   5.4450115e-01
   7.0700000e+02   1.2925291e+00   5.3796902e-01
   7.0800000e+02   1.2812288e+00   5.2951746e-01
   7.0900000e+02   1.2676737e+00   5.1923019e-01
   7.1000000e+02   1.2550382e+00   5.0862500e-01
   7.1100000e+02   1.2423092e+00   4.9831592e-01
   7.1200000e+02   1.2282737e+00   4.8716495e-01
   7.1300000e+02   1.2147076e+00   4.7745366e-01
   7.1400000e+02   1.2010663e+00   4.6881389e-01
   7.1500000e+02   1.1884281e+00   4.6214836e-01
   7.1600000e+02   1.1763398e+00   4.5746739e-01
   7.1700000e+02   1.1656291e+00   4.5506555e-01
   7.1800000e+02   1.1564044e+00   4.5471872e-01
   7.1900000e+02   1.1492683e+00   4.5761628e-01
   7.2000000e+02   1.1430797e+00   4.6291067e-01
   7.2100000e+02   1.1387153e+00   4.6971950e-01
   7.2200000e+02   1.1339110e+00   4.7873617e-01
   7.2300000e+02   1.1300017e+00   4.8815916e-01
   7.2400000e+02   1.1253423e+00   4.9873013e-01
   7.2500000e+02   1.1204261e+00   5.1056343e-01
   7.2600000e+02   1.1146251e+00   5.2194334e-01
   7.2700000e+02   1.1065083e+00   5.3325320e-01
   7.2800000e+02   1.0970935e+00   5.4260132e-01
   7.2900000e+02   1.0864168e+00   5.4926352e-01
   7.3000000e+02   1.0751849e+00   5.5232034e-01
   7.3100000e+02   1.0646960e+00   5.5380519e-01
   7.3200000e+02   1.0563120e+00   5.5355035e-01
   7.3300000e+02   1.0511625e+00   5.5252026e-01
   7.3400000e+02   1.0461166e+00   5.5001859e-01
   7.3500000e+02   1.0409596e+00   5.4603764e-01
   7.3600000e+02   1.0370312e+00   5.4123002e-01
   7.3700000e+02   1.0310293e+00   5.3541425e-01
   7.3800000e+02   1.0247612e+00   5.2913902e-01
   7.3900000e+02   1.0165247e+00   5.2347225e-01
   7.4000000e+02   1.0085788e+00   5.1886978e-01
   7.4100000e+02   9.9959481e-01   5.1442677e-01
   7.4200000e+02   9.9031954e-01   5.1194053e-01
   7.4300000e+02   9.8220805e-01   5.1096454e-01
   7.4400000e+02   9.7444193e-01   5.1243689e-01
   7.4500000e+02   9.6833673e-01   5.1552272e-01
   7.4600000e+02   9.6243004e-01   5.2117152e-01
   7.4700000e+02   9.5775678e-01   5.2835333e-01
   7.4800000e+02   9.5373323e-01   5.3644461e-01
   7.4900000e+02   9.5045146e-01   5.4485271e-01
   7.5000000e+02   9.4646127e-01   5.5326825e-01
   7.5100000e+02   9.4205283e-01   5.6060382e-01
   7.5200000e+02   9.3663616e-01   5.6605110e-01
   7.5300000e+02   9.3099191e-01   5.6885591e-01
   7.5400000e+02   9.2509891e-01   5.6796428e-01
   7.5500000e+02   9.1960418e-01   5.6398813e-01
   7.5600000e+02   9.1419387e-01   5.5746710e-01
   7.5700000e+02   9.0966258e-01   5.4954202e-01
   7.5800000e+02   9.0588011e-01   5.4010640e-01
   7.5900000e+02   9.0142171e-01   5.2835397e-01
   7.6000000e+02   8.9664044e-01   5.1477693e-01
   7.6100000e+02   8.9100563e-01   5.0081317e-01
   7.6200000e+02   8.8548326e-01   4.8717819e-01
   7.6300000e+02   8.7922086e-01   4.7348530e-01
   7.6400000e+02   8.7273553e-01   4.6117408e-01
   7.6500000e+02   8.6721231e-01   4.5022098e-01
   7.6600000e+02   8.6192221e-01   4.4066502e-01
   7.6700000e+02   8.5766638e-01   4.3280571e-01
   7.6800000e+02   8.5354180e-01   4.2679012e-01
   7.6900000e+02   8.4960356e-01   4.2232815e-01
   7.7000000e+02   8.4523547e-01   4.2040353e-01
   7.7100000e+02   8.4090025e-01   4.1907753e-01
   7.7200000e+02   8.3625137e-01   4.2000407e-01
   7.7300000e+02   8.3232641e-01   4.2218323e-01
   7.7400000e+02   8.2737279e-01   4.2673797e-01
   7.7500000e+02   8.2275621e-01   4.3247510e-01
   7.7600000e+02   8.1781620e-01   4.4002592e-01
   7.7700000e+02   8.1249676e-01   4.4892406e-01
   7.7800000e+02   8.0722751e-01   4.5855852e-01
   7.7900000e+02   8.0104596e-01   4.6906272e-01
   7.8000000e+02   7.9530068e-01   4.7958729e-01
   7.8100000e+02   7.8876694e-01   4.8989683e-01
   7.8200000e+02   7.8209074e-01   4.9995257e-01
   7.8300000e+02   7.7598416e-01   5.0922469e-01
   7.8400000e+02   7.7001846e-01   5.1801345e-01
   7.8500000e+02   7.6341209e-01   5.2482051e-01
   7.8600000e+02   7.5735275e-01   5.3148748e-01
   7.8700000e+02   7.5109957e-01   5.3685122e-01
   7.8800000e+02   7.4486514e-01   5.4055912e-01
   7.8900000e+02   7.3847600e-01   5.4176243e-01
   7.9000000e+02   7.3225927e-01   5.4141812e-01
   7.9100000e+02   7.2608180e-01   5.3851535e-01
   7.9200000e+02   7.2052500e-01   5.3295187e-01
   7.9300000e+02   7.1771623e-01   5.2734034e-01
   7.9400000e+02   7.1283490e-01   5.1845607e-01
   7.9500000e+02   7.0765745e-01   5.0754613e-01
   7.9600000e+02   7.0258540e-01   4.9562428e-01
   7.9700000e+02   6.9703276e-01   4.8245952e-01
   7.9800000e+02   6.9254223e-01   4.6990860e-01
   7.9900000e+02   6.8724940e-01   4.5907242e-01
   8.0000000e+02   6.8260451e-01   4.5058994e-01
   8.0100000e+02   6.7802313e-01   4.4333136e-01
   8.0200000e+02   6.7368500e-01   4.3804561e-01
   8.0300000e+02   6.6968711e-01   4.3505786e-01
   8.0400000e+02   6.6577961e-01   4.3429035e-01
   8.0500000e+02   6.6224977e-01   4.3656277e-01
   8.0600000e+02   6.5951745e-01   4.3897893e-01
   8.0700000e+02   6.5780249e-01   4.4153930e-01
   8.0800000e+02   6.5637942e-01   4.4308474e-01
   8.0900000e+02   6.5541296e-01   4.4372595e-01
   8.1000000e+02   6.5362856e-01   4.4322216e-01
   8.1100000e+02   6.5148345e-01   4.4235697e-01
   8.1200000e+02   6.4865934e-01   4.4261217e-01
   8.1300000e+02   6.4483672e-01   4.4360625e-01
   8.1400000e+02   6.4006657e-01   4.4612004e-01
   8.1500000e+02   6.3390950e-01   4.5015523e-01
   8.1600000e+02   6.2725401e-01   4.5490446e-01
   8.1700000e+02   6.2155437e-01   4.6230676e-01
   8.1800000e+02   6.1191504e-01   4.6660709e-01
   8.1900000e+02   6.0317872e-01   4.7035001e-01
   8.2000000e+02   5.9260774e-01   4.7321122e-01
   8.2100000e+02   5.8312833e-01   4.7943582e-01
   8.2200000e+02   5.7128535e-01   4.7797525e-01
   8.2300000e+02   5.5861665e-01   4.7466505e-01
   8.2400000e+02   5.4509100e-01   4.6823041e-01
   8.2500000e+02   5.3216069e-01   4.5939018e-01
   8.2600000e+02   5.1904943e-01   4.4706220e-01
   8.2700000e+02   5.0780522e-01   4.3257540e-01
   8.2800000e+02   4.9712094e-01   4.1582967e-01
   8.2900000e+02   4.8983311e-01   3.9391527e-01
   8.3000000e+02   4.8110664e-01   3.7629811e-01
   8.3100000e+02   4.7431129e-01   3.5978369e-01
   8.3200000e+02   4.6941674e-01   3.4559274e-01
   8.3300000e+02   4.6447367e-01   3.2983084e-01
   8.3400000e+02   4.5873442e-01   3.1567566e-01
   8.3500000e+02   4.5291891e-01   3.0116163e-01
   8.3600000e+02   4.4701386e-01   2.8771297e-01
   8.3700000e+02   4.4081697e-01   2.7551199e-01
   8.3800000e+02   4.3327824e-01   2.6448419e-01
   8.3900000e+02   4.2323565e-01   2.5256763e-01
   8.4000000e+02   4.1038358e-01   2.4631753e-01
   8.4100000e+02   4.0087236e-01   2.3382642e-01
   8.4200000e+02   3.7773435e-01   2.1879997e-01
   8.4300000e+02   3.6474363e-01   2.0736219e-01
   8.4400000e+02   3.4428084e-01   1.9459575e-01
   8.4500000e+02   3.2452686e-01   1.8206760e-01
   8.4600000e+02   3.0620136e-01   1.6977890e-01
   8.4700000e+02   2.8899922e-01   1.5484967e-01
   8.4800000e+02   2.7235258e-01   1.3992555e-01
   8.4900000e+02   2.5529472e-01   1.1242870e-01
