   4.8800000e+02  -2.3070460e+00   3.1614802e+00
   4.8900000e+02  -2.3103903e+00   3.1530308e+00
   4.9000000e+02  -2.3150516e+00   3.1420458e+00
   4.9100000e+02  -2.3198408e+00   3.1312067e+00
   4.9200000e+02  -2.3263292e+00   3.1197048e+00
   4.9300000e+02  -2.3336549e+00   3.1078479e+00
   4.9400000e+02  -2.3419320e+00   3.0949713e+00
   4.9500000e+02  -2.3507853e+00   3.0828396e+00
   4.9600000e+02  -2.3598810e+00   3.0707267e+00
   4.9700000e+02  -2.3694417e+00   3.0588631e+00
   4.9800000e+02  -2.3791067e+00   3.0472198e+00
   4.9900000e+02  -2.3887929e+00   3.0362081e+00
   5.0000000e+02  -2.3985564e+00   3.0251920e+00
   5.0100000e+02  -2.4074502e+00   3.0144519e+00
   5.0200000e+02  -2.4163741e+00   3.0036279e+00
   5.0300000e+02  -2.4242982e+00   2.9932866e+00
   5.0400000e+02  -2.4319511e+00   2.9830870e+00
   5.0500000e+02  -2.4388875e+00   2.9744401e+00
   5.0600000e+02  -2.4441561e+00   2.9665299e+00
   5.0700000e+02  -2.4493359e+00   2.9590249e+00
   5.0800000e+02  -2.4532725e+00   2.9528806e+00
   5.0900000e+02  -2.4574393e+00   2.9473096e+00
   5.1000000e+02  -2.4600321e+00   2.9423455e+00
   5.1100000e+02  -2.4617794e+00   2.9379899e+00
   5.1200000e+02  -2.4622003e+00   2.9349086e+00
   5.1300000e+02  -2.4617559e+00   2.9321823e+00
   5.1400000e+02  -2.4603391e+00   2.9301473e+00
   5.1500000e+02  -2.4589034e+00   2.9284271e+00
   5.1600000e+02  -2.4569485e+00   2.9278416e+00
   5.1700000e+02  -2.4565456e+00   2.9276876e+00
   5.1800000e+02  -2.4541869e+00   2.9263417e+00
   5.1900000e+02  -2.4515566e+00   2.9260182e+00
   5.2000000e+02  -2.4491631e+00   2.9259157e+00
   5.2100000e+02  -2.4461454e+00   2.9263382e+00
   5.2200000e+02  -2.4429586e+00   2.9264991e+00
   5.2300000e+02  -2.4403115e+00   2.9268946e+00
   5.2400000e+02  -2.4373359e+00   2.9269027e+00
   5.2500000e+02  -2.4345456e+00   2.9270663e+00
   5.2600000e+02  -2.4318268e+00   2.9270334e+00
   5.2700000e+02  -2.4288580e+00   2.9263768e+00
   5.2800000e+02  -2.4268430e+00   2.9253050e+00
   5.2900000e+02  -2.4237229e+00   2.9247097e+00
   5.3000000e+02  -2.4212975e+00   2.9232250e+00
   5.3100000e+02  -2.4193810e+00   2.9230342e+00
   5.3200000e+02  -2.4176661e+00   2.9219686e+00
   5.3300000e+02  -2.4154395e+00   2.9216639e+00
   5.3400000e+02  -2.4136781e+00   2.9211793e+00
   5.3500000e+02  -2.4117888e+00   2.9213067e+00
   5.3600000e+02  -2.4100416e+00   2.9204799e+00
   5.3700000e+02  -2.4082003e+00   2.9202071e+00
   5.3800000e+02  -2.4067385e+00   2.9198302e+00
   5.3900000e+02  -2.4049904e+00   2.9193459e+00
   5.4000000e+02  -2.4034028e+00   2.9191831e+00
   5.4100000e+02  -2.4024756e+00   2.9192888e+00
   5.4200000e+02  -2.4005792e+00   2.9187670e+00
   5.4300000e+02  -2.4000751e+00   2.9178624e+00
   5.4400000e+02  -2.3993367e+00   2.9175189e+00
   5.4500000e+02  -2.3986150e+00   2.9169089e+00
   5.4600000e+02  -2.3980023e+00   2.9164377e+00
   5.4700000e+02  -2.3971814e+00   2.9158248e+00
   5.4800000e+02  -2.3969127e+00   2.9150824e+00
   5.4900000e+02  -2.3962488e+00   2.9142189e+00
   5.5000000e+02  -2.3957508e+00   2.9136213e+00
   5.5100000e+02  -2.3955769e+00   2.9126830e+00
   5.5200000e+02  -2.3947668e+00   2.9112747e+00
   5.5300000e+02  -2.3951734e+00   2.9114253e+00
   5.5400000e+02  -2.3942777e+00   2.9094177e+00
   5.5500000e+02  -2.3938948e+00   2.9081667e+00
   5.5600000e+02  -2.3933812e+00   2.9065716e+00
   5.5700000e+02  -2.3926089e+00   2.9051487e+00
   5.5800000e+02  -2.3923481e+00   2.9036235e+00
   5.5900000e+02  -2.3919046e+00   2.9019679e+00
   5.6000000e+02  -2.3915665e+00   2.9006406e+00
   5.6100000e+02  -2.3915172e+00   2.8991540e+00
   5.6200000e+02  -2.3911750e+00   2.8982090e+00
   5.6300000e+02  -2.3907786e+00   2.8968733e+00
   5.6400000e+02  -2.3908484e+00   2.8956797e+00
   5.6500000e+02  -2.3917613e+00   2.8947028e+00
   5.6600000e+02  -2.3915876e+00   2.8933086e+00
   5.6700000e+02  -2.3919827e+00   2.8922027e+00
   5.6800000e+02  -2.3911740e+00   2.8914195e+00
   5.6900000e+02  -2.3910910e+00   2.8903179e+00
   5.7000000e+02  -2.3914780e+00   2.8891935e+00
   5.7100000e+02  -2.3909930e+00   2.8881497e+00
   5.7200000e+02  -2.3906589e+00   2.8869816e+00
   5.7300000e+02  -2.3901611e+00   2.8856957e+00
   5.7400000e+02  -2.3897482e+00   2.8848502e+00
   5.7500000e+02  -2.3894073e+00   2.8837576e+00
   5.7600000e+02  -2.3884907e+00   2.8827743e+00
   5.7700000e+02  -2.3890343e+00   2.8829512e+00
   5.7800000e+02  -2.3873803e+00   2.8818809e+00
   5.7900000e+02  -2.3876642e+00   2.8804610e+00
   5.8000000e+02  -2.3868685e+00   2.8793377e+00
   5.8100000e+02  -2.3861871e+00   2.8778354e+00
   5.8200000e+02  -2.3859295e+00   2.8767241e+00
   5.8300000e+02  -2.3854421e+00   2.8753725e+00
   5.8400000e+02  -2.3851199e+00   2.8748212e+00
   5.8500000e+02  -2.3848932e+00   2.8738891e+00
   5.8600000e+02  -2.3846472e+00   2.8736162e+00
   5.8700000e+02  -2.3850053e+00   2.8731188e+00
   5.8800000e+02  -2.3853302e+00   2.8726132e+00
   5.8900000e+02  -2.3858846e+00   2.8732416e+00
   5.9000000e+02  -2.3856604e+00   2.8728349e+00
   5.9100000e+02  -2.3863121e+00   2.8725355e+00
   5.9200000e+02  -2.3871290e+00   2.8724618e+00
   5.9300000e+02  -2.3882241e+00   2.8725952e+00
   5.9400000e+02  -2.3884788e+00   2.8731595e+00
   5.9500000e+02  -2.3894518e+00   2.8731094e+00
   5.9600000e+02  -2.3899342e+00   2.8727292e+00
   5.9700000e+02  -2.3896687e+00   2.8732079e+00
   5.9800000e+02  -2.3879832e+00   2.8729263e+00
   5.9900000e+02  -2.3857183e+00   2.8735012e+00
   6.0000000e+02  -2.3819114e+00   2.8735531e+00
   6.0100000e+02  -2.3766343e+00   2.8740274e+00
   6.0200000e+02  -2.3711412e+00   2.8747316e+00
   6.0300000e+02  -2.3660752e+00   2.8756787e+00
   6.0400000e+02  -2.3616590e+00   2.8768456e+00
   6.0500000e+02  -2.3580449e+00   2.8779061e+00
   6.0600000e+02  -2.3541670e+00   2.8794114e+00
   6.0700000e+02  -2.3511823e+00   2.8808193e+00
   6.0800000e+02  -2.3479201e+00   2.8817937e+00
   6.0900000e+02  -2.3444912e+00   2.8829583e+00
   6.1000000e+02  -2.3411713e+00   2.8849469e+00
   6.1100000e+02  -2.3383686e+00   2.8869548e+00
   6.1200000e+02  -2.3354434e+00   2.8891673e+00
   6.1300000e+02  -2.3320986e+00   2.8915560e+00
   6.1400000e+02  -2.3303121e+00   2.8922651e+00
   6.1500000e+02  -2.3281814e+00   2.8938568e+00
   6.1600000e+02  -2.3275435e+00   2.8950820e+00
   6.1700000e+02  -2.3261954e+00   2.8962622e+00
   6.1800000e+02  -2.3253318e+00   2.8970530e+00
   6.1900000e+02  -2.3250074e+00   2.8986952e+00
   6.2000000e+02  -2.3249084e+00   2.8998306e+00
   6.2100000e+02  -2.3246258e+00   2.9011992e+00
   6.2200000e+02  -2.3232274e+00   2.9012235e+00
   6.2300000e+02  -2.3211754e+00   2.9001669e+00
   6.2400000e+02  -2.3174863e+00   2.8989668e+00
   6.2500000e+02  -2.3121056e+00   2.8976241e+00
   6.2600000e+02  -2.3050399e+00   2.8964209e+00
   6.2700000e+02  -2.2952703e+00   2.8947358e+00
   6.2800000e+02  -2.2839580e+00   2.8933761e+00
   6.2900000e+02  -2.2692194e+00   2.8926835e+00
   6.3000000e+02  -2.2519598e+00   2.8926643e+00
   6.3100000e+02  -2.2318918e+00   2.8930474e+00
   6.3200000e+02  -2.2103482e+00   2.8933411e+00
   6.3300000e+02  -2.1865895e+00   2.8932999e+00
   6.3400000e+02  -2.1615027e+00   2.8938800e+00
   6.3500000e+02  -2.1356015e+00   2.8946497e+00
   6.3600000e+02  -2.1091486e+00   2.8947887e+00
   6.3700000e+02  -2.0833953e+00   2.8933360e+00
   6.3800000e+02  -2.0587034e+00   2.8919710e+00
   6.3900000e+02  -2.0345551e+00   2.8888521e+00
   6.4000000e+02  -2.0121516e+00   2.8851827e+00
   6.4100000e+02  -1.9901733e+00   2.8798623e+00
   6.4200000e+02  -1.9699731e+00   2.8744554e+00
   6.4300000e+02  -1.9508251e+00   2.8685926e+00
   6.4400000e+02  -1.9327713e+00   2.8625778e+00
   6.4500000e+02  -1.9145222e+00   2.8550188e+00
   6.4600000e+02  -1.8967665e+00   2.8467716e+00
   6.4700000e+02  -1.8787572e+00   2.8364946e+00
   6.4800000e+02  -1.8622129e+00   2.8245980e+00
   6.4900000e+02  -1.8461472e+00   2.8103427e+00
   6.5000000e+02  -1.8313689e+00   2.7958703e+00
   6.5100000e+02  -1.8181337e+00   2.7789067e+00
   6.5200000e+02  -1.8054907e+00   2.7602046e+00
   6.5300000e+02  -1.7958478e+00   2.7401653e+00
   6.5400000e+02  -1.7897271e+00   2.7219856e+00
   6.5500000e+02  -1.7832688e+00   2.7039919e+00
   6.5600000e+02  -1.7771858e+00   2.6849293e+00
   6.5700000e+02  -1.7704311e+00   2.6678816e+00
   6.5800000e+02  -1.7637042e+00   2.6537746e+00
   6.5900000e+02  -1.7560358e+00   2.6430113e+00
   6.6000000e+02  -1.7471177e+00   2.6349088e+00
   6.6100000e+02  -1.7370321e+00   2.6283853e+00
   6.6200000e+02  -1.7267613e+00   2.6234924e+00
   6.6300000e+02  -1.7170536e+00   2.6198845e+00
   6.6400000e+02  -1.7067941e+00   2.6179988e+00
   6.6500000e+02  -1.6971873e+00   2.6169680e+00
   6.6600000e+02  -1.6885578e+00   2.6180497e+00
   6.6700000e+02  -1.6807967e+00   2.6195908e+00
   6.6800000e+02  -1.6745833e+00   2.6225823e+00
   6.6900000e+02  -1.6682255e+00   2.6263057e+00
   6.7000000e+02  -1.6622765e+00   2.6314632e+00
   6.7100000e+02  -1.6554455e+00   2.6359937e+00
   6.7200000e+02  -1.6481577e+00   2.6405649e+00
   6.7300000e+02  -1.6391948e+00   2.6468226e+00
   6.7400000e+02  -1.6336569e+00   2.6517760e+00
   6.7500000e+02  -1.6288764e+00   2.6556212e+00
   6.7600000e+02  -1.6245573e+00   2.6592474e+00
   6.7700000e+02  -1.6200671e+00   2.6615677e+00
   6.7800000e+02  -1.6145257e+00   2.6655763e+00
   6.7900000e+02  -1.6095895e+00   2.6694859e+00
   6.8000000e+02  -1.6034374e+00   2.6730006e+00
   6.8100000e+02  -1.5975390e+00   2.6774500e+00
   6.8200000e+02  -1.5920987e+00   2.6818741e+00
   6.8300000e+02  -1.5873283e+00   2.6858705e+00
   6.8400000e+02  -1.5831881e+00   2.6885259e+00
   6.8500000e+02  -1.5786193e+00   2.6907024e+00
   6.8600000e+02  -1.5723232e+00   2.6965178e+00
   6.8700000e+02  -1.5660539e+00   2.7032970e+00
   6.8800000e+02  -1.5590704e+00   2.7104825e+00
   6.8900000e+02  -1.5527399e+00   2.7176322e+00
   6.9000000e+02  -1.5481865e+00   2.7231784e+00
   6.9100000e+02  -1.5451024e+00   2.7274387e+00
   6.9200000e+02  -1.5416862e+00   2.7304112e+00
   6.9300000e+02  -1.5386278e+00   2.7306709e+00
   6.9400000e+02  -1.5350008e+00   2.7295890e+00
   6.9500000e+02  -1.5299755e+00   2.7267675e+00
   6.9600000e+02  -1.5245291e+00   2.7229189e+00
   6.9700000e+02  -1.5180714e+00   2.7200265e+00
   6.9800000e+02  -1.5135468e+00   2.7185791e+00
   6.9900000e+02  -1.5112869e+00   2.7201455e+00
   7.0000000e+02  -1.5125634e+00   2.7232799e+00
   7.0100000e+02  -1.5166347e+00   2.7277683e+00
   7.0200000e+02  -1.5234502e+00   2.7326704e+00
   7.0300000e+02  -1.5320213e+00   2.7371026e+00
   7.0400000e+02  -1.5429844e+00   2.7410958e+00
   7.0500000e+02  -1.5538254e+00   2.7445557e+00
   7.0600000e+02  -1.5658377e+00   2.7480174e+00
   7.0700000e+02  -1.5788055e+00   2.7515997e+00
   7.0800000e+02  -1.5926434e+00   2.7550949e+00
   7.0900000e+02  -1.6065159e+00   2.7589907e+00
   7.1000000e+02  -1.6218729e+00   2.7629210e+00
   7.1100000e+02  -1.6362542e+00   2.7669292e+00
   7.1200000e+02  -1.6510996e+00   2.7716249e+00
   7.1300000e+02  -1.6650379e+00   2.7755331e+00
   7.1400000e+02  -1.6766470e+00   2.7791904e+00
   7.1500000e+02  -1.6877488e+00   2.7831824e+00
   7.1600000e+02  -1.6980953e+00   2.7872288e+00
   7.1700000e+02  -1.7078725e+00   2.7916750e+00
   7.1800000e+02  -1.7171235e+00   2.7978604e+00
   7.1900000e+02  -1.7269361e+00   2.8065482e+00
   7.2000000e+02  -1.7362303e+00   2.8179870e+00
   7.2100000e+02  -1.7460841e+00   2.8308386e+00
   7.2200000e+02  -1.7548178e+00   2.8457979e+00
   7.2300000e+02  -1.7622582e+00   2.8613233e+00
   7.2400000e+02  -1.7673943e+00   2.8772006e+00
   7.2500000e+02  -1.7727659e+00   2.8929348e+00
   7.2600000e+02  -1.7781437e+00   2.9081787e+00
   7.2700000e+02  -1.7818114e+00   2.9247880e+00
   7.2800000e+02  -1.7864216e+00   2.9402408e+00
   7.2900000e+02  -1.7915391e+00   2.9552894e+00
   7.3000000e+02  -1.7959613e+00   2.9686682e+00
   7.3100000e+02  -1.8005802e+00   2.9814352e+00
   7.3200000e+02  -1.8048506e+00   2.9921823e+00
   7.3300000e+02  -1.8094111e+00   3.0032292e+00
   7.3400000e+02  -1.8127142e+00   3.0134461e+00
   7.3500000e+02  -1.8164088e+00   3.0235460e+00
   7.3600000e+02  -1.8198499e+00   3.0345491e+00
   7.3700000e+02  -1.8219997e+00   3.0462422e+00
   7.3800000e+02  -1.8238536e+00   3.0594293e+00
   7.3900000e+02  -1.8237243e+00   3.0743123e+00
   7.4000000e+02  -1.8226138e+00   3.0882031e+00
   7.4100000e+02  -1.8184173e+00   3.1020344e+00
   7.4200000e+02  -1.8136194e+00   3.1149687e+00
   7.4300000e+02  -1.8081191e+00   3.1272255e+00
   7.4400000e+02  -1.8035090e+00   3.1392926e+00
   7.4500000e+02  -1.7981375e+00   3.1517543e+00
