   3.3000000e+02   2.7610880e+00   6.9054882e-01
   3.3100000e+02   2.7526274e+00   6.9454261e-01
   3.3200000e+02   2.7398131e+00   7.0114035e-01
   3.3300000e+02   2.7236313e+00   7.0930362e-01
   3.3400000e+02   2.7070675e+00   7.1753620e-01
   3.3500000e+02   2.6908995e+00   7.2659533e-01
   3.3600000e+02   2.6733122e+00   7.3562574e-01
   3.3700000e+02   2.6566526e+00   7.4565964e-01
   3.3800000e+02   2.6398598e+00   7.5428044e-01
   3.3900000e+02   2.6245242e+00   7.6239038e-01
   3.4000000e+02   2.6099678e+00   7.7056863e-01
   3.4100000e+02   2.5982968e+00   7.7735920e-01
   3.4200000e+02   2.5878554e+00   7.8356372e-01
   3.4300000e+02   2.5781102e+00   7.8834164e-01
   3.4400000e+02   2.5698704e+00   7.9336126e-01
   3.4500000e+02   2.5615173e+00   7.9766390e-01
   3.4600000e+02   2.5524201e+00   8.0098322e-01
   3.4700000e+02   2.5412168e+00   8.0342993e-01
   3.4800000e+02   2.5270475e+00   8.0413165e-01
   3.4900000e+02   2.5113444e+00   8.0297469e-01
   3.5000000e+02   2.4939893e+00   8.0021228e-01
   3.5100000e+02   2.4744320e+00   7.9483089e-01
   3.5200000e+02   2.4561022e+00   7.8730199e-01
   3.5300000e+02   2.4390184e+00   7.7876053e-01
   3.5400000e+02   2.4236469e+00   7.7085260e-01
   3.5500000e+02   2.4095704e+00   7.6256700e-01
   3.5600000e+02   2.3937751e+00   7.5636395e-01
   3.5700000e+02   2.3779843e+00   7.4935069e-01
   3.5800000e+02   2.3616955e+00   7.4361072e-01
   3.5900000e+02   2.3460400e+00   7.3956227e-01
   3.6000000e+02   2.3307801e+00   7.3786441e-01
   3.6100000e+02   2.3172218e+00   7.3825748e-01
   3.6200000e+02   2.3022404e+00   7.4041952e-01
   3.6300000e+02   2.2876268e+00   7.4239407e-01
   3.6400000e+02   2.2734109e+00   7.4398885e-01
   3.6500000e+02   2.2602243e+00   7.4320510e-01
   3.6600000e+02   2.2483738e+00   7.4160629e-01
   3.6700000e+02   2.2373287e+00   7.3835080e-01
   3.6800000e+02   2.2256922e+00   7.3402218e-01
   3.6900000e+02   2.2149643e+00   7.3012425e-01
   3.7000000e+02   2.2050346e+00   7.2713445e-01
   3.7100000e+02   2.1953597e+00   7.2516488e-01
   3.7200000e+02   2.1858955e+00   7.2420353e-01
   3.7300000e+02   2.1776521e+00   7.2330320e-01
   3.7400000e+02   2.1700144e+00   7.2416649e-01
   3.7500000e+02   2.1634319e+00   7.2397311e-01
   3.7600000e+02   2.1576175e+00   7.2348673e-01
   3.7700000e+02   2.1530357e+00   7.2220927e-01
   3.7800000e+02   2.1513047e+00   7.2054920e-01
   3.7900000e+02   2.1518659e+00   7.1824718e-01
   3.8000000e+02   2.1531363e+00   7.1534722e-01
   3.8100000e+02   2.1546710e+00   7.1130601e-01
   3.8200000e+02   2.1540727e+00   7.0662255e-01
   3.8300000e+02   2.1531358e+00   7.0196579e-01
   3.8400000e+02   2.1512213e+00   6.9716813e-01
   3.8500000e+02   2.1487173e+00   6.9255387e-01
   3.8600000e+02   2.1468549e+00   6.8894736e-01
   3.8700000e+02   2.1458314e+00   6.8518189e-01
   3.8800000e+02   2.1461454e+00   6.8382935e-01
   3.8900000e+02   2.1481174e+00   6.8377840e-01
   3.9000000e+02   2.1511627e+00   6.8597163e-01
   3.9100000e+02   2.1543904e+00   6.8879261e-01
   3.9200000e+02   2.1589291e+00   6.9290558e-01
   3.9300000e+02   2.1624477e+00   6.9782019e-01
   3.9400000e+02   2.1669218e+00   7.0246089e-01
   3.9500000e+02   2.1704807e+00   7.0684502e-01
   3.9600000e+02   2.1727253e+00   7.1076055e-01
   3.9700000e+02   2.1750251e+00   7.1320538e-01
   3.9800000e+02   2.1737979e+00   7.1552825e-01
   3.9900000e+02   2.1720581e+00   7.1731625e-01
   4.0000000e+02   2.1669062e+00   7.1806988e-01
   4.0100000e+02   2.1597538e+00   7.1866505e-01
   4.0200000e+02   2.1509991e+00   7.1866555e-01
   4.0300000e+02   2.1414532e+00   7.1781492e-01
   4.0400000e+02   2.1304690e+00   7.1647225e-01
   4.0500000e+02   2.1197560e+00   7.1353896e-01
   4.0600000e+02   2.1093604e+00   7.0998043e-01
   4.0700000e+02   2.1006805e+00   7.0567499e-01
   4.0800000e+02   2.0928382e+00   7.0110233e-01
   4.0900000e+02   2.0854404e+00   6.9652018e-01
   4.1000000e+02   2.0799185e+00   6.9278558e-01
   4.1100000e+02   2.0754096e+00   6.9142942e-01
   4.1200000e+02   2.0718509e+00   6.9135021e-01
   4.1300000e+02   2.0704547e+00   6.9260009e-01
   4.1400000e+02   2.0706203e+00   6.9477146e-01
   4.1500000e+02   2.0722208e+00   6.9626967e-01
   4.1600000e+02   2.0755049e+00   6.9887227e-01
   4.1700000e+02   2.0800001e+00   7.0250176e-01
   4.1800000e+02   2.0869183e+00   7.0681149e-01
   4.1900000e+02   2.0950920e+00   7.1252226e-01
   4.2000000e+02   2.1061506e+00   7.1789080e-01
   4.2100000e+02   2.1189106e+00   7.2195735e-01
   4.2200000e+02   2.1326209e+00   7.2540393e-01
   4.2300000e+02   2.1473204e+00   7.2876413e-01
   4.2400000e+02   2.1616614e+00   7.3171843e-01
   4.2500000e+02   2.1761269e+00   7.3505973e-01
   4.2600000e+02   2.1898779e+00   7.3741094e-01
   4.2700000e+02   2.2027218e+00   7.3826100e-01
   4.2800000e+02   2.2151308e+00   7.3796499e-01
   4.2900000e+02   2.2262422e+00   7.3639421e-01
   4.3000000e+02   2.2367780e+00   7.3443579e-01
   4.3100000e+02   2.2447654e+00   7.3139506e-01
   4.3200000e+02   2.2498258e+00   7.2837861e-01
   4.3300000e+02   2.2545383e+00   7.2562545e-01
   4.3400000e+02   2.2552860e+00   7.2322319e-01
   4.3500000e+02   2.2549980e+00   7.2103757e-01
   4.3600000e+02   2.2531202e+00   7.1924743e-01
   4.3700000e+02   2.2518573e+00   7.1914407e-01
   4.3800000e+02   2.2502220e+00   7.2070532e-01
   4.3900000e+02   2.2503679e+00   7.2371490e-01
   4.4000000e+02   2.2523221e+00   7.2763602e-01
   4.4100000e+02   2.2548181e+00   7.3201796e-01
   4.4200000e+02   2.2569077e+00   7.3623554e-01
   4.4300000e+02   2.2583148e+00   7.3993845e-01
   4.4400000e+02   2.2602417e+00   7.4241034e-01
   4.4500000e+02   2.2609473e+00   7.4126174e-01
   4.4600000e+02   2.2605747e+00   7.3849192e-01
   4.4700000e+02   2.2556437e+00   7.3267226e-01
   4.4800000e+02   2.2493893e+00   7.2507603e-01
   4.4900000e+02   2.2408022e+00   7.1618867e-01
   4.5000000e+02   2.2320359e+00   7.0612463e-01
   4.5100000e+02   2.2237710e+00   6.9576720e-01
   4.5200000e+02   2.2170858e+00   6.8579956e-01
   4.5300000e+02   2.2131739e+00   6.7639441e-01
   4.5400000e+02   2.2106623e+00   6.6875523e-01
   4.5500000e+02   2.2098321e+00   6.6345694e-01
   4.5600000e+02   2.2101696e+00   6.6085680e-01
   4.5700000e+02   2.2123628e+00   6.5919017e-01
   4.5800000e+02   2.2160439e+00   6.6111321e-01
   4.5900000e+02   2.2206408e+00   6.6493981e-01
   4.6000000e+02   2.2272871e+00   6.6929332e-01
   4.6100000e+02   2.2339017e+00   6.7478858e-01
   4.6200000e+02   2.2422782e+00   6.7967174e-01
   4.6300000e+02   2.2496417e+00   6.8414462e-01
   4.6400000e+02   2.2551555e+00   6.8914638e-01
   4.6500000e+02   2.2593165e+00   6.9335732e-01
   4.6600000e+02   2.2625648e+00   6.9776399e-01
   4.6700000e+02   2.2646898e+00   7.0145224e-01
   4.6800000e+02   2.2675928e+00   7.0535093e-01
   4.6900000e+02   2.2728709e+00   7.0922705e-01
   4.7000000e+02   2.2787501e+00   7.1356509e-01
   4.7100000e+02   2.2856492e+00   7.1623621e-01
   4.7200000e+02   2.2948545e+00   7.1870120e-01
   4.7300000e+02   2.3075567e+00   7.2102705e-01
   4.7400000e+02   2.3218176e+00   7.2367390e-01
   4.7500000e+02   2.3368317e+00   7.2729621e-01
   4.7600000e+02   2.3507858e+00   7.3126550e-01
   4.7700000e+02   2.3627286e+00   7.3554117e-01
   4.7800000e+02   2.3746123e+00   7.3874522e-01
   4.7900000e+02   2.3855611e+00   7.4333839e-01
   4.8000000e+02   2.3980311e+00   7.4779033e-01
   4.8100000e+02   2.4116906e+00   7.5237599e-01
   4.8200000e+02   2.4234075e+00   7.5460100e-01
   4.8300000e+02   2.4341458e+00   7.5789423e-01
   4.8400000e+02   2.4430664e+00   7.6308070e-01
   4.8500000e+02   2.4457836e+00   7.7418726e-01
   4.8600000e+02   2.4366576e+00   7.9003545e-01
   4.8700000e+02   2.4204079e+00   8.0765850e-01
   4.8800000e+02   2.4035029e+00   8.2510749e-01
   4.8900000e+02   2.3881157e+00   8.3824056e-01
   4.9000000e+02   2.3793299e+00   8.4364415e-01
   4.9100000e+02   2.3774246e+00   8.4364958e-01
   4.9200000e+02   2.3816001e+00   8.3887021e-01
   4.9300000e+02   2.3899757e+00   8.3049238e-01
   4.9400000e+02   2.4011265e+00   8.1937706e-01
   4.9500000e+02   2.4110179e+00   8.0855252e-01
   4.9600000e+02   2.4183620e+00   7.9927001e-01
   4.9700000e+02   2.4239505e+00   7.9318265e-01
   4.9800000e+02   2.4268425e+00   7.8944016e-01
   4.9900000e+02   2.4283375e+00   7.8706800e-01
   5.0000000e+02   2.4299540e+00   7.8616860e-01
   5.0100000e+02   2.4301505e+00   7.8757137e-01
   5.0200000e+02   2.4289545e+00   7.9163283e-01
   5.0300000e+02   2.4284259e+00   7.9453819e-01
   5.0400000e+02   2.4258175e+00   7.9535349e-01
   5.0500000e+02   2.4199678e+00   7.9378165e-01
   5.0600000e+02   2.4077437e+00   7.9278891e-01
   5.0700000e+02   2.3916719e+00   7.9431694e-01
   5.0800000e+02   2.3738090e+00   7.9821356e-01
   5.0900000e+02   2.3548507e+00   8.0211641e-01
   5.1000000e+02   2.3334407e+00   8.0327094e-01
   5.1100000e+02   2.3093554e+00   8.0263069e-01
   5.1200000e+02   2.2843031e+00   8.0107456e-01
   5.1300000e+02   2.2588686e+00   8.0115488e-01
   5.1400000e+02   2.2336107e+00   8.0347651e-01
   5.1500000e+02   2.2081990e+00   8.0754829e-01
   5.1600000e+02   2.1841083e+00   8.1077574e-01
   5.1700000e+02   2.1626276e+00   8.1079874e-01
   5.1800000e+02   2.1431616e+00   8.1441451e-01
   5.1900000e+02   2.1241675e+00   8.1486293e-01
   5.2000000e+02   2.1051609e+00   8.1601025e-01
   5.2100000e+02   2.0867782e+00   8.1616717e-01
   5.2200000e+02   2.0685423e+00   8.1755748e-01
   5.2300000e+02   2.0494687e+00   8.1950250e-01
   5.2400000e+02   2.0306253e+00   8.2286239e-01
   5.2500000e+02   2.0133690e+00   8.2858141e-01
   5.2600000e+02   1.9967176e+00   8.3728747e-01
   5.2700000e+02   1.9796968e+00   8.4747428e-01
   5.2800000e+02   1.9626410e+00   8.5662750e-01
   5.2900000e+02   1.9466810e+00   8.6541374e-01
   5.3000000e+02   1.9326681e+00   8.6855398e-01
   5.3100000e+02   1.9240892e+00   8.6664912e-01
   5.3200000e+02   1.9221269e+00   8.5963778e-01
   5.3300000e+02   1.9212870e+00   8.4711795e-01
   5.3400000e+02   1.9183397e+00   8.2622138e-01
   5.3500000e+02   1.9127230e+00   8.0010573e-01
   5.3600000e+02   1.8998529e+00   7.7045923e-01
   5.3700000e+02   1.8768044e+00   7.4232862e-01
   5.3800000e+02   1.8451758e+00   7.1989299e-01
   5.3900000e+02   1.8093212e+00   7.0613200e-01
   5.4000000e+02   1.7783412e+00   7.0140170e-01
   5.4100000e+02   1.7548023e+00   6.9922780e-01
   5.4200000e+02   1.7360874e+00   6.9583364e-01
   5.4300000e+02   1.7177567e+00   6.8920010e-01
   5.4400000e+02   1.6996866e+00   6.8351217e-01
   5.4500000e+02   1.6831674e+00   6.7713153e-01
   5.4600000e+02   1.6707445e+00   6.7230498e-01
   5.4700000e+02   1.6628646e+00   6.7166481e-01
   5.4800000e+02   1.6594795e+00   6.7272480e-01
   5.4900000e+02   1.6595227e+00   6.7352414e-01
   5.5000000e+02   1.6604396e+00   6.7262082e-01
   5.5100000e+02   1.6624022e+00   6.7283604e-01
   5.5200000e+02   1.6635723e+00   6.7547344e-01
   5.5300000e+02   1.6643967e+00   6.8082206e-01
   5.5400000e+02   1.6680561e+00   6.8662357e-01
   5.5500000e+02   1.6746256e+00   6.9204114e-01
   5.5600000e+02   1.6825442e+00   6.9739090e-01
   5.5700000e+02   1.6905604e+00   7.0304551e-01
   5.5800000e+02   1.6967702e+00   7.0797868e-01
   5.5900000e+02   1.7034166e+00   7.1311412e-01
   5.6000000e+02   1.7119777e+00   7.1669818e-01
   5.6100000e+02   1.7232883e+00   7.2151920e-01
   5.6200000e+02   1.7373612e+00   7.2679122e-01
   5.6300000e+02   1.7518820e+00   7.3204678e-01
   5.6400000e+02   1.7657696e+00   7.3786186e-01
   5.6500000e+02   1.7783199e+00   7.4473103e-01
   5.6600000e+02   1.7906871e+00   7.5205319e-01
   5.6700000e+02   1.8018783e+00   7.5861904e-01
   5.6800000e+02   1.8134392e+00   7.6562046e-01
   5.6900000e+02   1.8242296e+00   7.7362632e-01
   5.7000000e+02   1.8334914e+00   7.8481940e-01
   5.7100000e+02   1.8432157e+00   7.9976590e-01
   5.7200000e+02   1.8548002e+00   8.1753177e-01
   5.7300000e+02   1.8686790e+00   8.3741738e-01
   5.7400000e+02   1.8832862e+00   8.5587150e-01
   5.7500000e+02   1.8983151e+00   8.7282589e-01
   5.7600000e+02   1.9139735e+00   8.8852996e-01
   5.7700000e+02   1.9301400e+00   9.0304330e-01
   5.7800000e+02   1.9462370e+00   9.1503411e-01
   5.7900000e+02   1.9625856e+00   9.2329400e-01
   5.8000000e+02   1.9814715e+00   9.2554403e-01
   5.8100000e+02   2.0032896e+00   9.2300048e-01
   5.8200000e+02   2.0267418e+00   9.1782170e-01
   5.8300000e+02   2.0490353e+00   9.1133736e-01
   5.8400000e+02   2.0701657e+00   9.0365385e-01
   5.8500000e+02   2.0889986e+00   8.9523253e-01
   5.8600000e+02   2.1062663e+00   8.8608988e-01
   5.8700000e+02   2.1230662e+00   8.7817442e-01
   5.8800000e+02   2.1391145e+00   8.7248287e-01
   5.8900000e+02   2.1570933e+00   8.6924534e-01
   5.9000000e+02   2.1788083e+00   8.6779992e-01
   5.9100000e+02   2.2029747e+00   8.6905663e-01
   5.9200000e+02   2.2272259e+00   8.7283672e-01
   5.9300000e+02   2.2479207e+00   8.7736856e-01
   5.9400000e+02   2.2670211e+00   8.8423005e-01
   5.9500000e+02   2.2857498e+00   8.9262905e-01
   5.9600000e+02   2.3027446e+00   9.0151789e-01
   5.9700000e+02   2.3191021e+00   9.1118183e-01
   5.9800000e+02   2.3338744e+00   9.1836329e-01
   5.9900000e+02   2.3470479e+00   9.2337008e-01
   6.0000000e+02   2.3633967e+00   9.2439391e-01
   6.0100000e+02   2.3800243e+00   9.2207826e-01
   6.0200000e+02   2.4006117e+00   9.1872264e-01
   6.0300000e+02   2.4205712e+00   9.1617053e-01
   6.0400000e+02   2.4384734e+00   9.1514427e-01
   6.0500000e+02   2.4540755e+00   9.1664068e-01
   6.0600000e+02   2.4695918e+00   9.1736610e-01
   6.0700000e+02   2.4827813e+00   9.1753245e-01
   6.0800000e+02   2.4949365e+00   9.1647743e-01
   6.0900000e+02   2.5043666e+00   9.1457510e-01
   6.1000000e+02   2.5145198e+00   9.1285816e-01
   6.1100000e+02   2.5264838e+00   9.1046434e-01
   6.1200000e+02   2.5423223e+00   9.0666145e-01
   6.1300000e+02   2.5614606e+00   8.9980344e-01
   6.1400000e+02   2.5829279e+00   8.9337959e-01
   6.1500000e+02   2.6039999e+00   8.8964087e-01
   6.1600000e+02   2.6277481e+00   8.9182189e-01
   6.1700000e+02   2.6566023e+00   8.9875044e-01
   6.1800000e+02   2.6855455e+00   9.0957418e-01
   6.1900000e+02   2.7114021e+00   9.1853840e-01
   6.2000000e+02   2.7334379e+00   9.2402096e-01
   6.2100000e+02   2.7501449e+00   9.2810021e-01
