   2.6900000e+02   2.7514072e+00   2.2592737e+00
   2.7000000e+02   2.7283172e+00   2.2392057e+00
   2.7100000e+02   2.6998095e+00   2.2193390e+00
   2.7200000e+02   2.6688069e+00   2.2015623e+00
   2.7300000e+02   2.6413194e+00   2.1896168e+00
   2.7400000e+02   2.6161464e+00   2.1828064e+00
   2.7500000e+02   2.5957937e+00   2.1802124e+00
   2.7600000e+02   2.5779922e+00   2.1791257e+00
   2.7700000e+02   2.5626051e+00   2.1768305e+00
   2.7800000e+02   2.5442473e+00   2.1705323e+00
   2.7900000e+02   2.5205677e+00   2.1596076e+00
   2.8000000e+02   2.4919468e+00   2.1425359e+00
   2.8100000e+02   2.4609390e+00   2.1199400e+00
   2.8200000e+02   2.4305843e+00   2.0961132e+00
   2.8300000e+02   2.4043032e+00   2.0741687e+00
   2.8400000e+02   2.3785445e+00   2.0576053e+00
   2.8500000e+02   2.3506917e+00   2.0429557e+00
   2.8600000e+02   2.3194012e+00   2.0280962e+00
   2.8700000e+02   2.2878746e+00   2.0137335e+00
   2.8800000e+02   2.2584543e+00   1.9995984e+00
   2.8900000e+02   2.2300253e+00   1.9863737e+00
   2.9000000e+02   2.2122449e+00   1.9759409e+00
   2.9100000e+02   2.2033823e+00   1.9654314e+00
   2.9200000e+02   2.1977444e+00   1.9568732e+00
   2.9300000e+02   2.1920382e+00   1.9523834e+00
   2.9400000e+02   2.1841237e+00   1.9499670e+00
   2.9500000e+02   2.1743033e+00   1.9473586e+00
   2.9600000e+02   2.1635943e+00   1.9458402e+00
   2.9700000e+02   2.1514349e+00   1.9448856e+00
   2.9800000e+02   2.1398397e+00   1.9474321e+00
   2.9900000e+02   2.1285978e+00   1.9507226e+00
   3.0000000e+02   2.1193785e+00   1.9535286e+00
   3.0100000e+02   2.1101280e+00   1.9534971e+00
   3.0200000e+02   2.1034390e+00   1.9523038e+00
   3.0300000e+02   2.0957176e+00   1.9502444e+00
   3.0400000e+02   2.0869624e+00   1.9470511e+00
   3.0500000e+02   2.0795994e+00   1.9424654e+00
   3.0600000e+02   2.0722278e+00   1.9379688e+00
   3.0700000e+02   2.0631508e+00   1.9333854e+00
   3.0800000e+02   2.0537845e+00   1.9291785e+00
   3.0900000e+02   2.0454818e+00   1.9260299e+00
   3.1000000e+02   2.0367588e+00   1.9247518e+00
   3.1100000e+02   2.0260977e+00   1.9233800e+00
   3.1200000e+02   2.0153448e+00   1.9225366e+00
   3.1300000e+02   2.0031277e+00   1.9192816e+00
   3.1400000e+02   1.9940744e+00   1.9158014e+00
   3.1500000e+02   1.9853717e+00   1.9113125e+00
   3.1600000e+02   1.9782178e+00   1.9078832e+00
   3.1700000e+02   1.9707507e+00   1.9063567e+00
   3.1800000e+02   1.9626483e+00   1.9048902e+00
   3.1900000e+02   1.9552077e+00   1.9039332e+00
   3.2000000e+02   1.9471943e+00   1.9030665e+00
   3.2100000e+02   1.9386385e+00   1.9025396e+00
   3.2200000e+02   1.9306840e+00   1.9019182e+00
   3.2300000e+02   1.9225639e+00   1.9004833e+00
   3.2400000e+02   1.9151075e+00   1.8985741e+00
   3.2500000e+02   1.9073404e+00   1.8962467e+00
   3.2600000e+02   1.8984326e+00   1.8942597e+00
   3.2700000e+02   1.8893506e+00   1.8923611e+00
   3.2800000e+02   1.8795823e+00   1.8891731e+00
   3.2900000e+02   1.8709958e+00   1.8847343e+00
   3.3000000e+02   1.8628007e+00   1.8793384e+00
   3.3100000e+02   1.8538002e+00   1.8744785e+00
   3.3200000e+02   1.8439860e+00   1.8693845e+00
   3.3300000e+02   1.8323735e+00   1.8646081e+00
   3.3400000e+02   1.8182257e+00   1.8606995e+00
   3.3500000e+02   1.8038351e+00   1.8592546e+00
   3.3600000e+02   1.7902161e+00   1.8591395e+00
   3.3700000e+02   1.7765008e+00   1.8569373e+00
   3.3800000e+02   1.7683057e+00   1.8576933e+00
   3.3900000e+02   1.7609523e+00   1.8592607e+00
   3.4000000e+02   1.7530336e+00   1.8619000e+00
   3.4100000e+02   1.7461671e+00   1.8648317e+00
   3.4200000e+02   1.7437199e+00   1.8694338e+00
   3.4300000e+02   1.7466949e+00   1.8766109e+00
   3.4400000e+02   1.7561911e+00   1.8855636e+00
   3.4500000e+02   1.7659123e+00   1.8912051e+00
   3.4600000e+02   1.7770177e+00   1.8946355e+00
   3.4700000e+02   1.7894590e+00   1.8959951e+00
   3.4800000e+02   1.8008283e+00   1.8955268e+00
   3.4900000e+02   1.8112075e+00   1.8956141e+00
   3.5000000e+02   1.8195163e+00   1.8957132e+00
   3.5100000e+02   1.8272799e+00   1.8962321e+00
   3.5200000e+02   1.8358304e+00   1.8985873e+00
   3.5300000e+02   1.8450617e+00   1.9045717e+00
   3.5400000e+02   1.8528757e+00   1.9121893e+00
   3.5500000e+02   1.8583986e+00   1.9194711e+00
   3.5600000e+02   1.8607422e+00   1.9230751e+00
   3.5700000e+02   1.8612575e+00   1.9219974e+00
   3.5800000e+02   1.8610073e+00   1.9185783e+00
   3.5900000e+02   1.8601817e+00   1.9139382e+00
   3.6000000e+02   1.8590647e+00   1.9099585e+00
   3.6100000e+02   1.8579817e+00   1.9074710e+00
   3.6200000e+02   1.8568451e+00   1.9068764e+00
   3.6300000e+02   1.8563157e+00   1.9087152e+00
   3.6400000e+02   1.8571364e+00   1.9118251e+00
   3.6500000e+02   1.8598828e+00   1.9163868e+00
   3.6600000e+02   1.8648406e+00   1.9201113e+00
   3.6700000e+02   1.8707851e+00   1.9224191e+00
   3.6800000e+02   1.8767987e+00   1.9245693e+00
   3.6900000e+02   1.8836257e+00   1.9267032e+00
   3.7000000e+02   1.8905180e+00   1.9289046e+00
   3.7100000e+02   1.8980466e+00   1.9313356e+00
   3.7200000e+02   1.9050844e+00   1.9333738e+00
   3.7300000e+02   1.9130691e+00   1.9355239e+00
   3.7400000e+02   1.9202774e+00   1.9359593e+00
   3.7500000e+02   1.9278215e+00   1.9358862e+00
   3.7600000e+02   1.9347985e+00   1.9355914e+00
   3.7700000e+02   1.9408493e+00   1.9357872e+00
   3.7800000e+02   1.9457394e+00   1.9360429e+00
   3.7900000e+02   1.9508406e+00   1.9372131e+00
   3.8000000e+02   1.9553702e+00   1.9381389e+00
   3.8100000e+02   1.9584775e+00   1.9399543e+00
   3.8200000e+02   1.9592821e+00   1.9431062e+00
   3.8300000e+02   1.9595479e+00   1.9457670e+00
   3.8400000e+02   1.9595476e+00   1.9469322e+00
   3.8500000e+02   1.9597804e+00   1.9468171e+00
   3.8600000e+02   1.9585400e+00   1.9446985e+00
   3.8700000e+02   1.9565765e+00   1.9423790e+00
   3.8800000e+02   1.9555210e+00   1.9408662e+00
   3.8900000e+02   1.9565585e+00   1.9399682e+00
   3.9000000e+02   1.9607687e+00   1.9388568e+00
   3.9100000e+02   1.9684980e+00   1.9361226e+00
   3.9200000e+02   1.9786746e+00   1.9311769e+00
   3.9300000e+02   1.9893376e+00   1.9251497e+00
   3.9400000e+02   1.9996014e+00   1.9190992e+00
   3.9500000e+02   2.0074668e+00   1.9143164e+00
   3.9600000e+02   2.0133663e+00   1.9123365e+00
   3.9700000e+02   2.0168013e+00   1.9127665e+00
   3.9800000e+02   2.0168559e+00   1.9143265e+00
   3.9900000e+02   2.0144231e+00   1.9174214e+00
   4.0000000e+02   2.0100408e+00   1.9214768e+00
   4.0100000e+02   2.0038360e+00   1.9272185e+00
   4.0200000e+02   1.9949917e+00   1.9339731e+00
   4.0300000e+02   1.9832918e+00   1.9433444e+00
   4.0400000e+02   1.9725781e+00   1.9552994e+00
   4.0500000e+02   1.9606204e+00   1.9681208e+00
   4.0600000e+02   1.9486304e+00   1.9789136e+00
   4.0700000e+02   1.9414367e+00   1.9884734e+00
   4.0800000e+02   1.9362214e+00   1.9955405e+00
   4.0900000e+02   1.9326626e+00   2.0005144e+00
   4.1000000e+02   1.9283567e+00   1.9999089e+00
   4.1100000e+02   1.9231950e+00   1.9941578e+00
   4.1200000e+02   1.9176026e+00   1.9825748e+00
   4.1300000e+02   1.9118023e+00   1.9682717e+00
   4.1400000e+02   1.9057152e+00   1.9545831e+00
   4.1500000e+02   1.9000220e+00   1.9421108e+00
   4.1600000e+02   1.8933877e+00   1.9306858e+00
   4.1700000e+02   1.8851952e+00   1.9201974e+00
   4.1800000e+02   1.8762022e+00   1.9124144e+00
   4.1900000e+02   1.8672958e+00   1.9077784e+00
   4.2000000e+02   1.8591135e+00   1.9062516e+00
   4.2100000e+02   1.8506826e+00   1.9057029e+00
   4.2200000e+02   1.8455933e+00   1.9064654e+00
   4.2300000e+02   1.8422713e+00   1.9070973e+00
   4.2400000e+02   1.8380533e+00   1.9078035e+00
   4.2500000e+02   1.8323059e+00   1.9090932e+00
   4.2600000e+02   1.8282206e+00   1.9113669e+00
   4.2700000e+02   1.8253129e+00   1.9124945e+00
   4.2800000e+02   1.8236362e+00   1.9113554e+00
   4.2900000e+02   1.8231945e+00   1.9068621e+00
   4.3000000e+02   1.8222774e+00   1.8995054e+00
   4.3100000e+02   1.8215944e+00   1.8910863e+00
   4.3200000e+02   1.8212748e+00   1.8830447e+00
   4.3300000e+02   1.8212223e+00   1.8751632e+00
   4.3400000e+02   1.8232187e+00   1.8679483e+00
   4.3500000e+02   1.8269271e+00   1.8605367e+00
   4.3600000e+02   1.8329815e+00   1.8530304e+00
   4.3700000e+02   1.8410231e+00   1.8460695e+00
   4.3800000e+02   1.8512259e+00   1.8376929e+00
   4.3900000e+02   1.8615788e+00   1.8300274e+00
   4.4000000e+02   1.8713002e+00   1.8240552e+00
   4.4100000e+02   1.8804107e+00   1.8194745e+00
   4.4200000e+02   1.8876863e+00   1.8163485e+00
   4.4300000e+02   1.8937053e+00   1.8141949e+00
   4.4400000e+02   1.8966529e+00   1.8137007e+00
   4.4500000e+02   1.8980357e+00   1.8146168e+00
   4.4600000e+02   1.8967618e+00   1.8172596e+00
   4.4700000e+02   1.8929724e+00   1.8196189e+00
   4.4800000e+02   1.8881110e+00   1.8209163e+00
   4.4900000e+02   1.8815130e+00   1.8196670e+00
   4.5000000e+02   1.8751682e+00   1.8175051e+00
   4.5100000e+02   1.8690444e+00   1.8134159e+00
   4.5200000e+02   1.8621773e+00   1.8082542e+00
   4.5300000e+02   1.8544930e+00   1.8037002e+00
   4.5400000e+02   1.8470860e+00   1.8005839e+00
   4.5500000e+02   1.8415116e+00   1.7986220e+00
   4.5600000e+02   1.8361833e+00   1.7952696e+00
   4.5700000e+02   1.8316982e+00   1.7899410e+00
   4.5800000e+02   1.8276812e+00   1.7816113e+00
   4.5900000e+02   1.8228782e+00   1.7712215e+00
   4.6000000e+02   1.8169053e+00   1.7594234e+00
   4.6100000e+02   1.8091844e+00   1.7501207e+00
   4.6200000e+02   1.8001661e+00   1.7438096e+00
   4.6300000e+02   1.7948833e+00   1.7403736e+00
   4.6400000e+02   1.7930369e+00   1.7388904e+00
   4.6500000e+02   1.7928667e+00   1.7372192e+00
   4.6600000e+02   1.7927924e+00   1.7372814e+00
   4.6700000e+02   1.7923271e+00   1.7378490e+00
   4.6800000e+02   1.7927959e+00   1.7396113e+00
   4.6900000e+02   1.7925970e+00   1.7430690e+00
   4.7000000e+02   1.7940941e+00   1.7452672e+00
   4.7100000e+02   1.7952698e+00   1.7482456e+00
   4.7200000e+02   1.7964672e+00   1.7506032e+00
   4.7300000e+02   1.7983456e+00   1.7548950e+00
   4.7400000e+02   1.8017466e+00   1.7606235e+00
   4.7500000e+02   1.8065876e+00   1.7685679e+00
   4.7600000e+02   1.8131600e+00   1.7774143e+00
   4.7700000e+02   1.8215896e+00   1.7861325e+00
   4.7800000e+02   1.8307180e+00   1.7939492e+00
   4.7900000e+02   1.8388822e+00   1.8000825e+00
   4.8000000e+02   1.8457123e+00   1.8062067e+00
   4.8100000e+02   1.8501984e+00   1.8130056e+00
   4.8200000e+02   1.8515297e+00   1.8189213e+00
   4.8300000e+02   1.8526573e+00   1.8252637e+00
   4.8400000e+02   1.8537652e+00   1.8314712e+00
   4.8500000e+02   1.8551402e+00   1.8366022e+00
   4.8600000e+02   1.8560031e+00   1.8406026e+00
   4.8700000e+02   1.8557669e+00   1.8438348e+00
   4.8800000e+02   1.8537501e+00   1.8475644e+00
   4.8900000e+02   1.8484145e+00   1.8523849e+00
   4.9000000e+02   1.8412398e+00   1.8590463e+00
   4.9100000e+02   1.8312984e+00   1.8661981e+00
   4.9200000e+02   1.8190555e+00   1.8738950e+00
   4.9300000e+02   1.8073265e+00   1.8807134e+00
   4.9400000e+02   1.7989105e+00   1.8861921e+00
   4.9500000e+02   1.7926444e+00   1.8907231e+00
   4.9600000e+02   1.7887813e+00   1.8948083e+00
   4.9700000e+02   1.7858088e+00   1.8977758e+00
   4.9800000e+02   1.7842525e+00   1.8997665e+00
   4.9900000e+02   1.7832377e+00   1.9011493e+00
   5.0000000e+02   1.7834797e+00   1.9016036e+00
   5.0100000e+02   1.7840063e+00   1.9004204e+00
   5.0200000e+02   1.7837502e+00   1.8989474e+00
   5.0300000e+02   1.7836048e+00   1.8961811e+00
   5.0400000e+02   1.7836410e+00   1.8929082e+00
   5.0500000e+02   1.7856804e+00   1.8893820e+00
   5.0600000e+02   1.7915484e+00   1.8851360e+00
   5.0700000e+02   1.7991005e+00   1.8811502e+00
   5.0800000e+02   1.8106165e+00   1.8765246e+00
   5.0900000e+02   1.8213339e+00   1.8722021e+00
   5.1000000e+02   1.8333598e+00   1.8669543e+00
   5.1100000e+02   1.8449829e+00   1.8627164e+00
   5.1200000e+02   1.8542683e+00   1.8587844e+00
   5.1300000e+02   1.8633661e+00   1.8561823e+00
   5.1400000e+02   1.8718391e+00   1.8550101e+00
   5.1500000e+02   1.8799812e+00   1.8551166e+00
   5.1600000e+02   1.8861964e+00   1.8563602e+00
   5.1700000e+02   1.8918982e+00   1.8599237e+00
   5.1800000e+02   1.8933389e+00   1.8653402e+00
   5.1900000e+02   1.8928000e+00   1.8720395e+00
   5.2000000e+02   1.8903979e+00   1.8807921e+00
   5.2100000e+02   1.8874458e+00   1.8883277e+00
   5.2200000e+02   1.8855492e+00   1.8934851e+00
   5.2300000e+02   1.8838220e+00   1.8960898e+00
   5.2400000e+02   1.8842885e+00   1.8968975e+00
   5.2500000e+02   1.8858906e+00   1.8954461e+00
   5.2600000e+02   1.8887728e+00   1.8926701e+00
   5.2700000e+02   1.8928729e+00   1.8891711e+00
   5.2800000e+02   1.8972550e+00   1.8850994e+00
   5.2900000e+02   1.9028835e+00   1.8772587e+00
   5.3000000e+02   1.9059892e+00   1.8693253e+00
   5.3100000e+02   1.9099951e+00   1.8609308e+00
   5.3200000e+02   1.9147173e+00   1.8511961e+00
   5.3300000e+02   1.9179041e+00   1.8422917e+00
   5.3400000e+02   1.9197934e+00   1.8337442e+00
   5.3500000e+02   1.9178955e+00   1.8283524e+00
   5.3600000e+02   1.9151630e+00   1.8242731e+00
   5.3700000e+02   1.9104747e+00   1.8220646e+00
   5.3800000e+02   1.9027739e+00   1.8222255e+00
   5.3900000e+02   1.8944722e+00   1.8244509e+00
   5.4000000e+02   1.8862908e+00   1.8283688e+00
   5.4100000e+02   1.8732200e+00   1.8365284e+00
   5.4200000e+02   1.8628613e+00   1.8457012e+00
   5.4300000e+02   1.8501533e+00   1.8555906e+00
   5.4400000e+02   1.8375666e+00   1.8662404e+00
   5.4500000e+02   1.8238261e+00   1.8767738e+00
   5.4600000e+02   1.8107301e+00   1.8858146e+00
   5.4700000e+02   1.7982300e+00   1.8936625e+00
   5.4800000e+02   1.7870296e+00   1.8992505e+00
   5.4900000e+02   1.7759219e+00   1.9036171e+00
   5.5000000e+02   1.7642391e+00   1.9065612e+00
   5.5100000e+02   1.7537681e+00   1.9087330e+00
   5.5200000e+02   1.7451187e+00   1.9106769e+00
   5.5300000e+02   1.7381387e+00   1.9108436e+00
   5.5400000e+02   1.7340667e+00   1.9119411e+00
   5.5500000e+02   1.7323479e+00   1.9115314e+00
   5.5600000e+02   1.7325957e+00   1.9102526e+00
   5.5700000e+02   1.7339824e+00   1.9088348e+00
   5.5800000e+02   1.7375797e+00   1.9064313e+00
   5.5900000e+02   1.7404908e+00   1.9034181e+00
   5.6000000e+02   1.7443173e+00   1.9000845e+00
   5.6100000e+02   1.7498513e+00   1.8952511e+00
   5.6200000e+02   1.7530773e+00   1.8904334e+00
   5.6300000e+02   1.7569313e+00   1.8858303e+00
   5.6400000e+02   1.7594476e+00   1.8828383e+00
   5.6500000e+02   1.7614432e+00   1.8806938e+00
   5.6600000e+02   1.7615940e+00   1.8802675e+00
   5.6700000e+02   1.7600019e+00   1.8806719e+00
   5.6800000e+02   1.7574749e+00   1.8807592e+00
   5.6900000e+02   1.7532069e+00   1.8814918e+00
   5.7000000e+02   1.7475197e+00   1.8828415e+00
   5.7100000e+02   1.7413220e+00   1.8850081e+00
   5.7200000e+02   1.7338017e+00   1.8886003e+00
   5.7300000e+02   1.7258816e+00   1.8920548e+00
   5.7400000e+02   1.7184355e+00   1.8955234e+00
   5.7500000e+02   1.7098611e+00   1.8985148e+00
   5.7600000e+02   1.7025684e+00   1.9003900e+00
   5.7700000e+02   1.6955688e+00   1.9005196e+00
   5.7800000e+02   1.6899385e+00   1.8999674e+00
   5.7900000e+02   1.6846046e+00   1.8991124e+00
   5.8000000e+02   1.6806978e+00   1.8977032e+00
   5.8100000e+02   1.6796273e+00   1.8972283e+00
   5.8200000e+02   1.6833586e+00   1.8969674e+00
   5.8300000e+02   1.6902532e+00   1.8972665e+00
   5.8400000e+02   1.6984954e+00   1.8985251e+00
   5.8500000e+02   1.7063347e+00   1.9002794e+00
   5.8600000e+02   1.7122231e+00   1.9014284e+00
   5.8700000e+02   1.7146951e+00   1.9035489e+00
   5.8800000e+02   1.7156096e+00   1.9050751e+00
   5.8900000e+02   1.7159388e+00   1.9080524e+00
   5.9000000e+02   1.7144112e+00   1.9097140e+00
   5.9100000e+02   1.7110471e+00   1.9144067e+00
   5.9200000e+02   1.7070139e+00   1.9189674e+00
   5.9300000e+02   1.7036821e+00   1.9254528e+00
   5.9400000e+02   1.7020909e+00   1.9320854e+00
   5.9500000e+02   1.7016069e+00   1.9383788e+00
   5.9600000e+02   1.7030900e+00   1.9440953e+00
   5.9700000e+02   1.7050050e+00   1.9481365e+00
   5.9800000e+02   1.7075093e+00   1.9492372e+00
   5.9900000e+02   1.7110696e+00   1.9447975e+00
   6.0000000e+02   1.7169602e+00   1.9365979e+00
   6.0100000e+02   1.7267330e+00   1.9272686e+00
   6.0200000e+02   1.7397909e+00   1.9169015e+00
   6.0300000e+02   1.7531239e+00   1.9069470e+00
   6.0400000e+02   1.7657312e+00   1.8993100e+00
   6.0500000e+02   1.7770899e+00   1.8944261e+00
   6.0600000e+02   1.7882463e+00   1.8901300e+00
   6.0700000e+02   1.7978169e+00   1.8879136e+00
   6.0800000e+02   1.8064077e+00   1.8884224e+00
   6.0900000e+02   1.8132463e+00   1.8918440e+00
   6.1000000e+02   1.8193060e+00   1.8975989e+00
   6.1100000e+02   1.8238252e+00   1.9039033e+00
   6.1200000e+02   1.8277781e+00   1.9106234e+00
   6.1300000e+02   1.8330113e+00   1.9161194e+00
   6.1400000e+02   1.8389549e+00   1.9208458e+00
   6.1500000e+02   1.8445032e+00   1.9247487e+00
   6.1600000e+02   1.8493708e+00   1.9270084e+00
   6.1700000e+02   1.8562847e+00   1.9281741e+00
   6.1800000e+02   1.8666230e+00   1.9293016e+00
   6.1900000e+02   1.8808280e+00   1.9299056e+00
   6.2000000e+02   1.8972315e+00   1.9309280e+00
   6.2100000e+02   1.9126375e+00   1.9326391e+00
   6.2200000e+02   1.9265156e+00   1.9336650e+00
   6.2300000e+02   1.9411431e+00   1.9352252e+00
   6.2400000e+02   1.9560593e+00   1.9371168e+00
   6.2500000e+02   1.9714316e+00   1.9422291e+00
   6.2600000e+02   1.9851639e+00   1.9502593e+00
   6.2700000e+02   1.9970137e+00   1.9580485e+00
   6.2800000e+02   2.0065338e+00   1.9639651e+00
   6.2900000e+02   2.0129100e+00   1.9689130e+00
   6.3000000e+02   2.0167134e+00   1.9741088e+00
   6.3100000e+02   2.0176154e+00   1.9798985e+00
   6.3200000e+02   2.0167605e+00   1.9858342e+00
   6.3300000e+02   2.0144630e+00   1.9928525e+00
   6.3400000e+02   2.0099821e+00   1.9998749e+00
   6.3500000e+02   2.0023856e+00   2.0065525e+00
   6.3600000e+02   1.9925851e+00   2.0132377e+00
   6.3700000e+02   1.9807053e+00   2.0184011e+00
   6.3800000e+02   1.9686379e+00   2.0252138e+00
   6.3900000e+02   1.9566709e+00   2.0322462e+00
   6.4000000e+02   1.9435092e+00   2.0410914e+00
   6.4100000e+02   1.9307963e+00   2.0509282e+00
   6.4200000e+02   1.9209078e+00   2.0633254e+00
   6.4300000e+02   1.9149187e+00   2.0726245e+00
   6.4400000e+02   1.9140798e+00   2.0815783e+00
   6.4500000e+02   1.9151609e+00   2.0899221e+00
   6.4600000e+02   1.9186211e+00   2.0979090e+00
   6.4700000e+02   1.9268028e+00   2.1051654e+00
   6.4800000e+02   1.9374986e+00   2.1126893e+00
   6.4900000e+02   1.9476654e+00   2.1175693e+00
   6.5000000e+02   1.9531546e+00   2.1224631e+00
   6.5100000e+02   1.9554644e+00   2.1286487e+00
   6.5200000e+02   1.9533290e+00   2.1357641e+00
   6.5300000e+02   1.9475332e+00   2.1442838e+00
   6.5400000e+02   1.9408849e+00   2.1501853e+00
   6.5500000e+02   1.9314778e+00   2.1533004e+00
   6.5600000e+02   1.9208483e+00   2.1540369e+00
   6.5700000e+02   1.9113182e+00   2.1548011e+00
   6.5800000e+02   1.9033963e+00   2.1543733e+00
   6.5900000e+02   1.8963683e+00   2.1532345e+00
   6.6000000e+02   1.8893506e+00   2.1512881e+00
   6.6100000e+02   1.8828363e+00   2.1481378e+00
   6.6200000e+02   1.8776075e+00   2.1453815e+00
   6.6300000e+02   1.8752160e+00   2.1434622e+00
   6.6400000e+02   1.8754704e+00   2.1420744e+00
   6.6500000e+02   1.8774331e+00   2.1423581e+00
   6.6600000e+02   1.8812558e+00   2.1427744e+00
   6.6700000e+02   1.8878030e+00   2.1429363e+00
   6.6800000e+02   1.8968974e+00   2.1427424e+00
   6.6900000e+02   1.9086830e+00   2.1419973e+00
   6.7000000e+02   1.9188606e+00   2.1407538e+00
   6.7100000e+02   1.9267265e+00   2.1393206e+00
   6.7200000e+02   1.9283251e+00   2.1387506e+00
   6.7300000e+02   1.9252597e+00   2.1391012e+00
   6.7400000e+02   1.9164939e+00   2.1405868e+00
   6.7500000e+02   1.8983855e+00   2.1442111e+00
   6.7600000e+02   1.8752206e+00   2.1509087e+00
   6.7700000e+02   1.8488593e+00   2.1571770e+00
   6.7800000e+02   1.8244422e+00   2.1601720e+00
   6.7900000e+02   1.7990701e+00   2.1584455e+00
   6.8000000e+02   1.7719836e+00   2.1541015e+00
   6.8100000e+02   1.7455255e+00   2.1489511e+00
   6.8200000e+02   1.7180238e+00   2.1440437e+00
   6.8300000e+02   1.6833488e+00   2.1404917e+00
   6.8400000e+02   1.6403165e+00   2.1384840e+00
   6.8500000e+02   1.5967403e+00   2.1365555e+00
   6.8600000e+02   1.5662883e+00   2.1340326e+00
   6.8700000e+02   1.5502167e+00   2.1296295e+00
   6.8800000e+02   1.5422967e+00   2.1235366e+00
   6.8900000e+02   1.5375063e+00   2.1161455e+00
   6.9000000e+02   1.5287923e+00   2.1094050e+00
   6.9100000e+02   1.5089588e+00   2.1035763e+00
   6.9200000e+02   1.4768820e+00   2.0989188e+00
   6.9300000e+02   1.4398197e+00   2.0946448e+00
   6.9400000e+02   1.4058911e+00   2.0934939e+00
   6.9500000e+02   1.3843149e+00   2.0909318e+00
   6.9600000e+02   1.3711225e+00   2.0870931e+00
   6.9700000e+02   1.3645508e+00   2.0848646e+00
   6.9800000e+02   1.3584343e+00   2.0798572e+00
   6.9900000e+02   1.3522655e+00   2.0754254e+00
   7.0000000e+02   1.3393136e+00   2.0665514e+00
   7.0100000e+02   1.3165957e+00   2.0568250e+00
   7.0200000e+02   1.2840818e+00   2.0465493e+00
   7.0300000e+02   1.2440164e+00   2.0360795e+00
   7.0400000e+02   1.2036126e+00   2.0318320e+00
   7.0500000e+02   1.1677932e+00   2.0297220e+00
   7.0600000e+02   1.1389237e+00   2.0254833e+00
   7.0700000e+02   1.1158592e+00   2.0127992e+00
   7.0800000e+02   1.0923259e+00   1.9920323e+00
   7.0900000e+02   1.0644166e+00   1.9747582e+00
   7.1000000e+02   1.0331793e+00   1.9689114e+00
   7.1100000e+02   9.9885358e-01   1.9660640e+00
   7.1200000e+02   9.7171230e-01   1.9691259e+00
   7.1300000e+02   9.5703595e-01   1.9724298e+00
   7.1400000e+02   9.5554280e-01   1.9710607e+00
   7.1500000e+02   9.5368193e-01   1.9624565e+00
   7.1600000e+02   9.4931115e-01   1.9490353e+00
   7.1700000e+02   9.4336599e-01   1.9343178e+00
   7.1800000e+02   9.3417177e-01   1.9212261e+00
   7.1900000e+02   9.2118782e-01   1.9180540e+00
   7.2000000e+02   9.0850171e-01   1.9230797e+00
   7.2100000e+02   8.9887775e-01   1.9361589e+00
   7.2200000e+02   8.9958310e-01   1.9472285e+00
   7.2300000e+02   9.0798800e-01   1.9574288e+00
   7.2400000e+02   9.2108470e-01   1.9634112e+00
   7.2500000e+02   9.4021799e-01   1.9675381e+00
   7.2600000e+02   9.6210708e-01   1.9697706e+00
   7.2700000e+02   9.8661532e-01   1.9722795e+00
   7.2800000e+02   1.0098796e+00   1.9777390e+00
   7.2900000e+02   1.0307196e+00   1.9865996e+00
   7.3000000e+02   1.0484490e+00   1.9966751e+00
   7.3100000e+02   1.0647765e+00   2.0103784e+00
   7.3200000e+02   1.0792684e+00   2.0186438e+00
   7.3300000e+02   1.0924428e+00   2.0265674e+00
   7.3400000e+02   1.1054609e+00   2.0311633e+00
   7.3500000e+02   1.1193782e+00   2.0339748e+00
   7.3600000e+02   1.1307084e+00   2.0372428e+00
   7.3700000e+02   1.1388624e+00   2.0417696e+00
   7.3800000e+02   1.1443680e+00   2.0472904e+00
   7.3900000e+02   1.1477714e+00   2.0519051e+00
   7.4000000e+02   1.1496856e+00   2.0541670e+00
   7.4100000e+02   1.1511266e+00   2.0558430e+00
   7.4200000e+02   1.1531347e+00   2.0564413e+00
   7.4300000e+02   1.1567310e+00   2.0576295e+00
   7.4400000e+02   1.1620746e+00   2.0616782e+00
   7.4500000e+02   1.1698005e+00   2.0667137e+00
   7.4600000e+02   1.1777422e+00   2.0735085e+00
   7.4700000e+02   1.1850303e+00   2.0821169e+00
   7.4800000e+02   1.1932410e+00   2.0932646e+00
   7.4900000e+02   1.2000576e+00   2.1059971e+00
   7.5000000e+02   1.2043355e+00   2.1193601e+00
   7.5100000e+02   1.2073521e+00   2.1324084e+00
   7.5200000e+02   1.2094049e+00   2.1438371e+00
   7.5300000e+02   1.2123999e+00   2.1522730e+00
   7.5400000e+02   1.2156240e+00   2.1586046e+00
   7.5500000e+02   1.2217703e+00   2.1632874e+00
   7.5600000e+02   1.2296167e+00   2.1669518e+00
   7.5700000e+02   1.2397786e+00   2.1695316e+00
   7.5800000e+02   1.2530869e+00   2.1717239e+00
   7.5900000e+02   1.2688879e+00   2.1754796e+00
   7.6000000e+02   1.2866286e+00   2.1784682e+00
   7.6100000e+02   1.3035238e+00   2.1809664e+00
   7.6200000e+02   1.3202646e+00   2.1838167e+00
   7.6300000e+02   1.3359878e+00   2.1876311e+00
   7.6400000e+02   1.3514033e+00   2.1909734e+00
   7.6500000e+02   1.3664076e+00   2.1945732e+00
   7.6600000e+02   1.3826032e+00   2.1984607e+00
   7.6700000e+02   1.3985852e+00   2.2024672e+00
   7.6800000e+02   1.4133101e+00   2.2081211e+00
   7.6900000e+02   1.4251155e+00   2.2152421e+00
   7.7000000e+02   1.4320767e+00   2.2221549e+00
   7.7100000e+02   1.4356748e+00   2.2303788e+00
   7.7200000e+02   1.4356574e+00   2.2384130e+00
   7.7300000e+02   1.4353239e+00   2.2458581e+00
   7.7400000e+02   1.4377435e+00   2.2515016e+00
   7.7500000e+02   1.4446724e+00   2.2575987e+00
   7.7600000e+02   1.4560994e+00   2.2641398e+00
   7.7700000e+02   1.4696056e+00   2.2723548e+00
   7.7800000e+02   1.4839262e+00   2.2809299e+00
   7.7900000e+02   1.4977386e+00   2.2894437e+00
   7.8000000e+02   1.5098088e+00   2.2981435e+00
   7.8100000e+02   1.5196705e+00   2.3062917e+00
   7.8200000e+02   1.5281943e+00   2.3125891e+00
   7.8300000e+02   1.5366360e+00   2.3176758e+00
   7.8400000e+02   1.5450461e+00   2.3227453e+00
   7.8500000e+02   1.5530797e+00   2.3265609e+00
   7.8600000e+02   1.5601757e+00   2.3291982e+00
   7.8700000e+02   1.5677600e+00   2.3311186e+00
   7.8800000e+02   1.5753571e+00   2.3339951e+00
   7.8900000e+02   1.5823939e+00   2.3382185e+00
   7.9000000e+02   1.5879080e+00   2.3428690e+00
   7.9100000e+02   1.5906893e+00   2.3479537e+00
   7.9200000e+02   1.5904735e+00   2.3534296e+00
   7.9300000e+02   1.5874259e+00   2.3585679e+00
   7.9400000e+02   1.5823618e+00   2.3637876e+00
   7.9500000e+02   1.5766942e+00   2.3680068e+00
   7.9600000e+02   1.5738644e+00   2.3709013e+00
   7.9700000e+02   1.5753904e+00   2.3719556e+00
   7.9800000e+02   1.5818305e+00   2.3720998e+00
   7.9900000e+02   1.5934455e+00   2.3699662e+00
   8.0000000e+02   1.6089585e+00   2.3655456e+00
   8.0100000e+02   1.6289444e+00   2.3580487e+00
   8.0200000e+02   1.6503725e+00   2.3489702e+00
   8.0300000e+02   1.6715786e+00   2.3399788e+00
   8.0400000e+02   1.6923218e+00   2.3329818e+00
   8.0500000e+02   1.7116228e+00   2.3290847e+00
   8.0600000e+02   1.7267768e+00   2.3278170e+00
   8.0700000e+02   1.7406252e+00   2.3297174e+00
   8.0800000e+02   1.7519153e+00   2.3340554e+00
   8.0900000e+02   1.7627671e+00   2.3409325e+00
   8.1000000e+02   1.7721081e+00   2.3506995e+00
   8.1100000e+02   1.7805874e+00   2.3610868e+00
   8.1200000e+02   1.7886901e+00   2.3734559e+00
   8.1300000e+02   1.7949416e+00   2.3866590e+00
   8.1400000e+02   1.8001733e+00   2.4019353e+00
   8.1500000e+02   1.8018686e+00   2.4180648e+00
   8.1600000e+02   1.8030958e+00   2.4334948e+00
   8.1700000e+02   1.8051669e+00   2.4462054e+00
   8.1800000e+02   1.8080095e+00   2.4593356e+00
   8.1900000e+02   1.8113331e+00   2.4705995e+00
   8.2000000e+02   1.8144961e+00   2.4810943e+00
   8.2100000e+02   1.8180747e+00   2.4920199e+00
   8.2200000e+02   1.8215979e+00   2.5029685e+00
   8.2300000e+02   1.8244795e+00   2.5140762e+00
   8.2400000e+02   1.8279178e+00   2.5265455e+00
   8.2500000e+02   1.8310242e+00   2.5385342e+00
   8.2600000e+02   1.8344597e+00   2.5505327e+00
   8.2700000e+02   1.8387991e+00   2.5620620e+00
   8.2800000e+02   1.8436362e+00   2.5729645e+00
   8.2900000e+02   1.8477860e+00   2.5818064e+00
   8.3000000e+02   1.8521789e+00   2.5912891e+00
   8.3100000e+02   1.8557830e+00   2.6008664e+00
   8.3200000e+02   1.8584230e+00   2.6107519e+00
   8.3300000e+02   1.8619728e+00   2.6220353e+00
   8.3400000e+02   1.8652974e+00   2.6335944e+00
   8.3500000e+02   1.8697949e+00   2.6450112e+00
   8.3600000e+02   1.8743510e+00   2.6543514e+00
   8.3700000e+02   1.8787672e+00   2.6628482e+00
   8.3800000e+02   1.8827271e+00   2.6704245e+00
   8.3900000e+02   1.8882012e+00   2.6770103e+00
   8.4000000e+02   1.8952008e+00   2.6821096e+00
   8.4100000e+02   1.9012777e+00   2.6845795e+00
   8.4200000e+02   1.9101816e+00   2.6866615e+00
   8.4300000e+02   1.9196580e+00   2.6883321e+00
   8.4400000e+02   1.9287589e+00   2.6902859e+00
   8.4500000e+02   1.9370983e+00   2.6922314e+00
   8.4600000e+02   1.9468415e+00   2.6940738e+00
   8.4700000e+02   1.9575972e+00   2.6949028e+00
   8.4800000e+02   1.9710376e+00   2.6951595e+00
   8.4900000e+02   1.9861403e+00   2.6931791e+00
   8.5000000e+02   2.0010807e+00   2.6896470e+00
   8.5100000e+02   2.0126266e+00   2.6844189e+00
   8.5200000e+02   2.0221113e+00   2.6798328e+00
   8.5300000e+02   2.0283434e+00   2.6779235e+00
   8.5400000e+02   2.0302507e+00   2.6782573e+00
   8.5500000e+02   2.0323767e+00   2.6817011e+00
   8.5600000e+02   2.0341896e+00   2.6864968e+00
   8.5700000e+02   2.0351616e+00   2.6918804e+00
   8.5800000e+02   2.0340688e+00   2.6960962e+00
   8.5900000e+02   2.0310235e+00   2.6995620e+00
   8.6000000e+02   2.0255606e+00   2.7019583e+00
   8.6100000e+02   2.0179095e+00   2.7040479e+00
   8.6200000e+02   2.0089972e+00   2.7053089e+00
   8.6300000e+02   1.9993558e+00   2.7069854e+00
   8.6400000e+02   1.9911539e+00   2.7089038e+00
   8.6500000e+02   1.9853230e+00   2.7112685e+00
   8.6600000e+02   1.9791582e+00   2.7156998e+00
   8.6700000e+02   1.9736333e+00   2.7207078e+00
   8.6800000e+02   1.9679091e+00   2.7260661e+00
   8.6900000e+02   1.9624786e+00   2.7315608e+00
   8.7000000e+02   1.9576125e+00   2.7358646e+00
   8.7100000e+02   1.9542662e+00   2.7393738e+00
   8.7200000e+02   1.9517788e+00   2.7406240e+00
   8.7300000e+02   1.9509215e+00   2.7395391e+00
   8.7400000e+02   1.9506070e+00   2.7352005e+00
   8.7500000e+02   1.9516532e+00   2.7290715e+00
   8.7600000e+02   1.9541643e+00   2.7205299e+00
   8.7700000e+02   1.9577030e+00   2.7090844e+00
   8.7800000e+02   1.9625586e+00   2.6984930e+00
   8.7900000e+02   1.9709346e+00   2.6865735e+00
   8.8000000e+02   1.9792476e+00   2.6738634e+00
   8.8100000e+02   1.9875451e+00   2.6628671e+00
   8.8200000e+02   1.9944696e+00   2.6525526e+00
   8.8300000e+02   1.9983119e+00   2.6438754e+00
   8.8400000e+02   1.9998058e+00   2.6368964e+00
   8.8500000e+02   1.9993671e+00   2.6314698e+00
   8.8600000e+02   1.9968070e+00   2.6282305e+00
   8.8700000e+02   1.9922058e+00   2.6265805e+00
   8.8800000e+02   1.9866970e+00   2.6262108e+00
   8.8900000e+02   1.9810218e+00   2.6280021e+00
   8.9000000e+02   1.9723910e+00   2.6299197e+00
   8.9100000e+02   1.9620790e+00   2.6327562e+00
   8.9200000e+02   1.9508148e+00   2.6362767e+00
   8.9300000e+02   1.9400583e+00   2.6405777e+00
   8.9400000e+02   1.9280696e+00   2.6461244e+00
   8.9500000e+02   1.9162735e+00   2.6526548e+00
   8.9600000e+02   1.9055783e+00   2.6602542e+00
   8.9700000e+02   1.8964748e+00   2.6683582e+00
   8.9800000e+02   1.8876359e+00   2.6770323e+00
   8.9900000e+02   1.8820886e+00   2.6856068e+00
   9.0000000e+02   1.8785212e+00   2.6936868e+00
   9.0100000e+02   1.8759237e+00   2.7011264e+00
   9.0200000e+02   1.8732172e+00   2.7066354e+00
   9.0300000e+02   1.8718438e+00   2.7110665e+00
   9.0400000e+02   1.8715105e+00   2.7132795e+00
   9.0500000e+02   1.8730515e+00   2.7137541e+00
   9.0600000e+02   1.8740907e+00   2.7125338e+00
   9.0700000e+02   1.8761815e+00   2.7100658e+00
   9.0800000e+02   1.8779456e+00   2.7067787e+00
   9.0900000e+02   1.8815711e+00   2.7028765e+00
   9.1000000e+02   1.8851626e+00   2.6987949e+00
   9.1100000e+02   1.8895120e+00   2.6954034e+00
   9.1200000e+02   1.8940717e+00   2.6921579e+00
   9.1300000e+02   1.9008022e+00   2.6886413e+00
   9.1400000e+02   1.9052083e+00   2.6857476e+00
   9.1500000e+02   1.9099291e+00   2.6833361e+00
   9.1600000e+02   1.9153000e+00   2.6790054e+00
   9.1700000e+02   1.9182898e+00   2.6753508e+00
   9.1800000e+02   1.9214209e+00   2.6702361e+00
   9.1900000e+02   1.9227774e+00   2.6654056e+00
   9.2000000e+02   1.9220733e+00   2.6608691e+00
   9.2100000e+02   1.9196598e+00   2.6593003e+00
   9.2200000e+02   1.9148868e+00   2.6585857e+00
   9.2300000e+02   1.9090459e+00   2.6581272e+00
   9.2400000e+02   1.9024951e+00   2.6576116e+00
   9.2500000e+02   1.8956627e+00   2.6569192e+00
   9.2600000e+02   1.8885150e+00   2.6564108e+00
   9.2700000e+02   1.8815466e+00   2.6553277e+00
   9.2800000e+02   1.8750286e+00   2.6537583e+00
   9.2900000e+02   1.8690747e+00   2.6529164e+00
   9.3000000e+02   1.8640265e+00   2.6528310e+00
   9.3100000e+02   1.8591899e+00   2.6537186e+00
   9.3200000e+02   1.8548979e+00   2.6543407e+00
   9.3300000e+02   1.8521517e+00   2.6539451e+00
   9.3400000e+02   1.8497212e+00   2.6527651e+00
   9.3500000e+02   1.8477436e+00   2.6503770e+00
   9.3600000e+02   1.8455343e+00   2.6464275e+00
   9.3700000e+02   1.8418241e+00   2.6406901e+00
   9.3800000e+02   1.8372742e+00   2.6358095e+00
   9.3900000e+02   1.8308022e+00   2.6309278e+00
   9.4000000e+02   1.8216519e+00   2.6269753e+00
   9.4100000e+02   1.8095483e+00   2.6245136e+00
   9.4200000e+02   1.7947571e+00   2.6215805e+00
   9.4300000e+02   1.7780437e+00   2.6194070e+00
   9.4400000e+02   1.7582815e+00   2.6157329e+00
   9.4500000e+02   1.7383865e+00   2.6105313e+00
   9.4600000e+02   1.7168442e+00   2.6029853e+00
   9.4700000e+02   1.6954478e+00   2.5965766e+00
   9.4800000e+02   1.6735538e+00   2.5883600e+00
   9.4900000e+02   1.6534367e+00   2.5811224e+00
   9.5000000e+02   1.6362786e+00   2.5746408e+00
   9.5100000e+02   1.6206239e+00   2.5682612e+00
   9.5200000e+02   1.6056898e+00   2.5620318e+00
   9.5300000e+02   1.5915841e+00   2.5571352e+00
   9.5400000e+02   1.5808961e+00   2.5537080e+00
   9.5500000e+02   1.5735244e+00   2.5522079e+00
   9.5600000e+02   1.5700554e+00   2.5523140e+00
   9.5700000e+02   1.5687444e+00   2.5538779e+00
   9.5800000e+02   1.5678701e+00   2.5559916e+00
   9.5900000e+02   1.5674502e+00   2.5598389e+00
   9.6000000e+02   1.5668817e+00   2.5633425e+00
   9.6100000e+02   1.5659148e+00   2.5675105e+00
   9.6200000e+02   1.5639149e+00   2.5722500e+00
   9.6300000e+02   1.5620345e+00   2.5783235e+00
   9.6400000e+02   1.5572866e+00   2.5837332e+00
   9.6500000e+02   1.5518077e+00   2.5898612e+00
   9.6600000e+02   1.5453753e+00   2.5945165e+00
   9.6700000e+02   1.5380030e+00   2.5970061e+00
   9.6800000e+02   1.5294786e+00   2.5972446e+00
   9.6900000e+02   1.5194053e+00   2.5950928e+00
   9.7000000e+02   1.5092605e+00   2.5899533e+00
   9.7100000e+02   1.4999202e+00   2.5814681e+00
   9.7200000e+02   1.4925648e+00   2.5703185e+00
   9.7300000e+02   1.4903128e+00   2.5563321e+00
   9.7400000e+02   1.4919847e+00   2.5398659e+00
   9.7500000e+02   1.4990229e+00   2.5205597e+00
   9.7600000e+02   1.5081024e+00   2.5008861e+00
   9.7700000e+02   1.5200617e+00   2.4793622e+00
   9.7800000e+02   1.5317133e+00   2.4522496e+00
   9.7900000e+02   1.5394998e+00   2.4257227e+00
   9.8000000e+02   1.5460322e+00   2.4011340e+00
   9.8100000e+02   1.5521000e+00   2.3799202e+00
   9.8200000e+02   1.5611789e+00   2.3591053e+00
   9.8300000e+02   1.5730287e+00   2.3403790e+00
   9.8400000e+02   1.5862458e+00   2.3237351e+00
   9.8500000e+02   1.5992551e+00   2.3107022e+00
   9.8600000e+02   1.6087295e+00   2.2990998e+00
   9.8700000e+02   1.6174417e+00   2.2905558e+00
   9.8800000e+02   1.6240243e+00   2.2831462e+00
   9.8900000e+02   1.6295623e+00   2.2791008e+00
   9.9000000e+02   1.6332237e+00   2.2778656e+00
   9.9100000e+02   1.6369196e+00   2.2791344e+00
   9.9200000e+02   1.6403160e+00   2.2832234e+00
   9.9300000e+02   1.6419959e+00   2.2889954e+00
   9.9400000e+02   1.6424713e+00   2.2962508e+00
   9.9500000e+02   1.6413361e+00   2.3042370e+00
   9.9600000e+02   1.6402708e+00   2.3119124e+00
   9.9700000e+02   1.6394447e+00   2.3201306e+00
   9.9800000e+02   1.6386044e+00   2.3267972e+00
   9.9900000e+02   1.6374729e+00   2.3319896e+00
   1.0000000e+03   1.6364724e+00   2.3355062e+00
   1.0010000e+03   1.6352533e+00   2.3370971e+00
   1.0020000e+03   1.6338309e+00   2.3373158e+00
   1.0030000e+03   1.6319755e+00   2.3350315e+00
   1.0040000e+03   1.6285355e+00   2.3302993e+00
   1.0050000e+03   1.6242172e+00   2.3222816e+00
   1.0060000e+03   1.6183902e+00   2.3118031e+00
   1.0070000e+03   1.6127128e+00   2.2994696e+00
   1.0080000e+03   1.6066237e+00   2.2831128e+00
   1.0090000e+03   1.6029519e+00   2.2661400e+00
   1.0100000e+03   1.6016815e+00   2.2538134e+00
   1.0110000e+03   1.6027695e+00   2.2459542e+00
   1.0120000e+03   1.6050295e+00   2.2407913e+00
   1.0130000e+03   1.6083079e+00   2.2394457e+00
   1.0140000e+03   1.6101238e+00   2.2406734e+00
   1.0150000e+03   1.6115893e+00   2.2456047e+00
   1.0160000e+03   1.6118579e+00   2.2532598e+00
   1.0170000e+03   1.6116354e+00   2.2639582e+00
   1.0180000e+03   1.6101517e+00   2.2771865e+00
   1.0190000e+03   1.6085489e+00   2.2909090e+00
   1.0200000e+03   1.6089498e+00   2.3059407e+00
   1.0210000e+03   1.6098134e+00   2.3230315e+00
   1.0220000e+03   1.6096128e+00   2.3390541e+00
   1.0230000e+03   1.6077551e+00   2.3559682e+00
   1.0240000e+03   1.6047337e+00   2.3706553e+00
   1.0250000e+03   1.6003493e+00   2.3833990e+00
   1.0260000e+03   1.5951325e+00   2.3931097e+00
   1.0270000e+03   1.5885049e+00   2.3999111e+00
   1.0280000e+03   1.5820038e+00   2.4042606e+00
   1.0290000e+03   1.5760960e+00   2.4060106e+00
   1.0300000e+03   1.5722361e+00   2.4053294e+00
   1.0310000e+03   1.5704205e+00   2.4019542e+00
   1.0320000e+03   1.5693375e+00   2.3967715e+00
   1.0330000e+03   1.5686067e+00   2.3878413e+00
   1.0340000e+03   1.5698446e+00   2.3787059e+00
   1.0350000e+03   1.5709456e+00   2.3667482e+00
   1.0360000e+03   1.5719910e+00   2.3553628e+00
   1.0370000e+03   1.5737521e+00   2.3458299e+00
   1.0380000e+03   1.5771352e+00   2.3393617e+00
   1.0390000e+03   1.5814526e+00   2.3354527e+00
   1.0400000e+03   1.5867631e+00   2.3321216e+00
   1.0410000e+03   1.5910595e+00   2.3280861e+00
   1.0420000e+03   1.5940775e+00   2.3232066e+00
   1.0430000e+03   1.5957421e+00   2.3158298e+00
   1.0440000e+03   1.5960417e+00   2.3078052e+00
   1.0450000e+03   1.5967147e+00   2.2989674e+00
   1.0460000e+03   1.5973004e+00   2.2900689e+00
   1.0470000e+03   1.5992832e+00   2.2812630e+00
   1.0480000e+03   1.6022594e+00   2.2727812e+00
   1.0490000e+03   1.6048365e+00   2.2637373e+00
   1.0500000e+03   1.6071456e+00   2.2548109e+00
   1.0510000e+03   1.6105910e+00   2.2454558e+00
   1.0520000e+03   1.6153250e+00   2.2378986e+00
   1.0530000e+03   1.6235729e+00   2.2305120e+00
   1.0540000e+03   1.6309977e+00   2.2221904e+00
   1.0550000e+03   1.6389282e+00   2.2146178e+00
   1.0560000e+03   1.6451080e+00   2.2082230e+00
   1.0570000e+03   1.6483674e+00   2.2049252e+00
   1.0580000e+03   1.6488999e+00   2.2023536e+00
   1.0590000e+03   1.6472617e+00   2.2008462e+00
   1.0600000e+03   1.6476519e+00   2.2005882e+00
   1.0610000e+03   1.6479200e+00   2.2016493e+00
   1.0620000e+03   1.6471073e+00   2.2039266e+00
   1.0630000e+03   1.6428659e+00   2.2070667e+00
   1.0640000e+03   1.6367639e+00   2.2114938e+00
   1.0650000e+03   1.6295951e+00   2.2181814e+00
   1.0660000e+03   1.6227139e+00   2.2265084e+00
   1.0670000e+03   1.6157245e+00   2.2364001e+00
   1.0680000e+03   1.6089382e+00   2.2468543e+00
   1.0690000e+03   1.6028372e+00   2.2592645e+00
   1.0700000e+03   1.5972620e+00   2.2714889e+00
   1.0710000e+03   1.5909848e+00   2.2836113e+00
   1.0720000e+03   1.5846548e+00   2.2952642e+00
   1.0730000e+03   1.5775081e+00   2.3068705e+00
   1.0740000e+03   1.5705469e+00   2.3168083e+00
   1.0750000e+03   1.5632116e+00   2.3254697e+00
   1.0760000e+03   1.5550973e+00   2.3321763e+00
   1.0770000e+03   1.5509638e+00   2.3372432e+00
   1.0780000e+03   1.5475330e+00   2.3413690e+00
   1.0790000e+03   1.5438972e+00   2.3447737e+00
   1.0800000e+03   1.5408236e+00   2.3474643e+00
   1.0810000e+03   1.5397710e+00   2.3495018e+00
   1.0820000e+03   1.5388275e+00   2.3501089e+00
   1.0830000e+03   1.5387749e+00   2.3491957e+00
   1.0840000e+03   1.5401604e+00   2.3464597e+00
   1.0850000e+03   1.5418230e+00   2.3432164e+00
   1.0860000e+03   1.5445219e+00   2.3394195e+00
   1.0870000e+03   1.5465312e+00   2.3362736e+00
   1.0880000e+03   1.5487192e+00   2.3325926e+00
   1.0890000e+03   1.5501405e+00   2.3289576e+00
   1.0900000e+03   1.5512481e+00   2.3249748e+00
   1.0910000e+03   1.5506191e+00   2.3219780e+00
   1.0920000e+03   1.5495676e+00   2.3199071e+00
   1.0930000e+03   1.5470302e+00   2.3197073e+00
   1.0940000e+03   1.5447110e+00   2.3215635e+00
   1.0950000e+03   1.5424374e+00   2.3262478e+00
   1.0960000e+03   1.5413134e+00   2.3323216e+00
   1.0970000e+03   1.5408642e+00   2.3409754e+00
   1.0980000e+03   1.5409041e+00   2.3504208e+00
   1.0990000e+03   1.5418293e+00   2.3605465e+00
   1.1000000e+03   1.5425662e+00   2.3709154e+00
   1.1010000e+03   1.5442697e+00   2.3794173e+00
   1.1020000e+03   1.5458948e+00   2.3864350e+00
   1.1030000e+03   1.5464887e+00   2.3926511e+00
   1.1040000e+03   1.5465139e+00   2.3972549e+00
   1.1050000e+03   1.5465782e+00   2.4014335e+00
   1.1060000e+03   1.5474229e+00   2.4025708e+00
   1.1070000e+03   1.5489302e+00   2.4026449e+00
   1.1080000e+03   1.5511061e+00   2.4023916e+00
   1.1090000e+03   1.5533103e+00   2.4035490e+00
   1.1100000e+03   1.5568366e+00   2.4045744e+00
   1.1110000e+03   1.5607192e+00   2.4051840e+00
   1.1120000e+03   1.5649569e+00   2.4044108e+00
   1.1130000e+03   1.5671974e+00   2.4024537e+00
   1.1140000e+03   1.5672528e+00   2.3996097e+00
   1.1150000e+03   1.5648622e+00   2.3959307e+00
   1.1160000e+03   1.5613724e+00   2.3907166e+00
   1.1170000e+03   1.5573455e+00   2.3826473e+00
   1.1180000e+03   1.5544587e+00   2.3731330e+00
   1.1190000e+03   1.5511811e+00   2.3627990e+00
   1.1200000e+03   1.5486795e+00   2.3515623e+00
   1.1210000e+03   1.5450335e+00   2.3405295e+00
   1.1220000e+03   1.5410739e+00   2.3282789e+00
   1.1230000e+03   1.5363029e+00   2.3168405e+00
   1.1240000e+03   1.5329544e+00   2.3052548e+00
   1.1250000e+03   1.5313985e+00   2.2966858e+00
   1.1260000e+03   1.5318876e+00   2.2889320e+00
   1.1270000e+03   1.5349233e+00   2.2827983e+00
   1.1280000e+03   1.5382864e+00   2.2772522e+00
   1.1290000e+03   1.5416517e+00   2.2730419e+00
   1.1300000e+03   1.5440805e+00   2.2709129e+00
   1.1310000e+03   1.5462897e+00   2.2710477e+00
   1.1320000e+03   1.5500190e+00   2.2730948e+00
   1.1330000e+03   1.5550978e+00   2.2759806e+00
   1.1340000e+03   1.5601287e+00   2.2795892e+00
   1.1350000e+03   1.5640178e+00   2.2837835e+00
   1.1360000e+03   1.5679917e+00   2.2876006e+00
   1.1370000e+03   1.5708152e+00   2.2906789e+00
   1.1380000e+03   1.5734908e+00   2.2930278e+00
   1.1390000e+03   1.5755422e+00   2.2947677e+00
   1.1400000e+03   1.5768632e+00   2.2956263e+00
   1.1410000e+03   1.5787316e+00   2.2967322e+00
   1.1420000e+03   1.5791123e+00   2.2968678e+00
   1.1430000e+03   1.5785966e+00   2.2958916e+00
   1.1440000e+03   1.5786586e+00   2.2950703e+00
   1.1450000e+03   1.5780756e+00   2.2941592e+00
   1.1460000e+03   1.5762383e+00   2.2940285e+00
   1.1470000e+03   1.5745701e+00   2.2950758e+00
   1.1480000e+03   1.5724064e+00   2.2969999e+00
   1.1490000e+03   1.5705697e+00   2.3014953e+00
   1.1500000e+03   1.5679868e+00   2.3064988e+00
   1.1510000e+03   1.5645223e+00   2.3131519e+00
   1.1520000e+03   1.5607304e+00   2.3206266e+00
   1.1530000e+03   1.5571773e+00   2.3292084e+00
   1.1540000e+03   1.5544976e+00   2.3390908e+00
   1.1550000e+03   1.5523884e+00   2.3491409e+00
   1.1560000e+03   1.5502497e+00   2.3586764e+00
   1.1570000e+03   1.5467874e+00   2.3661753e+00
   1.1580000e+03   1.5425340e+00   2.3722933e+00
   1.1590000e+03   1.5373803e+00   2.3767547e+00
   1.1600000e+03   1.5322382e+00   2.3798546e+00
   1.1610000e+03   1.5275873e+00   2.3814074e+00
   1.1620000e+03   1.5240772e+00   2.3818756e+00
   1.1630000e+03   1.5215172e+00   2.3815773e+00
   1.1640000e+03   1.5205504e+00   2.3801407e+00
   1.1650000e+03   1.5205158e+00   2.3769577e+00
   1.1660000e+03   1.5202751e+00   2.3720692e+00
   1.1670000e+03   1.5209601e+00   2.3653265e+00
   1.1680000e+03   1.5215490e+00   2.3574962e+00
   1.1690000e+03   1.5223452e+00   2.3481108e+00
   1.1700000e+03   1.5226547e+00   2.3386552e+00
   1.1710000e+03   1.5228044e+00   2.3275611e+00
   1.1720000e+03   1.5221403e+00   2.3166509e+00
   1.1730000e+03   1.5212757e+00   2.3065987e+00
   1.1740000e+03   1.5212019e+00   2.2981681e+00
   1.1750000e+03   1.5219775e+00   2.2902614e+00
   1.1760000e+03   1.5237028e+00   2.2839246e+00
   1.1770000e+03   1.5283491e+00   2.2770188e+00
   1.1780000e+03   1.5326666e+00   2.2719024e+00
   1.1790000e+03   1.5384727e+00   2.2659323e+00
   1.1800000e+03   1.5455663e+00   2.2616618e+00
   1.1810000e+03   1.5521528e+00   2.2574798e+00
   1.1820000e+03   1.5579317e+00   2.2542806e+00
   1.1830000e+03   1.5620154e+00   2.2527054e+00
   1.1840000e+03   1.5658976e+00   2.2506889e+00
   1.1850000e+03   1.5681334e+00   2.2497048e+00
   1.1860000e+03   1.5695755e+00   2.2493046e+00
   1.1870000e+03   1.5701672e+00   2.2489004e+00
   1.1880000e+03   1.5693492e+00   2.2495737e+00
   1.1890000e+03   1.5686150e+00   2.2510900e+00
   1.1900000e+03   1.5658109e+00   2.2512168e+00
   1.1910000e+03   1.5626651e+00   2.2522408e+00
   1.1920000e+03   1.5584026e+00   2.2530532e+00
   1.1930000e+03   1.5528678e+00   2.2548768e+00
   1.1940000e+03   1.5473205e+00   2.2571556e+00
   1.1950000e+03   1.5395006e+00   2.2599856e+00
   1.1960000e+03   1.5305186e+00   2.2636402e+00
   1.1970000e+03   1.5204074e+00   2.2681591e+00
   1.1980000e+03   1.5092113e+00   2.2736242e+00
   1.1990000e+03   1.4971317e+00   2.2802124e+00
   1.2000000e+03   1.4841568e+00   2.2872511e+00
   1.2010000e+03   1.4705783e+00   2.2945883e+00
   1.2020000e+03   1.4566727e+00   2.3022117e+00
   1.2030000e+03   1.4435292e+00   2.3098699e+00
   1.2040000e+03   1.4313510e+00   2.3175882e+00
   1.2050000e+03   1.4196409e+00   2.3247379e+00
   1.2060000e+03   1.4065914e+00   2.3314726e+00
   1.2070000e+03   1.3942485e+00   2.3359301e+00
   1.2080000e+03   1.3832720e+00   2.3388921e+00
   1.2090000e+03   1.3735153e+00   2.3399561e+00
   1.2100000e+03   1.3644778e+00   2.3398861e+00
   1.2110000e+03   1.3559823e+00   2.3388664e+00
   1.2120000e+03   1.3490268e+00   2.3366546e+00
   1.2130000e+03   1.3427430e+00   2.3335774e+00
   1.2140000e+03   1.3397752e+00   2.3312270e+00
   1.2150000e+03   1.3381501e+00   2.3280944e+00
   1.2160000e+03   1.3385385e+00   2.3233760e+00
   1.2170000e+03   1.3399652e+00   2.3182167e+00
   1.2180000e+03   1.3423046e+00   2.3122216e+00
   1.2190000e+03   1.3462817e+00   2.3056881e+00
   1.2200000e+03   1.3529496e+00   2.2982629e+00
   1.2210000e+03   1.3619491e+00   2.2911750e+00
   1.2220000e+03   1.3732360e+00   2.2838269e+00
   1.2230000e+03   1.3852558e+00   2.2767999e+00
   1.2240000e+03   1.3966875e+00   2.2682749e+00
   1.2250000e+03   1.4087009e+00   2.2596852e+00
   1.2260000e+03   1.4183214e+00   2.2510651e+00
   1.2270000e+03   1.4270141e+00   2.2428032e+00
   1.2280000e+03   1.4351942e+00   2.2350133e+00
   1.2290000e+03   1.4430772e+00   2.2287381e+00
   1.2300000e+03   1.4509276e+00   2.2249763e+00
   1.2310000e+03   1.4587453e+00   2.2222362e+00
   1.2320000e+03   1.4658696e+00   2.2213386e+00
   1.2330000e+03   1.4724520e+00   2.2215732e+00
   1.2340000e+03   1.4782771e+00   2.2231408e+00
   1.2350000e+03   1.4826785e+00   2.2248924e+00
   1.2360000e+03   1.4874115e+00   2.2265895e+00
   1.2370000e+03   1.4915428e+00   2.2284511e+00
   1.2380000e+03   1.4939643e+00   2.2291150e+00
   1.2390000e+03   1.4960452e+00   2.2286763e+00
   1.2400000e+03   1.4967232e+00   2.2282271e+00
   1.2410000e+03   1.4974283e+00   2.2269119e+00
   1.2420000e+03   1.4974805e+00   2.2254666e+00
   1.2430000e+03   1.4964221e+00   2.2241622e+00
   1.2440000e+03   1.4950354e+00   2.2228763e+00
   1.2450000e+03   1.4928216e+00   2.2219738e+00
   1.2460000e+03   1.4899403e+00   2.2210594e+00
   1.2470000e+03   1.4861120e+00   2.2214835e+00
   1.2480000e+03   1.4819663e+00   2.2226267e+00
   1.2490000e+03   1.4771607e+00   2.2250835e+00
   1.2500000e+03   1.4723780e+00   2.2292252e+00
   1.2510000e+03   1.4668278e+00   2.2334410e+00
   1.2520000e+03   1.4617398e+00   2.2376070e+00
   1.2530000e+03   1.4570190e+00   2.2425174e+00
   1.2540000e+03   1.4525605e+00   2.2465781e+00
   1.2550000e+03   1.4487061e+00   2.2501802e+00
   1.2560000e+03   1.4441276e+00   2.2535729e+00
   1.2570000e+03   1.4403236e+00   2.2562243e+00
   1.2580000e+03   1.4364688e+00   2.2580579e+00
   1.2590000e+03   1.4328365e+00   2.2591448e+00
   1.2600000e+03   1.4290652e+00   2.2595563e+00
   1.2610000e+03   1.4266920e+00   2.2586106e+00
   1.2620000e+03   1.4232533e+00   2.2567946e+00
   1.2630000e+03   1.4205297e+00   2.2558733e+00
   1.2640000e+03   1.4181484e+00   2.2550611e+00
   1.2650000e+03   1.4152979e+00   2.2544745e+00
   1.2660000e+03   1.4140455e+00   2.2542737e+00
   1.2670000e+03   1.4125018e+00   2.2536562e+00
   1.2680000e+03   1.4116475e+00   2.2534025e+00
   1.2690000e+03   1.4111307e+00   2.2525422e+00
   1.2700000e+03   1.4111041e+00   2.2516794e+00
   1.2710000e+03   1.4124220e+00   2.2507115e+00
   1.2720000e+03   1.4135461e+00   2.2495503e+00
   1.2730000e+03   1.4159479e+00   2.2480396e+00
   1.2740000e+03   1.4170273e+00   2.2464128e+00
   1.2750000e+03   1.4192690e+00   2.2439280e+00
   1.2760000e+03   1.4218326e+00   2.2414491e+00
   1.2770000e+03   1.4244556e+00   2.2388461e+00
   1.2780000e+03   1.4274943e+00   2.2362948e+00
   1.2790000e+03   1.4300896e+00   2.2335703e+00
   1.2800000e+03   1.4339119e+00   2.2302701e+00
   1.2810000e+03   1.4375404e+00   2.2271040e+00
   1.2820000e+03   1.4410993e+00   2.2233235e+00
   1.2830000e+03   1.4450360e+00   2.2192700e+00
   1.2840000e+03   1.4480945e+00   2.2155146e+00
   1.2850000e+03   1.4520099e+00   2.2109211e+00
   1.2860000e+03   1.4555196e+00   2.2071189e+00
   1.2870000e+03   1.4593905e+00   2.2038411e+00
   1.2880000e+03   1.4624867e+00   2.2000113e+00
   1.2890000e+03   1.4663278e+00   2.1967589e+00
   1.2900000e+03   1.4692905e+00   2.1931423e+00
   1.2910000e+03   1.4724318e+00   2.1896294e+00
   1.2920000e+03   1.4752269e+00   2.1865487e+00
   1.2930000e+03   1.4771617e+00   2.1834859e+00
   1.2940000e+03   1.4789838e+00   2.1809866e+00
   1.2950000e+03   1.4802271e+00   2.1779485e+00
   1.2960000e+03   1.4820484e+00   2.1739726e+00
   1.2970000e+03   1.4837708e+00   2.1705770e+00
   1.2980000e+03   1.4830439e+00   2.1665159e+00
   1.2990000e+03   1.4820188e+00   2.1631028e+00
   1.3000000e+03   1.4805234e+00   2.1598230e+00
   1.3010000e+03   1.4779892e+00   2.1572279e+00
   1.3020000e+03   1.4749113e+00   2.1560983e+00
   1.3030000e+03   1.4703119e+00   2.1565671e+00
   1.3040000e+03   1.4646169e+00   2.1579883e+00
   1.3050000e+03   1.4570701e+00   2.1618052e+00
   1.3060000e+03   1.4478494e+00   2.1678013e+00
   1.3070000e+03   1.4394434e+00   2.1751578e+00
   1.3080000e+03   1.4318812e+00   2.1839416e+00
   1.3090000e+03   1.4260393e+00   2.1946653e+00
   1.3100000e+03   1.4211863e+00   2.2067857e+00
   1.3110000e+03   1.4169228e+00   2.2200379e+00
   1.3120000e+03   1.4137182e+00   2.2333691e+00
   1.3130000e+03   1.4085407e+00   2.2452529e+00
   1.3140000e+03   1.4039927e+00   2.2568257e+00
   1.3150000e+03   1.3992152e+00   2.2667164e+00
   1.3160000e+03   1.3943520e+00   2.2753228e+00
   1.3170000e+03   1.3904654e+00   2.2819016e+00
   1.3180000e+03   1.3884821e+00   2.2877231e+00
   1.3190000e+03   1.3869769e+00   2.2925141e+00
   1.3200000e+03   1.3865314e+00   2.2966413e+00
   1.3210000e+03   1.3883130e+00   2.2995426e+00
   1.3220000e+03   1.3897734e+00   2.3011476e+00
   1.3230000e+03   1.3942659e+00   2.3024023e+00
   1.3240000e+03   1.3995725e+00   2.3034060e+00
   1.3250000e+03   1.4054527e+00   2.3037361e+00
   1.3260000e+03   1.4111116e+00   2.3034039e+00
   1.3270000e+03   1.4166559e+00   2.3023114e+00
   1.3280000e+03   1.4208790e+00   2.3010080e+00
   1.3290000e+03   1.4243189e+00   2.2995964e+00
   1.3300000e+03   1.4263474e+00   2.2988230e+00
   1.3310000e+03   1.4268788e+00   2.3000662e+00
   1.3320000e+03   1.4260278e+00   2.3032631e+00
   1.3330000e+03   1.4242799e+00   2.3073463e+00
   1.3340000e+03   1.4224243e+00   2.3126246e+00
   1.3350000e+03   1.4196104e+00   2.3186873e+00
   1.3360000e+03   1.4169424e+00   2.3253714e+00
   1.3370000e+03   1.4145841e+00   2.3313864e+00
   1.3380000e+03   1.4124904e+00   2.3359767e+00
   1.3390000e+03   1.4110466e+00   2.3396355e+00
   1.3400000e+03   1.4103620e+00   2.3418839e+00
   1.3410000e+03   1.4105688e+00   2.3431170e+00
   1.3420000e+03   1.4120766e+00   2.3431441e+00
   1.3430000e+03   1.4137367e+00   2.3423404e+00
   1.3440000e+03   1.4150860e+00   2.3400345e+00
   1.3450000e+03   1.4152792e+00   2.3366183e+00
   1.3460000e+03   1.4165028e+00   2.3330191e+00
   1.3470000e+03   1.4161950e+00   2.3283142e+00
   1.3480000e+03   1.4167816e+00   2.3241113e+00
   1.3490000e+03   1.4170181e+00   2.3187616e+00
   1.3500000e+03   1.4172264e+00   2.3119541e+00
   1.3510000e+03   1.4177055e+00   2.3042912e+00
   1.3520000e+03   1.4176604e+00   2.2958483e+00
   1.3530000e+03   1.4178107e+00   2.2864151e+00
   1.3540000e+03   1.4192814e+00   2.2771036e+00
   1.3550000e+03   1.4196535e+00   2.2672921e+00
   1.3560000e+03   1.4210003e+00   2.2562922e+00
   1.3570000e+03   1.4226987e+00   2.2433903e+00
   1.3580000e+03   1.4246089e+00   2.2314029e+00
   1.3590000e+03   1.4270110e+00   2.2195486e+00
   1.3600000e+03   1.4308599e+00   2.2097969e+00
   1.3610000e+03   1.4358532e+00   2.2025084e+00
   1.3620000e+03   1.4413006e+00   2.1970951e+00
   1.3630000e+03   1.4459524e+00   2.1930746e+00
   1.3640000e+03   1.4500057e+00   2.1899491e+00
   1.3650000e+03   1.4530048e+00   2.1880504e+00
   1.3660000e+03   1.4538055e+00   2.1877669e+00
   1.3670000e+03   1.4530523e+00   2.1884583e+00
   1.3680000e+03   1.4507002e+00   2.1907521e+00
   1.3690000e+03   1.4471871e+00   2.1936613e+00
   1.3700000e+03   1.4433599e+00   2.1993009e+00
   1.3710000e+03   1.4381602e+00   2.2061902e+00
   1.3720000e+03   1.4335688e+00   2.2143566e+00
   1.3730000e+03   1.4272470e+00   2.2237456e+00
   1.3740000e+03   1.4213132e+00   2.2340320e+00
   1.3750000e+03   1.4150617e+00   2.2438212e+00
   1.3760000e+03   1.4085390e+00   2.2543674e+00
   1.3770000e+03   1.4026277e+00   2.2646310e+00
   1.3780000e+03   1.3962517e+00   2.2740937e+00
   1.3790000e+03   1.3910144e+00   2.2827819e+00
   1.3800000e+03   1.3857873e+00   2.2908061e+00
   1.3810000e+03   1.3833879e+00   2.2969321e+00
   1.3820000e+03   1.3835433e+00   2.3008300e+00
   1.3830000e+03   1.3881940e+00   2.3037079e+00
   1.3840000e+03   1.3956327e+00   2.3062531e+00
   1.3850000e+03   1.4057239e+00   2.3093631e+00
   1.3860000e+03   1.4180445e+00   2.3112752e+00
   1.3870000e+03   1.4312048e+00   2.3126400e+00
   1.3880000e+03   1.4450387e+00   2.3116492e+00
   1.3890000e+03   1.4591257e+00   2.3090652e+00
   1.3900000e+03   1.4716320e+00   2.3057740e+00
   1.3910000e+03   1.4823188e+00   2.3024908e+00
   1.3920000e+03   1.4928644e+00   2.2999231e+00
   1.3930000e+03   1.5018454e+00   2.2974450e+00
   1.3940000e+03   1.5073652e+00   2.2964757e+00
   1.3950000e+03   1.5117522e+00   2.2957803e+00
   1.3960000e+03   1.5144311e+00   2.2958857e+00
   1.3970000e+03   1.5147407e+00   2.2951328e+00
   1.3980000e+03   1.5131589e+00   2.2945074e+00
   1.3990000e+03   1.5107536e+00   2.2941149e+00
   1.4000000e+03   1.5067089e+00   2.2931545e+00
   1.4010000e+03   1.5019327e+00   2.2919859e+00
   1.4020000e+03   1.4967076e+00   2.2908564e+00
   1.4030000e+03   1.4903999e+00   2.2894624e+00
   1.4040000e+03   1.4837022e+00   2.2881397e+00
   1.4050000e+03   1.4754139e+00   2.2857053e+00
   1.4060000e+03   1.4666333e+00   2.2815473e+00
   1.4070000e+03   1.4580259e+00   2.2782405e+00
   1.4080000e+03   1.4480901e+00   2.2743203e+00
   1.4090000e+03   1.4386477e+00   2.2708173e+00
   1.4100000e+03   1.4274578e+00   2.2680477e+00
   1.4110000e+03   1.4155239e+00   2.2657398e+00
   1.4120000e+03   1.4031176e+00   2.2642480e+00
   1.4130000e+03   1.3899346e+00   2.2628370e+00
   1.4140000e+03   1.3770537e+00   2.2613220e+00
   1.4150000e+03   1.3651345e+00   2.2597813e+00
   1.4160000e+03   1.3540234e+00   2.2578793e+00
   1.4170000e+03   1.3437078e+00   2.2549281e+00
   1.4180000e+03   1.3349517e+00   2.2509140e+00
   1.4190000e+03   1.3283954e+00   2.2459035e+00
   1.4200000e+03   1.3237681e+00   2.2389620e+00
   1.4210000e+03   1.3202032e+00   2.2305454e+00
   1.4220000e+03   1.3177717e+00   2.2200727e+00
   1.4230000e+03   1.3164788e+00   2.2084437e+00
   1.4240000e+03   1.3165372e+00   2.1957168e+00
   1.4250000e+03   1.3178874e+00   2.1823095e+00
   1.4260000e+03   1.3196231e+00   2.1690802e+00
   1.4270000e+03   1.3210206e+00   2.1562852e+00
   1.4280000e+03   1.3223580e+00   2.1448610e+00
   1.4290000e+03   1.3242689e+00   2.1357597e+00
   1.4300000e+03   1.3233030e+00   2.1283031e+00
   1.4310000e+03   1.3215682e+00   2.1231621e+00
   1.4320000e+03   1.3210839e+00   2.1216530e+00
   1.4330000e+03   1.3194116e+00   2.1215164e+00
   1.4340000e+03   1.3171425e+00   2.1210299e+00
   1.4350000e+03   1.3153508e+00   2.1197215e+00
   1.4360000e+03   1.3119541e+00   2.1160489e+00
   1.4370000e+03   1.3081166e+00   2.1119743e+00
   1.4380000e+03   1.3038524e+00   2.1080518e+00
   1.4390000e+03   1.3003106e+00   2.1050092e+00
   1.4400000e+03   1.2966126e+00   2.1038504e+00
   1.4410000e+03   1.2943383e+00   2.1054223e+00
   1.4420000e+03   1.2915938e+00   2.1070262e+00
   1.4430000e+03   1.2878673e+00   2.1090509e+00
   1.4440000e+03   1.2855518e+00   2.1099599e+00
   1.4450000e+03   1.2833802e+00   2.1082395e+00
   1.4460000e+03   1.2819052e+00   2.1032848e+00
   1.4470000e+03   1.2805924e+00   2.0950053e+00
   1.4480000e+03   1.2779705e+00   2.0845173e+00
   1.4490000e+03   1.2750800e+00   2.0736182e+00
   1.4500000e+03   1.2722946e+00   2.0634238e+00
   1.4510000e+03   1.2701625e+00   2.0540896e+00
   1.4520000e+03   1.2705841e+00   2.0465118e+00
   1.4530000e+03   1.2711095e+00   2.0387258e+00
   1.4540000e+03   1.2737916e+00   2.0341373e+00
   1.4550000e+03   1.2776956e+00   2.0331554e+00
   1.4560000e+03   1.2815946e+00   2.0345919e+00
   1.4570000e+03   1.2854012e+00   2.0394616e+00
   1.4580000e+03   1.2883871e+00   2.0457214e+00
   1.4590000e+03   1.2903174e+00   2.0522302e+00
   1.4600000e+03   1.2912664e+00   2.0582001e+00
   1.4610000e+03   1.2910147e+00   2.0644304e+00
   1.4620000e+03   1.2896903e+00   2.0714964e+00
   1.4630000e+03   1.2882709e+00   2.0788633e+00
   1.4640000e+03   1.2858268e+00   2.0866392e+00
   1.4650000e+03   1.2846654e+00   2.0948165e+00
   1.4660000e+03   1.2830617e+00   2.1024406e+00
   1.4670000e+03   1.2816737e+00   2.1094981e+00
   1.4680000e+03   1.2809559e+00   2.1164170e+00
   1.4690000e+03   1.2797472e+00   2.1224328e+00
   1.4700000e+03   1.2795277e+00   2.1272487e+00
   1.4710000e+03   1.2786376e+00   2.1319219e+00
   1.4720000e+03   1.2775784e+00   2.1361514e+00
   1.4730000e+03   1.2752199e+00   2.1398110e+00
   1.4740000e+03   1.2721434e+00   2.1422518e+00
   1.4750000e+03   1.2674331e+00   2.1434815e+00
   1.4760000e+03   1.2621989e+00   2.1434204e+00
   1.4770000e+03   1.2573915e+00   2.1414874e+00
   1.4780000e+03   1.2516466e+00   2.1391660e+00
   1.4790000e+03   1.2464487e+00   2.1347662e+00
   1.4800000e+03   1.2403296e+00   2.1296457e+00
   1.4810000e+03   1.2332303e+00   2.1221649e+00
   1.4820000e+03   1.2259446e+00   2.1133976e+00
   1.4830000e+03   1.2181368e+00   2.1042947e+00
   1.4840000e+03   1.2105776e+00   2.0937832e+00
   1.4850000e+03   1.2021868e+00   2.0826319e+00
   1.4860000e+03   1.1941685e+00   2.0712886e+00
   1.4870000e+03   1.1858206e+00   2.0592996e+00
   1.4880000e+03   1.1768733e+00   2.0478195e+00
   1.4890000e+03   1.1682945e+00   2.0364254e+00
   1.4900000e+03   1.1598107e+00   2.0255246e+00
   1.4910000e+03   1.1528464e+00   2.0133051e+00
   1.4920000e+03   1.1475723e+00   2.0001297e+00
   1.4930000e+03   1.1450030e+00   1.9884004e+00
   1.4940000e+03   1.1449882e+00   1.9779587e+00
   1.4950000e+03   1.1469564e+00   1.9686491e+00
   1.4960000e+03   1.1494539e+00   1.9605835e+00
   1.4970000e+03   1.1528584e+00   1.9539695e+00
   1.4980000e+03   1.1559096e+00   1.9489907e+00
   1.4990000e+03   1.1593841e+00   1.9459264e+00
   1.5000000e+03   1.1632298e+00   1.9455393e+00
   1.5010000e+03   1.1678733e+00   1.9479194e+00
   1.5020000e+03   1.1723934e+00   1.9499324e+00
   1.5030000e+03   1.1781005e+00   1.9539446e+00
   1.5040000e+03   1.1829041e+00   1.9563664e+00
   1.5050000e+03   1.1873743e+00   1.9576123e+00
   1.5060000e+03   1.1897250e+00   1.9575481e+00
   1.5070000e+03   1.1904352e+00   1.9567318e+00
   1.5080000e+03   1.1905024e+00   1.9549127e+00
   1.5090000e+03   1.1910036e+00   1.9519883e+00
   1.5100000e+03   1.1927735e+00   1.9486443e+00
   1.5110000e+03   1.1939041e+00   1.9446828e+00
   1.5120000e+03   1.1956880e+00   1.9403960e+00
   1.5130000e+03   1.1991066e+00   1.9357806e+00
   1.5140000e+03   1.2014165e+00   1.9335205e+00
   1.5150000e+03   1.2049891e+00   1.9327701e+00
   1.5160000e+03   1.2067933e+00   1.9326518e+00
   1.5170000e+03   1.2075748e+00   1.9334553e+00
   1.5180000e+03   1.2078443e+00   1.9343064e+00
   1.5190000e+03   1.2083495e+00   1.9348239e+00
   1.5200000e+03   1.2086103e+00   1.9349225e+00
   1.5210000e+03   1.2092497e+00   1.9344263e+00
   1.5220000e+03   1.2102047e+00   1.9329665e+00
   1.5230000e+03   1.2117546e+00   1.9307233e+00
   1.5240000e+03   1.2143421e+00   1.9281038e+00
   1.5250000e+03   1.2183445e+00   1.9256177e+00
   1.5260000e+03   1.2228654e+00   1.9240464e+00
   1.5270000e+03   1.2272580e+00   1.9220366e+00
   1.5280000e+03   1.2325781e+00   1.9211024e+00
   1.5290000e+03   1.2352191e+00   1.9199606e+00
   1.5300000e+03   1.2368691e+00   1.9188732e+00
   1.5310000e+03   1.2374922e+00   1.9183663e+00
   1.5320000e+03   1.2354390e+00   1.9179857e+00
   1.5330000e+03   1.2335202e+00   1.9175675e+00
   1.5340000e+03   1.2301781e+00   1.9167092e+00
   1.5350000e+03   1.2279998e+00   1.9159039e+00
   1.5360000e+03   1.2260272e+00   1.9150248e+00
   1.5370000e+03   1.2244335e+00   1.9134935e+00
   1.5380000e+03   1.2219383e+00   1.9115228e+00
   1.5390000e+03   1.2197363e+00   1.9086052e+00
   1.5400000e+03   1.2169742e+00   1.9062596e+00
   1.5410000e+03   1.2127189e+00   1.9029650e+00
   1.5420000e+03   1.2071805e+00   1.8993715e+00
   1.5430000e+03   1.2004486e+00   1.8948009e+00
   1.5440000e+03   1.1921354e+00   1.8907624e+00
   1.5450000e+03   1.1825699e+00   1.8864662e+00
   1.5460000e+03   1.1729131e+00   1.8832068e+00
   1.5470000e+03   1.1634312e+00   1.8793786e+00
   1.5480000e+03   1.1542144e+00   1.8753082e+00
   1.5490000e+03   1.1462144e+00   1.8699062e+00
   1.5500000e+03   1.1384451e+00   1.8671943e+00
   1.5510000e+03   1.1328149e+00   1.8644531e+00
   1.5520000e+03   1.1293167e+00   1.8611251e+00
   1.5530000e+03   1.1267914e+00   1.8582782e+00
   1.5540000e+03   1.1266739e+00   1.8560948e+00
   1.5550000e+03   1.1272335e+00   1.8557450e+00
   1.5560000e+03   1.1278867e+00   1.8580029e+00
   1.5570000e+03   1.1286836e+00   1.8609916e+00
   1.5580000e+03   1.1281995e+00   1.8640880e+00
   1.5590000e+03   1.1286926e+00   1.8675900e+00
   1.5600000e+03   1.1301590e+00   1.8719294e+00
   1.5610000e+03   1.1325268e+00   1.8766458e+00
   1.5620000e+03   1.1354796e+00   1.8787462e+00
   1.5630000e+03   1.1385110e+00   1.8816365e+00
   1.5640000e+03   1.1396481e+00   1.8847575e+00
   1.5650000e+03   1.1404942e+00   1.8889520e+00
   1.5660000e+03   1.1399012e+00   1.8922691e+00
   1.5670000e+03   1.1384569e+00   1.8963267e+00
   1.5680000e+03   1.1361138e+00   1.8995315e+00
   1.5690000e+03   1.1347716e+00   1.9035122e+00
   1.5700000e+03   1.1332444e+00   1.9079623e+00
   1.5710000e+03   1.1318554e+00   1.9107574e+00
   1.5720000e+03   1.1304783e+00   1.9120333e+00
   1.5730000e+03   1.1300212e+00   1.9128467e+00
   1.5740000e+03   1.1296194e+00   1.9102684e+00
   1.5750000e+03   1.1297726e+00   1.9060600e+00
   1.5760000e+03   1.1315273e+00   1.9009790e+00
   1.5770000e+03   1.1333453e+00   1.8966049e+00
   1.5780000e+03   1.1339679e+00   1.8926537e+00
   1.5790000e+03   1.1345326e+00   1.8900041e+00
   1.5800000e+03   1.1342400e+00   1.8838096e+00
   1.5810000e+03   1.1339812e+00   1.8762396e+00
   1.5820000e+03   1.1333854e+00   1.8675822e+00
   1.5830000e+03   1.1325190e+00   1.8567581e+00
   1.5840000e+03   1.1314674e+00   1.8456368e+00
   1.5850000e+03   1.1300497e+00   1.8340371e+00
   1.5860000e+03   1.1269692e+00   1.8214281e+00
   1.5870000e+03   1.1229010e+00   1.8085915e+00
   1.5880000e+03   1.1187479e+00   1.7966011e+00
   1.5890000e+03   1.1154150e+00   1.7862391e+00
   1.5900000e+03   1.1119283e+00   1.7767744e+00
   1.5910000e+03   1.1078770e+00   1.7686202e+00
   1.5920000e+03   1.1032928e+00   1.7614868e+00
   1.5930000e+03   1.0970661e+00   1.7569195e+00
   1.5940000e+03   1.0901655e+00   1.7537998e+00
   1.5950000e+03   1.0836096e+00   1.7521007e+00
   1.5960000e+03   1.0778255e+00   1.7518009e+00
   1.5970000e+03   1.0716107e+00   1.7537135e+00
   1.5980000e+03   1.0642019e+00   1.7545799e+00
   1.5990000e+03   1.0562594e+00   1.7557071e+00
   1.6000000e+03   1.0471951e+00   1.7555923e+00
   1.6010000e+03   1.0374729e+00   1.7548421e+00
   1.6020000e+03   1.0290552e+00   1.7524990e+00
   1.6030000e+03   1.0223604e+00   1.7480669e+00
   1.6040000e+03   1.0184877e+00   1.7430531e+00
   1.6050000e+03   1.0194224e+00   1.7363759e+00
   1.6060000e+03   1.0235312e+00   1.7292476e+00
   1.6070000e+03   1.0295981e+00   1.7203114e+00
   1.6080000e+03   1.0368222e+00   1.7108208e+00
   1.6090000e+03   1.0447149e+00   1.6989392e+00
   1.6100000e+03   1.0531036e+00   1.6866337e+00
   1.6110000e+03   1.0615070e+00   1.6732584e+00
   1.6120000e+03   1.0691820e+00   1.6593009e+00
   1.6130000e+03   1.0762970e+00   1.6455051e+00
   1.6140000e+03   1.0822936e+00   1.6317884e+00
   1.6150000e+03   1.0870392e+00   1.6183807e+00
   1.6160000e+03   1.0895919e+00   1.6076830e+00
   1.6170000e+03   1.0908919e+00   1.5978688e+00
   1.6180000e+03   1.0914957e+00   1.5902573e+00
   1.6190000e+03   1.0912618e+00   1.5865229e+00
   1.6200000e+03   1.0898684e+00   1.5837662e+00
   1.6210000e+03   1.0854510e+00   1.5827511e+00
   1.6220000e+03   1.0804369e+00   1.5847617e+00
   1.6230000e+03   1.0735976e+00   1.5886935e+00
   1.6240000e+03   1.0663122e+00   1.5930298e+00
   1.6250000e+03   1.0585638e+00   1.5980452e+00
   1.6260000e+03   1.0498623e+00   1.6015666e+00
   1.6270000e+03   1.0411131e+00   1.6035922e+00
   1.6280000e+03   1.0307484e+00   1.6048718e+00
   1.6290000e+03   1.0202282e+00   1.6053998e+00
   1.6300000e+03   1.0093852e+00   1.6057590e+00
   1.6310000e+03   9.9921788e-01   1.6066848e+00
   1.6320000e+03   9.9249534e-01   1.6064737e+00
   1.6330000e+03   9.9024814e-01   1.6055927e+00
   1.6340000e+03   9.9341609e-01   1.6050685e+00
   1.6350000e+03   1.0017659e+00   1.6033836e+00
   1.6360000e+03   1.0130877e+00   1.6003248e+00
   1.6370000e+03   1.0271030e+00   1.5972151e+00
   1.6380000e+03   1.0419109e+00   1.5933361e+00
   1.6390000e+03   1.0568955e+00   1.5885068e+00
   1.6400000e+03   1.0706410e+00   1.5836759e+00
   1.6410000e+03   1.0828949e+00   1.5782687e+00
   1.6420000e+03   1.0921662e+00   1.5735065e+00
   1.6430000e+03   1.0978994e+00   1.5684512e+00
   1.6440000e+03   1.1004116e+00   1.5639905e+00
   1.6450000e+03   1.1015613e+00   1.5596594e+00
   1.6460000e+03   1.1013272e+00   1.5567353e+00
   1.6470000e+03   1.1015641e+00   1.5555725e+00
   1.6480000e+03   1.1028114e+00   1.5554338e+00
   1.6490000e+03   1.1042137e+00   1.5567760e+00
   1.6500000e+03   1.1068276e+00   1.5587646e+00
   1.6510000e+03   1.1088090e+00   1.5592729e+00
   1.6520000e+03   1.1097042e+00   1.5570283e+00
   1.6530000e+03   1.1071556e+00   1.5523068e+00
   1.6540000e+03   1.1038326e+00   1.5452807e+00
   1.6550000e+03   1.0997526e+00   1.5358143e+00
   1.6560000e+03   1.0944306e+00   1.5267015e+00
   1.6570000e+03   1.0856123e+00   1.5141572e+00
   1.6580000e+03   1.0727454e+00   1.4991447e+00
   1.6590000e+03   1.0589384e+00   1.4833952e+00
   1.6600000e+03   1.0436769e+00   1.4667890e+00
   1.6610000e+03   1.0292567e+00   1.4498477e+00
   1.6620000e+03   1.0148699e+00   1.4320835e+00
   1.6630000e+03   1.0029101e+00   1.4140595e+00
   1.6640000e+03   9.9439355e-01   1.3947160e+00
   1.6650000e+03   9.8818564e-01   1.3747290e+00
   1.6660000e+03   9.8120123e-01   1.3520096e+00
   1.6670000e+03   9.7191313e-01   1.3305097e+00
   1.6680000e+03   9.5733223e-01   1.3127891e+00
   1.6690000e+03   9.3826989e-01   1.2986782e+00
   1.6700000e+03   9.1785104e-01   1.2892225e+00
   1.6710000e+03   8.9843361e-01   1.2827669e+00
   1.6720000e+03   8.7926971e-01   1.2785305e+00
   1.6730000e+03   8.6161075e-01   1.2752160e+00
   1.6740000e+03   8.4650374e-01   1.2735607e+00
   1.6750000e+03   8.3456970e-01   1.2721729e+00
   1.6760000e+03   8.2463187e-01   1.2716499e+00
   1.6770000e+03   8.1331643e-01   1.2681439e+00
   1.6780000e+03   8.0331731e-01   1.2644539e+00
   1.6790000e+03   7.9386387e-01   1.2603612e+00
   1.6800000e+03   7.8605666e-01   1.2536595e+00
   1.6810000e+03   7.8286842e-01   1.2449337e+00
   1.6820000e+03   7.8209035e-01   1.2328989e+00
   1.6830000e+03   7.8439371e-01   1.2188581e+00
   1.6840000e+03   7.8704164e-01   1.2030613e+00
   1.6850000e+03   7.9001323e-01   1.1879937e+00
   1.6860000e+03   7.9304395e-01   1.1740369e+00
   1.6870000e+03   7.9447412e-01   1.1616563e+00
   1.6880000e+03   7.9377834e-01   1.1511806e+00
   1.6890000e+03   7.8964243e-01   1.1412619e+00
   1.6900000e+03   7.8444782e-01   1.1343314e+00
   1.6910000e+03   7.7864966e-01   1.1278663e+00
   1.6920000e+03   7.7457451e-01   1.1220990e+00
   1.6930000e+03   7.7021206e-01   1.1130317e+00
   1.6940000e+03   7.6637519e-01   1.1045548e+00
   1.6950000e+03   7.6248120e-01   1.0955093e+00
   1.6960000e+03   7.5703608e-01   1.0863634e+00
   1.6970000e+03   7.5048883e-01   1.0784326e+00
   1.6980000e+03   7.4223520e-01   1.0729145e+00
   1.6990000e+03   7.3464798e-01   1.0701200e+00
   1.7000000e+03   7.2837468e-01   1.0685099e+00
   1.7010000e+03   7.2287251e-01   1.0678226e+00
   1.7020000e+03   7.1802818e-01   1.0679467e+00
   1.7030000e+03   7.1153367e-01   1.0690366e+00
   1.7040000e+03   7.0429898e-01   1.0710126e+00
   1.7050000e+03   6.9734290e-01   1.0726233e+00
   1.7060000e+03   6.8828716e-01   1.0739703e+00
   1.7070000e+03   6.7784436e-01   1.0740844e+00
   1.7080000e+03   6.6972950e-01   1.0727653e+00
   1.7090000e+03   6.6334566e-01   1.0713010e+00
   1.7100000e+03   6.5952365e-01   1.0681329e+00
   1.7110000e+03   6.5644366e-01   1.0645999e+00
   1.7120000e+03   6.5353405e-01   1.0595491e+00
   1.7130000e+03   6.5129031e-01   1.0543225e+00
   1.7140000e+03   6.4907531e-01   1.0491228e+00
   1.7150000e+03   6.4659566e-01   1.0439674e+00
   1.7160000e+03   6.4449352e-01   1.0395923e+00
   1.7170000e+03   6.3946308e-01   1.0333912e+00
   1.7180000e+03   6.3558217e-01   1.0287832e+00
   1.7190000e+03   6.3114130e-01   1.0244350e+00
   1.7200000e+03   6.2643283e-01   1.0201434e+00
   1.7210000e+03   6.2250420e-01   1.0188265e+00
   1.7220000e+03   6.1963281e-01   1.0201978e+00
   1.7230000e+03   6.1883029e-01   1.0252781e+00
   1.7240000e+03   6.1812674e-01   1.0318784e+00
   1.7250000e+03   6.1926647e-01   1.0394666e+00
   1.7260000e+03   6.1876905e-01   1.0459868e+00
   1.7270000e+03   6.1691213e-01   1.0510576e+00
   1.7280000e+03   6.1425425e-01   1.0531559e+00
   1.7290000e+03   6.1153724e-01   1.0529617e+00
   1.7300000e+03   6.0795997e-01   1.0529253e+00
   1.7310000e+03   6.0438380e-01   1.0500643e+00
   1.7320000e+03   6.0161166e-01   1.0460074e+00
   1.7330000e+03   5.9737780e-01   1.0397020e+00
   1.7340000e+03   5.9215618e-01   1.0326310e+00
   1.7350000e+03   5.8640005e-01   1.0254702e+00
   1.7360000e+03   5.8075229e-01   1.0191719e+00
   1.7370000e+03   5.7445798e-01   1.0128885e+00
   1.7380000e+03   5.7048718e-01   1.0086489e+00
   1.7390000e+03   5.6693416e-01   1.0059532e+00
   1.7400000e+03   5.6312443e-01   1.0056603e+00
   1.7410000e+03   5.6011346e-01   1.0068289e+00
   1.7420000e+03   5.5442653e-01   1.0076184e+00
   1.7430000e+03   5.4843043e-01   1.0070994e+00
   1.7440000e+03   5.4145238e-01   1.0055138e+00
   1.7450000e+03   5.3503955e-01   1.0026948e+00
   1.7460000e+03   5.2851627e-01   1.0000844e+00
   1.7470000e+03   5.2211822e-01   9.9765511e-01
   1.7480000e+03   5.1478519e-01   9.9736540e-01
   1.7490000e+03   5.0723935e-01   9.9856496e-01
   1.7500000e+03   4.9836621e-01   1.0007286e+00
   1.7510000e+03   4.8747602e-01   1.0032967e+00
   1.7520000e+03   4.7578173e-01   1.0055364e+00
   1.7530000e+03   4.6168324e-01   1.0068812e+00
   1.7540000e+03   4.4695618e-01   1.0087749e+00
   1.7550000e+03   4.3278898e-01   1.0094062e+00
   1.7560000e+03   4.2061478e-01   1.0078886e+00
   1.7570000e+03   4.1240588e-01   1.0043955e+00
   1.7580000e+03   4.0615130e-01   1.0024081e+00
   1.7590000e+03   4.0026794e-01   9.9968093e-01
   1.7600000e+03   3.9517828e-01   9.9695518e-01
   1.7610000e+03   3.9037921e-01   9.9296083e-01
   1.7620000e+03   3.8694865e-01   9.8805698e-01
   1.7630000e+03   3.8546135e-01   9.8224093e-01
   1.7640000e+03   3.8634875e-01   9.7639134e-01
   1.7650000e+03   3.8850693e-01   9.6958202e-01
   1.7660000e+03   3.9196467e-01   9.6422841e-01
   1.7670000e+03   3.9527078e-01   9.5787222e-01
   1.7680000e+03   3.9792625e-01   9.5336284e-01
   1.7690000e+03   3.9967294e-01   9.4989980e-01
   1.7700000e+03   3.9844733e-01   9.4551709e-01
   1.7710000e+03   3.9448780e-01   9.3868976e-01
   1.7720000e+03   3.8890334e-01   9.2947554e-01
   1.7730000e+03   3.8157086e-01   9.1754413e-01
   1.7740000e+03   3.7321329e-01   9.0509418e-01
   1.7750000e+03   3.6449448e-01   8.9216190e-01
   1.7760000e+03   3.5188931e-01   8.8194699e-01
   1.7770000e+03   3.3413274e-01   8.7277700e-01
   1.7780000e+03   3.1815757e-01   8.6753541e-01
   1.7790000e+03   3.0073286e-01   8.6270833e-01
   1.7800000e+03   2.8370262e-01   8.5807896e-01
   1.7810000e+03   2.6669992e-01   8.5382053e-01
   1.7820000e+03   2.5040677e-01   8.4677902e-01
   1.7830000e+03   2.3540916e-01   8.3793557e-01
   1.7840000e+03   2.2166675e-01   8.2770624e-01
   1.7850000e+03   2.1019859e-01   8.1618612e-01
   1.7860000e+03   1.9979144e-01   8.0261469e-01
   1.7870000e+03   1.9157449e-01   7.8721353e-01
   1.7880000e+03   1.8552395e-01   7.6982089e-01
   1.7890000e+03   1.8095648e-01   7.4843986e-01
   1.7900000e+03   1.7753575e-01   7.2667111e-01
   1.7910000e+03   1.7516750e-01   7.0417897e-01
   1.7920000e+03   1.7437209e-01   6.8247454e-01
   1.7930000e+03   1.7346106e-01   6.6172325e-01
   1.7940000e+03   1.7166345e-01   6.4163402e-01
   1.7950000e+03   1.6733841e-01   6.2414040e-01
   1.7960000e+03   1.6128296e-01   6.0771656e-01
   1.7970000e+03   1.5828930e-01   5.9172127e-01
   1.7980000e+03   1.5764911e-01   5.7579250e-01
   1.7990000e+03   1.6094698e-01   5.5585983e-01
   1.8000000e+03   1.6542386e-01   5.3613674e-01
   1.8010000e+03   1.7070797e-01   5.1612150e-01
   1.8020000e+03   1.7422652e-01   4.9426623e-01
   1.8030000e+03   1.7898663e-01   4.7277540e-01
   1.8040000e+03   1.8432473e-01   4.4517917e-01
   1.8050000e+03   1.8995864e-01   4.1544027e-01
   1.8060000e+03   1.9519319e-01   3.8534420e-01
   1.8070000e+03   1.9947309e-01   3.6485884e-01
   1.8080000e+03   1.9904846e-01   3.3443653e-01
   1.8090000e+03   1.9848655e-01   3.0654866e-01
   1.8100000e+03   2.0375942e-01   2.8054754e-01
   1.8110000e+03   2.1619307e-01   2.6061464e-01
   1.8120000e+03   2.3045848e-01   2.4600482e-01
   1.8130000e+03   2.4307769e-01   2.3096619e-01
   1.8140000e+03   2.5890364e-01   2.2518134e-01
   1.8150000e+03   2.8139230e-01   2.1225304e-01
   1.8160000e+03   3.0354305e-01   2.0490031e-01
   1.8170000e+03   3.2168331e-01   2.0400018e-01
   1.8180000e+03   3.4219148e-01   2.0982073e-01
   1.8190000e+03   3.6216697e-01   2.1569919e-01
   1.8200000e+03   3.7940810e-01   2.2280685e-01
   1.8210000e+03   3.9689052e-01   2.2666874e-01
   1.8220000e+03   4.1710006e-01   2.3585323e-01
   1.8230000e+03   4.3343641e-01   2.4940620e-01
   1.8240000e+03   4.4331716e-01   2.6690708e-01
   1.8250000e+03   4.4822866e-01   2.8407538e-01
   1.8260000e+03   4.4764590e-01   2.9340218e-01
   1.8270000e+03   4.4234718e-01   3.0098659e-01
   1.8280000e+03   4.3057715e-01   3.0298428e-01
   1.8290000e+03   4.1299306e-01   2.9919338e-01
   1.8300000e+03   3.9185922e-01   2.9258138e-01
   1.8310000e+03   3.6585684e-01   2.8161725e-01
   1.8320000e+03   3.3976753e-01   2.6772667e-01
   1.8330000e+03   3.1490062e-01   2.4952366e-01
   1.8340000e+03   2.9050002e-01   2.2993915e-01
   1.8350000e+03   2.7047065e-01   2.0681051e-01
   1.8360000e+03   2.5519327e-01   1.8534110e-01
   1.8370000e+03   2.4765731e-01   1.7394371e-01
   1.8380000e+03   2.3536411e-01   1.5765392e-01
   1.8390000e+03   2.2175375e-01   1.4071869e-01
   1.8400000e+03   2.0643477e-01   1.1802436e-01
