   1.0000000e+00  -2.3015179e+00   7.8218307e-01
   2.0000000e+00  -2.3026046e+00   7.8182926e-01
   3.0000000e+00  -2.3034290e+00   7.8209808e-01
   4.0000000e+00  -2.3045159e+00   7.8215235e-01
   5.0000000e+00  -2.3065179e+00   7.8221978e-01
   6.0000000e+00  -2.3090030e+00   7.8269778e-01
   7.0000000e+00  -2.3125093e+00   7.8397337e-01
   8.0000000e+00  -2.3163937e+00   7.8497640e-01
   9.0000000e+00  -2.3201617e+00   7.8719287e-01
   1.0000000e+01  -2.3235042e+00   7.8922065e-01
   1.1000000e+01  -2.3266857e+00   7.9080062e-01
   1.2000000e+01  -2.3295923e+00   7.9245417e-01
   1.3000000e+01  -2.3321979e+00   7.9454524e-01
   1.4000000e+01  -2.3356385e+00   7.9475378e-01
   1.5000000e+01  -2.3393870e+00   7.9568175e-01
   1.6000000e+01  -2.3435999e+00   7.9678888e-01
   1.7000000e+01  -2.3469882e+00   7.9844663e-01
   1.8000000e+01  -2.3507057e+00   8.0073929e-01
   1.9000000e+01  -2.3534385e+00   8.0342164e-01
   2.0000000e+01  -2.3555869e+00   8.0645556e-01
   2.1000000e+01  -2.3568341e+00   8.0924591e-01
   2.2000000e+01  -2.3571078e+00   8.1307929e-01
   2.3000000e+01  -2.3572124e+00   8.1588162e-01
   2.4000000e+01  -2.3576903e+00   8.1886250e-01
   2.5000000e+01  -2.3583712e+00   8.2208817e-01
   2.6000000e+01  -2.3599553e+00   8.2410752e-01
   2.7000000e+01  -2.3616273e+00   8.2773541e-01
   2.8000000e+01  -2.3630413e+00   8.3085965e-01
   2.9000000e+01  -2.3645475e+00   8.3402431e-01
   3.0000000e+01  -2.3659213e+00   8.3652450e-01
   3.1000000e+01  -2.3671471e+00   8.3847699e-01
   3.2000000e+01  -2.3680017e+00   8.4035662e-01
   3.3000000e+01  -2.3692357e+00   8.4154351e-01
   3.4000000e+01  -2.3698350e+00   8.4218316e-01
   3.5000000e+01  -2.3710096e+00   8.4262050e-01
   3.6000000e+01  -2.3721092e+00   8.4227929e-01
   3.7000000e+01  -2.3727911e+00   8.4164936e-01
   3.8000000e+01  -2.3751962e+00   8.4112121e-01
   3.9000000e+01  -2.3770868e+00   8.3981587e-01
   4.0000000e+01  -2.3793138e+00   8.3894422e-01
   4.1000000e+01  -2.3811009e+00   8.3824587e-01
   4.2000000e+01  -2.3838328e+00   8.3720002e-01
   4.3000000e+01  -2.3858387e+00   8.3619696e-01
   4.4000000e+01  -2.3881950e+00   8.3520243e-01
   4.5000000e+01  -2.3909045e+00   8.3382196e-01
   4.6000000e+01  -2.3943125e+00   8.3240944e-01
   4.7000000e+01  -2.3973311e+00   8.3070770e-01
   4.8000000e+01  -2.4004346e+00   8.2875467e-01
   4.9000000e+01  -2.4056526e+00   8.2668831e-01
   5.0000000e+01  -2.4085204e+00   8.2553707e-01
   5.1000000e+01  -2.4123666e+00   8.2395150e-01
   5.2000000e+01  -2.4152324e+00   8.2290899e-01
   5.3000000e+01  -2.4182272e+00   8.2175136e-01
   5.4000000e+01  -2.4213661e+00   8.2096669e-01
   5.5000000e+01  -2.4236957e+00   8.2041179e-01
   5.6000000e+01  -2.4258036e+00   8.1986997e-01
   5.7000000e+01  -2.4277835e+00   8.1966580e-01
   5.8000000e+01  -2.4297949e+00   8.1947814e-01
   5.9000000e+01  -2.4315400e+00   8.2019172e-01
   6.0000000e+01  -2.4337836e+00   8.2079547e-01
   6.1000000e+01  -2.4356807e+00   8.2243497e-01
   6.2000000e+01  -2.4366071e+00   8.2319431e-01
   6.3000000e+01  -2.4379478e+00   8.2435459e-01
   6.4000000e+01  -2.4387203e+00   8.2537513e-01
   6.5000000e+01  -2.4395551e+00   8.2702923e-01
   6.6000000e+01  -2.4392530e+00   8.2844681e-01
   6.7000000e+01  -2.4396681e+00   8.3005318e-01
   6.8000000e+01  -2.4398238e+00   8.3178210e-01
   6.9000000e+01  -2.4399115e+00   8.3339654e-01
   7.0000000e+01  -2.4395317e+00   8.3515569e-01
   7.1000000e+01  -2.4393305e+00   8.3656893e-01
   7.2000000e+01  -2.4394385e+00   8.3835348e-01
   7.3000000e+01  -2.4387914e+00   8.3981593e-01
   7.4000000e+01  -2.4376723e+00   8.4097166e-01
   7.5000000e+01  -2.4370456e+00   8.4245067e-01
   7.6000000e+01  -2.4368970e+00   8.4338569e-01
   7.7000000e+01  -2.4363744e+00   8.4397769e-01
   7.8000000e+01  -2.4359622e+00   8.4439963e-01
   7.9000000e+01  -2.4361561e+00   8.4538626e-01
   8.0000000e+01  -2.4359003e+00   8.4561157e-01
   8.1000000e+01  -2.4357140e+00   8.4639495e-01
   8.2000000e+01  -2.4356346e+00   8.4674888e-01
   8.3000000e+01  -2.4344069e+00   8.4706732e-01
   8.4000000e+01  -2.4337569e+00   8.4766058e-01
   8.5000000e+01  -2.4347064e+00   8.4818174e-01
   8.6000000e+01  -2.4323408e+00   8.4896035e-01
   8.7000000e+01  -2.4312406e+00   8.4958592e-01
   8.8000000e+01  -2.4293697e+00   8.4974677e-01
   8.9000000e+01  -2.4284406e+00   8.4981945e-01
   9.0000000e+01  -2.4270718e+00   8.5012390e-01
   9.1000000e+01  -2.4268478e+00   8.5077245e-01
   9.2000000e+01  -2.4264708e+00   8.5130441e-01
   9.3000000e+01  -2.4260536e+00   8.5148222e-01
   9.4000000e+01  -2.4263244e+00   8.5160985e-01
   9.5000000e+01  -2.4267592e+00   8.5214099e-01
   9.6000000e+01  -2.4263490e+00   8.5224658e-01
   9.7000000e+01  -2.4287342e+00   8.5355243e-01
   9.8000000e+01  -2.4290733e+00   8.5332019e-01
   9.9000000e+01  -2.4297156e+00   8.5343628e-01
   1.0000000e+02  -2.4299519e+00   8.5384824e-01
   1.0100000e+02  -2.4312749e+00   8.5371470e-01
   1.0200000e+02  -2.4310015e+00   8.5338754e-01
   1.0300000e+02  -2.4300076e+00   8.5231732e-01
   1.0400000e+02  -2.4284951e+00   8.5061246e-01
   1.0500000e+02  -2.4261934e+00   8.4886216e-01
   1.0600000e+02  -2.4227384e+00   8.4803421e-01
   1.0700000e+02  -2.4200222e+00   8.4728755e-01
   1.0800000e+02  -2.4171366e+00   8.4680821e-01
   1.0900000e+02  -2.4128388e+00   8.4681022e-01
   1.1000000e+02  -2.4107865e+00   8.4684702e-01
   1.1100000e+02  -2.4081316e+00   8.4663687e-01
   1.1200000e+02  -2.4054069e+00   8.4681263e-01
   1.1300000e+02  -2.4022948e+00   8.4663483e-01
   1.1400000e+02  -2.3999806e+00   8.4697351e-01
   1.1500000e+02  -2.3979070e+00   8.4673268e-01
   1.1600000e+02  -2.3956301e+00   8.4684995e-01
   1.1700000e+02  -2.3934156e+00   8.4688216e-01
   1.1800000e+02  -2.3915390e+00   8.4751538e-01
   1.1900000e+02  -2.3892410e+00   8.4715715e-01
   1.2000000e+02  -2.3870411e+00   8.4660150e-01
   1.2100000e+02  -2.3847683e+00   8.4700247e-01
   1.2200000e+02  -2.3821191e+00   8.4662943e-01
   1.2300000e+02  -2.3804005e+00   8.4606267e-01
   1.2400000e+02  -2.3781480e+00   8.4638051e-01
   1.2500000e+02  -2.3765074e+00   8.4662450e-01
   1.2600000e+02  -2.3749255e+00   8.4696605e-01
   1.2700000e+02  -2.3743148e+00   8.4724387e-01
   1.2800000e+02  -2.3739064e+00   8.4755950e-01
   1.2900000e+02  -2.3737259e+00   8.4829463e-01
   1.3000000e+02  -2.3735926e+00   8.4857366e-01
   1.3100000e+02  -2.3736426e+00   8.4904256e-01
   1.3200000e+02  -2.3739342e+00   8.4983418e-01
   1.3300000e+02  -2.3749914e+00   8.4920050e-01
   1.3400000e+02  -2.3762292e+00   8.5006832e-01
   1.3500000e+02  -2.3764843e+00   8.5089868e-01
   1.3600000e+02  -2.3770718e+00   8.5103838e-01
   1.3700000e+02  -2.3773615e+00   8.5126551e-01
   1.3800000e+02  -2.3770410e+00   8.5142834e-01
   1.3900000e+02  -2.3772960e+00   8.5076915e-01
   1.4000000e+02  -2.3768250e+00   8.5076019e-01
   1.4100000e+02  -2.3762616e+00   8.5072455e-01
   1.4200000e+02  -2.3754459e+00   8.5138489e-01
   1.4300000e+02  -2.3748184e+00   8.5177329e-01
   1.4400000e+02  -2.3741957e+00   8.5230429e-01
   1.4500000e+02  -2.3733490e+00   8.5292961e-01
   1.4600000e+02  -2.3719531e+00   8.5262483e-01
   1.4700000e+02  -2.3706263e+00   8.5248195e-01
   1.4800000e+02  -2.3689685e+00   8.5245902e-01
   1.4900000e+02  -2.3667773e+00   8.5181265e-01
   1.5000000e+02  -2.3645035e+00   8.5097235e-01
   1.5100000e+02  -2.3618411e+00   8.4964061e-01
   1.5200000e+02  -2.3586779e+00   8.4863766e-01
   1.5300000e+02  -2.3553557e+00   8.4725598e-01
   1.5400000e+02  -2.3516030e+00   8.4567630e-01
   1.5500000e+02  -2.3479368e+00   8.4396236e-01
   1.5600000e+02  -2.3453308e+00   8.4231581e-01
   1.5700000e+02  -2.3437840e+00   8.3992228e-01
   1.5800000e+02  -2.3417479e+00   8.3886961e-01
   1.5900000e+02  -2.3406880e+00   8.3583613e-01
   1.6000000e+02  -2.3401228e+00   8.3247386e-01
   1.6100000e+02  -2.3393067e+00   8.2895149e-01
   1.6200000e+02  -2.3384695e+00   8.2581577e-01
   1.6300000e+02  -2.3369411e+00   8.2337285e-01
   1.6400000e+02  -2.3357198e+00   8.2067515e-01
   1.6500000e+02  -2.3339508e+00   8.1831450e-01
   1.6600000e+02  -2.3335119e+00   8.1536923e-01
   1.6700000e+02  -2.3336245e+00   8.1219869e-01
   1.6800000e+02  -2.3345193e+00   8.0921455e-01
   1.6900000e+02  -2.3356237e+00   8.0515095e-01
   1.7000000e+02  -2.3376733e+00   8.0332938e-01
   1.7100000e+02  -2.3383059e+00   8.0099804e-01
   1.7200000e+02  -2.3396626e+00   7.9858363e-01
   1.7300000e+02  -2.3415547e+00   7.9700270e-01
   1.7400000e+02  -2.3437706e+00   7.9524782e-01
   1.7500000e+02  -2.3461527e+00   7.9395141e-01
   1.7600000e+02  -2.3483623e+00   7.9309262e-01
   1.7700000e+02  -2.3506066e+00   7.9279666e-01
   1.7800000e+02  -2.3524119e+00   7.9289988e-01
   1.7900000e+02  -2.3548923e+00   7.9342399e-01
   1.8000000e+02  -2.3575375e+00   7.9439603e-01
   1.8100000e+02  -2.3602725e+00   7.9464878e-01
   1.8200000e+02  -2.3622527e+00   7.9758202e-01
   1.8300000e+02  -2.3639492e+00   8.0034182e-01
   1.8400000e+02  -2.3645177e+00   8.0375071e-01
   1.8500000e+02  -2.3638099e+00   8.0786072e-01
   1.8600000e+02  -2.3625755e+00   8.1249781e-01
   1.8700000e+02  -2.3601105e+00   8.1772292e-01
   1.8800000e+02  -2.3564904e+00   8.2314820e-01
   1.8900000e+02  -2.3523127e+00   8.2929788e-01
   1.9000000e+02  -2.3468810e+00   8.3589649e-01
   1.9100000e+02  -2.3416971e+00   8.4296339e-01
   1.9200000e+02  -2.3356848e+00   8.5069948e-01
   1.9300000e+02  -2.3283678e+00   8.5898013e-01
   1.9400000e+02  -2.3219703e+00   8.6637556e-01
   1.9500000e+02  -2.3164499e+00   8.7312448e-01
   1.9600000e+02  -2.3106425e+00   8.7928316e-01
   1.9700000e+02  -2.3063285e+00   8.8558390e-01
   1.9800000e+02  -2.3026781e+00   8.9141756e-01
   1.9900000e+02  -2.2993097e+00   8.9718326e-01
   2.0000000e+02  -2.2966356e+00   9.0248513e-01
   2.0100000e+02  -2.2951258e+00   9.0792709e-01
   2.0200000e+02  -2.2938982e+00   9.1338579e-01
   2.0300000e+02  -2.2935019e+00   9.1905224e-01
   2.0400000e+02  -2.2936761e+00   9.2453237e-01
   2.0500000e+02  -2.2938220e+00   9.3006140e-01
   2.0600000e+02  -2.2950192e+00   9.3503100e-01
   2.0700000e+02  -2.2958026e+00   9.4008221e-01
   2.0800000e+02  -2.2970366e+00   9.4451685e-01
   2.0900000e+02  -2.2975957e+00   9.4915636e-01
   2.1000000e+02  -2.2991287e+00   9.5330491e-01
   2.1100000e+02  -2.3001457e+00   9.5756814e-01
   2.1200000e+02  -2.3013784e+00   9.6136864e-01
   2.1300000e+02  -2.3023025e+00   9.6503860e-01
   2.1400000e+02  -2.3038548e+00   9.6798217e-01
   2.1500000e+02  -2.3039759e+00   9.7074982e-01
   2.1600000e+02  -2.3032011e+00   9.7355724e-01
   2.1700000e+02  -2.3016870e+00   9.7586889e-01
   2.1800000e+02  -2.3005111e+00   9.7874065e-01
   2.1900000e+02  -2.2995719e+00   9.8141283e-01
   2.2000000e+02  -2.2991370e+00   9.8480131e-01
   2.2100000e+02  -2.2985355e+00   9.8774424e-01
   2.2200000e+02  -2.2975767e+00   9.9074511e-01
   2.2300000e+02  -2.2967601e+00   9.9305461e-01
   2.2400000e+02  -2.2950317e+00   9.9582903e-01
   2.2500000e+02  -2.2934622e+00   9.9780183e-01
   2.2600000e+02  -2.2921258e+00   9.9998675e-01
   2.2700000e+02  -2.2912358e+00   1.0019629e+00
   2.2800000e+02  -2.2900755e+00   1.0029576e+00
   2.2900000e+02  -2.2896807e+00   1.0033769e+00
   2.3000000e+02  -2.2889253e+00   1.0038787e+00
   2.3100000e+02  -2.2894658e+00   1.0040028e+00
   2.3200000e+02  -2.2908300e+00   1.0029468e+00
   2.3300000e+02  -2.2921579e+00   1.0011858e+00
   2.3400000e+02  -2.2934033e+00   9.9939334e-01
   2.3500000e+02  -2.2948774e+00   9.9833319e-01
   2.3600000e+02  -2.2946711e+00   9.9774132e-01
   2.3700000e+02  -2.2935276e+00   9.9803076e-01
   2.3800000e+02  -2.2922106e+00   9.9939249e-01
   2.3900000e+02  -2.2884926e+00   1.0004359e+00
   2.4000000e+02  -2.2834309e+00   1.0029800e+00
   2.4100000e+02  -2.2780926e+00   1.0050457e+00
   2.4200000e+02  -2.2696347e+00   1.0075415e+00
   2.4300000e+02  -2.2611140e+00   1.0084805e+00
   2.4400000e+02  -2.2520989e+00   1.0084430e+00
   2.4500000e+02  -2.2433046e+00   1.0056118e+00
   2.4600000e+02  -2.2350096e+00   1.0022096e+00
   2.4700000e+02  -2.2285653e+00   9.9455506e-01
   2.4800000e+02  -2.2236645e+00   9.8422641e-01
   2.4900000e+02  -2.2206748e+00   9.7265081e-01
   2.5000000e+02  -2.2182115e+00   9.6032827e-01
   2.5100000e+02  -2.2164790e+00   9.4749054e-01
   2.5200000e+02  -2.2146628e+00   9.3424975e-01
   2.5300000e+02  -2.2141680e+00   9.2100327e-01
   2.5400000e+02  -2.2116884e+00   9.1172174e-01
   2.5500000e+02  -2.2089673e+00   9.0316707e-01
   2.5600000e+02  -2.2055945e+00   8.9745188e-01
   2.5700000e+02  -2.2020903e+00   8.9367817e-01
   2.5800000e+02  -2.1973216e+00   8.9197420e-01
   2.5900000e+02  -2.1910551e+00   8.9214756e-01
   2.6000000e+02  -2.1836153e+00   8.9447940e-01
   2.6100000e+02  -2.1755191e+00   8.9904984e-01
   2.6200000e+02  -2.1663485e+00   9.0510595e-01
   2.6300000e+02  -2.1559875e+00   9.1253604e-01
   2.6400000e+02  -2.1456739e+00   9.2024584e-01
   2.6500000e+02  -2.1362824e+00   9.2811466e-01
   2.6600000e+02  -2.1251934e+00   9.3556721e-01
   2.6700000e+02  -2.1125235e+00   9.4059918e-01
   2.6800000e+02  -2.0964740e+00   9.4003513e-01
   2.6900000e+02  -2.0786425e+00   9.3539301e-01
   2.7000000e+02  -2.0593363e+00   9.2590044e-01
   2.7100000e+02  -2.0383497e+00   9.1252250e-01
   2.7200000e+02  -2.0130795e+00   8.9515492e-01
   2.7300000e+02  -1.9857024e+00   8.7730354e-01
   2.7400000e+02  -1.9575822e+00   8.6001369e-01
   2.7500000e+02  -1.9294588e+00   8.4596326e-01
   2.7600000e+02  -1.9025856e+00   8.3491308e-01
   2.7700000e+02  -1.8746363e+00   8.2712000e-01
   2.7800000e+02  -1.8523752e+00   8.2173634e-01
   2.7900000e+02  -1.8312688e+00   8.1883644e-01
   2.8000000e+02  -1.8115417e+00   8.1742569e-01
   2.8100000e+02  -1.7935559e+00   8.1640526e-01
   2.8200000e+02  -1.7805655e+00   8.1533080e-01
   2.8300000e+02  -1.7729384e+00   8.1179587e-01
   2.8400000e+02  -1.7689427e+00   8.0601618e-01
   2.8500000e+02  -1.7687121e+00   7.9962709e-01
   2.8600000e+02  -1.7705913e+00   7.9270566e-01
   2.8700000e+02  -1.7734354e+00   7.8540741e-01
   2.8800000e+02  -1.7767220e+00   7.7984115e-01
   2.8900000e+02  -1.7806378e+00   7.7511283e-01
   2.9000000e+02  -1.7851277e+00   7.6904612e-01
   2.9100000e+02  -1.7907543e+00   7.6352574e-01
   2.9200000e+02  -1.7983740e+00   7.5760194e-01
   2.9300000e+02  -1.8064380e+00   7.5232172e-01
   2.9400000e+02  -1.8159539e+00   7.4745325e-01
   2.9500000e+02  -1.8260257e+00   7.4228177e-01
   2.9600000e+02  -1.8366626e+00   7.3619717e-01
   2.9700000e+02  -1.8480995e+00   7.3111929e-01
   2.9800000e+02  -1.8597174e+00   7.2714745e-01
   2.9900000e+02  -1.8700987e+00   7.2419304e-01
   3.0000000e+02  -1.8792195e+00   7.2329061e-01
   3.0100000e+02  -1.8892989e+00   7.2370732e-01
   3.0200000e+02  -1.8951046e+00   7.2726701e-01
   3.0300000e+02  -1.9016202e+00   7.3373290e-01
   3.0400000e+02  -1.9098037e+00   7.4126858e-01
   3.0500000e+02  -1.9198309e+00   7.4942447e-01
   3.0600000e+02  -1.9321756e+00   7.5804185e-01
   3.0700000e+02  -1.9462142e+00   7.6775970e-01
   3.0800000e+02  -1.9583691e+00   7.7327867e-01
   3.0900000e+02  -1.9688995e+00   7.7537116e-01
   3.1000000e+02  -1.9768795e+00   7.7472428e-01
   3.1100000e+02  -1.9847272e+00   7.7333501e-01
   3.1200000e+02  -1.9908370e+00   7.7036192e-01
   3.1300000e+02  -1.9995111e+00   7.6815905e-01
   3.1400000e+02  -2.0117819e+00   7.6378182e-01
   3.1500000e+02  -2.0273735e+00   7.5904261e-01
   3.1600000e+02  -2.0452816e+00   7.5398517e-01
   3.1700000e+02  -2.0644975e+00   7.5122442e-01
   3.1800000e+02  -2.0846694e+00   7.4955223e-01
   3.1900000e+02  -2.1060196e+00   7.4796497e-01
   3.2000000e+02  -2.1287374e+00   7.4795114e-01
   3.2100000e+02  -2.1501327e+00   7.5046820e-01
   3.2200000e+02  -2.1678736e+00   7.5530164e-01
   3.2300000e+02  -2.1819303e+00   7.6249121e-01
   3.2400000e+02  -2.1904960e+00   7.6972475e-01
   3.2500000e+02  -2.1991148e+00   7.7600316e-01
   3.2600000e+02  -2.2034868e+00   7.8069358e-01
   3.2700000e+02  -2.2071768e+00   7.8271981e-01
   3.2800000e+02  -2.2098365e+00   7.8485327e-01
   3.2900000e+02  -2.2129796e+00   7.8724692e-01
   3.3000000e+02  -2.2170801e+00   7.9105451e-01
   3.3100000e+02  -2.2220419e+00   7.9548320e-01
   3.3200000e+02  -2.2286858e+00   7.9907175e-01
   3.3300000e+02  -2.2355311e+00   8.0132499e-01
   3.3400000e+02  -2.2423170e+00   8.0206302e-01
   3.3500000e+02  -2.2490398e+00   8.0032754e-01
   3.3600000e+02  -2.2557093e+00   7.9624345e-01
   3.3700000e+02  -2.2625087e+00   7.9115420e-01
   3.3800000e+02  -2.2678236e+00   7.8559932e-01
   3.3900000e+02  -2.2717613e+00   7.7900269e-01
   3.4000000e+02  -2.2762871e+00   7.7114827e-01
   3.4100000e+02  -2.2790311e+00   7.6413073e-01
   3.4200000e+02  -2.2801695e+00   7.5919485e-01
   3.4300000e+02  -2.2798415e+00   7.5519063e-01
   3.4400000e+02  -2.2781273e+00   7.5305355e-01
   3.4500000e+02  -2.2739775e+00   7.5127161e-01
   3.4600000e+02  -2.2697294e+00   7.4951993e-01
   3.4700000e+02  -2.2674597e+00   7.4712974e-01
   3.4800000e+02  -2.2680831e+00   7.4388980e-01
   3.4900000e+02  -2.2699903e+00   7.4177103e-01
   3.5000000e+02  -2.2704340e+00   7.3921714e-01
   3.5100000e+02  -2.2678628e+00   7.3885587e-01
   3.5200000e+02  -2.2599623e+00   7.4043790e-01
   3.5300000e+02  -2.2505311e+00   7.4282476e-01
   3.5400000e+02  -2.2436288e+00   7.4593474e-01
   3.5500000e+02  -2.2404625e+00   7.4881012e-01
   3.5600000e+02  -2.2411105e+00   7.5031551e-01
   3.5700000e+02  -2.2420454e+00   7.4894325e-01
   3.5800000e+02  -2.2425623e+00   7.4676093e-01
   3.5900000e+02  -2.2411114e+00   7.4319635e-01
   3.6000000e+02  -2.2376599e+00   7.4064919e-01
   3.6100000e+02  -2.2331707e+00   7.3891881e-01
   3.6200000e+02  -2.2255766e+00   7.3668704e-01
   3.6300000e+02  -2.2183747e+00   7.3517808e-01
   3.6400000e+02  -2.2110309e+00   7.3365223e-01
   3.6500000e+02  -2.2050753e+00   7.3247473e-01
   3.6600000e+02  -2.1994252e+00   7.3060221e-01
   3.6700000e+02  -2.1957660e+00   7.2928779e-01
   3.6800000e+02  -2.1935308e+00   7.2817568e-01
   3.6900000e+02  -2.1915530e+00   7.2654701e-01
   3.7000000e+02  -2.1924528e+00   7.2455113e-01
   3.7100000e+02  -2.1949842e+00   7.2135781e-01
   3.7200000e+02  -2.1976076e+00   7.1876135e-01
   3.7300000e+02  -2.1995929e+00   7.1585105e-01
   3.7400000e+02  -2.2022924e+00   7.1433320e-01
   3.7500000e+02  -2.2050682e+00   7.1396803e-01
   3.7600000e+02  -2.2080348e+00   7.1443989e-01
   3.7700000e+02  -2.2121363e+00   7.1407678e-01
   3.7800000e+02  -2.2165164e+00   7.1387464e-01
   3.7900000e+02  -2.2211195e+00   7.1418393e-01
   3.8000000e+02  -2.2236982e+00   7.1424569e-01
   3.8100000e+02  -2.2258791e+00   7.1508524e-01
   3.8200000e+02  -2.2253588e+00   7.1656564e-01
   3.8300000e+02  -2.2242072e+00   7.1789189e-01
   3.8400000e+02  -2.2232854e+00   7.1963286e-01
   3.8500000e+02  -2.2238503e+00   7.2068679e-01
   3.8600000e+02  -2.2215339e+00   7.2259804e-01
   3.8700000e+02  -2.2196539e+00   7.2436010e-01
   3.8800000e+02  -2.2169210e+00   7.2594885e-01
   3.8900000e+02  -2.2134937e+00   7.2761408e-01
   3.9000000e+02  -2.2094056e+00   7.2846571e-01
   3.9100000e+02  -2.2049347e+00   7.2881367e-01
   3.9200000e+02  -2.2007819e+00   7.2828229e-01
   3.9300000e+02  -2.1967090e+00   7.2848157e-01
   3.9400000e+02  -2.1920218e+00   7.3019032e-01
   3.9500000e+02  -2.1866685e+00   7.3291034e-01
   3.9600000e+02  -2.1806421e+00   7.3661524e-01
   3.9700000e+02  -2.1759015e+00   7.4047730e-01
   3.9800000e+02  -2.1706386e+00   7.4223031e-01
   3.9900000e+02  -2.1658791e+00   7.4282956e-01
   4.0000000e+02  -2.1603786e+00   7.4362653e-01
   4.0100000e+02  -2.1540178e+00   7.4432197e-01
   4.0200000e+02  -2.1472017e+00   7.4512612e-01
   4.0300000e+02  -2.1402480e+00   7.4581798e-01
   4.0400000e+02  -2.1332798e+00   7.4641007e-01
   4.0500000e+02  -2.1270185e+00   7.4809459e-01
   4.0600000e+02  -2.1203789e+00   7.4942869e-01
   4.0700000e+02  -2.1139771e+00   7.5005837e-01
   4.0800000e+02  -2.1077987e+00   7.5045420e-01
   4.0900000e+02  -2.1007507e+00   7.5057993e-01
   4.1000000e+02  -2.0933133e+00   7.5207395e-01
   4.1100000e+02  -2.0858122e+00   7.5328482e-01
   4.1200000e+02  -2.0784153e+00   7.5467793e-01
   4.1300000e+02  -2.0701218e+00   7.5583611e-01
   4.1400000e+02  -2.0619599e+00   7.5650718e-01
   4.1500000e+02  -2.0533780e+00   7.5647174e-01
   4.1600000e+02  -2.0438627e+00   7.5565849e-01
   4.1700000e+02  -2.0340083e+00   7.5513759e-01
   4.1800000e+02  -2.0222450e+00   7.5392962e-01
   4.1900000e+02  -2.0099985e+00   7.5284691e-01
   4.2000000e+02  -1.9973211e+00   7.5292159e-01
   4.2100000e+02  -1.9845488e+00   7.5318156e-01
   4.2200000e+02  -1.9732730e+00   7.5572994e-01
   4.2300000e+02  -1.9634609e+00   7.5789612e-01
   4.2400000e+02  -1.9548805e+00   7.6224871e-01
   4.2500000e+02  -1.9472577e+00   7.6869022e-01
   4.2600000e+02  -1.9406201e+00   7.7627036e-01
   4.2700000e+02  -1.9365850e+00   7.8478913e-01
   4.2800000e+02  -1.9352083e+00   7.9431053e-01
   4.2900000e+02  -1.9340969e+00   8.0424053e-01
   4.3000000e+02  -1.9332269e+00   8.1379555e-01
   4.3100000e+02  -1.9315054e+00   8.2219568e-01
   4.3200000e+02  -1.9300451e+00   8.3040593e-01
   4.3300000e+02  -1.9311588e+00   8.3852876e-01
   4.3400000e+02  -1.9293122e+00   8.4590953e-01
   4.3500000e+02  -1.9286439e+00   8.5265793e-01
   4.3600000e+02  -1.9271596e+00   8.5965368e-01
   4.3700000e+02  -1.9269155e+00   8.6433626e-01
   4.3800000e+02  -1.9243302e+00   8.7017357e-01
   4.3900000e+02  -1.9237591e+00   8.7385525e-01
   4.4000000e+02  -1.9226305e+00   8.7608526e-01
   4.4100000e+02  -1.9216939e+00   8.7757032e-01
   4.4200000e+02  -1.9203537e+00   8.7939437e-01
   4.4300000e+02  -1.9180239e+00   8.8127827e-01
   4.4400000e+02  -1.9160274e+00   8.8351029e-01
   4.4500000e+02  -1.9156213e+00   8.8546378e-01
   4.4600000e+02  -1.9151976e+00   8.8655368e-01
   4.4700000e+02  -1.9151923e+00   8.8663918e-01
   4.4800000e+02  -1.9151457e+00   8.8703629e-01
   4.4900000e+02  -1.9149615e+00   8.8798384e-01
   4.5000000e+02  -1.9148323e+00   8.8901790e-01
   4.5100000e+02  -1.9146914e+00   8.9016343e-01
   4.5200000e+02  -1.9142248e+00   8.9063562e-01
   4.5300000e+02  -1.9140413e+00   8.9226666e-01
   4.5400000e+02  -1.9138295e+00   8.9357138e-01
   4.5500000e+02  -1.9141989e+00   8.9363250e-01
   4.5600000e+02  -1.9148471e+00   8.9271184e-01
   4.5700000e+02  -1.9176578e+00   8.9309211e-01
   4.5800000e+02  -1.9187292e+00   8.9078097e-01
   4.5900000e+02  -1.9210090e+00   8.8929618e-01
   4.6000000e+02  -1.9242846e+00   8.8722484e-01
   4.6100000e+02  -1.9287328e+00   8.8438828e-01
   4.6200000e+02  -1.9335082e+00   8.8177755e-01
   4.6300000e+02  -1.9382190e+00   8.7883419e-01
   4.6400000e+02  -1.9433825e+00   8.7650944e-01
   4.6500000e+02  -1.9492488e+00   8.7397843e-01
   4.6600000e+02  -1.9545663e+00   8.7216758e-01
   4.6700000e+02  -1.9587588e+00   8.6863893e-01
   4.6800000e+02  -1.9618997e+00   8.6581346e-01
   4.6900000e+02  -1.9634986e+00   8.6300690e-01
   4.7000000e+02  -1.9660088e+00   8.5971739e-01
   4.7100000e+02  -1.9687938e+00   8.5588147e-01
   4.7200000e+02  -1.9733691e+00   8.5373887e-01
   4.7300000e+02  -1.9791196e+00   8.5277419e-01
   4.7400000e+02  -1.9868053e+00   8.5199254e-01
   4.7500000e+02  -1.9948548e+00   8.5166874e-01
   4.7600000e+02  -2.0027880e+00   8.5121120e-01
   4.7700000e+02  -2.0107342e+00   8.5002585e-01
   4.7800000e+02  -2.0172210e+00   8.4871697e-01
   4.7900000e+02  -2.0243402e+00   8.4648050e-01
   4.8000000e+02  -2.0323471e+00   8.4314717e-01
   4.8100000e+02  -2.0398258e+00   8.3785629e-01
   4.8200000e+02  -2.0500494e+00   8.3244868e-01
   4.8300000e+02  -2.0618152e+00   8.2481646e-01
   4.8400000e+02  -2.0737649e+00   8.1577196e-01
   4.8500000e+02  -2.0887563e+00   8.0404712e-01
   4.8600000e+02  -2.1026955e+00   7.9249910e-01
   4.8700000e+02  -2.1163931e+00   7.7922639e-01
   4.8800000e+02  -2.1272488e+00   7.6693588e-01
   4.8900000e+02  -2.1380880e+00   7.5504301e-01
   4.9000000e+02  -2.1477411e+00   7.4339179e-01
   4.9100000e+02  -2.1575506e+00   7.3046635e-01
   4.9200000e+02  -2.1659923e+00   7.2070279e-01
   4.9300000e+02  -2.1763499e+00   7.0817997e-01
   4.9400000e+02  -2.1854670e+00   7.0037692e-01
   4.9500000e+02  -2.1945788e+00   6.9283657e-01
   4.9600000e+02  -2.2041254e+00   6.8465159e-01
   4.9700000e+02  -2.2129370e+00   6.7780599e-01
   4.9800000e+02  -2.2214027e+00   6.7141344e-01
   4.9900000e+02  -2.2289889e+00   6.6639890e-01
   5.0000000e+02  -2.2350261e+00   6.6108475e-01
   5.0100000e+02  -2.2390156e+00   6.5575366e-01
   5.0200000e+02  -2.2435399e+00   6.5014941e-01
   5.0300000e+02  -2.2487214e+00   6.4415195e-01
   5.0400000e+02  -2.2526874e+00   6.3682315e-01
   5.0500000e+02  -2.2561889e+00   6.2968597e-01
   5.0600000e+02  -2.2583355e+00   6.2305599e-01
   5.0700000e+02  -2.2601301e+00   6.1844795e-01
   5.0800000e+02  -2.2616924e+00   6.1576878e-01
   5.0900000e+02  -2.2636981e+00   6.1395107e-01
   5.1000000e+02  -2.2642552e+00   6.1152084e-01
   5.1100000e+02  -2.2632080e+00   6.0876609e-01
   5.1200000e+02  -2.2618503e+00   6.0518784e-01
   5.1300000e+02  -2.2594355e+00   6.0187497e-01
   5.1400000e+02  -2.2530171e+00   5.9977804e-01
   5.1500000e+02  -2.2445595e+00   5.9995321e-01
   5.1600000e+02  -2.2342421e+00   6.0049708e-01
   5.1700000e+02  -2.2238772e+00   6.0434592e-01
   5.1800000e+02  -2.2133081e+00   6.0545681e-01
   5.1900000e+02  -2.2034936e+00   6.0828805e-01
   5.2000000e+02  -2.1950109e+00   6.1085147e-01
   5.2100000e+02  -2.1862183e+00   6.1469901e-01
   5.2200000e+02  -2.1787359e+00   6.2008093e-01
   5.2300000e+02  -2.1701161e+00   6.2741438e-01
   5.2400000e+02  -2.1602984e+00   6.3484220e-01
   5.2500000e+02  -2.1498003e+00   6.4357667e-01
   5.2600000e+02  -2.1371332e+00   6.5270665e-01
   5.2700000e+02  -2.1243530e+00   6.6144373e-01
   5.2800000e+02  -2.1121707e+00   6.6972508e-01
   5.2900000e+02  -2.1019661e+00   6.7748867e-01
   5.3000000e+02  -2.0918846e+00   6.8623512e-01
   5.3100000e+02  -2.0831600e+00   6.9645177e-01
   5.3200000e+02  -2.0752687e+00   7.0714615e-01
   5.3300000e+02  -2.0679752e+00   7.1964427e-01
   5.3400000e+02  -2.0625179e+00   7.3185266e-01
   5.3500000e+02  -2.0591910e+00   7.4451964e-01
   5.3600000e+02  -2.0560330e+00   7.5655095e-01
   5.3700000e+02  -2.0536253e+00   7.6729702e-01
   5.3800000e+02  -2.0504549e+00   7.7704442e-01
   5.3900000e+02  -2.0475753e+00   7.8439403e-01
   5.4000000e+02  -2.0457024e+00   7.9012490e-01
   5.4100000e+02  -2.0445640e+00   7.9404602e-01
   5.4200000e+02  -2.0478026e+00   7.9538281e-01
   5.4300000e+02  -2.0529044e+00   7.9680589e-01
   5.4400000e+02  -2.0589518e+00   7.9683843e-01
   5.4500000e+02  -2.0657792e+00   7.9576782e-01
   5.4600000e+02  -2.0730220e+00   7.9310141e-01
   5.4700000e+02  -2.0803482e+00   7.8848065e-01
   5.4800000e+02  -2.0869989e+00   7.8298669e-01
   5.4900000e+02  -2.0929121e+00   7.7750939e-01
   5.5000000e+02  -2.0974638e+00   7.7212251e-01
   5.5100000e+02  -2.1002830e+00   7.6786984e-01
   5.5200000e+02  -2.1014708e+00   7.6651960e-01
   5.5300000e+02  -2.1014098e+00   7.6821990e-01
   5.5400000e+02  -2.0995061e+00   7.7231189e-01
   5.5500000e+02  -2.0969395e+00   7.7901877e-01
   5.5600000e+02  -2.0928986e+00   7.8819126e-01
   5.5700000e+02  -2.0878831e+00   7.9788076e-01
   5.5800000e+02  -2.0831442e+00   8.0783601e-01
   5.5900000e+02  -2.0774766e+00   8.1671295e-01
   5.6000000e+02  -2.0714458e+00   8.2508933e-01
   5.6100000e+02  -2.0657594e+00   8.3261930e-01
   5.6200000e+02  -2.0587070e+00   8.3898261e-01
   5.6300000e+02  -2.0515060e+00   8.4416842e-01
   5.6400000e+02  -2.0441562e+00   8.4936952e-01
   5.6500000e+02  -2.0380998e+00   8.5455321e-01
   5.6600000e+02  -2.0344799e+00   8.5962259e-01
   5.6700000e+02  -2.0325198e+00   8.6482948e-01
   5.6800000e+02  -2.0331855e+00   8.6821140e-01
   5.6900000e+02  -2.0330096e+00   8.7071277e-01
   5.7000000e+02  -2.0323570e+00   8.7127004e-01
   5.7100000e+02  -2.0307690e+00   8.7100576e-01
   5.7200000e+02  -2.0295198e+00   8.7037641e-01
   5.7300000e+02  -2.0279355e+00   8.7022974e-01
   5.7400000e+02  -2.0273161e+00   8.7039097e-01
   5.7500000e+02  -2.0264506e+00   8.7185455e-01
   5.7600000e+02  -2.0246798e+00   8.7617828e-01
   5.7700000e+02  -2.0230010e+00   8.8262725e-01
   5.7800000e+02  -2.0164173e+00   8.9343625e-01
   5.7900000e+02  -2.0095559e+00   9.0699143e-01
   5.8000000e+02  -2.0012066e+00   9.2330811e-01
   5.8100000e+02  -1.9928764e+00   9.4008841e-01
   5.8200000e+02  -1.9854840e+00   9.5626926e-01
   5.8300000e+02  -1.9787089e+00   9.7020075e-01
   5.8400000e+02  -1.9719104e+00   9.8075493e-01
   5.8500000e+02  -1.9663442e+00   9.8763791e-01
   5.8600000e+02  -1.9608244e+00   9.9264696e-01
   5.8700000e+02  -1.9527398e+00   9.9740207e-01
   5.8800000e+02  -1.9431632e+00   1.0026253e+00
   5.8900000e+02  -1.9311889e+00   1.0079002e+00
   5.9000000e+02  -1.9221664e+00   1.0114661e+00
   5.9100000e+02  -1.9131407e+00   1.0136522e+00
   5.9200000e+02  -1.9067203e+00   1.0147366e+00
   5.9300000e+02  -1.9019823e+00   1.0146608e+00
   5.9400000e+02  -1.8982825e+00   1.0127848e+00
   5.9500000e+02  -1.8949073e+00   1.0089705e+00
   5.9600000e+02  -1.8901650e+00   1.0034959e+00
   5.9700000e+02  -1.8846704e+00   9.9650323e-01
   5.9800000e+02  -1.8775310e+00   9.8885019e-01
   5.9900000e+02  -1.8698874e+00   9.7995158e-01
   6.0000000e+02  -1.8618435e+00   9.6941655e-01
   6.0100000e+02  -1.8534091e+00   9.5912965e-01
   6.0200000e+02  -1.8416588e+00   9.4943203e-01
   6.0300000e+02  -1.8291989e+00   9.4122708e-01
   6.0400000e+02  -1.8166925e+00   9.3339469e-01
   6.0500000e+02  -1.8062884e+00   9.2533714e-01
   6.0600000e+02  -1.7961803e+00   9.1540508e-01
   6.0700000e+02  -1.7859995e+00   9.0464630e-01
   6.0800000e+02  -1.7762671e+00   8.9328229e-01
   6.0900000e+02  -1.7652289e+00   8.8148908e-01
   6.1000000e+02  -1.7543484e+00   8.7148382e-01
   6.1100000e+02  -1.7420671e+00   8.6192667e-01
   6.1200000e+02  -1.7292666e+00   8.5385654e-01
   6.1300000e+02  -1.7165833e+00   8.4768313e-01
   6.1400000e+02  -1.7031163e+00   8.4423603e-01
   6.1500000e+02  -1.6883709e+00   8.4314502e-01
   6.1600000e+02  -1.6712339e+00   8.4418433e-01
   6.1700000e+02  -1.6545069e+00   8.4567451e-01
   6.1800000e+02  -1.6370814e+00   8.4658328e-01
   6.1900000e+02  -1.6195723e+00   8.4459619e-01
   6.2000000e+02  -1.6028913e+00   8.3969393e-01
   6.2100000e+02  -1.5875726e+00   8.3426092e-01
   6.2200000e+02  -1.5712175e+00   8.2726837e-01
   6.2300000e+02  -1.5558832e+00   8.2137539e-01
   6.2400000e+02  -1.5410037e+00   8.1691326e-01
   6.2500000e+02  -1.5269143e+00   8.1452494e-01
   6.2600000e+02  -1.5152061e+00   8.1103255e-01
   6.2700000e+02  -1.5038881e+00   8.0736675e-01
   6.2800000e+02  -1.4901156e+00   8.0283799e-01
   6.2900000e+02  -1.4751900e+00   7.9821496e-01
   6.3000000e+02  -1.4587191e+00   7.9323691e-01
   6.3100000e+02  -1.4421390e+00   7.9044935e-01
   6.3200000e+02  -1.4257924e+00   7.8810690e-01
   6.3300000e+02  -1.4100108e+00   7.8577965e-01
   6.3400000e+02  -1.3953132e+00   7.8279927e-01
   6.3500000e+02  -1.3814325e+00   7.7800677e-01
   6.3600000e+02  -1.3695189e+00   7.7180560e-01
   6.3700000e+02  -1.3606137e+00   7.6340367e-01
   6.3800000e+02  -1.3524389e+00   7.5584412e-01
   6.3900000e+02  -1.3452242e+00   7.4694304e-01
   6.4000000e+02  -1.3323100e+00   7.5577101e-01
   6.4100000e+02  -1.3250287e+00   7.3576527e-01
   6.4200000e+02  -1.3085654e+00   7.4161695e-01
   6.4300000e+02  -1.3019064e+00   7.3037268e-01
   6.4400000e+02  -1.2817672e+00   7.3603926e-01
   6.4500000e+02  -1.2789251e+00   7.3104809e-01
   6.4600000e+02  -1.2683552e+00   7.2752447e-01
   6.4700000e+02  -1.2574057e+00   7.2474097e-01
   6.4800000e+02  -1.2475460e+00   7.1897838e-01
   6.4900000e+02  -1.2342251e+00   7.1546202e-01
   6.5000000e+02  -1.2244061e+00   7.1200085e-01
   6.5100000e+02  -1.2166587e+00   7.0992036e-01
   6.5200000e+02  -1.2114806e+00   7.0648465e-01
   6.5300000e+02  -1.2097126e+00   7.0336088e-01
   6.5400000e+02  -1.2099200e+00   6.9869215e-01
   6.5500000e+02  -1.2105059e+00   6.9373758e-01
   6.5600000e+02  -1.2094113e+00   6.8872469e-01
   6.5700000e+02  -1.2069702e+00   6.8532743e-01
   6.5800000e+02  -1.2039842e+00   6.8351509e-01
   6.5900000e+02  -1.2020808e+00   6.8282841e-01
   6.6000000e+02  -1.1997651e+00   6.8034200e-01
   6.6100000e+02  -1.1974993e+00   6.7433556e-01
   6.6200000e+02  -1.1962704e+00   6.6726084e-01
   6.6300000e+02  -1.1996042e+00   6.5970688e-01
   6.6400000e+02  -1.2064347e+00   6.5243650e-01
   6.6500000e+02  -1.2158847e+00   6.4647996e-01
   6.6600000e+02  -1.2264400e+00   6.4275073e-01
   6.6700000e+02  -1.2379249e+00   6.4018405e-01
   6.6800000e+02  -1.2499422e+00   6.3890622e-01
   6.6900000e+02  -1.2653024e+00   6.3941008e-01
   6.7000000e+02  -1.2856921e+00   6.4140454e-01
   6.7100000e+02  -1.3090961e+00   6.4407070e-01
   6.7200000e+02  -1.3319120e+00   6.4683023e-01
   6.7300000e+02  -1.3528767e+00   6.5072932e-01
   6.7400000e+02  -1.3764219e+00   6.5252809e-01
   6.7500000e+02  -1.3956082e+00   6.5785660e-01
   6.7600000e+02  -1.4158791e+00   6.5990965e-01
   6.7700000e+02  -1.4346579e+00   6.6157294e-01
   6.7800000e+02  -1.4522172e+00   6.6283396e-01
   6.7900000e+02  -1.4672485e+00   6.6513394e-01
   6.8000000e+02  -1.4814050e+00   6.6721582e-01
   6.8100000e+02  -1.4967032e+00   6.7080423e-01
   6.8200000e+02  -1.5117212e+00   6.7455138e-01
   6.8300000e+02  -1.5270450e+00   6.7880503e-01
   6.8400000e+02  -1.5423065e+00   6.8130716e-01
   6.8500000e+02  -1.5583569e+00   6.8107078e-01
   6.8600000e+02  -1.5711355e+00   6.8023750e-01
   6.8700000e+02  -1.5816202e+00   6.7648127e-01
   6.8800000e+02  -1.5883728e+00   6.7064399e-01
   6.8900000e+02  -1.5920004e+00   6.6159675e-01
   6.9000000e+02  -1.5934809e+00   6.5028770e-01
   6.9100000e+02  -1.5931602e+00   6.3705061e-01
   6.9200000e+02  -1.5922298e+00   6.2409404e-01
   6.9300000e+02  -1.5908372e+00   6.1106555e-01
   6.9400000e+02  -1.5902976e+00   5.9882297e-01
   6.9500000e+02  -1.5905836e+00   5.8768478e-01
   6.9600000e+02  -1.5918484e+00   5.7918661e-01
   6.9700000e+02  -1.5940370e+00   5.7240794e-01
   6.9800000e+02  -1.5993187e+00   5.7031588e-01
   6.9900000e+02  -1.6072168e+00   5.7214479e-01
   7.0000000e+02  -1.6173281e+00   5.7558157e-01
   7.0100000e+02  -1.6282100e+00   5.7893594e-01
   7.0200000e+02  -1.6387624e+00   5.7966548e-01
   7.0300000e+02  -1.6489450e+00   5.7732801e-01
   7.0400000e+02  -1.6582157e+00   5.7358155e-01
   7.0500000e+02  -1.6662636e+00   5.7058775e-01
   7.0600000e+02  -1.6730045e+00   5.7261104e-01
   7.0700000e+02  -1.6816321e+00   5.7571605e-01
   7.0800000e+02  -1.6914225e+00   5.8138635e-01
   7.0900000e+02  -1.7022121e+00   5.8594810e-01
   7.1000000e+02  -1.7138794e+00   5.8696479e-01
   7.1100000e+02  -1.7241336e+00   5.8620431e-01
   7.1200000e+02  -1.7332493e+00   5.8528913e-01
   7.1300000e+02  -1.7406594e+00   5.8529497e-01
   7.1400000e+02  -1.7466409e+00   5.8466580e-01
   7.1500000e+02  -1.7511745e+00   5.8494182e-01
   7.1600000e+02  -1.7557442e+00   5.8733907e-01
   7.1700000e+02  -1.7592835e+00   5.9049211e-01
   7.1800000e+02  -1.7623076e+00   5.9439876e-01
   7.1900000e+02  -1.7657483e+00   5.9621029e-01
   7.2000000e+02  -1.7687223e+00   5.9732849e-01
   7.2100000e+02  -1.7718885e+00   5.9672424e-01
   7.2200000e+02  -1.7756451e+00   5.9547101e-01
   7.2300000e+02  -1.7801671e+00   5.9386082e-01
   7.2400000e+02  -1.7856126e+00   5.9291155e-01
   7.2500000e+02  -1.7907286e+00   5.9420992e-01
   7.2600000e+02  -1.7952988e+00   5.9575878e-01
   7.2700000e+02  -1.7997656e+00   5.9765161e-01
   7.2800000e+02  -1.8042445e+00   5.9870985e-01
   7.2900000e+02  -1.8092044e+00   5.9723058e-01
   7.3000000e+02  -1.8137859e+00   5.9506580e-01
   7.3100000e+02  -1.8176877e+00   5.9203169e-01
   7.3200000e+02  -1.8189384e+00   5.8905373e-01
   7.3300000e+02  -1.8200863e+00   5.8675208e-01
   7.3400000e+02  -1.8180373e+00   5.8417570e-01
   7.3500000e+02  -1.8165544e+00   5.8158266e-01
   7.3600000e+02  -1.8133972e+00   5.7872212e-01
   7.3700000e+02  -1.8112897e+00   5.7630858e-01
   7.3800000e+02  -1.8098897e+00   5.7379111e-01
   7.3900000e+02  -1.8095629e+00   5.7165909e-01
   7.4000000e+02  -1.8101547e+00   5.6904705e-01
   7.4100000e+02  -1.8111376e+00   5.6657781e-01
   7.4200000e+02  -1.8117691e+00   5.6257844e-01
   7.4300000e+02  -1.8120837e+00   5.5800901e-01
   7.4400000e+02  -1.8114700e+00   5.5368659e-01
   7.4500000e+02  -1.8123762e+00   5.4963729e-01
   7.4600000e+02  -1.8122949e+00   5.4670939e-01
   7.4700000e+02  -1.8128586e+00   5.4432924e-01
   7.4800000e+02  -1.8121950e+00   5.4193918e-01
   7.4900000e+02  -1.8101660e+00   5.4001898e-01
   7.5000000e+02  -1.8070530e+00   5.3858098e-01
   7.5100000e+02  -1.8024090e+00   5.3908914e-01
   7.5200000e+02  -1.7971627e+00   5.4134308e-01
   7.5300000e+02  -1.7912940e+00   5.4466974e-01
   7.5400000e+02  -1.7844540e+00   5.4939408e-01
   7.5500000e+02  -1.7769688e+00   5.5424344e-01
   7.5600000e+02  -1.7683621e+00   5.5906017e-01
   7.5700000e+02  -1.7616216e+00   5.6173811e-01
   7.5800000e+02  -1.7517263e+00   5.6488405e-01
   7.5900000e+02  -1.7431634e+00   5.6642437e-01
   7.6000000e+02  -1.7341212e+00   5.6826740e-01
   7.6100000e+02  -1.7240463e+00   5.7013681e-01
   7.6200000e+02  -1.7136439e+00   5.7251212e-01
   7.6300000e+02  -1.7034523e+00   5.7444348e-01
   7.6400000e+02  -1.6936597e+00   5.7746410e-01
   7.6500000e+02  -1.6825899e+00   5.8047756e-01
   7.6600000e+02  -1.6725508e+00   5.8428137e-01
   7.6700000e+02  -1.6624921e+00   5.8803651e-01
   7.6800000e+02  -1.6525898e+00   5.9331351e-01
   7.6900000e+02  -1.6420361e+00   5.9635463e-01
   7.7000000e+02  -1.6319439e+00   6.0056437e-01
   7.7100000e+02  -1.6239464e+00   6.0393708e-01
   7.7200000e+02  -1.6154138e+00   6.0769122e-01
   7.7300000e+02  -1.6070882e+00   6.0971843e-01
   7.7400000e+02  -1.5985587e+00   6.1086806e-01
   7.7500000e+02  -1.5906118e+00   6.1049452e-01
   7.7600000e+02  -1.5823633e+00   6.0947091e-01
   7.7700000e+02  -1.5755378e+00   6.0718757e-01
   7.7800000e+02  -1.5693161e+00   6.0482542e-01
   7.7900000e+02  -1.5641331e+00   6.0128965e-01
   7.8000000e+02  -1.5599469e+00   5.9744239e-01
   7.8100000e+02  -1.5577621e+00   5.9359865e-01
   7.8200000e+02  -1.5549979e+00   5.9101916e-01
   7.8300000e+02  -1.5503667e+00   5.8929367e-01
   7.8400000e+02  -1.5453798e+00   5.8929048e-01
   7.8500000e+02  -1.5389466e+00   5.9302217e-01
   7.8600000e+02  -1.5300585e+00   5.9735647e-01
   7.8700000e+02  -1.5186237e+00   6.0300515e-01
   7.8800000e+02  -1.5051818e+00   6.0921533e-01
   7.8900000e+02  -1.4902939e+00   6.1700118e-01
   7.9000000e+02  -1.4741213e+00   6.2582087e-01
   7.9100000e+02  -1.4572035e+00   6.3418545e-01
   7.9200000e+02  -1.4425783e+00   6.4046916e-01
   7.9300000e+02  -1.4256653e+00   6.4859632e-01
   7.9400000e+02  -1.4121952e+00   6.5177773e-01
   7.9500000e+02  -1.4004298e+00   6.5466549e-01
   7.9600000e+02  -1.3911026e+00   6.5634286e-01
   7.9700000e+02  -1.3851181e+00   6.5527619e-01
   7.9800000e+02  -1.3815136e+00   6.5179025e-01
   7.9900000e+02  -1.3793445e+00   6.4575616e-01
   8.0000000e+02  -1.3787216e+00   6.3792870e-01
   8.0100000e+02  -1.3780658e+00   6.2985494e-01
   8.0200000e+02  -1.3772767e+00   6.2264607e-01
   8.0300000e+02  -1.3753398e+00   6.1497989e-01
   8.0400000e+02  -1.3723045e+00   6.0917060e-01
   8.0500000e+02  -1.3683515e+00   6.0340309e-01
   8.0600000e+02  -1.3607953e+00   5.9752883e-01
   8.0700000e+02  -1.3526460e+00   5.9255456e-01
   8.0800000e+02  -1.3446108e+00   5.8817581e-01
   8.0900000e+02  -1.3342395e+00   5.8341338e-01
   8.1000000e+02  -1.3242678e+00   5.7937240e-01
   8.1100000e+02  -1.3146818e+00   5.7404466e-01
   8.1200000e+02  -1.3043092e+00   5.6868740e-01
   8.1300000e+02  -1.2921223e+00   5.6451856e-01
   8.1400000e+02  -1.2785373e+00   5.6160347e-01
   8.1500000e+02  -1.2615983e+00   5.5933052e-01
   8.1600000e+02  -1.2454571e+00   5.5675133e-01
   8.1700000e+02  -1.2291367e+00   5.5421802e-01
   8.1800000e+02  -1.2156043e+00   5.5297268e-01
   8.1900000e+02  -1.2008838e+00   5.5220017e-01
   8.2000000e+02  -1.1842018e+00   5.5078570e-01
   8.2100000e+02  -1.1652517e+00   5.4989795e-01
   8.2200000e+02  -1.1450476e+00   5.4745779e-01
   8.2300000e+02  -1.1253952e+00   5.4475414e-01
   8.2400000e+02  -1.1077152e+00   5.4190905e-01
   8.2500000e+02  -1.0944722e+00   5.4120392e-01
   8.2600000e+02  -1.0840462e+00   5.4091742e-01
   8.2700000e+02  -1.0739128e+00   5.4012517e-01
   8.2800000e+02  -1.0663095e+00   5.3864541e-01
   8.2900000e+02  -1.0572671e+00   5.3241944e-01
   8.3000000e+02  -1.0506016e+00   5.2548236e-01
   8.3100000e+02  -1.0388937e+00   5.1661915e-01
   8.3200000e+02  -1.0270056e+00   5.0952687e-01
   8.3300000e+02  -1.0160638e+00   5.0505630e-01
   8.3400000e+02  -1.0049249e+00   5.0120261e-01
   8.3500000e+02  -9.9223878e-01   4.9549483e-01
   8.3600000e+02  -9.8013943e-01   4.9385155e-01
   8.3700000e+02  -9.6593058e-01   4.8817244e-01
   8.3800000e+02  -9.5113061e-01   4.8283889e-01
   8.3900000e+02  -9.3679278e-01   4.7730303e-01
   8.4000000e+02  -9.2351977e-01   4.7237017e-01
   8.4100000e+02  -9.1254028e-01   4.6850970e-01
   8.4200000e+02  -9.0352005e-01   4.6616649e-01
   8.4300000e+02  -8.9778972e-01   4.6574239e-01
   8.4400000e+02  -8.9805967e-01   4.6689599e-01
   8.4500000e+02  -9.0075758e-01   4.6972357e-01
   8.4600000e+02  -9.0238054e-01   4.7170260e-01
   8.4700000e+02  -9.0515529e-01   4.7274288e-01
   8.4800000e+02  -9.0923104e-01   4.7388412e-01
   8.4900000e+02  -9.1622626e-01   4.7230805e-01
   8.5000000e+02  -9.2648470e-01   4.6896398e-01
   8.5100000e+02  -9.3794084e-01   4.6665558e-01
   8.5200000e+02  -9.4936005e-01   4.6453698e-01
   8.5300000e+02  -9.6281426e-01   4.6204317e-01
   8.5400000e+02  -9.7594340e-01   4.5702307e-01
   8.5500000e+02  -9.8924664e-01   4.5170492e-01
   8.5600000e+02  -9.9884465e-01   4.4556646e-01
   8.5700000e+02  -1.0060748e+00   4.3899226e-01
   8.5800000e+02  -1.0093587e+00   4.3196388e-01
   8.5900000e+02  -1.0104599e+00   4.2472081e-01
   8.6000000e+02  -1.0091164e+00   4.1890927e-01
   8.6100000e+02  -1.0062892e+00   4.1339263e-01
   8.6200000e+02  -1.0023871e+00   4.0895088e-01
   8.6300000e+02  -9.9881637e-01   4.0711267e-01
   8.6400000e+02  -9.9756578e-01   4.0712849e-01
   8.6500000e+02  -9.9799377e-01   4.0821851e-01
   8.6600000e+02  -1.0021137e+00   4.1144544e-01
   8.6700000e+02  -1.0055495e+00   4.1368480e-01
   8.6800000e+02  -1.0080788e+00   4.1379198e-01
   8.6900000e+02  -1.0092478e+00   4.1325396e-01
   8.7000000e+02  -1.0107132e+00   4.1159674e-01
   8.7100000e+02  -1.0118099e+00   4.1026283e-01
   8.7200000e+02  -1.0141907e+00   4.0963719e-01
   8.7300000e+02  -1.0185359e+00   4.0927660e-01
   8.7400000e+02  -1.0259134e+00   4.0951150e-01
   8.7500000e+02  -1.0334542e+00   4.1003386e-01
   8.7600000e+02  -1.0417496e+00   4.0940115e-01
   8.7700000e+02  -1.0491637e+00   4.0846059e-01
   8.7800000e+02  -1.0535713e+00   4.0756640e-01
   8.7900000e+02  -1.0569700e+00   4.0597727e-01
   8.8000000e+02  -1.0589348e+00   4.0283074e-01
   8.8100000e+02  -1.0596402e+00   3.9906580e-01
   8.8200000e+02  -1.0594930e+00   3.9462599e-01
   8.8300000e+02  -1.0612694e+00   3.8909700e-01
   8.8400000e+02  -1.0629466e+00   3.8321307e-01
   8.8500000e+02  -1.0651305e+00   3.7809112e-01
   8.8600000e+02  -1.0666958e+00   3.7453048e-01
   8.8700000e+02  -1.0672692e+00   3.7124594e-01
   8.8800000e+02  -1.0673406e+00   3.6936490e-01
   8.8900000e+02  -1.0668226e+00   3.6555533e-01
   8.9000000e+02  -1.0659285e+00   3.6512872e-01
   8.9100000e+02  -1.0646289e+00   3.6642811e-01
   8.9200000e+02  -1.0629022e+00   3.6741069e-01
   8.9300000e+02  -1.0616943e+00   3.6890210e-01
   8.9400000e+02  -1.0610563e+00   3.7016748e-01
   8.9500000e+02  -1.0603829e+00   3.7083330e-01
   8.9600000e+02  -1.0603206e+00   3.6953317e-01
   8.9700000e+02  -1.0590121e+00   3.6805374e-01
   8.9800000e+02  -1.0577620e+00   3.6650498e-01
   8.9900000e+02  -1.0572750e+00   3.6581223e-01
   9.0000000e+02  -1.0581042e+00   3.6593636e-01
   9.0100000e+02  -1.0596847e+00   3.6728078e-01
   9.0200000e+02  -1.0654327e+00   3.6777503e-01
   9.0300000e+02  -1.0731414e+00   3.6895110e-01
   9.0400000e+02  -1.0811597e+00   3.6913448e-01
   9.0500000e+02  -1.0896484e+00   3.6891453e-01
   9.0600000e+02  -1.0989782e+00   3.6762874e-01
   9.0700000e+02  -1.1062998e+00   3.6686234e-01
   9.0800000e+02  -1.1126421e+00   3.6610289e-01
   9.0900000e+02  -1.1180012e+00   3.6664092e-01
   9.1000000e+02  -1.1254361e+00   3.6572713e-01
   9.1100000e+02  -1.1318806e+00   3.6484498e-01
   9.1200000e+02  -1.1371894e+00   3.6499694e-01
   9.1300000e+02  -1.1417763e+00   3.6488640e-01
   9.1400000e+02  -1.1449871e+00   3.6701847e-01
   9.1500000e+02  -1.1500560e+00   3.6813633e-01
   9.1600000e+02  -1.1540631e+00   3.6913070e-01
   9.1700000e+02  -1.1588136e+00   3.6931390e-01
   9.1800000e+02  -1.1630628e+00   3.6927127e-01
   9.1900000e+02  -1.1672974e+00   3.6994205e-01
   9.2000000e+02  -1.1707540e+00   3.7024689e-01
   9.2100000e+02  -1.1736484e+00   3.7066788e-01
   9.2200000e+02  -1.1749854e+00   3.7081952e-01
   9.2300000e+02  -1.1763347e+00   3.7040153e-01
   9.2400000e+02  -1.1773771e+00   3.7057387e-01
   9.2500000e+02  -1.1800748e+00   3.6851907e-01
   9.2600000e+02  -1.1819689e+00   3.6926331e-01
   9.2700000e+02  -1.1845196e+00   3.6882637e-01
   9.2800000e+02  -1.1874537e+00   3.6856236e-01
   9.2900000e+02  -1.1904025e+00   3.6857531e-01
   9.3000000e+02  -1.1940376e+00   3.6962998e-01
   9.3100000e+02  -1.1979269e+00   3.7306497e-01
   9.3200000e+02  -1.2030092e+00   3.7436342e-01
   9.3300000e+02  -1.2092328e+00   3.7748971e-01
   9.3400000e+02  -1.2127738e+00   3.7820794e-01
   9.3500000e+02  -1.2174393e+00   3.7701675e-01
   9.3600000e+02  -1.2214170e+00   3.7446667e-01
   9.3700000e+02  -1.2281145e+00   3.7000533e-01
   9.3800000e+02  -1.2336951e+00   3.6481251e-01
   9.3900000e+02  -1.2520205e+00   3.3900079e-01
   9.4000000e+02  -1.2478853e+00   3.5478212e-01
   9.4100000e+02  -1.2564905e+00   3.5092187e-01
   9.4200000e+02  -1.2642514e+00   3.4839033e-01
   9.4300000e+02  -1.2723667e+00   3.4831780e-01
   9.4400000e+02  -1.2812122e+00   3.4865370e-01
   9.4500000e+02  -1.2905233e+00   3.6395728e-01
   9.4600000e+02  -1.3003621e+00   3.5326843e-01
   9.4700000e+02  -1.3122680e+00   3.5556635e-01
   9.4800000e+02  -1.3207687e+00   3.5850288e-01
   9.4900000e+02  -1.3435629e+00   3.5885118e-01
   9.5000000e+02  -1.3389851e+00   3.6931557e-01
   9.5100000e+02  -1.3478557e+00   3.7017859e-01
   9.5200000e+02  -1.3757973e+00   3.6402101e-01
   9.5300000e+02  -1.3899293e+00   3.6591285e-01
   9.5400000e+02  -1.4060308e+00   3.6691693e-01
   9.5500000e+02  -1.4050390e+00   3.6741248e-01
   9.5600000e+02  -1.4290322e+00   3.6423484e-01
   9.5700000e+02  -1.4383556e+00   3.7156296e-01
   9.5800000e+02  -1.4443204e+00   3.9443891e-01
   9.5900000e+02  -1.4549452e+00   3.8785752e-01
   9.6000000e+02  -1.4581790e+00   3.9447159e-01
   9.6100000e+02  -1.4708397e+00   4.1056940e-01
   9.6200000e+02  -1.4703922e+00   4.1794936e-01
   9.6300000e+02  -1.4756797e+00   4.2524387e-01
   9.6400000e+02  -1.4788750e+00   4.3059684e-01
   9.6500000e+02  -1.4832058e+00   4.3454905e-01
   9.6600000e+02  -1.4884575e+00   4.3628931e-01
   9.6700000e+02  -1.4941398e+00   4.3562008e-01
   9.6800000e+02  -1.4993723e+00   4.3566891e-01
   9.6900000e+02  -1.5044684e+00   4.3480726e-01
   9.7000000e+02  -1.5104401e+00   4.3444091e-01
   9.7100000e+02  -1.5165628e+00   4.3426588e-01
   9.7200000e+02  -1.5231613e+00   4.3468352e-01
   9.7300000e+02  -1.5278657e+00   4.3503388e-01
   9.7400000e+02  -1.5313128e+00   4.3566631e-01
   9.7500000e+02  -1.5326986e+00   4.3611536e-01
   9.7600000e+02  -1.5323176e+00   4.3641949e-01
   9.7700000e+02  -1.5309350e+00   4.3796559e-01
   9.7800000e+02  -1.5300206e+00   4.3893236e-01
   9.7900000e+02  -1.5288959e+00   4.3865080e-01
   9.8000000e+02  -1.5286180e+00   4.3786900e-01
   9.8100000e+02  -1.5287192e+00   4.3742209e-01
   9.8200000e+02  -1.5291910e+00   4.3708489e-01
   9.8300000e+02  -1.5291215e+00   4.3789467e-01
   9.8400000e+02  -1.5285947e+00   4.3866144e-01
   9.8500000e+02  -1.5268988e+00   4.3852190e-01
   9.8600000e+02  -1.5265415e+00   4.3721529e-01
   9.8700000e+02  -1.5253246e+00   4.3585280e-01
   9.8800000e+02  -1.5240911e+00   4.3385450e-01
   9.8900000e+02  -1.5226245e+00   4.3243619e-01
   9.9000000e+02  -1.5194594e+00   4.3301606e-01
   9.9100000e+02  -1.5163054e+00   4.3592328e-01
   9.9200000e+02  -1.5122698e+00   4.3998784e-01
   9.9300000e+02  -1.5056371e+00   4.4485973e-01
   9.9400000e+02  -1.5007983e+00   4.4898254e-01
   9.9500000e+02  -1.4953787e+00   4.5310248e-01
   9.9600000e+02  -1.4889799e+00   4.5671022e-01
   9.9700000e+02  -1.4822552e+00   4.5986850e-01
   9.9800000e+02  -1.4700682e+00   4.6200846e-01
   9.9900000e+02  -1.4556831e+00   4.6361168e-01
   1.0000000e+03  -1.4382661e+00   4.6438990e-01
   1.0010000e+03  -1.4196242e+00   4.6495820e-01
   1.0020000e+03  -1.4015816e+00   4.6649506e-01
   1.0030000e+03  -1.3849505e+00   4.6832461e-01
   1.0040000e+03  -1.3731313e+00   4.7070997e-01
   1.0050000e+03  -1.3636218e+00   4.7217937e-01
   1.0060000e+03  -1.3556337e+00   4.7239768e-01
   1.0070000e+03  -1.3488265e+00   4.7134530e-01
   1.0080000e+03  -1.3412874e+00   4.7064912e-01
   1.0090000e+03  -1.3346893e+00   4.6876865e-01
   1.0100000e+03  -1.3261993e+00   4.7047323e-01
   1.0110000e+03  -1.3163237e+00   4.7554179e-01
   1.0120000e+03  -1.3053760e+00   4.8177613e-01
   1.0130000e+03  -1.2927723e+00   4.8799544e-01
   1.0140000e+03  -1.2785354e+00   4.9246458e-01
   1.0150000e+03  -1.2639219e+00   4.9433528e-01
   1.0160000e+03  -1.2472717e+00   4.9360592e-01
   1.0170000e+03  -1.2312443e+00   4.9111641e-01
   1.0180000e+03  -1.2167201e+00   4.8693839e-01
   1.0190000e+03  -1.2031360e+00   4.8109015e-01
   1.0200000e+03  -1.1891290e+00   4.7605235e-01
   1.0210000e+03  -1.1763132e+00   4.7134092e-01
   1.0220000e+03  -1.1637281e+00   4.6958486e-01
   1.0230000e+03  -1.1525815e+00   4.6907485e-01
   1.0240000e+03  -1.1427032e+00   4.6881009e-01
   1.0250000e+03  -1.1357895e+00   4.6869313e-01
   1.0260000e+03  -1.1285159e+00   4.7088036e-01
   1.0270000e+03  -1.1204531e+00   4.7324053e-01
   1.0280000e+03  -1.1123205e+00   4.7442756e-01
   1.0290000e+03  -1.1031147e+00   4.7705384e-01
   1.0300000e+03  -1.0906695e+00   4.7888280e-01
   1.0310000e+03  -1.0802400e+00   4.7976254e-01
   1.0320000e+03  -1.0703990e+00   4.7803141e-01
   1.0330000e+03  -1.0644358e+00   4.7448770e-01
   1.0340000e+03  -1.0588793e+00   4.7256411e-01
   1.0350000e+03  -1.0562275e+00   4.6895682e-01
   1.0360000e+03  -1.0523798e+00   4.6459983e-01
   1.0370000e+03  -1.0478094e+00   4.6093910e-01
   1.0380000e+03  -1.0423238e+00   4.5854409e-01
   1.0390000e+03  -1.0351835e+00   4.5886734e-01
   1.0400000e+03  -1.0273991e+00   4.6130929e-01
   1.0410000e+03  -1.0176753e+00   4.6462407e-01
   1.0420000e+03  -1.0059995e+00   4.6715464e-01
   1.0430000e+03  -9.9044064e-01   4.6781518e-01
   1.0440000e+03  -9.7265906e-01   4.6712907e-01
   1.0450000e+03  -9.5496140e-01   4.6533240e-01
   1.0460000e+03  -9.3765862e-01   4.6372540e-01
   1.0470000e+03  -9.2064909e-01   4.6355867e-01
   1.0480000e+03  -9.0730425e-01   4.6353719e-01
   1.0490000e+03  -8.9449322e-01   4.6215343e-01
   1.0500000e+03  -8.8358170e-01   4.6026684e-01
   1.0510000e+03  -8.7633332e-01   4.5781321e-01
   1.0520000e+03  -8.7304414e-01   4.5545363e-01
   1.0530000e+03  -8.7285797e-01   4.5451305e-01
   1.0540000e+03  -8.7498897e-01   4.5433350e-01
   1.0550000e+03  -8.7900576e-01   4.5469751e-01
   1.0560000e+03  -8.8233208e-01   4.5613202e-01
   1.0570000e+03  -8.8320198e-01   4.5918852e-01
   1.0580000e+03  -8.8220403e-01   4.6064831e-01
   1.0590000e+03  -8.7994580e-01   4.6381328e-01
   1.0600000e+03  -8.7793569e-01   4.6800953e-01
   1.0610000e+03  -8.7701489e-01   4.7293475e-01
   1.0620000e+03  -8.7770680e-01   4.7637258e-01
   1.0630000e+03  -8.7989741e-01   4.7861380e-01
   1.0640000e+03  -8.8424532e-01   4.7664215e-01
   1.0650000e+03  -8.8921649e-01   4.7626407e-01
   1.0660000e+03  -8.9396124e-01   4.7598470e-01
   1.0670000e+03  -8.9853978e-01   4.7643686e-01
   1.0680000e+03  -9.0309403e-01   4.7747791e-01
   1.0690000e+03  -9.0815866e-01   4.7881044e-01
   1.0700000e+03  -9.1171729e-01   4.7467569e-01
   1.0710000e+03  -9.1312914e-01   4.6751296e-01
   1.0720000e+03  -9.1191311e-01   4.5831290e-01
   1.0730000e+03  -9.1198641e-01   4.4761237e-01
   1.0740000e+03  -9.1068328e-01   4.3675566e-01
   1.0750000e+03  -9.0713893e-01   4.2971083e-01
   1.0760000e+03  -9.0460828e-01   4.2206966e-01
   1.0770000e+03  -8.9987665e-01   4.1859801e-01
   1.0780000e+03  -8.9778656e-01   4.1541933e-01
   1.0790000e+03  -8.9750802e-01   4.1420047e-01
   1.0800000e+03  -9.0015310e-01   4.1387956e-01
   1.0810000e+03  -8.9966031e-01   4.1791804e-01
   1.0820000e+03  -9.0361876e-01   4.1588635e-01
   1.0830000e+03  -9.0595453e-01   4.1549232e-01
   1.0840000e+03  -9.0686463e-01   4.1469876e-01
   1.0850000e+03  -9.0802423e-01   4.1385024e-01
   1.0860000e+03  -9.0684701e-01   4.1433377e-01
   1.0870000e+03  -9.0462737e-01   4.1616762e-01
   1.0880000e+03  -9.0099971e-01   4.1983019e-01
   1.0890000e+03  -8.9686383e-01   4.2345551e-01
   1.0900000e+03  -8.9399743e-01   4.2641333e-01
   1.0910000e+03  -8.9279352e-01   4.2898723e-01
   1.0920000e+03  -8.9273715e-01   4.3115589e-01
   1.0930000e+03  -8.9096382e-01   4.3212338e-01
   1.0940000e+03  -8.9031261e-01   4.3448306e-01
   1.0950000e+03  -8.9109164e-01   4.3664823e-01
   1.0960000e+03  -8.9233826e-01   4.3776638e-01
   1.0970000e+03  -8.9415840e-01   4.3898507e-01
   1.0980000e+03  -8.9489917e-01   4.4093350e-01
   1.0990000e+03  -8.9653740e-01   4.4263251e-01
   1.1000000e+03  -8.9801549e-01   4.4472013e-01
   1.1010000e+03  -9.0104066e-01   4.4637144e-01
   1.1020000e+03  -9.0608734e-01   4.4725242e-01
   1.1030000e+03  -9.1313804e-01   4.4678289e-01
   1.1040000e+03  -9.2188943e-01   4.4683741e-01
   1.1050000e+03  -9.3116799e-01   4.4501040e-01
   1.1060000e+03  -9.3844374e-01   4.4366942e-01
   1.1070000e+03  -9.4511408e-01   4.4256523e-01
   1.1080000e+03  -9.5054214e-01   4.4066037e-01
   1.1090000e+03  -9.5477036e-01   4.3944204e-01
   1.1100000e+03  -9.5710362e-01   4.3868409e-01
   1.1110000e+03  -9.5909954e-01   4.3942018e-01
   1.1120000e+03  -9.5913075e-01   4.4228330e-01
   1.1130000e+03  -9.5675282e-01   4.4640231e-01
   1.1140000e+03  -9.5549134e-01   4.5219352e-01
   1.1150000e+03  -9.5191306e-01   4.5737963e-01
   1.1160000e+03  -9.4563834e-01   4.6226194e-01
   1.1170000e+03  -9.4148678e-01   4.6567175e-01
   1.1180000e+03  -9.3324928e-01   4.6612288e-01
   1.1190000e+03  -9.2481347e-01   4.6582995e-01
   1.1200000e+03  -9.1515823e-01   4.6272027e-01
   1.1210000e+03  -9.0435588e-01   4.5823536e-01
   1.1220000e+03  -8.9495142e-01   4.5242920e-01
   1.1230000e+03  -8.8783906e-01   4.4796945e-01
   1.1240000e+03  -8.8325018e-01   4.4332873e-01
   1.1250000e+03  -8.8028775e-01   4.3948459e-01
   1.1260000e+03  -8.7876321e-01   4.3593445e-01
   1.1270000e+03  -8.7993223e-01   4.3270487e-01
   1.1280000e+03  -8.8079429e-01   4.2898968e-01
   1.1290000e+03  -8.8366140e-01   4.2494824e-01
   1.1300000e+03  -8.8494578e-01   4.1938960e-01
   1.1310000e+03  -8.8760761e-01   4.1310444e-01
   1.1320000e+03  -8.9082439e-01   4.0892324e-01
   1.1330000e+03  -8.9285367e-01   4.0683687e-01
   1.1340000e+03  -8.9293766e-01   4.0676000e-01
   1.1350000e+03  -8.9176963e-01   4.0726787e-01
   1.1360000e+03  -8.9030806e-01   4.0916607e-01
   1.1370000e+03  -8.8883050e-01   4.1254139e-01
   1.1380000e+03  -8.8682144e-01   4.1725897e-01
   1.1390000e+03  -8.8532079e-01   4.2316429e-01
   1.1400000e+03  -8.8579206e-01   4.2926377e-01
   1.1410000e+03  -8.8694502e-01   4.3785033e-01
   1.1420000e+03  -8.8767843e-01   4.4165673e-01
   1.1430000e+03  -8.8769735e-01   4.4397548e-01
   1.1440000e+03  -8.8706757e-01   4.4281426e-01
   1.1450000e+03  -8.8500970e-01   4.3932226e-01
   1.1460000e+03  -8.8172052e-01   4.3443234e-01
   1.1470000e+03  -8.7717665e-01   4.2771364e-01
   1.1480000e+03  -8.7137999e-01   4.2182428e-01
   1.1490000e+03  -8.6569443e-01   4.1727607e-01
   1.1500000e+03  -8.6137460e-01   4.1536511e-01
   1.1510000e+03  -8.5830326e-01   4.1670625e-01
   1.1520000e+03  -8.5763541e-01   4.1999177e-01
   1.1530000e+03  -8.5955073e-01   4.2427217e-01
   1.1540000e+03  -8.6340179e-01   4.2882861e-01
   1.1550000e+03  -8.6755508e-01   4.3171883e-01
   1.1560000e+03  -8.7119703e-01   4.3373688e-01
   1.1570000e+03  -8.7506005e-01   4.3643143e-01
   1.1580000e+03  -8.7728272e-01   4.3867240e-01
   1.1590000e+03  -8.7947060e-01   4.4089362e-01
   1.1600000e+03  -8.8102982e-01   4.4339608e-01
   1.1610000e+03  -8.8301453e-01   4.4666080e-01
   1.1620000e+03  -8.8508710e-01   4.5051400e-01
   1.1630000e+03  -8.8710450e-01   4.5500671e-01
   1.1640000e+03  -8.8811972e-01   4.5895831e-01
   1.1650000e+03  -8.8846588e-01   4.6198860e-01
   1.1660000e+03  -8.8916460e-01   4.6662349e-01
   1.1670000e+03  -8.9056770e-01   4.6880680e-01
   1.1680000e+03  -8.9286953e-01   4.7101709e-01
   1.1690000e+03  -8.9490728e-01   4.7293582e-01
   1.1700000e+03  -8.9697799e-01   4.7411283e-01
   1.1710000e+03  -8.9842830e-01   4.7462808e-01
   1.1720000e+03  -8.9996254e-01   4.7452343e-01
   1.1730000e+03  -9.0085369e-01   4.7346726e-01
   1.1740000e+03  -9.0158587e-01   4.7260419e-01
   1.1750000e+03  -9.0093770e-01   4.7173966e-01
   1.1760000e+03  -8.9944996e-01   4.7002536e-01
   1.1770000e+03  -8.9590350e-01   4.6769690e-01
   1.1780000e+03  -8.9208195e-01   4.6378288e-01
   1.1790000e+03  -8.8764829e-01   4.6018787e-01
   1.1800000e+03  -8.8412211e-01   4.5587640e-01
   1.1810000e+03  -8.8173926e-01   4.5349658e-01
   1.1820000e+03  -8.8109355e-01   4.5109176e-01
   1.1830000e+03  -8.8337352e-01   4.4901095e-01
   1.1840000e+03  -8.8551900e-01   4.4793358e-01
   1.1850000e+03  -8.8747018e-01   4.4740369e-01
   1.1860000e+03  -8.8853611e-01   4.4741756e-01
   1.1870000e+03  -8.8805671e-01   4.4624641e-01
   1.1880000e+03  -8.8607962e-01   4.4515080e-01
   1.1890000e+03  -8.8424152e-01   4.4337051e-01
   1.1900000e+03  -8.8315254e-01   4.4368343e-01
   1.1910000e+03  -8.8292162e-01   4.4397781e-01
   1.1920000e+03  -8.8460483e-01   4.4493619e-01
   1.1930000e+03  -8.8820063e-01   4.4494809e-01
   1.1940000e+03  -8.9322226e-01   4.4502208e-01
   1.1950000e+03  -8.9836306e-01   4.4449069e-01
   1.1960000e+03  -9.0355632e-01   4.4255276e-01
   1.1970000e+03  -9.0878115e-01   4.4181737e-01
   1.1980000e+03  -9.1477392e-01   4.4075514e-01
   1.1990000e+03  -9.2116218e-01   4.3892989e-01
   1.2000000e+03  -9.2660306e-01   4.3632643e-01
   1.2010000e+03  -9.3337579e-01   4.3294183e-01
   1.2020000e+03  -9.3750020e-01   4.3089202e-01
   1.2030000e+03  -9.4296331e-01   4.2819080e-01
   1.2040000e+03  -9.4877125e-01   4.2388308e-01
   1.2050000e+03  -9.5510896e-01   4.1910528e-01
   1.2060000e+03  -9.6208274e-01   4.1221694e-01
   1.2070000e+03  -9.6925346e-01   4.0569390e-01
   1.2080000e+03  -9.7489488e-01   4.0193180e-01
   1.2090000e+03  -9.8018003e-01   4.0048553e-01
   1.2100000e+03  -9.8323635e-01   4.0108637e-01
   1.2110000e+03  -9.8601057e-01   4.0134354e-01
   1.2120000e+03  -9.8745380e-01   4.0162001e-01
   1.2130000e+03  -9.9086806e-01   4.0054920e-01
   1.2140000e+03  -9.9080365e-01   4.0203538e-01
   1.2150000e+03  -9.8902435e-01   4.0291058e-01
   1.2160000e+03  -9.8581800e-01   4.0478997e-01
   1.2170000e+03  -9.8100536e-01   4.0745587e-01
   1.2180000e+03  -9.7562702e-01   4.1116410e-01
   1.2190000e+03  -9.7397162e-01   4.1491382e-01
   1.2200000e+03  -9.7336455e-01   4.1786511e-01
   1.2210000e+03  -9.7292886e-01   4.2065622e-01
   1.2220000e+03  -9.7073159e-01   4.2261339e-01
   1.2230000e+03  -9.6537361e-01   4.2333898e-01
   1.2240000e+03  -9.6052129e-01   4.2398787e-01
   1.2250000e+03  -9.5166671e-01   4.2342385e-01
   1.2260000e+03  -9.4431198e-01   4.2057561e-01
   1.2270000e+03  -9.3437272e-01   4.1669165e-01
   1.2280000e+03  -9.2328374e-01   4.1234491e-01
   1.2290000e+03  -9.1099539e-01   4.0904796e-01
   1.2300000e+03  -9.0023516e-01   4.0682128e-01
   1.2310000e+03  -8.9057382e-01   4.0416889e-01
   1.2320000e+03  -8.8190086e-01   4.0253999e-01
   1.2330000e+03  -8.7330504e-01   4.0190781e-01
   1.2340000e+03  -8.6501693e-01   4.0180202e-01
   1.2350000e+03  -8.5722886e-01   4.0176171e-01
   1.2360000e+03  -8.5130212e-01   4.0022120e-01
   1.2370000e+03  -8.4627733e-01   3.9705611e-01
   1.2380000e+03  -8.4559088e-01   3.9322510e-01
   1.2390000e+03  -8.4755973e-01   3.8917275e-01
   1.2400000e+03  -8.5099395e-01   3.8569399e-01
   1.2410000e+03  -8.5415422e-01   3.8293004e-01
   1.2420000e+03  -8.5660154e-01   3.8087898e-01
   1.2430000e+03  -8.5825503e-01   3.7905083e-01
   1.2440000e+03  -8.5777082e-01   3.7766271e-01
   1.2450000e+03  -8.5527835e-01   3.7638074e-01
   1.2460000e+03  -8.5078007e-01   3.7533169e-01
   1.2470000e+03  -8.4394392e-01   3.7667081e-01
   1.2480000e+03  -8.3496581e-01   3.7836063e-01
   1.2490000e+03  -8.2425711e-01   3.8027611e-01
   1.2500000e+03  -8.1443079e-01   3.8240739e-01
   1.2510000e+03  -8.0624813e-01   3.8220959e-01
   1.2520000e+03  -7.9982152e-01   3.8036868e-01
   1.2530000e+03  -7.9399910e-01   3.7679302e-01
   1.2540000e+03  -7.8829607e-01   3.7187461e-01
   1.2550000e+03  -7.8426476e-01   3.6559585e-01
   1.2560000e+03  -7.7933117e-01   3.6066463e-01
   1.2570000e+03  -7.7325332e-01   3.5724299e-01
   1.2580000e+03  -7.6670833e-01   3.5530620e-01
   1.2590000e+03  -7.5991741e-01   3.5556856e-01
   1.2600000e+03  -7.5607448e-01   3.5678638e-01
   1.2610000e+03  -7.5540958e-01   3.6784902e-01
   1.2620000e+03  -7.5033824e-01   3.6083041e-01
   1.2630000e+03  -7.4961834e-01   3.6408018e-01
   1.2640000e+03  -7.4917548e-01   3.6653214e-01
   1.2650000e+03  -7.4920029e-01   3.6827566e-01
   1.2660000e+03  -7.4820992e-01   3.7320854e-01
   1.2670000e+03  -7.4630396e-01   3.7713391e-01
   1.2680000e+03  -7.4395726e-01   3.8160488e-01
   1.2690000e+03  -7.4027289e-01   3.8710366e-01
   1.2700000e+03  -7.3764471e-01   3.9319216e-01
   1.2710000e+03  -7.3316901e-01   3.9919378e-01
   1.2720000e+03  -7.2837386e-01   4.0426902e-01
   1.2730000e+03  -7.2528345e-01   4.1428172e-01
   1.2740000e+03  -7.2256770e-01   4.2008701e-01
   1.2750000e+03  -7.1996562e-01   4.2464101e-01
   1.2760000e+03  -7.1457798e-01   4.2852487e-01
   1.2770000e+03  -7.0845976e-01   4.3188794e-01
   1.2780000e+03  -7.0043838e-01   4.3467435e-01
   1.2790000e+03  -6.9155206e-01   4.3833946e-01
   1.2800000e+03  -6.8028728e-01   4.4047133e-01
   1.2810000e+03  -6.7050859e-01   4.4297729e-01
   1.2820000e+03  -6.5842687e-01   4.4335020e-01
   1.2830000e+03  -6.4573090e-01   4.4123833e-01
   1.2840000e+03  -6.3267776e-01   4.3740471e-01
   1.2850000e+03  -6.1866286e-01   4.3266441e-01
   1.2860000e+03  -6.1202945e-01   4.3057224e-01
   1.2870000e+03  -6.0833766e-01   4.3024747e-01
   1.2880000e+03  -6.0675962e-01   4.3156375e-01
   1.2890000e+03  -6.0595197e-01   4.3501260e-01
   1.2900000e+03  -6.0341919e-01   4.4074007e-01
   1.2910000e+03  -6.0036573e-01   4.4820859e-01
   1.2920000e+03  -5.9617117e-01   4.5491451e-01
   1.2930000e+03  -5.9221949e-01   4.6203151e-01
   1.2940000e+03  -5.8953996e-01   4.6822976e-01
   1.2950000e+03  -5.8811189e-01   4.7239268e-01
   1.2960000e+03  -5.8891197e-01   4.7734144e-01
   1.2970000e+03  -5.8922849e-01   4.8252913e-01
   1.2980000e+03  -5.8960535e-01   4.8471137e-01
   1.2990000e+03  -5.8958181e-01   4.8714936e-01
   1.3000000e+03  -5.8521619e-01   4.8931728e-01
   1.3010000e+03  -5.7822994e-01   4.9153342e-01
   1.3020000e+03  -5.6772759e-01   4.9483468e-01
   1.3030000e+03  -5.5275152e-01   4.9727790e-01
   1.3040000e+03  -5.3320591e-01   4.9901907e-01
   1.3050000e+03  -5.0943919e-01   4.9941436e-01
   1.3060000e+03  -4.8237281e-01   4.9704622e-01
   1.3070000e+03  -4.5316026e-01   4.9068096e-01
   1.3080000e+03  -4.2492078e-01   4.7928395e-01
   1.3090000e+03  -4.0205738e-01   4.6830849e-01
   1.3100000e+03  -3.9158357e-01   4.5669625e-01
   1.3110000e+03  -3.8654025e-01   4.4718637e-01
   1.3120000e+03  -3.8841455e-01   4.4100573e-01
   1.3130000e+03  -3.8948212e-01   4.3811757e-01
   1.3140000e+03  -3.8837947e-01   4.3838222e-01
   1.3150000e+03  -3.8572601e-01   4.3784075e-01
   1.3160000e+03  -3.7759100e-01   4.3663413e-01
   1.3170000e+03  -3.7033278e-01   4.3404397e-01
   1.3180000e+03  -3.6508625e-01   4.2864836e-01
   1.3190000e+03  -3.6416069e-01   4.2439146e-01
   1.3200000e+03  -3.6825862e-01   4.2312491e-01
   1.3210000e+03  -3.7213399e-01   4.1920972e-01
   1.3220000e+03  -3.7566783e-01   4.1394191e-01
   1.3230000e+03  -3.7938480e-01   4.0737179e-01
   1.3240000e+03  -3.8175407e-01   3.9845398e-01
   1.3250000e+03  -3.8389540e-01   3.8888174e-01
   1.3260000e+03  -3.8372311e-01   3.7938294e-01
   1.3270000e+03  -3.8336709e-01   3.6825210e-01
   1.3280000e+03  -3.8505164e-01   3.5714748e-01
   1.3290000e+03  -3.8891163e-01   3.4039208e-01
   1.3300000e+03  -3.9107842e-01   3.2620473e-01
   1.3310000e+03  -4.0247335e-01   3.0606275e-01
   1.3320000e+03  -4.1151479e-01   2.9993420e-01
   1.3330000e+03  -4.0401285e-01   2.8321139e-01
   1.3340000e+03  -4.3707609e-01   3.1685250e-01
   1.3350000e+03  -4.3092800e-01   2.8980520e-01
   1.3360000e+03  -4.3953690e-01   3.0003386e-01
   1.3370000e+03  -4.3774776e-01   2.7789076e-01
   1.3380000e+03  -4.4049538e-01   2.7106025e-01
   1.3390000e+03  -4.3542313e-01   2.6419606e-01
   1.3400000e+03  -4.3504275e-01   2.4463842e-01
   1.3410000e+03  -4.3141644e-01   2.3650410e-01
   1.3420000e+03  -4.2722199e-01   2.2515011e-01
   1.3430000e+03  -4.2487644e-01   2.1805634e-01
   1.3440000e+03  -4.2300094e-01   2.0965755e-01
   1.3450000e+03  -4.2215125e-01   2.0216455e-01
   1.3460000e+03  -4.2244096e-01   1.9563725e-01
   1.3470000e+03  -4.2722769e-01   1.8938402e-01
   1.3480000e+03  -4.2425083e-01   1.8468275e-01
   1.3490000e+03  -4.2315177e-01   1.8125586e-01
   1.3500000e+03  -4.2477536e-01   1.8718193e-01
   1.3510000e+03  -4.2310878e-01   1.8619173e-01
   1.3520000e+03  -4.2609157e-01   1.8256903e-01
   1.3530000e+03  -4.3701269e-01   1.8737709e-01
   1.3540000e+03  -4.4057942e-01   1.8676063e-01
   1.3550000e+03  -4.3647233e-01   1.8466943e-01
   1.3560000e+03  -4.2829266e-01   1.8419248e-01
   1.3570000e+03  -4.1330582e-01   1.8518646e-01
   1.3580000e+03  -4.0418789e-01   1.8920267e-01
   1.3590000e+03  -3.9832383e-01   1.9002348e-01
   1.3600000e+03  -3.9263991e-01   1.8982252e-01
   1.3610000e+03  -3.8622993e-01   1.8342478e-01
   1.3620000e+03  -3.7809202e-01   1.7494011e-01
   1.3630000e+03  -3.6806003e-01   1.6397012e-01
   1.3640000e+03  -3.5104109e-01   1.5538836e-01
   1.3650000e+03  -3.3018561e-01   1.5249919e-01
   1.3660000e+03  -3.0521442e-01   1.5425407e-01
   1.3670000e+03  -2.8768288e-01   1.5199374e-01
   1.3680000e+03  -2.6914758e-01   1.3792755e-01
   1.3690000e+03  -2.6016274e-01   1.1857418e-01
