   2.2700000e+02   2.7561550e+00   2.5365734e+00
   2.2800000e+02   2.7451529e+00   2.5295175e+00
   2.2900000e+02   2.7313205e+00   2.5222854e+00
   2.3000000e+02   2.7171958e+00   2.5137126e+00
   2.3100000e+02   2.7025462e+00   2.5033110e+00
   2.3200000e+02   2.6885668e+00   2.4921767e+00
   2.3300000e+02   2.6746224e+00   2.4811013e+00
   2.3400000e+02   2.6621794e+00   2.4709450e+00
   2.3500000e+02   2.6496048e+00   2.4614404e+00
   2.3600000e+02   2.6380181e+00   2.4531968e+00
   2.3700000e+02   2.6262882e+00   2.4468311e+00
   2.3800000e+02   2.6153315e+00   2.4420387e+00
   2.3900000e+02   2.6039092e+00   2.4383836e+00
   2.4000000e+02   2.5910253e+00   2.4356066e+00
   2.4100000e+02   2.5762242e+00   2.4340647e+00
   2.4200000e+02   2.5583683e+00   2.4320698e+00
   2.4300000e+02   2.5401907e+00   2.4316596e+00
   2.4400000e+02   2.5211396e+00   2.4311274e+00
   2.4500000e+02   2.5030735e+00   2.4304088e+00
   2.4600000e+02   2.4843645e+00   2.4288901e+00
   2.4700000e+02   2.4666801e+00   2.4268682e+00
   2.4800000e+02   2.4509884e+00   2.4230055e+00
   2.4900000e+02   2.4370323e+00   2.4175324e+00
   2.5000000e+02   2.4234504e+00   2.4100694e+00
   2.5100000e+02   2.4112302e+00   2.4010049e+00
   2.5200000e+02   2.3983914e+00   2.3907617e+00
   2.5300000e+02   2.3872978e+00   2.3784527e+00
   2.5400000e+02   2.3741961e+00   2.3665711e+00
   2.5500000e+02   2.3609893e+00   2.3540402e+00
   2.5600000e+02   2.3467634e+00   2.3421877e+00
   2.5700000e+02   2.3319950e+00   2.3310000e+00
   2.5800000e+02   2.3159299e+00   2.3220360e+00
   2.5900000e+02   2.2990231e+00   2.3143380e+00
   2.6000000e+02   2.2811369e+00   2.3089462e+00
   2.6100000e+02   2.2634683e+00   2.3050827e+00
   2.6200000e+02   2.2452083e+00   2.3039001e+00
   2.6300000e+02   2.2269693e+00   2.3027143e+00
   2.6400000e+02   2.2099503e+00   2.3005812e+00
   2.6500000e+02   2.1941805e+00   2.2967907e+00
   2.6600000e+02   2.1767827e+00   2.2906172e+00
   2.6700000e+02   2.1605450e+00   2.2828005e+00
   2.6800000e+02   2.1445034e+00   2.2737185e+00
   2.6900000e+02   2.1298869e+00   2.2634085e+00
   2.7000000e+02   2.1148158e+00   2.2529114e+00
   2.7100000e+02   2.1017224e+00   2.2435187e+00
   2.7200000e+02   2.0900869e+00   2.2349864e+00
   2.7300000e+02   2.0792797e+00   2.2267532e+00
   2.7400000e+02   2.0687072e+00   2.2188732e+00
   2.7500000e+02   2.0576184e+00   2.2123959e+00
   2.7600000e+02   2.0461846e+00   2.2072439e+00
   2.7700000e+02   2.0321431e+00   2.2025556e+00
   2.7800000e+02   2.0181577e+00   2.1986484e+00
   2.7900000e+02   2.0046152e+00   2.1948244e+00
   2.8000000e+02   1.9919692e+00   2.1913401e+00
   2.8100000e+02   1.9808524e+00   2.1892495e+00
   2.8200000e+02   1.9697181e+00   2.1869341e+00
   2.8300000e+02   1.9593004e+00   2.1862755e+00
   2.8400000e+02   1.9514575e+00   2.1857836e+00
   2.8500000e+02   1.9469950e+00   2.1866147e+00
   2.8600000e+02   1.9483371e+00   2.1886679e+00
   2.8700000e+02   1.9485711e+00   2.1904157e+00
   2.8800000e+02   1.9490206e+00   2.1920352e+00
   2.8900000e+02   1.9468233e+00   2.1939234e+00
   2.9000000e+02   1.9372432e+00   2.1906345e+00
   2.9100000e+02   1.9213228e+00   2.1864757e+00
   2.9200000e+02   1.9025706e+00   2.1839509e+00
   2.9300000e+02   1.8828110e+00   2.1828840e+00
   2.9400000e+02   1.8623332e+00   2.1808520e+00
   2.9500000e+02   1.8430557e+00   2.1743066e+00
   2.9600000e+02   1.8245677e+00   2.1644152e+00
   2.9700000e+02   1.8077564e+00   2.1523116e+00
   2.9800000e+02   1.7953064e+00   2.1401827e+00
   2.9900000e+02   1.7848999e+00   2.1293349e+00
   3.0000000e+02   1.7760968e+00   2.1216995e+00
   3.0100000e+02   1.7687973e+00   2.1172653e+00
   3.0200000e+02   1.7611138e+00   2.1169840e+00
   3.0300000e+02   1.7505052e+00   2.1189189e+00
   3.0400000e+02   1.7380800e+00   2.1211126e+00
   3.0500000e+02   1.7251243e+00   2.1223487e+00
   3.0600000e+02   1.7110871e+00   2.1216083e+00
   3.0700000e+02   1.6996645e+00   2.1193900e+00
   3.0800000e+02   1.6908978e+00   2.1149548e+00
   3.0900000e+02   1.6851474e+00   2.1090786e+00
   3.1000000e+02   1.6799934e+00   2.1040646e+00
   3.1100000e+02   1.6752229e+00   2.1004019e+00
   3.1200000e+02   1.6705238e+00   2.0970891e+00
   3.1300000e+02   1.6684814e+00   2.0934547e+00
   3.1400000e+02   1.6712247e+00   2.0880001e+00
   3.1500000e+02   1.6656616e+00   2.0738105e+00
   3.1600000e+02   1.6522319e+00   2.0799221e+00
   3.1700000e+02   1.6473376e+00   2.0765091e+00
   3.1800000e+02   1.6428847e+00   2.0736122e+00
   3.1900000e+02   1.6380570e+00   2.0708252e+00
   3.2000000e+02   1.6333751e+00   2.0690796e+00
   3.2100000e+02   1.6286508e+00   2.0678833e+00
   3.2200000e+02   1.6224280e+00   2.0662411e+00
   3.2300000e+02   1.6160936e+00   2.0659730e+00
   3.2400000e+02   1.6047564e+00   2.0585634e+00
   3.2500000e+02   1.5928804e+00   2.0646152e+00
   3.2600000e+02   1.5895138e+00   2.0574540e+00
   3.2700000e+02   1.5602440e+00   2.0428149e+00
   3.2800000e+02   1.5475215e+00   2.0319190e+00
   3.2900000e+02   1.5530310e+00   2.0179656e+00
   3.3000000e+02   1.5310576e+00   2.0093872e+00
   3.3100000e+02   1.5437041e+00   1.9925524e+00
   3.3200000e+02   1.5133714e+00   1.9872692e+00
   3.3300000e+02   1.5052854e+00   1.9774451e+00
   3.3400000e+02   1.4975861e+00   1.9648747e+00
   3.3500000e+02   1.4894723e+00   1.9488547e+00
   3.3600000e+02   1.4843473e+00   1.9331534e+00
   3.3700000e+02   1.4790183e+00   1.9146681e+00
   3.3800000e+02   1.4742669e+00   1.9049170e+00
   3.3900000e+02   1.4692812e+00   1.9006572e+00
   3.4000000e+02   1.4621904e+00   1.8997146e+00
   3.4100000e+02   1.4546475e+00   1.8999717e+00
   3.4200000e+02   1.4470383e+00   1.9000941e+00
   3.4300000e+02   1.4415039e+00   1.8996897e+00
   3.4400000e+02   1.4408834e+00   1.8996253e+00
   3.4500000e+02   1.4443414e+00   1.8998466e+00
   3.4600000e+02   1.4491507e+00   1.9008736e+00
   3.4700000e+02   1.4530587e+00   1.9012772e+00
   3.4800000e+02   1.4552125e+00   1.9017965e+00
   3.4900000e+02   1.4572255e+00   1.9023685e+00
   3.5000000e+02   1.4572989e+00   1.9032587e+00
   3.5100000e+02   1.4560434e+00   1.9050975e+00
   3.5200000e+02   1.4556850e+00   1.9083439e+00
   3.5300000e+02   1.4564271e+00   1.9125743e+00
   3.5400000e+02   1.4582922e+00   1.9164690e+00
   3.5500000e+02   1.4613703e+00   1.9187400e+00
   3.5600000e+02   1.4663705e+00   1.9207432e+00
   3.5700000e+02   1.4721700e+00   1.9217382e+00
   3.5800000e+02   1.4776519e+00   1.9221240e+00
   3.5900000e+02   1.4826490e+00   1.9219475e+00
   3.6000000e+02   1.4861086e+00   1.9190505e+00
   3.6100000e+02   1.4892787e+00   1.9171417e+00
   3.6200000e+02   1.4904413e+00   1.9142924e+00
   3.6300000e+02   1.4896815e+00   1.9129588e+00
   3.6400000e+02   1.4877487e+00   1.9118217e+00
   3.6500000e+02   1.4849829e+00   1.9084425e+00
   3.6600000e+02   1.4827255e+00   1.9033308e+00
   3.6700000e+02   1.4786129e+00   1.8970736e+00
   3.6800000e+02   1.4755177e+00   1.8908835e+00
   3.6900000e+02   1.4720108e+00   1.8847841e+00
   3.7000000e+02   1.4691838e+00   1.8799727e+00
   3.7100000e+02   1.4668732e+00   1.8771663e+00
   3.7200000e+02   1.4664351e+00   1.8762122e+00
   3.7300000e+02   1.4662534e+00   1.8767917e+00
   3.7400000e+02   1.4669547e+00   1.8786029e+00
   3.7500000e+02   1.4685177e+00   1.8805849e+00
   3.7600000e+02   1.4688233e+00   1.8821838e+00
   3.7700000e+02   1.4691238e+00   1.8821842e+00
   3.7800000e+02   1.4690161e+00   1.8807142e+00
   3.7900000e+02   1.4678177e+00   1.8761927e+00
   3.8000000e+02   1.4663410e+00   1.8719888e+00
   3.8100000e+02   1.4638531e+00   1.8693173e+00
   3.8200000e+02   1.4617366e+00   1.8681553e+00
   3.8300000e+02   1.4577942e+00   1.8689499e+00
   3.8400000e+02   1.4551261e+00   1.8714259e+00
   3.8500000e+02   1.4514405e+00   1.8749798e+00
   3.8600000e+02   1.4493042e+00   1.8784234e+00
   3.8700000e+02   1.4486779e+00   1.8811303e+00
   3.8800000e+02   1.4479260e+00   1.8826110e+00
   3.8900000e+02   1.4472070e+00   1.8834441e+00
   3.9000000e+02   1.4466054e+00   1.8826820e+00
   3.9100000e+02   1.4452561e+00   1.8818857e+00
   3.9200000e+02   1.4433864e+00   1.8801535e+00
   3.9300000e+02   1.4411677e+00   1.8786116e+00
   3.9400000e+02   1.4381152e+00   1.8765405e+00
   3.9500000e+02   1.4345107e+00   1.8737925e+00
   3.9600000e+02   1.4307905e+00   1.8712443e+00
   3.9700000e+02   1.4258314e+00   1.8670727e+00
   3.9800000e+02   1.4212356e+00   1.8625221e+00
   3.9900000e+02   1.4150360e+00   1.8580247e+00
   4.0000000e+02   1.4095948e+00   1.8530050e+00
   4.0100000e+02   1.4028287e+00   1.8492342e+00
   4.0200000e+02   1.3978063e+00   1.8465578e+00
   4.0300000e+02   1.3948677e+00   1.8459756e+00
   4.0400000e+02   1.3927656e+00   1.8463412e+00
   4.0500000e+02   1.3897048e+00   1.8472443e+00
   4.0600000e+02   1.3859992e+00   1.8472499e+00
   4.0700000e+02   1.3809499e+00   1.8462604e+00
   4.0800000e+02   1.3736637e+00   1.8454247e+00
   4.0900000e+02   1.3666414e+00   1.8442733e+00
   4.1000000e+02   1.3598979e+00   1.8440024e+00
   4.1100000e+02   1.3550784e+00   1.8435156e+00
   4.1200000e+02   1.3525247e+00   1.8428328e+00
   4.1300000e+02   1.3509383e+00   1.8415173e+00
   4.1400000e+02   1.3492916e+00   1.8393715e+00
   4.1500000e+02   1.3485211e+00   1.8357568e+00
   4.1600000e+02   1.3465903e+00   1.8317949e+00
   4.1700000e+02   1.3438782e+00   1.8272851e+00
   4.1800000e+02   1.3400215e+00   1.8223468e+00
   4.1900000e+02   1.3371458e+00   1.8165764e+00
   4.2000000e+02   1.3359530e+00   1.8107818e+00
   4.2100000e+02   1.3350561e+00   1.8037340e+00
   4.2200000e+02   1.3362302e+00   1.7992442e+00
   4.2300000e+02   1.3392315e+00   1.7935836e+00
   4.2400000e+02   1.3439623e+00   1.7858627e+00
   4.2500000e+02   1.3503112e+00   1.7777276e+00
   4.2600000e+02   1.3567113e+00   1.7678968e+00
   4.2700000e+02   1.3624975e+00   1.7605570e+00
   4.2800000e+02   1.3667545e+00   1.7545394e+00
   4.2900000e+02   1.3703900e+00   1.7497585e+00
   4.3000000e+02   1.3732121e+00   1.7438686e+00
   4.3100000e+02   1.3752501e+00   1.7380645e+00
   4.3200000e+02   1.3770561e+00   1.7332963e+00
   4.3300000e+02   1.3790611e+00   1.7293310e+00
   4.3400000e+02   1.3794740e+00   1.7256801e+00
   4.3500000e+02   1.3781876e+00   1.7243492e+00
   4.3600000e+02   1.3765801e+00   1.7230955e+00
   4.3700000e+02   1.3755141e+00   1.7231560e+00
   4.3800000e+02   1.3762559e+00   1.7229140e+00
   4.3900000e+02   1.3749986e+00   1.7218721e+00
   4.4000000e+02   1.3761656e+00   1.7214108e+00
   4.4100000e+02   1.3773877e+00   1.7209011e+00
   4.4200000e+02   1.3791483e+00   1.7206772e+00
   4.4300000e+02   1.3816248e+00   1.7200933e+00
   4.4400000e+02   1.3847027e+00   1.7189211e+00
   4.4500000e+02   1.3901383e+00   1.7187893e+00
   4.4600000e+02   1.3929753e+00   1.7150395e+00
   4.4700000e+02   1.3951697e+00   1.7127463e+00
   4.4800000e+02   1.3970735e+00   1.7099070e+00
   4.4900000e+02   1.3962324e+00   1.7064131e+00
   4.5000000e+02   1.3944502e+00   1.7032914e+00
   4.5100000e+02   1.3897184e+00   1.6996456e+00
   4.5200000e+02   1.3834300e+00   1.6957568e+00
   4.5300000e+02   1.3752248e+00   1.6911204e+00
   4.5400000e+02   1.3665157e+00   1.6846744e+00
   4.5500000e+02   1.3583215e+00   1.6806471e+00
   4.5600000e+02   1.3494169e+00   1.6719966e+00
   4.5700000e+02   1.3430472e+00   1.6628894e+00
   4.5800000e+02   1.3368388e+00   1.6552313e+00
   4.5900000e+02   1.3307017e+00   1.6478369e+00
   4.6000000e+02   1.3286822e+00   1.6420401e+00
   4.6100000e+02   1.3279797e+00   1.6368548e+00
   4.6200000e+02   1.3292023e+00   1.6342097e+00
   4.6300000e+02   1.3309180e+00   1.6322914e+00
   4.6400000e+02   1.3319776e+00   1.6312898e+00
   4.6500000e+02   1.3332515e+00   1.6318619e+00
   4.6600000e+02   1.3345429e+00   1.6316342e+00
   4.6700000e+02   1.3371667e+00   1.6315674e+00
   4.6800000e+02   1.3407113e+00   1.6306758e+00
   4.6900000e+02   1.3439364e+00   1.6302652e+00
   4.7000000e+02   1.3457723e+00   1.6300220e+00
   4.7100000e+02   1.3465527e+00   1.6308153e+00
   4.7200000e+02   1.3451287e+00   1.6323405e+00
   4.7300000e+02   1.3436205e+00   1.6339866e+00
   4.7400000e+02   1.3396521e+00   1.6352670e+00
   4.7500000e+02   1.3353049e+00   1.6367381e+00
   4.7600000e+02   1.3303361e+00   1.6385934e+00
   4.7700000e+02   1.3251376e+00   1.6397730e+00
   4.7800000e+02   1.3201036e+00   1.6403114e+00
   4.7900000e+02   1.3157588e+00   1.6412166e+00
   4.8000000e+02   1.3108386e+00   1.6421509e+00
   4.8100000e+02   1.3060701e+00   1.6431696e+00
   4.8200000e+02   1.3020713e+00   1.6448317e+00
   4.8300000e+02   1.2995264e+00   1.6465367e+00
   4.8400000e+02   1.2987733e+00   1.6472763e+00
   4.8500000e+02   1.2977878e+00   1.6483470e+00
   4.8600000e+02   1.2966376e+00   1.6493074e+00
   4.8700000e+02   1.2943331e+00   1.6504499e+00
   4.8800000e+02   1.2905921e+00   1.6518107e+00
   4.8900000e+02   1.2852836e+00   1.6534307e+00
   4.9000000e+02   1.2788687e+00   1.6559065e+00
   4.9100000e+02   1.2713850e+00   1.6587573e+00
   4.9200000e+02   1.2636946e+00   1.6625539e+00
   4.9300000e+02   1.2569327e+00   1.6671096e+00
   4.9400000e+02   1.2498204e+00   1.6697431e+00
   4.9500000e+02   1.2427613e+00   1.6718354e+00
   4.9600000e+02   1.2357639e+00   1.6749261e+00
   4.9700000e+02   1.2278267e+00   1.6785576e+00
   4.9800000e+02   1.2184367e+00   1.6826922e+00
   4.9900000e+02   1.2086266e+00   1.6865151e+00
   5.0000000e+02   1.1984452e+00   1.6906442e+00
   5.0100000e+02   1.1893873e+00   1.6942287e+00
   5.0200000e+02   1.1799018e+00   1.6975697e+00
   5.0300000e+02   1.1696641e+00   1.7019946e+00
   5.0400000e+02   1.1589826e+00   1.7070456e+00
   5.0500000e+02   1.1460767e+00   1.7132557e+00
   5.0600000e+02   1.1345164e+00   1.7182054e+00
   5.0700000e+02   1.1244027e+00   1.7205684e+00
   5.0800000e+02   1.1129615e+00   1.7231666e+00
   5.0900000e+02   1.1022301e+00   1.7237630e+00
   5.1000000e+02   1.0898162e+00   1.7241313e+00
   5.1100000e+02   1.0773064e+00   1.7270728e+00
   5.1200000e+02   1.0659151e+00   1.7317734e+00
   5.1300000e+02   1.0559303e+00   1.7384714e+00
   5.1400000e+02   1.0485016e+00   1.7458645e+00
   5.1500000e+02   1.0425931e+00   1.7528392e+00
   5.1600000e+02   1.0362568e+00   1.7579229e+00
   5.1700000e+02   1.0289459e+00   1.7609963e+00
   5.1800000e+02   1.0221149e+00   1.7662285e+00
   5.1900000e+02   1.0146216e+00   1.7724422e+00
   5.2000000e+02   1.0076778e+00   1.7797554e+00
   5.2100000e+02   1.0015930e+00   1.7873716e+00
   5.2200000e+02   9.9588945e-01   1.7970224e+00
   5.2300000e+02   9.9080931e-01   1.8069129e+00
   5.2400000e+02   9.8742216e-01   1.8165821e+00
   5.2500000e+02   9.8434720e-01   1.8242842e+00
   5.2600000e+02   9.8255838e-01   1.8300666e+00
   5.2700000e+02   9.8117181e-01   1.8332305e+00
   5.2800000e+02   9.7936128e-01   1.8353457e+00
   5.2900000e+02   9.7880348e-01   1.8363183e+00
   5.3000000e+02   9.7335076e-01   1.8349694e+00
   5.3100000e+02   9.6702262e-01   1.8327301e+00
   5.3200000e+02   9.5906781e-01   1.8284011e+00
   5.3300000e+02   9.4925840e-01   1.8224668e+00
   5.3400000e+02   9.3752134e-01   1.8152504e+00
   5.3500000e+02   9.2489151e-01   1.8060156e+00
   5.3600000e+02   9.1562360e-01   1.7962800e+00
   5.3700000e+02   9.0989889e-01   1.7887072e+00
   5.3800000e+02   9.0726597e-01   1.7833402e+00
   5.3900000e+02   9.0525511e-01   1.7793712e+00
   5.4000000e+02   9.0412244e-01   1.7774365e+00
   5.4100000e+02   9.0486158e-01   1.7758340e+00
   5.4200000e+02   9.0741019e-01   1.7736002e+00
   5.4300000e+02   9.1067907e-01   1.7720948e+00
   5.4400000e+02   9.1348121e-01   1.7703857e+00
   5.4500000e+02   9.1547395e-01   1.7682376e+00
   5.4600000e+02   9.1730588e-01   1.7651365e+00
   5.4700000e+02   9.2057467e-01   1.7603860e+00
   5.4800000e+02   9.2566427e-01   1.7542002e+00
   5.4900000e+02   9.3269045e-01   1.7462651e+00
   5.5000000e+02   9.4036073e-01   1.7385195e+00
   5.5100000e+02   9.4765773e-01   1.7315499e+00
   5.5200000e+02   9.5427333e-01   1.7257395e+00
   5.5300000e+02   9.6248112e-01   1.7199180e+00
   5.5400000e+02   9.6738275e-01   1.7166496e+00
   5.5500000e+02   9.7251989e-01   1.7153538e+00
   5.5600000e+02   9.7541026e-01   1.7155030e+00
   5.5700000e+02   9.7739630e-01   1.7184501e+00
   5.5800000e+02   9.7706845e-01   1.7227608e+00
   5.5900000e+02   9.7713673e-01   1.7272736e+00
   5.6000000e+02   9.7672415e-01   1.7321347e+00
   5.6100000e+02   9.7629955e-01   1.7366279e+00
   5.6200000e+02   9.7577789e-01   1.7404151e+00
   5.6300000e+02   9.7515606e-01   1.7430862e+00
   5.6400000e+02   9.7531712e-01   1.7451330e+00
   5.6500000e+02   9.7617460e-01   1.7468480e+00
   5.6600000e+02   9.7482426e-01   1.7472686e+00
   5.6700000e+02   9.7391991e-01   1.7467798e+00
   5.6800000e+02   9.7284854e-01   1.7451704e+00
   5.6900000e+02   9.7288476e-01   1.7434525e+00
   5.7000000e+02   9.7361900e-01   1.7424285e+00
   5.7100000e+02   9.7512568e-01   1.7427619e+00
   5.7200000e+02   9.7702557e-01   1.7447667e+00
   5.7300000e+02   9.7873602e-01   1.7479298e+00
   5.7400000e+02   9.8193533e-01   1.7519770e+00
   5.7500000e+02   9.8587829e-01   1.7547485e+00
   5.7600000e+02   9.9216747e-01   1.7549849e+00
   5.7700000e+02   9.9957857e-01   1.7522770e+00
   5.7800000e+02   1.0085875e+00   1.7480288e+00
   5.7900000e+02   1.0157334e+00   1.7434873e+00
   5.8000000e+02   1.0209410e+00   1.7380612e+00
   5.8100000e+02   1.0248752e+00   1.7320523e+00
   5.8200000e+02   1.0280657e+00   1.7238827e+00
   5.8300000e+02   1.0313283e+00   1.7143141e+00
   5.8400000e+02   1.0354925e+00   1.7029238e+00
   5.8500000e+02   1.0414394e+00   1.6924546e+00
   5.8600000e+02   1.0488491e+00   1.6822844e+00
   5.8700000e+02   1.0568996e+00   1.6738152e+00
   5.8800000e+02   1.0666485e+00   1.6674829e+00
   5.8900000e+02   1.0784749e+00   1.6634355e+00
   5.9000000e+02   1.0899577e+00   1.6623956e+00
   5.9100000e+02   1.1043070e+00   1.6604926e+00
   5.9200000e+02   1.1174202e+00   1.6591376e+00
   5.9300000e+02   1.1300581e+00   1.6560161e+00
   5.9400000e+02   1.1423756e+00   1.6517905e+00
   5.9500000e+02   1.1549747e+00   1.6449562e+00
   5.9600000e+02   1.1667042e+00   1.6363558e+00
   5.9700000e+02   1.1776393e+00   1.6251748e+00
   5.9800000e+02   1.1875267e+00   1.6117633e+00
   5.9900000e+02   1.1972222e+00   1.5987607e+00
   6.0000000e+02   1.2088887e+00   1.5869248e+00
   6.0100000e+02   1.2210492e+00   1.5773691e+00
   6.0200000e+02   1.2349927e+00   1.5695276e+00
   6.0300000e+02   1.2465053e+00   1.5627569e+00
   6.0400000e+02   1.2564273e+00   1.5556362e+00
   6.0500000e+02   1.2648456e+00   1.5475171e+00
   6.0600000e+02   1.2744020e+00   1.5368286e+00
   6.0700000e+02   1.2850723e+00   1.5253005e+00
   6.0800000e+02   1.2965806e+00   1.5143403e+00
   6.0900000e+02   1.3094679e+00   1.5069607e+00
   6.1000000e+02   1.3216473e+00   1.5051142e+00
   6.1100000e+02   1.3329166e+00   1.5067018e+00
   6.1200000e+02   1.3440985e+00   1.5101577e+00
   6.1300000e+02   1.3566013e+00   1.5135740e+00
   6.1400000e+02   1.3686356e+00   1.5147345e+00
   6.1500000e+02   1.3812368e+00   1.5137215e+00
   6.1600000e+02   1.3937408e+00   1.5116885e+00
   6.1700000e+02   1.4074849e+00   1.5117321e+00
   6.1800000e+02   1.4217759e+00   1.5124253e+00
   6.1900000e+02   1.4383312e+00   1.5104521e+00
   6.2000000e+02   1.4525559e+00   1.5077646e+00
   6.2100000e+02   1.4611708e+00   1.5042068e+00
   6.2200000e+02   1.4680767e+00   1.5031875e+00
   6.2300000e+02   1.4727429e+00   1.5059967e+00
   6.2400000e+02   1.4749143e+00   1.5100521e+00
   6.2500000e+02   1.4762581e+00   1.5175202e+00
   6.2600000e+02   1.4737335e+00   1.5234307e+00
   6.2700000e+02   1.4682039e+00   1.5289036e+00
   6.2800000e+02   1.4612377e+00   1.5342600e+00
   6.2900000e+02   1.4541284e+00   1.5400307e+00
   6.3000000e+02   1.4480511e+00   1.5463001e+00
   6.3100000e+02   1.4446581e+00   1.5533459e+00
   6.3200000e+02   1.4442792e+00   1.5626408e+00
   6.3300000e+02   1.4462040e+00   1.5729647e+00
   6.3400000e+02   1.4500724e+00   1.5860787e+00
   6.3500000e+02   1.4541396e+00   1.5997666e+00
   6.3600000e+02   1.4593887e+00   1.6117967e+00
   6.3700000e+02   1.4648552e+00   1.6243556e+00
   6.3800000e+02   1.4714979e+00   1.6329065e+00
   6.3900000e+02   1.4797325e+00   1.6389459e+00
   6.4000000e+02   1.4877133e+00   1.6420132e+00
   6.4100000e+02   1.4969846e+00   1.6423610e+00
   6.4200000e+02   1.5056142e+00   1.6418736e+00
   6.4300000e+02   1.5127807e+00   1.6406165e+00
   6.4400000e+02   1.5183908e+00   1.6393285e+00
   6.4500000e+02   1.5224532e+00   1.6376160e+00
   6.4600000e+02   1.5249974e+00   1.6345447e+00
   6.4700000e+02   1.5267340e+00   1.6301080e+00
   6.4800000e+02   1.5278937e+00   1.6237939e+00
   6.4900000e+02   1.5293419e+00   1.6180533e+00
   6.5000000e+02   1.5292273e+00   1.6142493e+00
   6.5100000e+02   1.5285098e+00   1.6131823e+00
   6.5200000e+02   1.5271072e+00   1.6143043e+00
   6.5300000e+02   1.5236046e+00   1.6172029e+00
   6.5400000e+02   1.5177711e+00   1.6200216e+00
   6.5500000e+02   1.5099821e+00   1.6228508e+00
   6.5600000e+02   1.4981059e+00   1.6263460e+00
   6.5700000e+02   1.4821550e+00   1.6308927e+00
   6.5800000e+02   1.4644448e+00   1.6356240e+00
   6.5900000e+02   1.4453051e+00   1.6407133e+00
   6.6000000e+02   1.4264064e+00   1.6472184e+00
   6.6100000e+02   1.4084513e+00   1.6544379e+00
   6.6200000e+02   1.3927476e+00   1.6612064e+00
   6.6300000e+02   1.3788436e+00   1.6661150e+00
   6.6400000e+02   1.3660962e+00   1.6695627e+00
   6.6500000e+02   1.3536561e+00   1.6714127e+00
   6.6600000e+02   1.3405624e+00   1.6730071e+00
   6.6700000e+02   1.3263301e+00   1.6737580e+00
   6.6800000e+02   1.3085260e+00   1.6733717e+00
   6.6900000e+02   1.2904934e+00   1.6700429e+00
   6.7000000e+02   1.2705033e+00   1.6647738e+00
   6.7100000e+02   1.2504922e+00   1.6578138e+00
   6.7200000e+02   1.2318046e+00   1.6526300e+00
   6.7300000e+02   1.2144662e+00   1.6522898e+00
   6.7400000e+02   1.2051698e+00   1.6554393e+00
   6.7500000e+02   1.1969209e+00   1.6610937e+00
   6.7600000e+02   1.1893545e+00   1.6668483e+00
   6.7700000e+02   1.1826253e+00   1.6696766e+00
   6.7800000e+02   1.1752968e+00   1.6686268e+00
   6.7900000e+02   1.1674208e+00   1.6651716e+00
   6.8000000e+02   1.1577978e+00   1.6593498e+00
   6.8100000e+02   1.1479163e+00   1.6507324e+00
   6.8200000e+02   1.1393312e+00   1.6412803e+00
   6.8300000e+02   1.1302719e+00   1.6315819e+00
   6.8400000e+02   1.1216021e+00   1.6228065e+00
   6.8500000e+02   1.1116070e+00   1.6128886e+00
   6.8600000e+02   1.0966581e+00   1.6014690e+00
   6.8700000e+02   1.0790093e+00   1.5902150e+00
   6.8800000e+02   1.0598909e+00   1.5810334e+00
   6.8900000e+02   1.0410907e+00   1.5737517e+00
   6.9000000e+02   1.0228860e+00   1.5665266e+00
   6.9100000e+02   1.0087324e+00   1.5602749e+00
   6.9200000e+02   9.9515693e-01   1.5547672e+00
   6.9300000e+02   9.8772278e-01   1.5500491e+00
   6.9400000e+02   9.8260456e-01   1.5447300e+00
   6.9500000e+02   9.7602147e-01   1.5389947e+00
   6.9600000e+02   9.6666401e-01   1.5320120e+00
   6.9700000e+02   9.5428155e-01   1.5239379e+00
   6.9800000e+02   9.3572070e-01   1.5129437e+00
   6.9900000e+02   9.1320680e-01   1.4999480e+00
   7.0000000e+02   8.8992489e-01   1.4860623e+00
   7.0100000e+02   8.6674002e-01   1.4741118e+00
   7.0200000e+02   8.4607823e-01   1.4672297e+00
   7.0300000e+02   8.2777260e-01   1.4648991e+00
   7.0400000e+02   8.1071238e-01   1.4642255e+00
   7.0500000e+02   7.9647117e-01   1.4647211e+00
   7.0600000e+02   7.8379148e-01   1.4663181e+00
   7.0700000e+02   7.6937128e-01   1.4666956e+00
   7.0800000e+02   7.5383399e-01   1.4663927e+00
   7.0900000e+02   7.3731786e-01   1.4667042e+00
   7.1000000e+02   7.2303164e-01   1.4662093e+00
   7.1100000e+02   7.0964450e-01   1.4656364e+00
   7.1200000e+02   6.9845174e-01   1.4630973e+00
   7.1300000e+02   6.8864981e-01   1.4600759e+00
   7.1400000e+02   6.8060721e-01   1.4563007e+00
   7.1500000e+02   6.7334585e-01   1.4517652e+00
   7.1600000e+02   6.6573053e-01   1.4468278e+00
   7.1700000e+02   6.5510516e-01   1.4405423e+00
   7.1800000e+02   6.4248483e-01   1.4364562e+00
   7.1900000e+02   6.2834523e-01   1.4353102e+00
   7.2000000e+02   6.1451071e-01   1.4361585e+00
   7.2100000e+02   6.0188480e-01   1.4382724e+00
   7.2200000e+02   5.9065063e-01   1.4407579e+00
   7.2300000e+02   5.8135243e-01   1.4422393e+00
   7.2400000e+02   5.7281420e-01   1.4423367e+00
   7.2500000e+02   5.6464135e-01   1.4415163e+00
   7.2600000e+02   5.5546283e-01   1.4405582e+00
   7.2700000e+02   5.4774107e-01   1.4381555e+00
   7.2800000e+02   5.4087687e-01   1.4341673e+00
   7.2900000e+02   5.3611279e-01   1.4290669e+00
   7.3000000e+02   5.3294824e-01   1.4223215e+00
   7.3100000e+02   5.2990605e-01   1.4141266e+00
   7.3200000e+02   5.2690097e-01   1.4052822e+00
   7.3300000e+02   5.2428161e-01   1.3957139e+00
   7.3400000e+02   5.2354729e-01   1.3870578e+00
   7.3500000e+02   5.2479431e-01   1.3795020e+00
   7.3600000e+02   5.2771222e-01   1.3728042e+00
   7.3700000e+02   5.3344285e-01   1.3673775e+00
   7.3800000e+02   5.4197691e-01   1.3637930e+00
   7.3900000e+02   5.5243698e-01   1.3618422e+00
   7.4000000e+02   5.6447638e-01   1.3615604e+00
   7.4100000e+02   5.7730522e-01   1.3624965e+00
   7.4200000e+02   5.8893435e-01   1.3631778e+00
   7.4300000e+02   5.9905480e-01   1.3629067e+00
   7.4400000e+02   6.0816967e-01   1.3622750e+00
   7.4500000e+02   6.1661073e-01   1.3603342e+00
   7.4600000e+02   6.2292903e-01   1.3552621e+00
   7.4700000e+02   6.2724289e-01   1.3486608e+00
   7.4800000e+02   6.2898459e-01   1.3433155e+00
   7.4900000e+02   6.2953513e-01   1.3397296e+00
   7.5000000e+02   6.3000516e-01   1.3364875e+00
   7.5100000e+02   6.3163810e-01   1.3334003e+00
   7.5200000e+02   6.3370495e-01   1.3301164e+00
   7.5300000e+02   6.3755167e-01   1.3266774e+00
   7.5400000e+02   6.4209434e-01   1.3237301e+00
   7.5500000e+02   6.4713780e-01   1.3214965e+00
   7.5600000e+02   6.5343625e-01   1.3198549e+00
   7.5700000e+02   6.5824994e-01   1.3191053e+00
   7.5800000e+02   6.6298013e-01   1.3197023e+00
   7.5900000e+02   6.6608920e-01   1.3211510e+00
   7.6000000e+02   6.6886914e-01   1.3252648e+00
   7.6100000e+02   6.7177377e-01   1.3317972e+00
   7.6200000e+02   6.7699590e-01   1.3408892e+00
   7.6300000e+02   6.8380986e-01   1.3500615e+00
   7.6400000e+02   6.9127335e-01   1.3589598e+00
   7.6500000e+02   6.9820073e-01   1.3670100e+00
   7.6600000e+02   7.0392523e-01   1.3762260e+00
   7.6700000e+02   7.0953042e-01   1.3868050e+00
   7.6800000e+02   7.1507563e-01   1.3985794e+00
   7.6900000e+02   7.2217900e-01   1.4125028e+00
   7.7000000e+02   7.2910913e-01   1.4256619e+00
   7.7100000e+02   7.3541559e-01   1.4390161e+00
   7.7200000e+02   7.4164596e-01   1.4536275e+00
   7.7300000e+02   7.4614419e-01   1.4684411e+00
   7.7400000e+02   7.5058572e-01   1.4835196e+00
   7.7500000e+02   7.5389729e-01   1.4983835e+00
   7.7600000e+02   7.5945469e-01   1.5098145e+00
   7.7700000e+02   7.6586430e-01   1.5182938e+00
   7.7800000e+02   7.7411806e-01   1.5242048e+00
   7.7900000e+02   7.8249732e-01   1.5279712e+00
   7.8000000e+02   7.8997747e-01   1.5315080e+00
   7.8100000e+02   7.9638199e-01   1.5339364e+00
   7.8200000e+02   8.0174623e-01   1.5359967e+00
   7.8300000e+02   8.0706980e-01   1.5366054e+00
   7.8400000e+02   8.1406316e-01   1.5373286e+00
   7.8500000e+02   8.2173928e-01   1.5387568e+00
   7.8600000e+02   8.3012446e-01   1.5405235e+00
   7.8700000e+02   8.3938428e-01   1.5406794e+00
   7.8800000e+02   8.4676196e-01   1.5403485e+00
   7.8900000e+02   8.5107662e-01   1.5401275e+00
   7.9000000e+02   8.5371474e-01   1.5401838e+00
   7.9100000e+02   8.5518364e-01   1.5403634e+00
   7.9200000e+02   8.5637835e-01   1.5406367e+00
   7.9300000e+02   8.5775595e-01   1.5413214e+00
   7.9400000e+02   8.6040788e-01   1.5431101e+00
   7.9500000e+02   8.6516083e-01   1.5448879e+00
   7.9600000e+02   8.6943365e-01   1.5469588e+00
   7.9700000e+02   8.7408281e-01   1.5503170e+00
   7.9800000e+02   8.7892921e-01   1.5537716e+00
   7.9900000e+02   8.8444356e-01   1.5579390e+00
   8.0000000e+02   8.9022886e-01   1.5630578e+00
   8.0100000e+02   8.9756363e-01   1.5680836e+00
   8.0200000e+02   9.0464342e-01   1.5728083e+00
   8.0300000e+02   9.1210310e-01   1.5774198e+00
   8.0400000e+02   9.2063450e-01   1.5833910e+00
   8.0500000e+02   9.3104724e-01   1.5894488e+00
   8.0600000e+02   9.4075860e-01   1.5970776e+00
   8.0700000e+02   9.5042375e-01   1.6038745e+00
   8.0800000e+02   9.5741488e-01   1.6105017e+00
   8.0900000e+02   9.6287668e-01   1.6165300e+00
   8.1000000e+02   9.6723879e-01   1.6207175e+00
   8.1100000e+02   9.7128668e-01   1.6232220e+00
   8.1200000e+02   9.7687089e-01   1.6248946e+00
   8.1300000e+02   9.8255016e-01   1.6258191e+00
   8.1400000e+02   9.8923140e-01   1.6271609e+00
   8.1500000e+02   9.9663102e-01   1.6290982e+00
   8.1600000e+02   1.0047463e+00   1.6315558e+00
   8.1700000e+02   1.0135503e+00   1.6345020e+00
   8.1800000e+02   1.0265447e+00   1.6361790e+00
   8.1900000e+02   1.0394345e+00   1.6373687e+00
   8.2000000e+02   1.0531709e+00   1.6378217e+00
   8.2100000e+02   1.0661762e+00   1.6391338e+00
   8.2200000e+02   1.0767568e+00   1.6408986e+00
   8.2300000e+02   1.0843024e+00   1.6417972e+00
   8.2400000e+02   1.0911356e+00   1.6404216e+00
   8.2500000e+02   1.0973350e+00   1.6374583e+00
   8.2600000e+02   1.1016815e+00   1.6340549e+00
   8.2700000e+02   1.1052297e+00   1.6312149e+00
   8.2800000e+02   1.1063848e+00   1.6300247e+00
   8.2900000e+02   1.1039926e+00   1.6297906e+00
   8.3000000e+02   1.0978833e+00   1.6306698e+00
   8.3100000e+02   1.0894145e+00   1.6296409e+00
   8.3200000e+02   1.0805868e+00   1.6286002e+00
   8.3300000e+02   1.0700776e+00   1.6259004e+00
   8.3400000e+02   1.0579289e+00   1.6212672e+00
   8.3500000e+02   1.0425884e+00   1.6164224e+00
   8.3600000e+02   1.0275224e+00   1.6116988e+00
   8.3700000e+02   1.0098200e+00   1.6071573e+00
   8.3800000e+02   9.9164563e-01   1.6039172e+00
   8.3900000e+02   9.7413984e-01   1.6008822e+00
   8.4000000e+02   9.5866665e-01   1.5966561e+00
   8.4100000e+02   9.4390071e-01   1.5930273e+00
   8.4200000e+02   9.3138060e-01   1.5877006e+00
   8.4300000e+02   9.1836851e-01   1.5809150e+00
   8.4400000e+02   9.0540699e-01   1.5750772e+00
   8.4500000e+02   8.9214912e-01   1.5699111e+00
   8.4600000e+02   8.7707191e-01   1.5660453e+00
   8.4700000e+02   8.6047921e-01   1.5637776e+00
   8.4800000e+02   8.4337531e-01   1.5621121e+00
   8.4900000e+02   8.2519698e-01   1.5596786e+00
   8.5000000e+02   8.0777989e-01   1.5575477e+00
   8.5100000e+02   7.9132227e-01   1.5548764e+00
   8.5200000e+02   7.7503047e-01   1.5519626e+00
   8.5300000e+02   7.5803203e-01   1.5483231e+00
   8.5400000e+02   7.4369178e-01   1.5439117e+00
   8.5500000e+02   7.2783607e-01   1.5398439e+00
   8.5600000e+02   7.1163039e-01   1.5333146e+00
   8.5700000e+02   6.9402494e-01   1.5258062e+00
   8.5800000e+02   6.7434172e-01   1.5161095e+00
   8.5900000e+02   6.5810017e-01   1.5075013e+00
   8.6000000e+02   6.4168410e-01   1.4999439e+00
   8.6100000e+02   6.2644779e-01   1.4919490e+00
   8.6200000e+02   6.0948112e-01   1.4836578e+00
   8.6300000e+02   5.9220796e-01   1.4755209e+00
   8.6400000e+02   5.7529285e-01   1.4670888e+00
   8.6500000e+02   5.5802186e-01   1.4582370e+00
   8.6600000e+02   5.4524173e-01   1.4484114e+00
   8.6700000e+02   5.3395049e-01   1.4404041e+00
   8.6800000e+02   5.2410635e-01   1.4331818e+00
   8.6900000e+02   5.1516260e-01   1.4270236e+00
   8.7000000e+02   5.0646773e-01   1.4215807e+00
   8.7100000e+02   4.9724751e-01   1.4173479e+00
   8.7200000e+02   4.8773798e-01   1.4152151e+00
   8.7300000e+02   4.7645059e-01   1.4139574e+00
   8.7400000e+02   4.6669517e-01   1.4137767e+00
   8.7500000e+02   4.6000095e-01   1.4137798e+00
   8.7600000e+02   4.5610824e-01   1.4137637e+00
   8.7700000e+02   4.5554380e-01   1.4127491e+00
   8.7800000e+02   4.5583482e-01   1.4127006e+00
   8.7900000e+02   4.5530278e-01   1.4142118e+00
   8.8000000e+02   4.5281984e-01   1.4158375e+00
   8.8100000e+02   4.4900051e-01   1.4166662e+00
   8.8200000e+02   4.4381916e-01   1.4185714e+00
   8.8300000e+02   4.3804066e-01   1.4210522e+00
   8.8400000e+02   4.3290008e-01   1.4253635e+00
   8.8500000e+02   4.2862155e-01   1.4301964e+00
   8.8600000e+02   4.2326167e-01   1.4343839e+00
   8.8700000e+02   4.1585990e-01   1.4388061e+00
   8.8800000e+02   4.0761875e-01   1.4440462e+00
   8.8900000e+02   3.9765830e-01   1.4503575e+00
   8.9000000e+02   3.8722825e-01   1.4575267e+00
   8.9100000e+02   3.7849406e-01   1.4649559e+00
   8.9200000e+02   3.7030649e-01   1.4717383e+00
   8.9300000e+02   3.6303884e-01   1.4780019e+00
   8.9400000e+02   3.5928054e-01   1.4832063e+00
   8.9500000e+02   3.5862125e-01   1.4876968e+00
   8.9600000e+02   3.6251121e-01   1.4891908e+00
   8.9700000e+02   3.6737870e-01   1.4883827e+00
   8.9800000e+02   3.7384332e-01   1.4848130e+00
   8.9900000e+02   3.7931759e-01   1.4803164e+00
   9.0000000e+02   3.8439641e-01   1.4751182e+00
   9.0100000e+02   3.8843779e-01   1.4694192e+00
   9.0200000e+02   3.9214257e-01   1.4650434e+00
   9.0300000e+02   3.9440649e-01   1.4593345e+00
   9.0400000e+02   3.9622287e-01   1.4538831e+00
   9.0500000e+02   3.9714332e-01   1.4477472e+00
   9.0600000e+02   3.9623661e-01   1.4409423e+00
   9.0700000e+02   3.9398637e-01   1.4335526e+00
   9.0800000e+02   3.8943675e-01   1.4243846e+00
   9.0900000e+02   3.8464700e-01   1.4143010e+00
   9.1000000e+02   3.8096765e-01   1.4027209e+00
   9.1100000e+02   3.8011522e-01   1.3893262e+00
   9.1200000e+02   3.8199006e-01   1.3747008e+00
   9.1300000e+02   3.8479761e-01   1.3592160e+00
   9.1400000e+02   3.8645927e-01   1.3436433e+00
   9.1500000e+02   3.8658721e-01   1.3283794e+00
   9.1600000e+02   3.8605925e-01   1.3169401e+00
   9.1700000e+02   3.8688495e-01   1.3069345e+00
   9.1800000e+02   3.8857588e-01   1.3012912e+00
   9.1900000e+02   3.8792633e-01   1.2970530e+00
   9.2000000e+02   3.8588675e-01   1.2946713e+00
   9.2100000e+02   3.8203447e-01   1.2919931e+00
   9.2200000e+02   3.7727132e-01   1.2885549e+00
   9.2300000e+02   3.7244318e-01   1.2840045e+00
   9.2400000e+02   3.6780078e-01   1.2791962e+00
   9.2500000e+02   3.6092715e-01   1.2739907e+00
   9.2600000e+02   3.5452832e-01   1.2688630e+00
   9.2700000e+02   3.4689196e-01   1.2629090e+00
   9.2800000e+02   3.3846782e-01   1.2569436e+00
   9.2900000e+02   3.2842313e-01   1.2506631e+00
   9.3000000e+02   3.1813449e-01   1.2461385e+00
   9.3100000e+02   3.0693734e-01   1.2421889e+00
   9.3200000e+02   2.9627401e-01   1.2398075e+00
   9.3300000e+02   2.8640998e-01   1.2385931e+00
   9.3400000e+02   2.7886767e-01   1.2373071e+00
   9.3500000e+02   2.7361861e-01   1.2354656e+00
   9.3600000e+02   2.7053374e-01   1.2323561e+00
   9.3700000e+02   2.6733841e-01   1.2281869e+00
   9.3800000e+02   2.6301797e-01   1.2256511e+00
   9.3900000e+02   2.5716529e-01   1.2237210e+00
   9.4000000e+02   2.5060144e-01   1.2222754e+00
   9.4100000e+02   2.4307107e-01   1.2206164e+00
   9.4200000e+02   2.3514552e-01   1.2199480e+00
   9.4300000e+02   2.2670222e-01   1.2192843e+00
   9.4400000e+02   2.1862164e-01   1.2192577e+00
   9.4500000e+02   2.0997990e-01   1.2189752e+00
   9.4600000e+02   2.0169438e-01   1.2199794e+00
   9.4700000e+02   1.9330545e-01   1.2208146e+00
   9.4800000e+02   1.8484185e-01   1.2234115e+00
   9.4900000e+02   1.7495771e-01   1.2278417e+00
   9.5000000e+02   1.6687425e-01   1.2307330e+00
   9.5100000e+02   1.5744553e-01   1.2309063e+00
   9.5200000e+02   1.4801260e-01   1.2311336e+00
   9.5300000e+02   1.3839525e-01   1.2306750e+00
   9.5400000e+02   1.2863726e-01   1.2291856e+00
   9.5500000e+02   1.1837319e-01   1.2258727e+00
   9.5600000e+02   1.0742976e-01   1.2208599e+00
   9.5700000e+02   9.5669925e-02   1.2140988e+00
   9.5800000e+02   8.2978665e-02   1.2066593e+00
   9.5900000e+02   7.0859298e-02   1.1991887e+00
   9.6000000e+02   6.0045978e-02   1.1924629e+00
   9.6100000e+02   5.1802771e-02   1.1872083e+00
   9.6200000e+02   4.2380571e-02   1.1830420e+00
   9.6300000e+02   3.4416592e-02   1.1794840e+00
   9.6400000e+02   2.7564407e-02   1.1774028e+00
   9.6500000e+02   2.2187123e-02   1.1756933e+00
   9.6600000e+02   1.7586241e-02   1.1748172e+00
   9.6700000e+02   1.0027703e-02   1.1745237e+00
   9.6800000e+02  -1.7695172e-04   1.1754034e+00
   9.6900000e+02  -1.1502733e-02   1.1765183e+00
   9.7000000e+02  -2.1302225e-02   1.1777153e+00
   9.7100000e+02  -2.9414522e-02   1.1794892e+00
   9.7200000e+02  -3.5329462e-02   1.1818898e+00
   9.7300000e+02  -4.0239042e-02   1.1850422e+00
   9.7400000e+02  -4.3407189e-02   1.1871272e+00
   9.7500000e+02  -4.4478807e-02   1.1881734e+00
   9.7600000e+02  -4.4204896e-02   1.1880633e+00
   9.7700000e+02  -4.0600481e-02   1.1876756e+00
   9.7800000e+02  -3.6259992e-02   1.1860608e+00
   9.7900000e+02  -3.1483127e-02   1.1854694e+00
   9.8000000e+02  -2.6746911e-02   1.1852216e+00
   9.8100000e+02  -2.2489303e-02   1.1852677e+00
   9.8200000e+02  -1.8650080e-02   1.1853817e+00
   9.8300000e+02  -1.5167470e-02   1.1851249e+00
   9.8400000e+02  -1.0264003e-02   1.1842573e+00
   9.8500000e+02  -2.9779240e-03   1.1828841e+00
   9.8600000e+02   3.7787360e-03   1.1804572e+00
   9.8700000e+02   1.1023175e-02   1.1781279e+00
   9.8800000e+02   1.5623132e-02   1.1765258e+00
   9.8900000e+02   1.9212241e-02   1.1730710e+00
   9.9000000e+02   2.4113652e-02   1.1705881e+00
   9.9100000e+02   3.1730218e-02   1.1690073e+00
   9.9200000e+02   4.0123752e-02   1.1670974e+00
   9.9300000e+02   4.8823717e-02   1.1634653e+00
   9.9400000e+02   5.8042485e-02   1.1582690e+00
   9.9500000e+02   6.8011417e-02   1.1530687e+00
   9.9600000e+02   7.7942024e-02   1.1473581e+00
   9.9700000e+02   8.6843432e-02   1.1418057e+00
   9.9800000e+02   9.3811580e-02   1.1375719e+00
   9.9900000e+02   1.0100114e-01   1.1337764e+00
   1.0000000e+03   1.0823754e-01   1.1302701e+00
   1.0010000e+03   1.1853463e-01   1.1278536e+00
   1.0020000e+03   1.3266550e-01   1.1259937e+00
   1.0030000e+03   1.4987440e-01   1.1231217e+00
   1.0040000e+03   1.6715022e-01   1.1212033e+00
   1.0050000e+03   1.8251814e-01   1.1205783e+00
   1.0060000e+03   1.9670807e-01   1.1213263e+00
   1.0070000e+03   2.0894765e-01   1.1210859e+00
   1.0080000e+03   2.2077474e-01   1.1197757e+00
   1.0090000e+03   2.3349051e-01   1.1193316e+00
   1.0100000e+03   2.4529321e-01   1.1155280e+00
   1.0110000e+03   2.5797435e-01   1.1098833e+00
   1.0120000e+03   2.7137319e-01   1.1050575e+00
   1.0130000e+03   2.8536987e-01   1.1017934e+00
   1.0140000e+03   3.0106923e-01   1.0999462e+00
   1.0150000e+03   3.1751367e-01   1.0978843e+00
   1.0160000e+03   3.3442385e-01   1.0929513e+00
   1.0170000e+03   3.5071204e-01   1.0862138e+00
   1.0180000e+03   3.6665320e-01   1.0774700e+00
   1.0190000e+03   3.8061835e-01   1.0680431e+00
   1.0200000e+03   3.9194241e-01   1.0593372e+00
   1.0210000e+03   3.9960829e-01   1.0527548e+00
   1.0220000e+03   4.0447027e-01   1.0482154e+00
   1.0230000e+03   4.0798745e-01   1.0442957e+00
   1.0240000e+03   4.0833857e-01   1.0394404e+00
   1.0250000e+03   4.0719780e-01   1.0370951e+00
   1.0260000e+03   4.0487444e-01   1.0363773e+00
   1.0270000e+03   4.0267375e-01   1.0379506e+00
   1.0280000e+03   4.0218611e-01   1.0398744e+00
   1.0290000e+03   4.0369769e-01   1.0423775e+00
   1.0300000e+03   4.0612367e-01   1.0447355e+00
   1.0310000e+03   4.0845542e-01   1.0466496e+00
   1.0320000e+03   4.0902165e-01   1.0463465e+00
   1.0330000e+03   4.0850462e-01   1.0452811e+00
   1.0340000e+03   4.0811713e-01   1.0409468e+00
   1.0350000e+03   4.0735986e-01   1.0358970e+00
   1.0360000e+03   4.0574728e-01   1.0283528e+00
   1.0370000e+03   4.0463830e-01   1.0201665e+00
   1.0380000e+03   4.0666714e-01   1.0113390e+00
   1.0390000e+03   4.1176059e-01   1.0009800e+00
   1.0400000e+03   4.1668801e-01   9.9110020e-01
   1.0410000e+03   4.1756001e-01   9.8274764e-01
   1.0420000e+03   4.1695323e-01   9.7448484e-01
   1.0430000e+03   4.1423145e-01   9.6594882e-01
   1.0440000e+03   4.0960227e-01   9.5666138e-01
   1.0450000e+03   4.0744604e-01   9.4537037e-01
   1.0460000e+03   4.0580354e-01   9.3974361e-01
   1.0470000e+03   4.0731451e-01   9.3810720e-01
   1.0480000e+03   4.1201900e-01   9.4009225e-01
   1.0490000e+03   4.1731847e-01   9.4413418e-01
   1.0500000e+03   4.2091705e-01   9.4892950e-01
   1.0510000e+03   4.2279985e-01   9.5435568e-01
   1.0520000e+03   4.2421452e-01   9.6065339e-01
   1.0530000e+03   4.2641726e-01   9.6757343e-01
   1.0540000e+03   4.2939699e-01   9.7315949e-01
   1.0550000e+03   4.2931531e-01   9.7915208e-01
   1.0560000e+03   4.2768459e-01   9.8479820e-01
   1.0570000e+03   4.2541961e-01   9.8924656e-01
   1.0580000e+03   4.2241012e-01   9.9026521e-01
   1.0590000e+03   4.1979003e-01   9.9051524e-01
   1.0600000e+03   4.1650103e-01   9.8949093e-01
   1.0610000e+03   4.1232232e-01   9.8900032e-01
   1.0620000e+03   4.0888486e-01   9.8835860e-01
   1.0630000e+03   4.0551065e-01   9.8781949e-01
   1.0640000e+03   4.0263198e-01   9.8697257e-01
   1.0650000e+03   3.9903642e-01   9.8547859e-01
   1.0660000e+03   3.9278389e-01   9.8088807e-01
   1.0670000e+03   3.8587822e-01   9.7549588e-01
   1.0680000e+03   3.7893111e-01   9.6811557e-01
   1.0690000e+03   3.7279112e-01   9.6239307e-01
   1.0700000e+03   3.6863782e-01   9.5839151e-01
   1.0710000e+03   3.6351274e-01   9.5538331e-01
   1.0720000e+03   3.5891758e-01   9.5301353e-01
   1.0730000e+03   3.5275070e-01   9.5062076e-01
   1.0740000e+03   3.4520671e-01   9.4658528e-01
   1.0750000e+03   3.3699018e-01   9.4166917e-01
   1.0760000e+03   3.2746222e-01   9.3463643e-01
   1.0770000e+03   3.1765236e-01   9.2492069e-01
   1.0780000e+03   3.0750972e-01   9.1487606e-01
   1.0790000e+03   2.9878822e-01   9.0182962e-01
   1.0800000e+03   2.9061214e-01   8.8625347e-01
   1.0810000e+03   2.8325358e-01   8.6867076e-01
   1.0820000e+03   2.7500273e-01   8.5232060e-01
   1.0830000e+03   2.6414755e-01   8.3622848e-01
   1.0840000e+03   2.5231962e-01   8.2154554e-01
   1.0850000e+03   2.4002967e-01   8.1162621e-01
   1.0860000e+03   2.2991971e-01   8.0526262e-01
   1.0870000e+03   2.2133782e-01   8.0184339e-01
   1.0880000e+03   2.1541819e-01   7.9943015e-01
   1.0890000e+03   2.1059061e-01   7.9595330e-01
   1.0900000e+03   2.0683909e-01   7.9090987e-01
   1.0910000e+03   2.0137709e-01   7.8476707e-01
   1.0920000e+03   1.9532867e-01   7.7827597e-01
   1.0930000e+03   1.8508337e-01   7.6992604e-01
   1.0940000e+03   1.7502491e-01   7.6262468e-01
   1.0950000e+03   1.6297790e-01   7.5314064e-01
   1.0960000e+03   1.4589219e-01   7.4268293e-01
   1.0970000e+03   1.3271162e-01   7.3282903e-01
   1.0980000e+03   1.2178712e-01   7.2554969e-01
   1.0990000e+03   1.1264163e-01   7.2166991e-01
   1.1000000e+03   1.0492290e-01   7.2089210e-01
   1.1010000e+03   9.8067313e-02   7.1978109e-01
   1.1020000e+03   9.1113652e-02   7.1707771e-01
   1.1030000e+03   8.3328821e-02   7.1266410e-01
   1.1040000e+03   7.6060074e-02   7.0953251e-01
   1.1050000e+03   6.8526066e-02   7.0989189e-01
   1.1060000e+03   6.0565486e-02   7.0806287e-01
   1.1070000e+03   5.3506549e-02   7.0442349e-01
   1.1080000e+03   4.7779785e-02   7.0219939e-01
   1.1090000e+03   4.5494120e-02   7.0095112e-01
   1.1100000e+03   4.3626251e-02   6.9965095e-01
   1.1110000e+03   4.0972640e-02   6.9583784e-01
   1.1120000e+03   3.6883317e-02   6.8664899e-01
   1.1130000e+03   3.3286380e-02   6.7580598e-01
   1.1140000e+03   2.8163665e-02   6.6553096e-01
   1.1150000e+03   2.5887215e-02   6.5509608e-01
   1.1160000e+03   2.4404276e-02   6.4972784e-01
   1.1170000e+03   2.2337124e-02   6.4760825e-01
   1.1180000e+03   2.4584723e-02   6.4542240e-01
   1.1190000e+03   2.5846860e-02   6.4386251e-01
   1.1200000e+03   2.5268255e-02   6.3994727e-01
   1.1210000e+03   2.0345481e-02   6.3416349e-01
   1.1220000e+03   1.3860082e-02   6.2687942e-01
   1.1230000e+03   8.2098243e-03   6.1705576e-01
   1.1240000e+03   3.8845705e-03   6.0566334e-01
   1.1250000e+03   1.8192211e-03   5.9130281e-01
   1.1260000e+03   3.2057093e-03   5.7588354e-01
   1.1270000e+03   6.3553393e-03   5.6086039e-01
   1.1280000e+03   9.1121812e-03   5.5070889e-01
   1.1290000e+03   1.2030036e-02   5.4227254e-01
   1.1300000e+03   1.0387521e-02   5.3387377e-01
   1.1310000e+03   7.4824741e-03   5.2595052e-01
   1.1320000e+03   3.1485277e-03   5.1569088e-01
   1.1330000e+03  -1.5940753e-03   4.9992974e-01
   1.1340000e+03  -6.2134880e-03   4.8022415e-01
   1.1350000e+03  -8.6548097e-03   4.6119382e-01
   1.1360000e+03  -7.6769791e-03   4.4606967e-01
   1.1370000e+03  -8.8042506e-03   4.2982898e-01
   1.1380000e+03  -1.3000240e-02   4.1362838e-01
   1.1390000e+03  -1.4665156e-02   3.9502619e-01
   1.1400000e+03  -1.6380446e-02   3.7682873e-01
   1.1410000e+03  -1.8624525e-02   3.5718314e-01
   1.1420000e+03  -2.3266473e-02   3.4122923e-01
   1.1430000e+03  -3.1379613e-02   3.2724765e-01
   1.1440000e+03  -4.5516759e-02   3.1529511e-01
   1.1450000e+03  -6.6224548e-02   3.0245791e-01
   1.1460000e+03  -8.1149254e-02   2.8896286e-01
   1.1470000e+03  -9.2832382e-02   2.7992694e-01
   1.1480000e+03  -1.0492460e-01   2.6867290e-01
   1.1490000e+03  -1.1679084e-01   2.5682264e-01
   1.1500000e+03  -1.3348018e-01   2.3640710e-01
   1.1510000e+03  -1.4295143e-01   2.3512985e-01
   1.1520000e+03  -1.5364932e-01   2.3481863e-01
   1.1530000e+03  -1.6328325e-01   2.3321813e-01
   1.1540000e+03  -1.7161374e-01   2.3305557e-01
   1.1550000e+03  -1.8214192e-01   2.3555300e-01
   1.1560000e+03  -1.9738816e-01   2.4179994e-01
   1.1570000e+03  -2.0760964e-01   2.4748343e-01
   1.1580000e+03  -2.1988506e-01   2.5175197e-01
   1.1590000e+03  -2.2777375e-01   2.5389881e-01
   1.1600000e+03  -2.3314760e-01   2.5389053e-01
   1.1610000e+03  -2.3628684e-01   2.4926597e-01
   1.1620000e+03  -2.3943949e-01   2.4385399e-01
   1.1630000e+03  -2.4299592e-01   2.3996547e-01
   1.1640000e+03  -2.4576112e-01   2.3505023e-01
   1.1650000e+03  -2.4898914e-01   2.2942010e-01
   1.1660000e+03  -2.5027273e-01   2.2387004e-01
   1.1670000e+03  -2.5173303e-01   2.1656973e-01
   1.1680000e+03  -2.5243751e-01   2.0774330e-01
   1.1690000e+03  -2.5138334e-01   1.9784030e-01
   1.1700000e+03  -2.4728176e-01   1.9116891e-01
   1.1710000e+03  -2.3967754e-01   1.8403679e-01
   1.1720000e+03  -2.2935585e-01   1.7179771e-01
   1.1730000e+03  -2.1693515e-01   1.5361435e-01
   1.1740000e+03  -2.0165155e-01   1.3337610e-01
