   9.1900000e+02   2.7679934e+00   4.6070915e-01
   9.2000000e+02   2.7582171e+00   4.7695883e-01
   9.2100000e+02   2.7448369e+00   4.9499459e-01
   9.2200000e+02   2.7328676e+00   5.1191377e-01
   9.2300000e+02   2.7194301e+00   5.2827991e-01
   9.2400000e+02   2.7063590e+00   5.4330335e-01
   9.2500000e+02   2.6931460e+00   5.5765288e-01
   9.2600000e+02   2.6823447e+00   5.7152933e-01
   9.2700000e+02   2.6718557e+00   5.8399186e-01
   9.2800000e+02   2.6638664e+00   5.9651656e-01
   9.2900000e+02   2.6586663e+00   6.0827097e-01
   9.3000000e+02   2.6539385e+00   6.2047390e-01
   9.3100000e+02   2.6505690e+00   6.3194434e-01
   9.3200000e+02   2.6483207e+00   6.4278283e-01
   9.3300000e+02   2.6481566e+00   6.5255885e-01
   9.3400000e+02   2.6504879e+00   6.6019321e-01
   9.3500000e+02   2.6539859e+00   6.6582523e-01
   9.3600000e+02   2.6594766e+00   6.7135770e-01
   9.3700000e+02   2.6655799e+00   6.7310907e-01
   9.3800000e+02   2.6719886e+00   6.7211762e-01
   9.3900000e+02   2.6777018e+00   6.6998675e-01
   9.4000000e+02   2.6826081e+00   6.6665902e-01
   9.4100000e+02   2.6857297e+00   6.6317700e-01
   9.4200000e+02   2.6873921e+00   6.5984716e-01
   9.4300000e+02   2.6862563e+00   6.5757724e-01
   9.4400000e+02   2.6824442e+00   6.5710829e-01
   9.4500000e+02   2.6773179e+00   6.5908381e-01
   9.4600000e+02   2.6712927e+00   6.6400880e-01
   9.4700000e+02   2.6628625e+00   6.7093832e-01
   9.4800000e+02   2.6523575e+00   6.8055028e-01
   9.4900000e+02   2.6399449e+00   6.9271540e-01
   9.5000000e+02   2.6252820e+00   7.0900073e-01
   9.5100000e+02   2.6091380e+00   7.2777721e-01
   9.5200000e+02   2.5894147e+00   7.4864284e-01
   9.5300000e+02   2.5678557e+00   7.7201586e-01
   9.5400000e+02   2.5434881e+00   7.9553470e-01
   9.5500000e+02   2.5202395e+00   8.1726951e-01
   9.5600000e+02   2.4975793e+00   8.3764349e-01
   9.5700000e+02   2.4770436e+00   8.5627496e-01
   9.5800000e+02   2.4565370e+00   8.7165981e-01
   9.5900000e+02   2.4391528e+00   8.8459361e-01
   9.6000000e+02   2.4252937e+00   8.9494340e-01
   9.6100000e+02   2.4134546e+00   9.0283799e-01
   9.6200000e+02   2.4050047e+00   9.0869770e-01
   9.6300000e+02   2.3975118e+00   9.1230816e-01
   9.6400000e+02   2.3914145e+00   9.1402850e-01
   9.6500000e+02   2.3868979e+00   9.1476202e-01
   9.6600000e+02   2.3828471e+00   9.1296015e-01
   9.6700000e+02   2.3789645e+00   9.0945837e-01
   9.6800000e+02   2.3762848e+00   9.0521972e-01
   9.6900000e+02   2.3746124e+00   8.9885624e-01
   9.7000000e+02   2.3737745e+00   8.9107867e-01
   9.7100000e+02   2.3750751e+00   8.8143656e-01
   9.7200000e+02   2.3781971e+00   8.6944163e-01
   9.7300000e+02   2.3830544e+00   8.5607758e-01
   9.7400000e+02   2.3878568e+00   8.4270400e-01
   9.7500000e+02   2.3933607e+00   8.2839151e-01
   9.7600000e+02   2.3987527e+00   8.1427851e-01
   9.7700000e+02   2.4040036e+00   8.0028242e-01
   9.7800000e+02   2.4059352e+00   7.8755458e-01
   9.7900000e+02   2.4074501e+00   7.7587981e-01
   9.8000000e+02   2.4076214e+00   7.6641039e-01
   9.8100000e+02   2.4072076e+00   7.5933709e-01
   9.8200000e+02   2.4054238e+00   7.5443937e-01
   9.8300000e+02   2.4021673e+00   7.5219771e-01
   9.8400000e+02   2.3980347e+00   7.5282499e-01
   9.8500000e+02   2.3940145e+00   7.5591630e-01
   9.8600000e+02   2.3855234e+00   7.6143498e-01
   9.8700000e+02   2.3760380e+00   7.6888657e-01
   9.8800000e+02   2.3637492e+00   7.7899335e-01
   9.8900000e+02   2.3507898e+00   7.9070329e-01
   9.9000000e+02   2.3363125e+00   8.0411623e-01
   9.9100000e+02   2.3213392e+00   8.1905534e-01
   9.9200000e+02   2.3055189e+00   8.3310211e-01
   9.9300000e+02   2.2888291e+00   8.4872116e-01
   9.9400000e+02   2.2726234e+00   8.6350391e-01
   9.9500000e+02   2.2567287e+00   8.7900581e-01
   9.9600000e+02   2.2415511e+00   8.9262335e-01
   9.9700000e+02   2.2272839e+00   9.0329947e-01
   9.9800000e+02   2.2146825e+00   9.1401853e-01
   9.9900000e+02   2.2033311e+00   9.2374954e-01
   1.0000000e+03   2.1937332e+00   9.3107996e-01
   1.0010000e+03   2.1857879e+00   9.3696081e-01
   1.0020000e+03   2.1797490e+00   9.4186110e-01
   1.0030000e+03   2.1751698e+00   9.4581473e-01
   1.0040000e+03   2.1712271e+00   9.4863669e-01
   1.0050000e+03   2.1677440e+00   9.5129035e-01
   1.0060000e+03   2.1639859e+00   9.5289440e-01
   1.0070000e+03   2.1612244e+00   9.5275961e-01
   1.0080000e+03   2.1618279e+00   9.5252159e-01
   1.0090000e+03   2.1661075e+00   9.5211169e-01
   1.0100000e+03   2.1743982e+00   9.5396415e-01
   1.0110000e+03   2.1865111e+00   9.5595270e-01
   1.0120000e+03   2.2021608e+00   9.6063568e-01
   1.0130000e+03   2.2197611e+00   9.6530806e-01
   1.0140000e+03   2.2386882e+00   9.6972874e-01
   1.0150000e+03   2.2578289e+00   9.7272009e-01
   1.0160000e+03   2.2758564e+00   9.7399746e-01
   1.0170000e+03   2.2930053e+00   9.7418629e-01
   1.0180000e+03   2.3096724e+00   9.7297586e-01
   1.0190000e+03   2.3249781e+00   9.7053752e-01
   1.0200000e+03   2.3389841e+00   9.6700829e-01
   1.0210000e+03   2.3538414e+00   9.6325895e-01
   1.0220000e+03   2.3654152e+00   9.5904285e-01
   1.0230000e+03   2.3757054e+00   9.5433842e-01
   1.0240000e+03   2.3853955e+00   9.4978075e-01
   1.0250000e+03   2.3928276e+00   9.4674630e-01
   1.0260000e+03   2.3966385e+00   9.4507585e-01
   1.0270000e+03   2.3950566e+00   9.4473508e-01
   1.0280000e+03   2.3904045e+00   9.4704457e-01
   1.0290000e+03   2.3829054e+00   9.5037724e-01
   1.0300000e+03   2.3733897e+00   9.5413187e-01
   1.0310000e+03   2.3611888e+00   9.5757609e-01
   1.0320000e+03   2.3463444e+00   9.6114470e-01
   1.0330000e+03   2.3283851e+00   9.6352390e-01
   1.0340000e+03   2.3124496e+00   9.6371734e-01
   1.0350000e+03   2.2979358e+00   9.6174441e-01
   1.0360000e+03   2.2846053e+00   9.5697067e-01
   1.0370000e+03   2.2706288e+00   9.5100029e-01
   1.0380000e+03   2.2583049e+00   9.4378935e-01
   1.0390000e+03   2.2472112e+00   9.3413095e-01
   1.0400000e+03   2.2375068e+00   9.2239278e-01
   1.0410000e+03   2.2294430e+00   9.1027473e-01
   1.0420000e+03   2.2223124e+00   8.9696135e-01
   1.0430000e+03   2.2165089e+00   8.8448864e-01
   1.0440000e+03   2.2118939e+00   8.7359208e-01
   1.0450000e+03   2.2063699e+00   8.6398145e-01
   1.0460000e+03   2.2003447e+00   8.5703618e-01
   1.0470000e+03   2.1930988e+00   8.5149573e-01
   1.0480000e+03   2.1840426e+00   8.4788595e-01
   1.0490000e+03   2.1746619e+00   8.4543723e-01
   1.0500000e+03   2.1637219e+00   8.4344127e-01
   1.0510000e+03   2.1522236e+00   8.4219432e-01
   1.0520000e+03   2.1404548e+00   8.4056364e-01
   1.0530000e+03   2.1283038e+00   8.3971055e-01
   1.0540000e+03   2.1168702e+00   8.3831825e-01
   1.0550000e+03   2.1044460e+00   8.3802034e-01
   1.0560000e+03   2.0926995e+00   8.3782092e-01
   1.0570000e+03   2.0796325e+00   8.3792500e-01
   1.0580000e+03   2.0663389e+00   8.3452650e-01
   1.0590000e+03   2.0542694e+00   8.2994459e-01
   1.0600000e+03   2.0426768e+00   8.2463093e-01
   1.0610000e+03   2.0314807e+00   8.2016668e-01
   1.0620000e+03   2.0222258e+00   8.1663301e-01
   1.0630000e+03   2.0145716e+00   8.1359521e-01
   1.0640000e+03   2.0099078e+00   8.1013007e-01
   1.0650000e+03   2.0074883e+00   8.0728448e-01
   1.0660000e+03   2.0072396e+00   8.0301638e-01
   1.0670000e+03   2.0078290e+00   7.9746408e-01
   1.0680000e+03   2.0094364e+00   7.9150440e-01
   1.0690000e+03   2.0110569e+00   7.8554234e-01
   1.0700000e+03   2.0121112e+00   7.8250649e-01
   1.0710000e+03   2.0129326e+00   7.8150249e-01
   1.0720000e+03   2.0124223e+00   7.8501236e-01
   1.0730000e+03   2.0102635e+00   7.9205972e-01
   1.0740000e+03   2.0051195e+00   8.0251672e-01
   1.0750000e+03   1.9969138e+00   8.1357639e-01
   1.0760000e+03   1.9862832e+00   8.2607108e-01
   1.0770000e+03   1.9730183e+00   8.3831430e-01
   1.0780000e+03   1.9576968e+00   8.5016349e-01
   1.0790000e+03   1.9435508e+00   8.5946192e-01
   1.0800000e+03   1.9290493e+00   8.6854947e-01
   1.0810000e+03   1.9158628e+00   8.7542173e-01
   1.0820000e+03   1.9041098e+00   8.8168103e-01
   1.0830000e+03   1.8927614e+00   8.8755242e-01
   1.0840000e+03   1.8825731e+00   8.9321776e-01
   1.0850000e+03   1.8744635e+00   8.9986103e-01
   1.0860000e+03   1.8698346e+00   9.0762194e-01
   1.0870000e+03   1.8683696e+00   9.1673568e-01
   1.0880000e+03   1.8693901e+00   9.2659746e-01
   1.0890000e+03   1.8710425e+00   9.3558311e-01
   1.0900000e+03   1.8744751e+00   9.4427314e-01
   1.0910000e+03   1.8788085e+00   9.5165995e-01
   1.0920000e+03   1.8854289e+00   9.5852213e-01
   1.0930000e+03   1.8931103e+00   9.6511376e-01
   1.0940000e+03   1.8993040e+00   9.6896228e-01
   1.0950000e+03   1.9066367e+00   9.7055233e-01
   1.0960000e+03   1.9123609e+00   9.7081010e-01
   1.0970000e+03   1.9163551e+00   9.6794118e-01
   1.0980000e+03   1.9192977e+00   9.6412597e-01
   1.0990000e+03   1.9200688e+00   9.5732739e-01
   1.1000000e+03   1.9186758e+00   9.4993013e-01
   1.1010000e+03   1.9138834e+00   9.4288817e-01
   1.1020000e+03   1.9057794e+00   9.3626400e-01
   1.1030000e+03   1.8951780e+00   9.3062243e-01
   1.1040000e+03   1.8824367e+00   9.2580330e-01
   1.1050000e+03   1.8681244e+00   9.2368725e-01
   1.1060000e+03   1.8507582e+00   9.2184897e-01
   1.1070000e+03   1.8322776e+00   9.2202444e-01
   1.1080000e+03   1.8114905e+00   9.2453448e-01
   1.1090000e+03   1.7904554e+00   9.2910457e-01
   1.1100000e+03   1.7705445e+00   9.3413511e-01
   1.1110000e+03   1.7516520e+00   9.3945318e-01
   1.1120000e+03   1.7358768e+00   9.4445201e-01
   1.1130000e+03   1.7255261e+00   9.4897573e-01
   1.1140000e+03   1.7208708e+00   9.5327382e-01
   1.1150000e+03   1.7196385e+00   9.5761058e-01
   1.1160000e+03   1.7223380e+00   9.6182587e-01
   1.1170000e+03   1.7281520e+00   9.6662378e-01
   1.1180000e+03   1.7355013e+00   9.7086534e-01
   1.1190000e+03   1.7430038e+00   9.7441719e-01
   1.1200000e+03   1.7513925e+00   9.7688393e-01
   1.1210000e+03   1.7592626e+00   9.7881494e-01
   1.1220000e+03   1.7666245e+00   9.8002719e-01
   1.1230000e+03   1.7732003e+00   9.7996931e-01
   1.1240000e+03   1.7789294e+00   9.7841593e-01
   1.1250000e+03   1.7837600e+00   9.7562789e-01
   1.1260000e+03   1.7882275e+00   9.7161480e-01
   1.1270000e+03   1.7915239e+00   9.6512600e-01
   1.1280000e+03   1.7938496e+00   9.5895000e-01
   1.1290000e+03   1.7961358e+00   9.5274610e-01
   1.1300000e+03   1.7972338e+00   9.4969530e-01
   1.1310000e+03   1.7992084e+00   9.4786847e-01
   1.1320000e+03   1.8012745e+00   9.4644043e-01
   1.1330000e+03   1.8033662e+00   9.4532630e-01
   1.1340000e+03   1.8073682e+00   9.4437898e-01
   1.1350000e+03   1.8112480e+00   9.4267737e-01
   1.1360000e+03   1.8163971e+00   9.4039518e-01
   1.1370000e+03   1.8206080e+00   9.3773391e-01
   1.1380000e+03   1.8234291e+00   9.3472304e-01
   1.1390000e+03   1.8245239e+00   9.3248681e-01
   1.1400000e+03   1.8227333e+00   9.3159757e-01
   1.1410000e+03   1.8177859e+00   9.3053473e-01
   1.1420000e+03   1.8100542e+00   9.3253578e-01
   1.1430000e+03   1.8007853e+00   9.3567086e-01
   1.1440000e+03   1.7900393e+00   9.3976188e-01
   1.1450000e+03   1.7791937e+00   9.4482356e-01
   1.1460000e+03   1.7688652e+00   9.4996498e-01
   1.1470000e+03   1.7590844e+00   9.5516011e-01
   1.1480000e+03   1.7500090e+00   9.5993692e-01
   1.1490000e+03   1.7414384e+00   9.6414024e-01
   1.1500000e+03   1.7350566e+00   9.6738499e-01
   1.1510000e+03   1.7300696e+00   9.7029154e-01
   1.1520000e+03   1.7277047e+00   9.7206065e-01
   1.1530000e+03   1.7286558e+00   9.7389909e-01
   1.1540000e+03   1.7329892e+00   9.7348282e-01
   1.1550000e+03   1.7402519e+00   9.7251982e-01
   1.1560000e+03   1.7523202e+00   9.7011218e-01
   1.1570000e+03   1.7680362e+00   9.6915849e-01
   1.1580000e+03   1.7860189e+00   9.6741552e-01
   1.1590000e+03   1.8044959e+00   9.6587296e-01
   1.1600000e+03   1.8230414e+00   9.6439521e-01
   1.1610000e+03   1.8410723e+00   9.6220871e-01
   1.1620000e+03   1.8579347e+00   9.6054495e-01
   1.1630000e+03   1.8732935e+00   9.5778181e-01
   1.1640000e+03   1.8876046e+00   9.5395820e-01
   1.1650000e+03   1.9024639e+00   9.4867788e-01
   1.1660000e+03   1.9133360e+00   9.4351559e-01
   1.1670000e+03   1.9228167e+00   9.3796569e-01
   1.1680000e+03   1.9302637e+00   9.3263697e-01
   1.1690000e+03   1.9354355e+00   9.2779630e-01
   1.1700000e+03   1.9376718e+00   9.2264014e-01
   1.1710000e+03   1.9363884e+00   9.1977719e-01
   1.1720000e+03   1.9328216e+00   9.1809451e-01
   1.1730000e+03   1.9270596e+00   9.1809543e-01
   1.1740000e+03   1.9195240e+00   9.1914059e-01
   1.1750000e+03   1.9106077e+00   9.2085968e-01
   1.1760000e+03   1.9004696e+00   9.2317003e-01
   1.1770000e+03   1.8909873e+00   9.2677354e-01
   1.1780000e+03   1.8792856e+00   9.2991441e-01
   1.1790000e+03   1.8683205e+00   9.3406160e-01
   1.1800000e+03   1.8567374e+00   9.3838459e-01
   1.1810000e+03   1.8461958e+00   9.4316925e-01
   1.1820000e+03   1.8359185e+00   9.4913414e-01
   1.1830000e+03   1.8268595e+00   9.5597859e-01
   1.1840000e+03   1.8197327e+00   9.6203317e-01
   1.1850000e+03   1.8144303e+00   9.6698993e-01
   1.1860000e+03   1.8116165e+00   9.7199141e-01
   1.1870000e+03   1.8100838e+00   9.7664591e-01
   1.1880000e+03   1.8104559e+00   9.8033313e-01
   1.1890000e+03   1.8114064e+00   9.8290449e-01
   1.1900000e+03   1.8131714e+00   9.8469230e-01
   1.1910000e+03   1.8160264e+00   9.8449308e-01
   1.1920000e+03   1.8197862e+00   9.8326862e-01
   1.1930000e+03   1.8234681e+00   9.8009421e-01
   1.1940000e+03   1.8268218e+00   9.7572162e-01
   1.1950000e+03   1.8298278e+00   9.7148835e-01
   1.1960000e+03   1.8319092e+00   9.6702971e-01
   1.1970000e+03   1.8335538e+00   9.6339461e-01
   1.1980000e+03   1.8352523e+00   9.6023781e-01
   1.1990000e+03   1.8369737e+00   9.5734148e-01
   1.2000000e+03   1.8385837e+00   9.5505451e-01
   1.2010000e+03   1.8400175e+00   9.5291217e-01
   1.2020000e+03   1.8420235e+00   9.5155714e-01
   1.2030000e+03   1.8426736e+00   9.4952744e-01
   1.2040000e+03   1.8430836e+00   9.4709061e-01
   1.2050000e+03   1.8420317e+00   9.4343980e-01
   1.2060000e+03   1.8407623e+00   9.3927026e-01
   1.2070000e+03   1.8387779e+00   9.3613321e-01
   1.2080000e+03   1.8348060e+00   9.3281649e-01
   1.2090000e+03   1.8302175e+00   9.3067204e-01
   1.2100000e+03   1.8234386e+00   9.2943449e-01
   1.2110000e+03   1.8153486e+00   9.2956056e-01
   1.2120000e+03   1.8054851e+00   9.3107627e-01
   1.2130000e+03   1.7962723e+00   9.3392709e-01
   1.2140000e+03   1.7841745e+00   9.3823118e-01
   1.2150000e+03   1.7717343e+00   9.4240039e-01
   1.2160000e+03   1.7580942e+00   9.4840474e-01
   1.2170000e+03   1.7449768e+00   9.5500927e-01
   1.2180000e+03   1.7317162e+00   9.6170960e-01
   1.2190000e+03   1.7198937e+00   9.6907186e-01
   1.2200000e+03   1.7083655e+00   9.7613074e-01
   1.2210000e+03   1.6988219e+00   9.8269666e-01
   1.2220000e+03   1.6908768e+00   9.8940963e-01
   1.2230000e+03   1.6844292e+00   9.9550328e-01
   1.2240000e+03   1.6801613e+00   1.0006113e+00
   1.2250000e+03   1.6793858e+00   1.0060090e+00
   1.2260000e+03   1.6813410e+00   1.0094581e+00
   1.2270000e+03   1.6860146e+00   1.0123853e+00
   1.2280000e+03   1.6943476e+00   1.0138483e+00
   1.2290000e+03   1.7056682e+00   1.0140200e+00
   1.2300000e+03   1.7194667e+00   1.0130951e+00
   1.2310000e+03   1.7341204e+00   1.0115117e+00
   1.2320000e+03   1.7512094e+00   1.0096713e+00
   1.2330000e+03   1.7678940e+00   1.0073841e+00
   1.2340000e+03   1.7850531e+00   1.0050156e+00
   1.2350000e+03   1.8014668e+00   1.0018001e+00
   1.2360000e+03   1.8172359e+00   9.9845459e-01
   1.2370000e+03   1.8308043e+00   9.9467319e-01
   1.2380000e+03   1.8426669e+00   9.9089641e-01
   1.2390000e+03   1.8524182e+00   9.8595929e-01
   1.2400000e+03   1.8600493e+00   9.8203263e-01
   1.2410000e+03   1.8656228e+00   9.7680544e-01
   1.2420000e+03   1.8678227e+00   9.7199353e-01
   1.2430000e+03   1.8673708e+00   9.6783922e-01
   1.2440000e+03   1.8622044e+00   9.6464863e-01
   1.2450000e+03   1.8497191e+00   9.6133114e-01
   1.2460000e+03   1.8315942e+00   9.5801560e-01
   1.2470000e+03   1.8091206e+00   9.5514009e-01
   1.2480000e+03   1.7851235e+00   9.5130552e-01
   1.2490000e+03   1.7613124e+00   9.4626003e-01
   1.2500000e+03   1.7398091e+00   9.4268510e-01
   1.2510000e+03   1.7210899e+00   9.3854962e-01
   1.2520000e+03   1.7054091e+00   9.3231129e-01
   1.2530000e+03   1.6937498e+00   9.2496760e-01
   1.2540000e+03   1.6842508e+00   9.1639653e-01
   1.2550000e+03   1.6812312e+00   9.0864886e-01
   1.2560000e+03   1.6826544e+00   9.0121013e-01
   1.2570000e+03   1.6890517e+00   8.9475229e-01
   1.2580000e+03   1.6971002e+00   8.8811856e-01
   1.2590000e+03   1.7047993e+00   8.8146442e-01
   1.2600000e+03   1.7067884e+00   8.7519399e-01
   1.2610000e+03   1.7030777e+00   8.6843592e-01
   1.2620000e+03   1.6878699e+00   8.6089709e-01
   1.2630000e+03   1.6665969e+00   8.5221731e-01
   1.2640000e+03   1.6433733e+00   8.4579063e-01
   1.2650000e+03   1.6239686e+00   8.4201579e-01
   1.2660000e+03   1.6114378e+00   8.3902210e-01
   1.2670000e+03   1.6041048e+00   8.3863281e-01
   1.2680000e+03   1.5996730e+00   8.3843874e-01
   1.2690000e+03   1.5911951e+00   8.4112217e-01
   1.2700000e+03   1.5922425e+00   8.4945059e-01
   1.2710000e+03   1.5985533e+00   8.5915402e-01
   1.2720000e+03   1.6087888e+00   8.7044283e-01
   1.2730000e+03   1.6265402e+00   8.8239737e-01
   1.2740000e+03   1.6457423e+00   8.9504721e-01
   1.2750000e+03   1.6712684e+00   9.0793404e-01
   1.2760000e+03   1.6963377e+00   9.2110750e-01
   1.2770000e+03   1.7216954e+00   9.3282910e-01
   1.2780000e+03   1.7472272e+00   9.4255370e-01
   1.2790000e+03   1.7706532e+00   9.4964974e-01
   1.2800000e+03   1.7953737e+00   9.5379648e-01
   1.2810000e+03   1.8185352e+00   9.5634846e-01
   1.2820000e+03   1.8419086e+00   9.5673314e-01
   1.2830000e+03   1.8628594e+00   9.5295057e-01
   1.2840000e+03   1.8819164e+00   9.4813254e-01
   1.2850000e+03   1.9001769e+00   9.4149298e-01
   1.2860000e+03   1.9157189e+00   9.3589158e-01
   1.2870000e+03   1.9309162e+00   9.2992493e-01
   1.2880000e+03   1.9440615e+00   9.2549251e-01
   1.2890000e+03   1.9550544e+00   9.2089283e-01
   1.2900000e+03   1.9636867e+00   9.1654385e-01
   1.2910000e+03   1.9725277e+00   9.1322502e-01
   1.2920000e+03   1.9789173e+00   9.1290408e-01
   1.2930000e+03   1.9857065e+00   9.1546559e-01
   1.2940000e+03   1.9919430e+00   9.2206145e-01
   1.2950000e+03   1.9956322e+00   9.2972471e-01
   1.2960000e+03   1.9975921e+00   9.4002965e-01
   1.2970000e+03   1.9991386e+00   9.5015071e-01
   1.2980000e+03   1.9940534e+00   9.5968342e-01
   1.2990000e+03   1.9881209e+00   9.6892899e-01
   1.3000000e+03   1.9801416e+00   9.7877200e-01
   1.3010000e+03   1.9734264e+00   9.8650240e-01
   1.3020000e+03   1.9669531e+00   9.9305940e-01
   1.3030000e+03   1.9627628e+00   9.9640803e-01
   1.3040000e+03   1.9636757e+00   9.9885761e-01
   1.3050000e+03   1.9673555e+00   9.9828431e-01
   1.3060000e+03   1.9745836e+00   9.9524348e-01
   1.3070000e+03   1.9852090e+00   9.9007850e-01
   1.3080000e+03   1.9978693e+00   9.8226663e-01
   1.3090000e+03   2.0123315e+00   9.7499611e-01
   1.3100000e+03   2.0283917e+00   9.6552947e-01
   1.3110000e+03   2.0445049e+00   9.5743773e-01
   1.3120000e+03   2.0608913e+00   9.4959764e-01
   1.3130000e+03   2.0748073e+00   9.4286511e-01
   1.3140000e+03   2.0861117e+00   9.3618435e-01
   1.3150000e+03   2.0979725e+00   9.3093592e-01
   1.3160000e+03   2.1065220e+00   9.2642659e-01
   1.3170000e+03   2.1136520e+00   9.2387102e-01
   1.3180000e+03   2.1200411e+00   9.2163376e-01
   1.3190000e+03   2.1262548e+00   9.2008645e-01
   1.3200000e+03   2.1321335e+00   9.1835964e-01
   1.3210000e+03   2.1384564e+00   9.1696522e-01
   1.3220000e+03   2.1437049e+00   9.1711613e-01
   1.3230000e+03   2.1488529e+00   9.1705045e-01
   1.3240000e+03   2.1539089e+00   9.1654600e-01
   1.3250000e+03   2.1577120e+00   9.1729040e-01
   1.3260000e+03   2.1609496e+00   9.1892062e-01
   1.3270000e+03   2.1627001e+00   9.2198424e-01
   1.3280000e+03   2.1630473e+00   9.2521386e-01
   1.3290000e+03   2.1618717e+00   9.2983235e-01
   1.3300000e+03   2.1592214e+00   9.3460007e-01
   1.3310000e+03   2.1563840e+00   9.3967509e-01
   1.3320000e+03   2.1515328e+00   9.4571647e-01
   1.3330000e+03   2.1440873e+00   9.5425592e-01
   1.3340000e+03   2.1370485e+00   9.6086737e-01
   1.3350000e+03   2.1300027e+00   9.6802034e-01
   1.3360000e+03   2.1220057e+00   9.7514123e-01
   1.3370000e+03   2.1130972e+00   9.8225543e-01
   1.3380000e+03   2.1031844e+00   9.8822722e-01
   1.3390000e+03   2.0924940e+00   9.9424766e-01
   1.3400000e+03   2.0822477e+00   9.9924271e-01
   1.3410000e+03   2.0706235e+00   1.0029234e+00
   1.3420000e+03   2.0596494e+00   1.0049516e+00
   1.3430000e+03   2.0477696e+00   1.0052700e+00
   1.3440000e+03   2.0363539e+00   1.0040854e+00
   1.3450000e+03   2.0250601e+00   1.0012331e+00
   1.3460000e+03   2.0146958e+00   9.9702779e-01
   1.3470000e+03   2.0066975e+00   9.9021655e-01
   1.3480000e+03   2.0025021e+00   9.7998404e-01
   1.3490000e+03   2.0015016e+00   9.6920431e-01
   1.3500000e+03   2.0052956e+00   9.6000994e-01
   1.3510000e+03   2.0108411e+00   9.5140137e-01
   1.3520000e+03   2.0164107e+00   9.4512780e-01
   1.3530000e+03   2.0254922e+00   9.3843471e-01
   1.3540000e+03   2.0346951e+00   9.3537306e-01
   1.3550000e+03   2.0431363e+00   9.3393337e-01
   1.3560000e+03   2.0510443e+00   9.3534538e-01
   1.3570000e+03   2.0570704e+00   9.3957699e-01
   1.3580000e+03   2.0609753e+00   9.4622801e-01
   1.3590000e+03   2.0647325e+00   9.5415409e-01
   1.3600000e+03   2.0657465e+00   9.6220860e-01
   1.3610000e+03   2.0649336e+00   9.6928851e-01
   1.3620000e+03   2.0614316e+00   9.7732086e-01
   1.3630000e+03   2.0560778e+00   9.8430607e-01
   1.3640000e+03   2.0484587e+00   9.9187042e-01
   1.3650000e+03   2.0401808e+00   9.9850736e-01
   1.3660000e+03   2.0329911e+00   1.0053508e+00
   1.3670000e+03   2.0256656e+00   1.0115444e+00
   1.3680000e+03   2.0208931e+00   1.0168463e+00
   1.3690000e+03   2.0183879e+00   1.0213313e+00
   1.3700000e+03   2.0170455e+00   1.0266440e+00
   1.3710000e+03   2.0177120e+00   1.0307683e+00
   1.3720000e+03   2.0207002e+00   1.0335481e+00
   1.3730000e+03   2.0245339e+00   1.0366821e+00
   1.3740000e+03   2.0296943e+00   1.0390611e+00
   1.3750000e+03   2.0349138e+00   1.0407403e+00
   1.3760000e+03   2.0413175e+00   1.0420610e+00
   1.3770000e+03   2.0490241e+00   1.0426725e+00
   1.3780000e+03   2.0567825e+00   1.0420584e+00
   1.3790000e+03   2.0666046e+00   1.0414483e+00
   1.3800000e+03   2.0756972e+00   1.0410863e+00
   1.3810000e+03   2.0852245e+00   1.0406182e+00
   1.3820000e+03   2.0948334e+00   1.0386683e+00
   1.3830000e+03   2.1038363e+00   1.0351022e+00
   1.3840000e+03   2.1117361e+00   1.0302947e+00
   1.3850000e+03   2.1183184e+00   1.0266919e+00
   1.3860000e+03   2.1253874e+00   1.0209468e+00
   1.3870000e+03   2.1301556e+00   1.0154649e+00
   1.3880000e+03   2.1348096e+00   1.0084292e+00
   1.3890000e+03   2.1386808e+00   1.0023759e+00
   1.3900000e+03   2.1411360e+00   9.9641757e-01
   1.3910000e+03   2.1423083e+00   9.9051354e-01
   1.3920000e+03   2.1431991e+00   9.8499841e-01
   1.3930000e+03   2.1434372e+00   9.8098321e-01
   1.3940000e+03   2.1415155e+00   9.7682093e-01
   1.3950000e+03   2.1378241e+00   9.7357035e-01
   1.3960000e+03   2.1344040e+00   9.7245043e-01
   1.3970000e+03   2.1298603e+00   9.7304298e-01
   1.3980000e+03   2.1235869e+00   9.7549501e-01
   1.3990000e+03   2.1188576e+00   9.7931938e-01
   1.4000000e+03   2.1149355e+00   9.8376195e-01
   1.4010000e+03   2.1114484e+00   9.8752122e-01
   1.4020000e+03   2.1062631e+00   9.9162122e-01
   1.4030000e+03   2.1010998e+00   9.9509185e-01
   1.4040000e+03   2.0949304e+00   9.9831164e-01
   1.4050000e+03   2.0883641e+00   1.0023029e+00
   1.4060000e+03   2.0790117e+00   1.0053678e+00
   1.4070000e+03   2.0701252e+00   1.0083424e+00
   1.4080000e+03   2.0607772e+00   1.0114252e+00
   1.4090000e+03   2.0524593e+00   1.0142498e+00
   1.4100000e+03   2.0447624e+00   1.0181536e+00
   1.4110000e+03   2.0394934e+00   1.0223815e+00
   1.4120000e+03   2.0349763e+00   1.0267190e+00
   1.4130000e+03   2.0319953e+00   1.0313313e+00
   1.4140000e+03   2.0297802e+00   1.0365819e+00
   1.4150000e+03   2.0284838e+00   1.0424557e+00
   1.4160000e+03   2.0286431e+00   1.0482023e+00
   1.4170000e+03   2.0309410e+00   1.0550889e+00
   1.4180000e+03   2.0329241e+00   1.0607545e+00
   1.4190000e+03   2.0359106e+00   1.0667885e+00
   1.4200000e+03   2.0385629e+00   1.0732019e+00
   1.4210000e+03   2.0395372e+00   1.0797004e+00
   1.4220000e+03   2.0382829e+00   1.0861180e+00
   1.4230000e+03   2.0359131e+00   1.0925090e+00
   1.4240000e+03   2.0321212e+00   1.0986099e+00
   1.4250000e+03   2.0260745e+00   1.1052470e+00
   1.4260000e+03   2.0184414e+00   1.1117406e+00
   1.4270000e+03   2.0095588e+00   1.1174963e+00
   1.4280000e+03   1.9987729e+00   1.1221506e+00
   1.4290000e+03   1.9874686e+00   1.1229389e+00
   1.4300000e+03   1.9757800e+00   1.1250649e+00
   1.4310000e+03   1.9626800e+00   1.1231598e+00
   1.4320000e+03   1.9496615e+00   1.1200604e+00
   1.4330000e+03   1.9364665e+00   1.1154654e+00
   1.4340000e+03   1.9245723e+00   1.1089740e+00
   1.4350000e+03   1.9140470e+00   1.1001911e+00
   1.4360000e+03   1.9045813e+00   1.0897527e+00
   1.4370000e+03   1.8951385e+00   1.0777752e+00
   1.4380000e+03   1.8866179e+00   1.0635465e+00
   1.4390000e+03   1.8799544e+00   1.0482990e+00
   1.4400000e+03   1.8746700e+00   1.0324267e+00
   1.4410000e+03   1.8713759e+00   1.0137909e+00
   1.4420000e+03   1.8699844e+00   9.9721743e-01
   1.4430000e+03   1.8684761e+00   9.8002282e-01
   1.4440000e+03   1.8675500e+00   9.6375924e-01
   1.4450000e+03   1.8662597e+00   9.4892265e-01
   1.4460000e+03   1.8638529e+00   9.3561141e-01
   1.4470000e+03   1.8611987e+00   9.2334935e-01
   1.4480000e+03   1.8570274e+00   9.1273659e-01
   1.4490000e+03   1.8521124e+00   9.0291261e-01
   1.4500000e+03   1.8453013e+00   8.9479426e-01
   1.4510000e+03   1.8362610e+00   8.8769923e-01
   1.4520000e+03   1.8251656e+00   8.8228894e-01
   1.4530000e+03   1.8121405e+00   8.7824771e-01
   1.4540000e+03   1.7968758e+00   8.7619137e-01
   1.4550000e+03   1.7793875e+00   8.7477112e-01
   1.4560000e+03   1.7623517e+00   8.7429561e-01
   1.4570000e+03   1.7441320e+00   8.7620888e-01
   1.4580000e+03   1.7270755e+00   8.7885224e-01
   1.4590000e+03   1.7107766e+00   8.8190849e-01
   1.4600000e+03   1.6959986e+00   8.8601060e-01
   1.4610000e+03   1.6830954e+00   8.9069377e-01
   1.4620000e+03   1.6722731e+00   8.9520056e-01
   1.4630000e+03   1.6642352e+00   8.9930377e-01
   1.4640000e+03   1.6585558e+00   9.0516225e-01
   1.4650000e+03   1.6559439e+00   9.1091005e-01
   1.4660000e+03   1.6542410e+00   9.1750984e-01
   1.4670000e+03   1.6537394e+00   9.2528089e-01
   1.4680000e+03   1.6540776e+00   9.3259719e-01
   1.4690000e+03   1.6535586e+00   9.4057856e-01
   1.4700000e+03   1.6527916e+00   9.4817547e-01
   1.4710000e+03   1.6511658e+00   9.5624662e-01
   1.4720000e+03   1.6489153e+00   9.6333735e-01
   1.4730000e+03   1.6458496e+00   9.6958921e-01
   1.4740000e+03   1.6421038e+00   9.7415339e-01
   1.4750000e+03   1.6382810e+00   9.7745697e-01
   1.4760000e+03   1.6350804e+00   9.7910432e-01
   1.4770000e+03   1.6334158e+00   9.7772715e-01
   1.4780000e+03   1.6339073e+00   9.7550127e-01
   1.4790000e+03   1.6368346e+00   9.7076051e-01
   1.4800000e+03   1.6415292e+00   9.6359526e-01
   1.4810000e+03   1.6487051e+00   9.5528453e-01
   1.4820000e+03   1.6568537e+00   9.4588642e-01
   1.4830000e+03   1.6658829e+00   9.3487504e-01
   1.4840000e+03   1.6746969e+00   9.2304180e-01
   1.4850000e+03   1.6829970e+00   9.0949984e-01
   1.4860000e+03   1.6908628e+00   8.9538026e-01
   1.4870000e+03   1.6964007e+00   8.7931444e-01
   1.4880000e+03   1.7020361e+00   8.6312829e-01
   1.4890000e+03   1.7091249e+00   8.4752000e-01
   1.4900000e+03   1.7136117e+00   8.3417449e-01
   1.4910000e+03   1.7177878e+00   8.2384740e-01
   1.4920000e+03   1.7214333e+00   8.1789342e-01
   1.4930000e+03   1.7251639e+00   8.1665857e-01
   1.4940000e+03   1.7293873e+00   8.1820724e-01
   1.4950000e+03   1.7323347e+00   8.2340960e-01
   1.4960000e+03   1.7357170e+00   8.3312069e-01
   1.4970000e+03   1.7381818e+00   8.4518772e-01
   1.4980000e+03   1.7405997e+00   8.5802739e-01
   1.4990000e+03   1.7418630e+00   8.7226782e-01
   1.5000000e+03   1.7415314e+00   8.8698691e-01
   1.5010000e+03   1.7389404e+00   9.0356770e-01
   1.5020000e+03   1.7349984e+00   9.1792063e-01
   1.5030000e+03   1.7315146e+00   9.3175114e-01
   1.5040000e+03   1.7273698e+00   9.4626299e-01
   1.5050000e+03   1.7225170e+00   9.5931331e-01
   1.5060000e+03   1.7162144e+00   9.7003497e-01
   1.5070000e+03   1.7081555e+00   9.7722597e-01
   1.5080000e+03   1.6998636e+00   9.7992193e-01
   1.5090000e+03   1.6894432e+00   9.7823942e-01
   1.5100000e+03   1.6777832e+00   9.7215942e-01
   1.5110000e+03   1.6632440e+00   9.6270663e-01
   1.5120000e+03   1.6455999e+00   9.4975055e-01
   1.5130000e+03   1.6244482e+00   9.3528492e-01
   1.5140000e+03   1.6010577e+00   9.1966664e-01
   1.5150000e+03   1.5762904e+00   9.0151294e-01
   1.5160000e+03   1.5483356e+00   8.8131340e-01
   1.5170000e+03   1.5246790e+00   8.6464595e-01
   1.5180000e+03   1.5062888e+00   8.4841259e-01
   1.5190000e+03   1.4964657e+00   8.3286678e-01
   1.5200000e+03   1.4958624e+00   8.2089659e-01
   1.5210000e+03   1.5002647e+00   8.1743215e-01
   1.5220000e+03   1.5033017e+00   8.1870901e-01
   1.5230000e+03   1.5009221e+00   8.2276320e-01
   1.5240000e+03   1.4926739e+00   8.2818910e-01
   1.5250000e+03   1.4772227e+00   8.3214774e-01
   1.5260000e+03   1.4565407e+00   8.3458703e-01
   1.5270000e+03   1.4323635e+00   8.3264512e-01
   1.5280000e+03   1.4071742e+00   8.2866997e-01
   1.5290000e+03   1.3807113e+00   8.2557894e-01
   1.5300000e+03   1.3563008e+00   8.2208981e-01
   1.5310000e+03   1.3327878e+00   8.1885477e-01
   1.5320000e+03   1.3092679e+00   8.1176397e-01
   1.5330000e+03   1.2877175e+00   8.0346627e-01
   1.5340000e+03   1.2699133e+00   7.9216064e-01
   1.5350000e+03   1.2563243e+00   7.7782374e-01
   1.5360000e+03   1.2466567e+00   7.6303139e-01
   1.5370000e+03   1.2444063e+00   7.5162400e-01
   1.5380000e+03   1.2496170e+00   7.4470525e-01
   1.5390000e+03   1.2610038e+00   7.3826425e-01
   1.5400000e+03   1.2751335e+00   7.3044127e-01
   1.5410000e+03   1.2936419e+00   7.2090093e-01
   1.5420000e+03   1.3123806e+00   7.1033212e-01
   1.5430000e+03   1.3318833e+00   7.0079995e-01
   1.5440000e+03   1.3523041e+00   6.9187211e-01
   1.5450000e+03   1.3696667e+00   6.8409131e-01
   1.5460000e+03   1.3836728e+00   6.7832106e-01
   1.5470000e+03   1.3943843e+00   6.7624010e-01
   1.5480000e+03   1.4015343e+00   6.7612527e-01
   1.5490000e+03   1.4054945e+00   6.7845949e-01
   1.5500000e+03   1.4064043e+00   6.8017322e-01
   1.5510000e+03   1.4053915e+00   6.8164932e-01
   1.5520000e+03   1.4026432e+00   6.8143829e-01
   1.5530000e+03   1.3977401e+00   6.7772330e-01
   1.5540000e+03   1.3902806e+00   6.7393140e-01
   1.5550000e+03   1.3789071e+00   6.7000487e-01
   1.5560000e+03   1.3642194e+00   6.6626045e-01
   1.5570000e+03   1.3466881e+00   6.6270909e-01
   1.5580000e+03   1.3283778e+00   6.6116745e-01
   1.5590000e+03   1.3138875e+00   6.6131197e-01
   1.5600000e+03   1.3011704e+00   6.6163682e-01
   1.5610000e+03   1.2921195e+00   6.6247544e-01
   1.5620000e+03   1.2867116e+00   6.6656108e-01
   1.5630000e+03   1.2844356e+00   6.7434089e-01
   1.5640000e+03   1.2839978e+00   6.8648973e-01
   1.5650000e+03   1.2842603e+00   7.0010462e-01
   1.5660000e+03   1.2879010e+00   7.1318599e-01
   1.5670000e+03   1.2945990e+00   7.2354951e-01
   1.5680000e+03   1.3031414e+00   7.2988298e-01
   1.5690000e+03   1.3136025e+00   7.3053179e-01
   1.5700000e+03   1.3248159e+00   7.2546969e-01
   1.5710000e+03   1.3328588e+00   7.1409844e-01
   1.5720000e+03   1.3387773e+00   6.9571285e-01
   1.5730000e+03   1.3407753e+00   6.7228556e-01
   1.5740000e+03   1.3336290e+00   6.4721926e-01
   1.5750000e+03   1.3240956e+00   6.2311965e-01
   1.5760000e+03   1.3157396e+00   6.0178349e-01
   1.5770000e+03   1.3096847e+00   5.8408927e-01
   1.5780000e+03   1.3058600e+00   5.6614881e-01
   1.5790000e+03   1.3025188e+00   5.4938664e-01
   1.5800000e+03   1.2995650e+00   5.3336412e-01
   1.5810000e+03   1.2974564e+00   5.1810064e-01
   1.5820000e+03   1.2945336e+00   5.0304991e-01
   1.5830000e+03   1.2924578e+00   4.9091279e-01
   1.5840000e+03   1.2925739e+00   4.8258772e-01
   1.5850000e+03   1.2958011e+00   4.7806328e-01
   1.5860000e+03   1.3014090e+00   4.7882200e-01
   1.5870000e+03   1.3054590e+00   4.8405971e-01
   1.5880000e+03   1.3083370e+00   4.9196210e-01
   1.5890000e+03   1.3085581e+00   5.0231335e-01
   1.5900000e+03   1.3085352e+00   5.1468489e-01
   1.5910000e+03   1.3110069e+00   5.2655310e-01
   1.5920000e+03   1.3160164e+00   5.3769527e-01
   1.5930000e+03   1.3223707e+00   5.4695177e-01
   1.5940000e+03   1.3297372e+00   5.5466409e-01
   1.5950000e+03   1.3375736e+00   5.6030560e-01
   1.5960000e+03   1.3466860e+00   5.6307945e-01
   1.5970000e+03   1.3570701e+00   5.5993622e-01
   1.5980000e+03   1.3721172e+00   5.5613716e-01
   1.5990000e+03   1.3884519e+00   5.5132403e-01
   1.6000000e+03   1.4028214e+00   5.4423481e-01
   1.6010000e+03   1.4132757e+00   5.3643042e-01
   1.6020000e+03   1.4187565e+00   5.3014026e-01
   1.6030000e+03   1.4205704e+00   5.2486120e-01
   1.6040000e+03   1.4197848e+00   5.2053808e-01
   1.6050000e+03   1.4166228e+00   5.1874088e-01
   1.6060000e+03   1.4123756e+00   5.1767469e-01
   1.6070000e+03   1.4074642e+00   5.1702635e-01
   1.6080000e+03   1.4025778e+00   5.1769210e-01
   1.6090000e+03   1.3982503e+00   5.1990239e-01
   1.6100000e+03   1.3901870e+00   5.2164986e-01
   1.6110000e+03   1.3819537e+00   5.2320245e-01
   1.6120000e+03   1.3709314e+00   5.2545757e-01
   1.6130000e+03   1.3580056e+00   5.2746877e-01
   1.6140000e+03   1.3466909e+00   5.2970722e-01
   1.6150000e+03   1.3399112e+00   5.3143465e-01
   1.6160000e+03   1.3333950e+00   5.3212413e-01
   1.6170000e+03   1.3291706e+00   5.3158975e-01
   1.6180000e+03   1.3265107e+00   5.3154448e-01
   1.6190000e+03   1.3228305e+00   5.3056942e-01
   1.6200000e+03   1.3223700e+00   5.3218800e-01
   1.6210000e+03   1.3190913e+00   5.3143867e-01
   1.6220000e+03   1.3165066e+00   5.3023220e-01
   1.6230000e+03   1.3152398e+00   5.2751885e-01
   1.6240000e+03   1.3136468e+00   5.2390770e-01
   1.6250000e+03   1.3125684e+00   5.1984074e-01
   1.6260000e+03   1.3117042e+00   5.1617534e-01
   1.6270000e+03   1.3091865e+00   5.1229042e-01
   1.6280000e+03   1.3069554e+00   5.0961861e-01
   1.6290000e+03   1.3035295e+00   5.0826953e-01
   1.6300000e+03   1.2997630e+00   5.1077879e-01
   1.6310000e+03   1.2955619e+00   5.1519373e-01
   1.6320000e+03   1.2915943e+00   5.2049724e-01
   1.6330000e+03   1.2891684e+00   5.2778599e-01
   1.6340000e+03   1.2855579e+00   5.3324647e-01
   1.6350000e+03   1.2823062e+00   5.3946405e-01
   1.6360000e+03   1.2796790e+00   5.4490974e-01
   1.6370000e+03   1.2777692e+00   5.4996969e-01
   1.6380000e+03   1.2757857e+00   5.5547267e-01
   1.6390000e+03   1.2736669e+00   5.6107992e-01
   1.6400000e+03   1.2715628e+00   5.6701619e-01
   1.6410000e+03   1.2698858e+00   5.7095361e-01
   1.6420000e+03   1.2685340e+00   5.7224603e-01
   1.6430000e+03   1.2673137e+00   5.7021572e-01
   1.6440000e+03   1.2664982e+00   5.6495942e-01
   1.6450000e+03   1.2669073e+00   5.5625095e-01
   1.6460000e+03   1.2671643e+00   5.4584332e-01
   1.6470000e+03   1.2672940e+00   5.3320047e-01
   1.6480000e+03   1.2659817e+00   5.1991881e-01
   1.6490000e+03   1.2639396e+00   5.0755161e-01
   1.6500000e+03   1.2587437e+00   4.9780739e-01
   1.6510000e+03   1.2512574e+00   4.9162681e-01
   1.6520000e+03   1.2416422e+00   4.8882565e-01
   1.6530000e+03   1.2301483e+00   4.9005129e-01
   1.6540000e+03   1.2171606e+00   4.9474693e-01
   1.6550000e+03   1.2030282e+00   5.0186645e-01
   1.6560000e+03   1.1883531e+00   5.1021704e-01
   1.6570000e+03   1.1735409e+00   5.1928254e-01
   1.6580000e+03   1.1593948e+00   5.2781740e-01
   1.6590000e+03   1.1463418e+00   5.3422637e-01
   1.6600000e+03   1.1359081e+00   5.3880026e-01
   1.6610000e+03   1.1288599e+00   5.3826005e-01
   1.6620000e+03   1.1247575e+00   5.3396432e-01
   1.6630000e+03   1.1246741e+00   5.2588894e-01
   1.6640000e+03   1.1261129e+00   5.1394096e-01
   1.6650000e+03   1.1274344e+00   4.9955713e-01
   1.6660000e+03   1.1296252e+00   4.8496655e-01
   1.6670000e+03   1.1314432e+00   4.6870649e-01
   1.6680000e+03   1.1334855e+00   4.5292378e-01
   1.6690000e+03   1.1319370e+00   4.3641729e-01
   1.6700000e+03   1.1294270e+00   4.2194274e-01
   1.6710000e+03   1.1244728e+00   4.0910115e-01
   1.6720000e+03   1.1178595e+00   3.9792411e-01
   1.6730000e+03   1.1093291e+00   3.8784524e-01
   1.6740000e+03   1.1007907e+00   3.8082136e-01
   1.6750000e+03   1.0922787e+00   3.7530945e-01
   1.6760000e+03   1.0818922e+00   3.7178963e-01
   1.6770000e+03   1.0707340e+00   3.6924958e-01
   1.6780000e+03   1.0594372e+00   3.6690906e-01
   1.6790000e+03   1.0485538e+00   3.6370999e-01
   1.6800000e+03   1.0366700e+00   3.6042492e-01
   1.6810000e+03   1.0252329e+00   3.5667607e-01
   1.6820000e+03   1.0127308e+00   3.5275882e-01
   1.6830000e+03   9.9950400e-01   3.5089081e-01
   1.6840000e+03   9.8586231e-01   3.4759163e-01
   1.6850000e+03   9.7178952e-01   3.4337586e-01
   1.6860000e+03   9.5841877e-01   3.3798047e-01
   1.6870000e+03   9.4593611e-01   3.2807268e-01
   1.6880000e+03   9.3604743e-01   3.1388879e-01
   1.6890000e+03   9.2873675e-01   2.9767081e-01
   1.6900000e+03   9.2270723e-01   2.8239918e-01
   1.6910000e+03   9.1846832e-01   2.6702786e-01
   1.6920000e+03   9.1432753e-01   2.5362217e-01
   1.6930000e+03   9.0883249e-01   2.3934709e-01
   1.6940000e+03   9.0533545e-01   2.2930235e-01
   1.6950000e+03   9.0148562e-01   2.2506536e-01
   1.6960000e+03   9.0009375e-01   2.2547681e-01
   1.6970000e+03   8.9858521e-01   2.2956506e-01
   1.6980000e+03   8.9636908e-01   2.3572382e-01
   1.6990000e+03   8.9254829e-01   2.4313807e-01
   1.7000000e+03   8.8683116e-01   2.4895127e-01
   1.7010000e+03   8.7754878e-01   2.5412717e-01
   1.7020000e+03   8.6500227e-01   2.5708796e-01
   1.7030000e+03   8.5079654e-01   2.5739551e-01
   1.7040000e+03   8.3513594e-01   2.5502232e-01
   1.7050000e+03   8.2059685e-01   2.4942242e-01
   1.7060000e+03   8.0531408e-01   2.4136150e-01
   1.7070000e+03   7.9112635e-01   2.3118934e-01
   1.7080000e+03   7.8014743e-01   2.2302376e-01
   1.7090000e+03   7.7252588e-01   2.1664262e-01
   1.7100000e+03   7.6811948e-01   2.1367438e-01
   1.7110000e+03   7.6758328e-01   2.1195635e-01
   1.7120000e+03   7.7013179e-01   2.1086483e-01
   1.7130000e+03   7.7436729e-01   2.1078217e-01
   1.7140000e+03   7.7904298e-01   2.1224166e-01
   1.7150000e+03   7.8066984e-01   2.1469183e-01
   1.7160000e+03   7.8029789e-01   2.1857645e-01
   1.7170000e+03   7.7832687e-01   2.2311139e-01
   1.7180000e+03   7.7473792e-01   2.2594937e-01
   1.7190000e+03   7.6907283e-01   2.2874422e-01
   1.7200000e+03   7.6361813e-01   2.3111684e-01
   1.7210000e+03   7.5710432e-01   2.3318008e-01
   1.7220000e+03   7.4953707e-01   2.3597350e-01
   1.7230000e+03   7.4193282e-01   2.3948857e-01
   1.7240000e+03   7.3476511e-01   2.4509110e-01
   1.7250000e+03   7.2561631e-01   2.5019882e-01
   1.7260000e+03   7.1490348e-01   2.5485025e-01
   1.7270000e+03   7.0298839e-01   2.5813111e-01
   1.7280000e+03   6.8881966e-01   2.6056267e-01
   1.7290000e+03   6.7476647e-01   2.6244465e-01
   1.7300000e+03   6.6092566e-01   2.6379507e-01
   1.7310000e+03   6.4750057e-01   2.6566845e-01
   1.7320000e+03   6.3285995e-01   2.6757446e-01
   1.7330000e+03   6.1936843e-01   2.6976027e-01
   1.7340000e+03   6.0786125e-01   2.7119263e-01
   1.7350000e+03   5.9839215e-01   2.7213691e-01
   1.7360000e+03   5.9176773e-01   2.7378235e-01
   1.7370000e+03   5.8499990e-01   2.7570061e-01
   1.7380000e+03   5.7600246e-01   2.7846863e-01
   1.7390000e+03   5.6655858e-01   2.7909766e-01
   1.7400000e+03   5.5577961e-01   2.7900224e-01
   1.7410000e+03   5.4388263e-01   2.7533046e-01
   1.7420000e+03   5.3526678e-01   2.7080910e-01
   1.7430000e+03   5.2845781e-01   2.6592165e-01
   1.7440000e+03   5.2367250e-01   2.6065647e-01
   1.7450000e+03   5.2324848e-01   2.5594452e-01
   1.7460000e+03   5.2354615e-01   2.5229168e-01
   1.7470000e+03   5.2487514e-01   2.4772677e-01
   1.7480000e+03   5.2436596e-01   2.4406325e-01
   1.7490000e+03   5.2526109e-01   2.4243657e-01
   1.7500000e+03   5.2357503e-01   2.4160195e-01
   1.7510000e+03   5.1991554e-01   2.4137415e-01
   1.7520000e+03   5.1432316e-01   2.4353300e-01
   1.7530000e+03   5.0657663e-01   2.4720870e-01
   1.7540000e+03   5.0514192e-01   2.4918822e-01
   1.7550000e+03   5.0637352e-01   2.4984581e-01
   1.7560000e+03   5.0825974e-01   2.5163535e-01
   1.7570000e+03   5.0993217e-01   2.5274268e-01
   1.7580000e+03   5.1054621e-01   2.5378901e-01
   1.7590000e+03   5.0639580e-01   2.5496134e-01
   1.7600000e+03   4.9997334e-01   2.5522948e-01
   1.7610000e+03   4.9373192e-01   2.5511514e-01
   1.7620000e+03   4.8615881e-01   2.5341671e-01
   1.7630000e+03   4.7971131e-01   2.5027325e-01
   1.7640000e+03   4.7527128e-01   2.4752498e-01
   1.7650000e+03   4.7059725e-01   2.4383084e-01
   1.7660000e+03   4.6467856e-01   2.4150959e-01
   1.7670000e+03   4.5843255e-01   2.4097709e-01
   1.7680000e+03   4.4699302e-01   2.3928644e-01
   1.7690000e+03   4.3532490e-01   2.3733529e-01
   1.7700000e+03   4.2015812e-01   2.3602808e-01
   1.7710000e+03   4.0367864e-01   2.3597562e-01
   1.7720000e+03   3.8293918e-01   2.3323151e-01
   1.7730000e+03   3.6569053e-01   2.3074293e-01
   1.7740000e+03   3.4996769e-01   2.2368766e-01
   1.7750000e+03   3.3865245e-01   2.1563592e-01
   1.7760000e+03   3.2964715e-01   2.0994986e-01
   1.7770000e+03   3.1877472e-01   2.0102683e-01
   1.7780000e+03   3.0618202e-01   1.9258347e-01
   1.7790000e+03   2.9007556e-01   1.8302262e-01
   1.7800000e+03   2.6782088e-01   1.5662473e-01
   1.7810000e+03   2.3886760e-01   1.2314743e-01
