   1.0000000e+00  -1.0502083e+00   1.4467439e+00
   2.0000000e+00  -1.0512117e+00   1.4447827e+00
   3.0000000e+00  -1.0521740e+00   1.4429874e+00
   4.0000000e+00  -1.0534013e+00   1.4413592e+00
   5.0000000e+00  -1.0547283e+00   1.4400748e+00
   6.0000000e+00  -1.0564160e+00   1.4388290e+00
   7.0000000e+00  -1.0590141e+00   1.4381235e+00
   8.0000000e+00  -1.0611905e+00   1.4366355e+00
   9.0000000e+00  -1.0630068e+00   1.4347617e+00
   1.0000000e+01  -1.0649406e+00   1.4324773e+00
   1.1000000e+01  -1.0670617e+00   1.4297203e+00
   1.2000000e+01  -1.0689530e+00   1.4266451e+00
   1.3000000e+01  -1.0711915e+00   1.4236809e+00
   1.4000000e+01  -1.0737482e+00   1.4200581e+00
   1.5000000e+01  -1.0753556e+00   1.4164941e+00
   1.6000000e+01  -1.0778657e+00   1.4128484e+00
   1.7000000e+01  -1.0809812e+00   1.4091381e+00
   1.8000000e+01  -1.0838675e+00   1.4057555e+00
   1.9000000e+01  -1.0869790e+00   1.4020388e+00
   2.0000000e+01  -1.0888103e+00   1.3975892e+00
   2.1000000e+01  -1.0902597e+00   1.3938962e+00
   2.2000000e+01  -1.0902278e+00   1.3897998e+00
   2.3000000e+01  -1.0904963e+00   1.3865571e+00
   2.4000000e+01  -1.0896396e+00   1.3839353e+00
   2.5000000e+01  -1.0885048e+00   1.3815963e+00
   2.6000000e+01  -1.0871647e+00   1.3803218e+00
   2.7000000e+01  -1.0859707e+00   1.3795829e+00
   2.8000000e+01  -1.0843420e+00   1.3793475e+00
   2.9000000e+01  -1.0828856e+00   1.3802861e+00
   3.0000000e+01  -1.0813115e+00   1.3816989e+00
   3.1000000e+01  -1.0791676e+00   1.3837119e+00
   3.2000000e+01  -1.0769171e+00   1.3867951e+00
   3.3000000e+01  -1.0735701e+00   1.3908551e+00
   3.4000000e+01  -1.0695314e+00   1.3951425e+00
   3.5000000e+01  -1.0656391e+00   1.4000964e+00
   3.6000000e+01  -1.0609353e+00   1.4054451e+00
   3.7000000e+01  -1.0555112e+00   1.4112865e+00
   3.8000000e+01  -1.0492520e+00   1.4165403e+00
   3.9000000e+01  -1.0430397e+00   1.4223472e+00
   4.0000000e+01  -1.0364222e+00   1.4281495e+00
   4.1000000e+01  -1.0297852e+00   1.4334670e+00
   4.2000000e+01  -1.0234970e+00   1.4392631e+00
   4.3000000e+01  -1.0173423e+00   1.4444370e+00
   4.4000000e+01  -1.0109030e+00   1.4500406e+00
   4.5000000e+01  -1.0047781e+00   1.4557504e+00
   4.6000000e+01  -9.9907104e-01   1.4610593e+00
   4.7000000e+01  -9.9275331e-01   1.4660067e+00
   4.8000000e+01  -9.8680356e-01   1.4704012e+00
   4.9000000e+01  -9.8036656e-01   1.4738715e+00
   5.0000000e+01  -9.7510444e-01   1.4767173e+00
   5.1000000e+01  -9.7116326e-01   1.4780973e+00
   5.2000000e+01  -9.6835292e-01   1.4784610e+00
   5.3000000e+01  -9.6699441e-01   1.4789044e+00
   5.4000000e+01  -9.6712651e-01   1.4785786e+00
   5.5000000e+01  -9.6824412e-01   1.4782938e+00
   5.6000000e+01  -9.7064271e-01   1.4778763e+00
   5.7000000e+01  -9.7340983e-01   1.4770300e+00
   5.8000000e+01  -9.7728503e-01   1.4764855e+00
   5.9000000e+01  -9.8174450e-01   1.4750837e+00
   6.0000000e+01  -9.8753863e-01   1.4735127e+00
   6.1000000e+01  -9.9406412e-01   1.4712892e+00
   6.2000000e+01  -1.0011344e+00   1.4688099e+00
   6.3000000e+01  -1.0082442e+00   1.4656969e+00
   6.4000000e+01  -1.0153234e+00   1.4623633e+00
   6.5000000e+01  -1.0225085e+00   1.4586778e+00
   6.6000000e+01  -1.0289845e+00   1.4545902e+00
   6.7000000e+01  -1.0354585e+00   1.4502411e+00
   6.8000000e+01  -1.0414483e+00   1.4460146e+00
   6.9000000e+01  -1.0472402e+00   1.4417079e+00
   7.0000000e+01  -1.0526327e+00   1.4374317e+00
   7.1000000e+01  -1.0571883e+00   1.4335245e+00
   7.2000000e+01  -1.0613276e+00   1.4304446e+00
   7.3000000e+01  -1.0643421e+00   1.4283877e+00
   7.4000000e+01  -1.0675609e+00   1.4266956e+00
   7.5000000e+01  -1.0700381e+00   1.4261107e+00
   7.6000000e+01  -1.0719599e+00   1.4257846e+00
   7.7000000e+01  -1.0736639e+00   1.4261274e+00
   7.8000000e+01  -1.0749839e+00   1.4266821e+00
   7.9000000e+01  -1.0762089e+00   1.4277922e+00
   8.0000000e+01  -1.0774645e+00   1.4288193e+00
   8.1000000e+01  -1.0786730e+00   1.4298782e+00
   8.2000000e+01  -1.0799283e+00   1.4310864e+00
   8.3000000e+01  -1.0816948e+00   1.4322878e+00
   8.4000000e+01  -1.0835875e+00   1.4333576e+00
   8.5000000e+01  -1.0863231e+00   1.4346359e+00
   8.6000000e+01  -1.0899137e+00   1.4363882e+00
   8.7000000e+01  -1.0935174e+00   1.4376667e+00
   8.8000000e+01  -1.0969740e+00   1.4389817e+00
   8.9000000e+01  -1.1005941e+00   1.4397063e+00
   9.0000000e+01  -1.1042291e+00   1.4407961e+00
   9.1000000e+01  -1.1076504e+00   1.4427269e+00
   9.2000000e+01  -1.1110195e+00   1.4481621e+00
   9.3000000e+01  -1.1153463e+00   1.4565583e+00
   9.4000000e+01  -1.1207970e+00   1.4627405e+00
   9.5000000e+01  -1.1278925e+00   1.4656230e+00
   9.6000000e+01  -1.1355688e+00   1.4653142e+00
   9.7000000e+01  -1.1439442e+00   1.4652262e+00
   9.8000000e+01  -1.1503634e+00   1.4622400e+00
   9.9000000e+01  -1.1558344e+00   1.4583463e+00
   1.0000000e+02  -1.1608225e+00   1.4538160e+00
   1.0100000e+02  -1.1643029e+00   1.4485239e+00
   1.0200000e+02  -1.1664715e+00   1.4422660e+00
   1.0300000e+02  -1.1679716e+00   1.4345957e+00
   1.0400000e+02  -1.1674744e+00   1.4279235e+00
   1.0500000e+02  -1.1684599e+00   1.4272107e+00
   1.0600000e+02  -1.1688755e+00   1.4232980e+00
   1.0700000e+02  -1.1675350e+00   1.4178938e+00
   1.0800000e+02  -1.1651937e+00   1.4141446e+00
   1.0900000e+02  -1.1594351e+00   1.4088768e+00
   1.1000000e+02  -1.1546619e+00   1.4072309e+00
   1.1100000e+02  -1.1517942e+00   1.4075940e+00
   1.1200000e+02  -1.1472983e+00   1.4066316e+00
   1.1300000e+02  -1.1457800e+00   1.4098501e+00
   1.1400000e+02  -1.1437789e+00   1.4122949e+00
   1.1500000e+02  -1.1423088e+00   1.4150693e+00
   1.1600000e+02  -1.1408717e+00   1.4171838e+00
   1.1700000e+02  -1.1398822e+00   1.4187209e+00
   1.1800000e+02  -1.1387804e+00   1.4193251e+00
   1.1900000e+02  -1.1378907e+00   1.4193991e+00
   1.2000000e+02  -1.1368229e+00   1.4188425e+00
   1.2100000e+02  -1.1363472e+00   1.4174409e+00
   1.2200000e+02  -1.1348370e+00   1.4163899e+00
   1.2300000e+02  -1.1332598e+00   1.4155519e+00
   1.2400000e+02  -1.1312053e+00   1.4150468e+00
   1.2500000e+02  -1.1283086e+00   1.4144678e+00
   1.2600000e+02  -1.1248779e+00   1.4138187e+00
   1.2700000e+02  -1.1208240e+00   1.4138199e+00
   1.2800000e+02  -1.1155428e+00   1.4136873e+00
   1.2900000e+02  -1.1099671e+00   1.4139205e+00
   1.3000000e+02  -1.1049475e+00   1.4148650e+00
   1.3100000e+02  -1.1006602e+00   1.4163711e+00
   1.3200000e+02  -1.0970784e+00   1.4180872e+00
   1.3300000e+02  -1.0925576e+00   1.4198924e+00
   1.3400000e+02  -1.0894020e+00   1.4218611e+00
   1.3500000e+02  -1.0860285e+00   1.4237440e+00
   1.3600000e+02  -1.0832639e+00   1.4252833e+00
   1.3700000e+02  -1.0810373e+00   1.4262196e+00
   1.3800000e+02  -1.0785806e+00   1.4261043e+00
   1.3900000e+02  -1.0774387e+00   1.4260006e+00
   1.4000000e+02  -1.0762819e+00   1.4258184e+00
   1.4100000e+02  -1.0752594e+00   1.4251078e+00
   1.4200000e+02  -1.0743609e+00   1.4237029e+00
   1.4300000e+02  -1.0738697e+00   1.4227077e+00
   1.4400000e+02  -1.0736612e+00   1.4212956e+00
   1.4500000e+02  -1.0732783e+00   1.4208149e+00
   1.4600000e+02  -1.0741282e+00   1.4195474e+00
   1.4700000e+02  -1.0741582e+00   1.4188109e+00
   1.4800000e+02  -1.0741367e+00   1.4180746e+00
   1.4900000e+02  -1.0743067e+00   1.4179671e+00
   1.5000000e+02  -1.0744668e+00   1.4183819e+00
   1.5100000e+02  -1.0751379e+00   1.4188063e+00
   1.5200000e+02  -1.0751460e+00   1.4194175e+00
   1.5300000e+02  -1.0750729e+00   1.4195971e+00
   1.5400000e+02  -1.0751593e+00   1.4205417e+00
   1.5500000e+02  -1.0751797e+00   1.4210215e+00
   1.5600000e+02  -1.0749316e+00   1.4215652e+00
   1.5700000e+02  -1.0742840e+00   1.4215949e+00
   1.5800000e+02  -1.0733467e+00   1.4216794e+00
   1.5900000e+02  -1.0730405e+00   1.4215954e+00
   1.6000000e+02  -1.0717309e+00   1.4211841e+00
   1.6100000e+02  -1.0706233e+00   1.4206035e+00
   1.6200000e+02  -1.0689498e+00   1.4202350e+00
   1.6300000e+02  -1.0669900e+00   1.4197131e+00
   1.6400000e+02  -1.0638498e+00   1.4197032e+00
   1.6500000e+02  -1.0598390e+00   1.4199361e+00
   1.6600000e+02  -1.0548339e+00   1.4211347e+00
   1.6700000e+02  -1.0498853e+00   1.4223543e+00
   1.6800000e+02  -1.0438236e+00   1.4241308e+00
   1.6900000e+02  -1.0375265e+00   1.4275564e+00
   1.7000000e+02  -1.0312678e+00   1.4312049e+00
   1.7100000e+02  -1.0245249e+00   1.4358448e+00
   1.7200000e+02  -1.0173924e+00   1.4412180e+00
   1.7300000e+02  -1.0101561e+00   1.4468727e+00
   1.7400000e+02  -1.0037183e+00   1.4531607e+00
   1.7500000e+02  -9.9838484e-01   1.4599759e+00
   1.7600000e+02  -9.9309513e-01   1.4663531e+00
   1.7700000e+02  -9.8925050e-01   1.4730190e+00
   1.7800000e+02  -9.8515357e-01   1.4796199e+00
   1.7900000e+02  -9.8226319e-01   1.4856248e+00
   1.8000000e+02  -9.7997730e-01   1.4916377e+00
   1.8100000e+02  -9.7885973e-01   1.4970611e+00
   1.8200000e+02  -9.7674743e-01   1.5012550e+00
   1.8300000e+02  -9.7478346e-01   1.5056551e+00
   1.8400000e+02  -9.7275650e-01   1.5096466e+00
   1.8500000e+02  -9.7040523e-01   1.5126569e+00
   1.8600000e+02  -9.6827936e-01   1.5144923e+00
   1.8700000e+02  -9.6538134e-01   1.5165170e+00
   1.8800000e+02  -9.6286069e-01   1.5167577e+00
   1.8900000e+02  -9.5957381e-01   1.5158942e+00
   1.9000000e+02  -9.5667556e-01   1.5140519e+00
   1.9100000e+02  -9.5265694e-01   1.5112037e+00
   1.9200000e+02  -9.4901828e-01   1.5070558e+00
   1.9300000e+02  -9.4434898e-01   1.5017287e+00
   1.9400000e+02  -9.4006896e-01   1.4950354e+00
   1.9500000e+02  -9.3595284e-01   1.4869099e+00
   1.9600000e+02  -9.3177433e-01   1.4781920e+00
   1.9700000e+02  -9.2853575e-01   1.4683695e+00
   1.9800000e+02  -9.2539295e-01   1.4585844e+00
   1.9900000e+02  -9.2321289e-01   1.4488175e+00
   2.0000000e+02  -9.2137163e-01   1.4394782e+00
   2.0100000e+02  -9.2077094e-01   1.4316024e+00
   2.0200000e+02  -9.2048240e-01   1.4246699e+00
   2.0300000e+02  -9.2056318e-01   1.4188646e+00
   2.0400000e+02  -9.2109551e-01   1.4137581e+00
   2.0500000e+02  -9.2165340e-01   1.4088474e+00
   2.0600000e+02  -9.2191299e-01   1.4051917e+00
   2.0700000e+02  -9.2257701e-01   1.4023029e+00
   2.0800000e+02  -9.2330823e-01   1.4000368e+00
   2.0900000e+02  -9.2359745e-01   1.3988947e+00
   2.1000000e+02  -9.2277933e-01   1.3985732e+00
   2.1100000e+02  -9.2224127e-01   1.3991697e+00
   2.1200000e+02  -9.2083238e-01   1.4002999e+00
   2.1300000e+02  -9.1988441e-01   1.4018349e+00
   2.1400000e+02  -9.1784446e-01   1.4031001e+00
   2.1500000e+02  -9.1580673e-01   1.4049685e+00
   2.1600000e+02  -9.1265942e-01   1.4062775e+00
   2.1700000e+02  -9.0828900e-01   1.4061270e+00
   2.1800000e+02  -9.0367365e-01   1.4071138e+00
   2.1900000e+02  -8.9893080e-01   1.4065174e+00
   2.2000000e+02  -8.9462016e-01   1.4053234e+00
   2.2100000e+02  -8.9030589e-01   1.4036635e+00
   2.2200000e+02  -8.8619641e-01   1.4006885e+00
   2.2300000e+02  -8.8336397e-01   1.3963788e+00
   2.2400000e+02  -8.8036974e-01   1.3880509e+00
   2.2500000e+02  -8.7822262e-01   1.3797880e+00
   2.2600000e+02  -8.7625513e-01   1.3690092e+00
   2.2700000e+02  -8.7494245e-01   1.3566515e+00
   2.2800000e+02  -8.7426227e-01   1.3417340e+00
   2.2900000e+02  -8.7443577e-01   1.3243505e+00
   2.3000000e+02  -8.7506754e-01   1.3085195e+00
   2.3100000e+02  -8.7407297e-01   1.2911193e+00
   2.3200000e+02  -8.7258654e-01   1.2737376e+00
   2.3300000e+02  -8.6932649e-01   1.2566699e+00
   2.3400000e+02  -8.6479560e-01   1.2395820e+00
   2.3500000e+02  -8.5787556e-01   1.2234831e+00
   2.3600000e+02  -8.4939934e-01   1.2092763e+00
   2.3700000e+02  -8.3800712e-01   1.1957967e+00
   2.3800000e+02  -8.2343775e-01   1.1832248e+00
   2.3900000e+02  -8.0648274e-01   1.1717205e+00
   2.4000000e+02  -7.8647434e-01   1.1623481e+00
   2.4100000e+02  -7.6431714e-01   1.1534193e+00
   2.4200000e+02  -7.4086325e-01   1.1469230e+00
   2.4300000e+02  -7.1619750e-01   1.1417809e+00
   2.4400000e+02  -6.9037592e-01   1.1368361e+00
   2.4500000e+02  -6.6511387e-01   1.1329167e+00
   2.4600000e+02  -6.4068876e-01   1.1291195e+00
   2.4700000e+02  -6.2027136e-01   1.1272532e+00
   2.4800000e+02  -6.0350739e-01   1.1243003e+00
   2.4900000e+02  -5.8991486e-01   1.1196733e+00
   2.5000000e+02  -5.7567922e-01   1.1115920e+00
   2.5100000e+02  -5.6265464e-01   1.1015153e+00
   2.5200000e+02  -5.5040772e-01   1.0885952e+00
   2.5300000e+02  -5.3941068e-01   1.0735004e+00
   2.5400000e+02  -5.3112245e-01   1.0576213e+00
   2.5500000e+02  -5.2440517e-01   1.0413023e+00
   2.5600000e+02  -5.1973024e-01   1.0249666e+00
   2.5700000e+02  -5.1940872e-01   1.0102584e+00
   2.5800000e+02  -5.2369720e-01   9.9822323e-01
   2.5900000e+02  -5.2947700e-01   9.9031674e-01
   2.6000000e+02  -5.3321314e-01   9.8494912e-01
   2.6100000e+02  -5.3221909e-01   9.8325366e-01
   2.6200000e+02  -5.2713951e-01   9.8495431e-01
   2.6300000e+02  -5.1899337e-01   9.8670113e-01
   2.6400000e+02  -5.1128015e-01   9.8792845e-01
   2.6500000e+02  -5.0396137e-01   9.8638771e-01
   2.6600000e+02  -4.9545315e-01   9.8204690e-01
   2.6700000e+02  -4.8633409e-01   9.7430010e-01
   2.6800000e+02  -4.7741053e-01   9.6336734e-01
   2.6900000e+02  -4.6894641e-01   9.5094180e-01
   2.7000000e+02  -4.6252727e-01   9.3852768e-01
   2.7100000e+02  -4.5659428e-01   9.2665231e-01
   2.7200000e+02  -4.5197109e-01   9.1612668e-01
   2.7300000e+02  -4.4587867e-01   9.0567779e-01
   2.7400000e+02  -4.3945696e-01   8.9363356e-01
   2.7500000e+02  -4.3270794e-01   8.7785520e-01
   2.7600000e+02  -4.2772138e-01   8.6062680e-01
   2.7700000e+02  -4.2598839e-01   8.4703876e-01
   2.7800000e+02  -4.2260293e-01   8.3745406e-01
   2.7900000e+02  -4.1821014e-01   8.3208818e-01
   2.8000000e+02  -4.1156488e-01   8.2774922e-01
   2.8100000e+02  -4.0479555e-01   8.2179437e-01
   2.8200000e+02  -3.9948301e-01   8.1416464e-01
   2.8300000e+02  -3.9541816e-01   8.0728478e-01
   2.8400000e+02  -3.9336100e-01   8.0231861e-01
   2.8500000e+02  -3.9513737e-01   7.9809114e-01
   2.8600000e+02  -3.9942463e-01   7.9453029e-01
   2.8700000e+02  -4.0418420e-01   7.9018355e-01
   2.8800000e+02  -4.0927406e-01   7.8437216e-01
   2.8900000e+02  -4.1308119e-01   7.7637267e-01
   2.9000000e+02  -4.1400416e-01   7.6725112e-01
   2.9100000e+02  -4.1398256e-01   7.5569257e-01
   2.9200000e+02  -4.1229357e-01   7.4331171e-01
   2.9300000e+02  -4.1194155e-01   7.3026335e-01
   2.9400000e+02  -4.1359987e-01   7.1903162e-01
   2.9500000e+02  -4.1822505e-01   7.1001749e-01
   2.9600000e+02  -4.2440618e-01   7.0469142e-01
   2.9700000e+02  -4.3117423e-01   7.0364793e-01
   2.9800000e+02  -4.3891548e-01   7.0453502e-01
   2.9900000e+02  -4.4716876e-01   7.0618384e-01
   3.0000000e+02  -4.5824567e-01   7.0783387e-01
   3.0100000e+02  -4.7172111e-01   7.1009999e-01
   3.0200000e+02  -4.8800096e-01   7.1730125e-01
   3.0300000e+02  -5.0755135e-01   7.2498903e-01
   3.0400000e+02  -5.2679768e-01   7.3337140e-01
   3.0500000e+02  -5.4458984e-01   7.3845495e-01
   3.0600000e+02  -5.6216548e-01   7.4547864e-01
   3.0700000e+02  -5.7876620e-01   7.5032399e-01
   3.0800000e+02  -5.9179216e-01   7.4737519e-01
   3.0900000e+02  -6.0141448e-01   7.4096893e-01
   3.1000000e+02  -6.1406735e-01   7.3657151e-01
   3.1100000e+02  -6.3043605e-01   7.3326292e-01
   3.1200000e+02  -6.4640980e-01   7.3055599e-01
   3.1300000e+02  -6.5927912e-01   7.2544601e-01
   3.1400000e+02  -6.7274934e-01   7.1812262e-01
   3.1500000e+02  -6.8684596e-01   7.0983984e-01
   3.1600000e+02  -7.0128460e-01   7.0078316e-01
   3.1700000e+02  -7.1558902e-01   6.9139862e-01
   3.1800000e+02  -7.2921385e-01   6.8348337e-01
   3.1900000e+02  -7.4182996e-01   6.7620262e-01
   3.2000000e+02  -7.5504358e-01   6.6825618e-01
   3.2100000e+02  -7.6927227e-01   6.6026942e-01
   3.2200000e+02  -7.8500481e-01   6.5804743e-01
   3.2300000e+02  -8.0361832e-01   6.6248686e-01
   3.2400000e+02  -8.2549437e-01   6.6692732e-01
   3.2500000e+02  -8.4250311e-01   6.6777274e-01
   3.2600000e+02  -8.5175089e-01   6.6662069e-01
   3.2700000e+02  -8.5865447e-01   6.6518373e-01
   3.2800000e+02  -8.6551272e-01   6.6487453e-01
   3.2900000e+02  -8.7476358e-01   6.6900498e-01
   3.3000000e+02  -8.8399923e-01   6.7694105e-01
   3.3100000e+02  -8.9102776e-01   6.8317966e-01
   3.3200000e+02  -8.9288172e-01   6.8331701e-01
   3.3300000e+02  -8.9108277e-01   6.8144072e-01
   3.3400000e+02  -8.8864218e-01   6.7829671e-01
   3.3500000e+02  -8.8664453e-01   6.7348004e-01
   3.3600000e+02  -8.8213054e-01   6.6815935e-01
   3.3700000e+02  -8.7526824e-01   6.6277158e-01
   3.3800000e+02  -8.6437792e-01   6.6103521e-01
   3.3900000e+02  -8.5266696e-01   6.6174636e-01
   3.4000000e+02  -8.4184909e-01   6.6347113e-01
   3.4100000e+02  -8.3249600e-01   6.6537561e-01
   3.4200000e+02  -8.2621206e-01   6.6811575e-01
   3.4300000e+02  -8.2683126e-01   6.7142309e-01
   3.4400000e+02  -8.3349922e-01   6.7658552e-01
   3.4500000e+02  -8.4399556e-01   6.8209256e-01
   3.4600000e+02  -8.5529684e-01   6.8880490e-01
   3.4700000e+02  -8.6791345e-01   6.9685976e-01
   3.4800000e+02  -8.8402897e-01   7.0318267e-01
   3.4900000e+02  -9.0150297e-01   7.0675598e-01
   3.5000000e+02  -9.2055889e-01   7.0749766e-01
   3.5100000e+02  -9.3810207e-01   7.0703517e-01
   3.5200000e+02  -9.5332713e-01   7.0670985e-01
   3.5300000e+02  -9.6610516e-01   7.0403660e-01
   3.5400000e+02  -9.7682419e-01   6.9835974e-01
   3.5500000e+02  -9.8491409e-01   6.9035337e-01
   3.5600000e+02  -9.9132792e-01   6.8441541e-01
   3.5700000e+02  -9.9696348e-01   6.8088445e-01
   3.5800000e+02  -1.0037625e+00   6.8038515e-01
   3.5900000e+02  -1.0132191e+00   6.8131619e-01
   3.6000000e+02  -1.0248129e+00   6.8425343e-01
   3.6100000e+02  -1.0383535e+00   6.8832474e-01
   3.6200000e+02  -1.0510428e+00   6.9059942e-01
   3.6300000e+02  -1.0628043e+00   6.9256526e-01
   3.6400000e+02  -1.0725653e+00   6.9345727e-01
   3.6500000e+02  -1.0827880e+00   6.9361775e-01
   3.6600000e+02  -1.0934966e+00   6.9046207e-01
   3.6700000e+02  -1.1034768e+00   6.8658988e-01
   3.6800000e+02  -1.1124177e+00   6.8129542e-01
   3.6900000e+02  -1.1189751e+00   6.7513409e-01
   3.7000000e+02  -1.1229732e+00   6.6914347e-01
   3.7100000e+02  -1.1242335e+00   6.6401610e-01
   3.7200000e+02  -1.1237215e+00   6.6030534e-01
   3.7300000e+02  -1.1202392e+00   6.5656657e-01
   3.7400000e+02  -1.1176548e+00   6.4978678e-01
   3.7500000e+02  -1.1140453e+00   6.4471011e-01
   3.7600000e+02  -1.1117095e+00   6.4042322e-01
   3.7700000e+02  -1.1105316e+00   6.3616257e-01
   3.7800000e+02  -1.1091780e+00   6.3027489e-01
   3.7900000e+02  -1.1066596e+00   6.2475321e-01
   3.8000000e+02  -1.1034973e+00   6.1855578e-01
   3.8100000e+02  -1.0991148e+00   6.1209724e-01
   3.8200000e+02  -1.0950080e+00   6.0660832e-01
   3.8300000e+02  -1.0900538e+00   6.0187677e-01
   3.8400000e+02  -1.0857180e+00   5.9806587e-01
   3.8500000e+02  -1.0812300e+00   5.9528864e-01
   3.8600000e+02  -1.0768494e+00   5.9190884e-01
   3.8700000e+02  -1.0728750e+00   5.8980925e-01
   3.8800000e+02  -1.0692084e+00   5.8737708e-01
   3.8900000e+02  -1.0657608e+00   5.8600242e-01
   3.9000000e+02  -1.0617515e+00   5.8446198e-01
   3.9100000e+02  -1.0583369e+00   5.8245010e-01
   3.9200000e+02  -1.0560948e+00   5.8046916e-01
   3.9300000e+02  -1.0544272e+00   5.7755824e-01
   3.9400000e+02  -1.0536116e+00   5.7410107e-01
   3.9500000e+02  -1.0530713e+00   5.7064660e-01
   3.9600000e+02  -1.0524410e+00   5.6650513e-01
   3.9700000e+02  -1.0515005e+00   5.6209549e-01
   3.9800000e+02  -1.0504728e+00   5.5680043e-01
   3.9900000e+02  -1.0456066e+00   5.5043698e-01
   4.0000000e+02  -1.0376607e+00   5.4411164e-01
   4.0100000e+02  -1.0240193e+00   5.3850185e-01
   4.0200000e+02  -1.0070617e+00   5.3483658e-01
   4.0300000e+02  -9.8902455e-01   5.3135918e-01
   4.0400000e+02  -9.6849712e-01   5.2829850e-01
   4.0500000e+02  -9.4686008e-01   5.2469150e-01
   4.0600000e+02  -9.2269025e-01   5.2097708e-01
   4.0700000e+02  -8.9473294e-01   5.1656181e-01
   4.0800000e+02  -8.6714156e-01   5.1233697e-01
   4.0900000e+02  -8.4016488e-01   5.0818403e-01
   4.1000000e+02  -8.1750510e-01   5.0389151e-01
   4.1100000e+02  -7.9443339e-01   4.9925659e-01
   4.1200000e+02  -7.7460053e-01   4.9549676e-01
   4.1300000e+02  -7.5824367e-01   4.9139562e-01
   4.1400000e+02  -7.4566184e-01   4.8916156e-01
   4.1500000e+02  -7.3540767e-01   4.8688272e-01
   4.1600000e+02  -7.2620566e-01   4.8501479e-01
   4.1700000e+02  -7.1838655e-01   4.8340102e-01
   4.1800000e+02  -7.1163142e-01   4.8109635e-01
   4.1900000e+02  -7.0594585e-01   4.7922127e-01
   4.2000000e+02  -7.0029491e-01   4.7852727e-01
   4.2100000e+02  -6.9428209e-01   4.7931323e-01
   4.2200000e+02  -6.8927920e-01   4.8066787e-01
   4.2300000e+02  -6.8541764e-01   4.8228125e-01
   4.2400000e+02  -6.8380864e-01   4.8350266e-01
   4.2500000e+02  -6.8294922e-01   4.8402897e-01
   4.2600000e+02  -6.8288342e-01   4.8382196e-01
   4.2700000e+02  -6.8319261e-01   4.8563137e-01
   4.2800000e+02  -6.8516743e-01   4.8903720e-01
   4.2900000e+02  -6.8776697e-01   4.9338052e-01
   4.3000000e+02  -6.9007131e-01   4.9731176e-01
   4.3100000e+02  -6.9052191e-01   4.9972660e-01
   4.3200000e+02  -6.9054382e-01   5.0141478e-01
   4.3300000e+02  -6.8875864e-01   5.0316969e-01
   4.3400000e+02  -6.8578779e-01   5.0490644e-01
   4.3500000e+02  -6.8300653e-01   5.0623247e-01
   4.3600000e+02  -6.8101414e-01   5.0723835e-01
   4.3700000e+02  -6.7869476e-01   5.0785396e-01
   4.3800000e+02  -6.7374182e-01   5.0894002e-01
   4.3900000e+02  -6.6766061e-01   5.0899746e-01
   4.4000000e+02  -6.5974833e-01   5.0733429e-01
   4.4100000e+02  -6.5125447e-01   5.0504533e-01
   4.4200000e+02  -6.4224704e-01   5.0337483e-01
   4.4300000e+02  -6.3303434e-01   5.0169393e-01
   4.4400000e+02  -6.2507056e-01   4.9887754e-01
   4.4500000e+02  -6.1708443e-01   4.9604099e-01
   4.4600000e+02  -6.1079967e-01   4.9068700e-01
   4.4700000e+02  -6.0775255e-01   4.8527506e-01
   4.4800000e+02  -6.0580792e-01   4.7671157e-01
   4.4900000e+02  -6.0522644e-01   4.7128932e-01
   4.5000000e+02  -6.0433029e-01   4.6372434e-01
   4.5100000e+02  -6.0300542e-01   4.5501173e-01
   4.5200000e+02  -6.0264125e-01   4.4690409e-01
   4.5300000e+02  -6.0565999e-01   4.4193969e-01
   4.5400000e+02  -6.1130321e-01   4.3772441e-01
   4.5500000e+02  -6.1685272e-01   4.3283453e-01
   4.5600000e+02  -6.2005565e-01   4.2598475e-01
   4.5700000e+02  -6.1951481e-01   4.1693725e-01
   4.5800000e+02  -6.1454051e-01   4.0730239e-01
   4.5900000e+02  -6.0605602e-01   3.9872327e-01
   4.6000000e+02  -5.9623541e-01   3.9060402e-01
   4.6100000e+02  -5.8546345e-01   3.8254010e-01
   4.6200000e+02  -5.7584487e-01   3.7500162e-01
   4.6300000e+02  -5.6953957e-01   3.6783295e-01
   4.6400000e+02  -5.6615219e-01   3.6234045e-01
   4.6500000e+02  -5.6464925e-01   3.5875614e-01
   4.6600000e+02  -5.6347392e-01   3.5502371e-01
   4.6700000e+02  -5.5867059e-01   3.4989237e-01
   4.6800000e+02  -5.5053994e-01   3.4395328e-01
   4.6900000e+02  -5.4218409e-01   3.3872305e-01
   4.7000000e+02  -5.3717362e-01   3.3908747e-01
   4.7100000e+02  -5.3233222e-01   3.3833250e-01
   4.7200000e+02  -5.2807270e-01   3.3167617e-01
   4.7300000e+02  -5.2567608e-01   3.2218601e-01
   4.7400000e+02  -5.2649252e-01   3.1193206e-01
   4.7500000e+02  -5.2888125e-01   3.0654113e-01
   4.7600000e+02  -5.3440476e-01   3.0352730e-01
   4.7700000e+02  -5.3955399e-01   3.0240318e-01
   4.7800000e+02  -5.4232360e-01   2.9880807e-01
   4.7900000e+02  -5.4104521e-01   2.9709801e-01
   4.8000000e+02  -5.3800938e-01   2.9632425e-01
   4.8100000e+02  -5.3325167e-01   2.9891397e-01
   4.8200000e+02  -5.2994228e-01   2.9888896e-01
   4.8300000e+02  -5.2656825e-01   2.9918528e-01
   4.8400000e+02  -5.2547534e-01   2.9944605e-01
   4.8500000e+02  -5.2538452e-01   2.9811417e-01
   4.8600000e+02  -5.2454477e-01   2.9655543e-01
   4.8700000e+02  -5.2065412e-01   2.9382480e-01
   4.8800000e+02  -5.1675246e-01   2.8987323e-01
   4.8900000e+02  -5.1165576e-01   2.8590239e-01
   4.9000000e+02  -5.0432385e-01   2.8273728e-01
   4.9100000e+02  -4.9695537e-01   2.7919229e-01
   4.9200000e+02  -4.8775589e-01   2.7612396e-01
   4.9300000e+02  -4.7986592e-01   2.7227944e-01
   4.9400000e+02  -4.6926642e-01   2.6608892e-01
   4.9500000e+02  -4.5750992e-01   2.5883355e-01
   4.9600000e+02  -4.4190153e-01   2.5023883e-01
   4.9700000e+02  -4.2313448e-01   2.4251499e-01
   4.9800000e+02  -4.0388181e-01   2.3513025e-01
   4.9900000e+02  -3.8525940e-01   2.3053829e-01
   5.0000000e+02  -3.6590568e-01   2.2614570e-01
   5.0100000e+02  -3.4915391e-01   2.2351778e-01
   5.0200000e+02  -3.3386568e-01   2.1914436e-01
   5.0300000e+02  -3.1779105e-01   2.1281556e-01
   5.0400000e+02  -3.0217962e-01   2.0618888e-01
   5.0500000e+02  -2.8540362e-01   1.9503899e-01
   5.0600000e+02  -2.6787657e-01   1.8182501e-01
   5.0700000e+02  -2.5170652e-01   1.6957643e-01
   5.0800000e+02  -2.3637408e-01   1.5756507e-01
   5.0900000e+02  -2.1721554e-01   1.4465564e-01
   5.1000000e+02  -1.9901626e-01   1.0715420e-01
   5.1100000e+02  -1.7891076e-01   1.2795484e-01
   5.1200000e+02  -1.5672336e-01   1.0947679e-01
