   2.8500000e+02  -4.4901096e-02   3.1285362e+00
   2.8600000e+02  -5.8864801e-02   3.1085347e+00
   2.8700000e+02  -7.1386967e-02   3.0908242e+00
   2.8800000e+02  -8.3859163e-02   3.0746433e+00
   2.8900000e+02  -9.6822714e-02   3.0591374e+00
   2.9000000e+02  -1.1023845e-01   3.0443089e+00
   2.9100000e+02  -1.2315315e-01   3.0300183e+00
   2.9200000e+02  -1.3386475e-01   3.0163996e+00
   2.9300000e+02  -1.4218906e-01   3.0021062e+00
   2.9400000e+02  -1.4846072e-01   2.9876518e+00
   2.9500000e+02  -1.5426435e-01   2.9727142e+00
   2.9600000e+02  -1.6108660e-01   2.9583299e+00
   2.9700000e+02  -1.6815064e-01   2.9436989e+00
   2.9800000e+02  -1.7611533e-01   2.9297105e+00
   2.9900000e+02  -1.8412643e-01   2.9148058e+00
   3.0000000e+02  -1.9369851e-01   2.8996788e+00
   3.0100000e+02  -2.0422994e-01   2.8818951e+00
   3.0200000e+02  -2.1523449e-01   2.8653326e+00
   3.0300000e+02  -2.2656834e-01   2.8493289e+00
   3.0400000e+02  -2.3891478e-01   2.8334635e+00
   3.0500000e+02  -2.5096103e-01   2.8193144e+00
   3.0600000e+02  -2.6230430e-01   2.8052764e+00
   3.0700000e+02  -2.7326532e-01   2.7906073e+00
   3.0800000e+02  -2.8200681e-01   2.7756891e+00
   3.0900000e+02  -2.8819850e-01   2.7615683e+00
   3.1000000e+02  -2.9270881e-01   2.7485956e+00
   3.1100000e+02  -2.9507509e-01   2.7381116e+00
   3.1200000e+02  -2.9632155e-01   2.7298011e+00
   3.1300000e+02  -2.9819016e-01   2.7245113e+00
   3.1400000e+02  -3.0347693e-01   2.7204407e+00
   3.1500000e+02  -3.1204924e-01   2.7176528e+00
   3.1600000e+02  -3.2008365e-01   2.7141808e+00
   3.1700000e+02  -3.2741790e-01   2.7094911e+00
   3.1800000e+02  -3.3309823e-01   2.7023044e+00
   3.1900000e+02  -3.3781013e-01   2.6920633e+00
   3.2000000e+02  -3.4198461e-01   2.6795531e+00
   3.2100000e+02  -3.4477402e-01   2.6658237e+00
   3.2200000e+02  -3.4888701e-01   2.6527761e+00
   3.2300000e+02  -3.5487608e-01   2.6430260e+00
   3.2400000e+02  -3.6215014e-01   2.6345314e+00
   3.2500000e+02  -3.6983360e-01   2.6266731e+00
   3.2600000e+02  -3.7811491e-01   2.6193587e+00
   3.2700000e+02  -3.8671261e-01   2.6119321e+00
   3.2800000e+02  -3.9549972e-01   2.6041843e+00
   3.2900000e+02  -4.0314686e-01   2.5957364e+00
   3.3000000e+02  -4.0853114e-01   2.5870575e+00
   3.3100000e+02  -4.1184381e-01   2.5788772e+00
   3.3200000e+02  -4.1256504e-01   2.5714185e+00
   3.3300000e+02  -4.1077780e-01   2.5645557e+00
   3.3400000e+02  -4.0656172e-01   2.5569229e+00
   3.3500000e+02  -4.0028805e-01   2.5494167e+00
   3.3600000e+02  -3.9344860e-01   2.5422011e+00
   3.3700000e+02  -3.8455707e-01   2.5343289e+00
   3.3800000e+02  -3.7616927e-01   2.5280435e+00
   3.3900000e+02  -3.6570126e-01   2.5211168e+00
   3.4000000e+02  -3.5394099e-01   2.5152603e+00
   3.4100000e+02  -3.4149129e-01   2.5103489e+00
   3.4200000e+02  -3.2861621e-01   2.5053234e+00
   3.4300000e+02  -3.1683809e-01   2.5018737e+00
   3.4400000e+02  -3.0807093e-01   2.4991895e+00
   3.4500000e+02  -3.0205194e-01   2.4987392e+00
   3.4600000e+02  -2.9708688e-01   2.5003864e+00
   3.4700000e+02  -2.9494751e-01   2.5023704e+00
   3.4800000e+02  -2.9505551e-01   2.5066223e+00
   3.4900000e+02  -2.9577732e-01   2.5129338e+00
   3.5000000e+02  -2.9872138e-01   2.5201158e+00
   3.5100000e+02  -3.0129331e-01   2.5286514e+00
   3.5200000e+02  -3.0375040e-01   2.5380543e+00
   3.5300000e+02  -3.0533509e-01   2.5474153e+00
   3.5400000e+02  -3.0647900e-01   2.5559178e+00
   3.5500000e+02  -3.0617058e-01   2.5649538e+00
   3.5600000e+02  -3.0448143e-01   2.5725477e+00
   3.5700000e+02  -3.0190830e-01   2.5795952e+00
   3.5800000e+02  -2.9800234e-01   2.5850622e+00
   3.5900000e+02  -2.9415923e-01   2.5887427e+00
   3.6000000e+02  -2.8907177e-01   2.5903172e+00
   3.6100000e+02  -2.8275638e-01   2.5924823e+00
   3.6200000e+02  -2.7809492e-01   2.5918739e+00
   3.6300000e+02  -2.7324663e-01   2.5912352e+00
   3.6400000e+02  -2.6748616e-01   2.5885590e+00
   3.6500000e+02  -2.6313336e-01   2.5854835e+00
   3.6600000e+02  -2.5828393e-01   2.5813109e+00
   3.6700000e+02  -2.5480846e-01   2.5761413e+00
   3.6800000e+02  -2.5118576e-01   2.5694306e+00
   3.6900000e+02  -2.4768157e-01   2.5616604e+00
   3.7000000e+02  -2.4381304e-01   2.5538894e+00
   3.7100000e+02  -2.3940836e-01   2.5460312e+00
   3.7200000e+02  -2.3429150e-01   2.5383458e+00
   3.7300000e+02  -2.2845854e-01   2.5315817e+00
   3.7400000e+02  -2.2452484e-01   2.5253895e+00
   3.7500000e+02  -2.2037115e-01   2.5187051e+00
   3.7600000e+02  -2.1760119e-01   2.5126434e+00
   3.7700000e+02  -2.1664035e-01   2.5083562e+00
   3.7800000e+02  -2.1836166e-01   2.5048584e+00
   3.7900000e+02  -2.2384151e-01   2.5033823e+00
   3.8000000e+02  -2.3053936e-01   2.5029635e+00
   3.8100000e+02  -2.3733750e-01   2.5036196e+00
   3.8200000e+02  -2.4447362e-01   2.5047295e+00
   3.8300000e+02  -2.5185743e-01   2.5063387e+00
   3.8400000e+02  -2.5960833e-01   2.5088176e+00
   3.8500000e+02  -2.6770679e-01   2.5102783e+00
   3.8600000e+02  -2.7546417e-01   2.5124843e+00
   3.8700000e+02  -2.8317232e-01   2.5131865e+00
   3.8800000e+02  -2.9194316e-01   2.5139505e+00
   3.8900000e+02  -3.0126426e-01   2.5145929e+00
   3.9000000e+02  -3.0981378e-01   2.5148963e+00
   3.9100000e+02  -3.1767276e-01   2.5146173e+00
   3.9200000e+02  -3.2461714e-01   2.5143330e+00
   3.9300000e+02  -3.3008510e-01   2.5144161e+00
   3.9400000e+02  -3.3415086e-01   2.5152582e+00
   3.9500000e+02  -3.3632778e-01   2.5157308e+00
   3.9600000e+02  -3.3643351e-01   2.5172548e+00
   3.9700000e+02  -3.3355298e-01   2.5170081e+00
   3.9800000e+02  -3.2810041e-01   2.5173497e+00
   3.9900000e+02  -3.1945339e-01   2.5167522e+00
   4.0000000e+02  -3.1021137e-01   2.5175725e+00
   4.0100000e+02  -3.0150874e-01   2.5179930e+00
   4.0200000e+02  -2.9402132e-01   2.5187854e+00
   4.0300000e+02  -2.8796831e-01   2.5192150e+00
   4.0400000e+02  -2.8367279e-01   2.5199926e+00
   4.0500000e+02  -2.8050013e-01   2.5226459e+00
   4.0600000e+02  -2.7925412e-01   2.5262157e+00
   4.0700000e+02  -2.8018791e-01   2.5306163e+00
   4.0800000e+02  -2.8487575e-01   2.5350372e+00
   4.0900000e+02  -2.9090194e-01   2.5392406e+00
   4.1000000e+02  -2.9809726e-01   2.5411636e+00
   4.1100000e+02  -3.0562001e-01   2.5416810e+00
   4.1200000e+02  -3.1233678e-01   2.5409153e+00
   4.1300000e+02  -3.1844091e-01   2.5393976e+00
   4.1400000e+02  -3.2423315e-01   2.5365611e+00
   4.1500000e+02  -3.2987412e-01   2.5305826e+00
   4.1600000e+02  -3.3430322e-01   2.5246681e+00
   4.1700000e+02  -3.3751022e-01   2.5190566e+00
   4.1800000e+02  -3.3997096e-01   2.5120282e+00
   4.1900000e+02  -3.4148214e-01   2.5023692e+00
   4.2000000e+02  -3.4138893e-01   2.4946108e+00
   4.2100000e+02  -3.4053872e-01   2.4822885e+00
   4.2200000e+02  -3.3735159e-01   2.4755425e+00
   4.2300000e+02  -3.3394468e-01   2.4701583e+00
   4.2400000e+02  -3.2985231e-01   2.4661351e+00
   4.2500000e+02  -3.2624419e-01   2.4624571e+00
   4.2600000e+02  -3.2180258e-01   2.4583359e+00
   4.2700000e+02  -3.1805356e-01   2.4549982e+00
   4.2800000e+02  -3.1417593e-01   2.4524869e+00
   4.2900000e+02  -3.1019253e-01   2.4494908e+00
   4.3000000e+02  -3.0668362e-01   2.4462204e+00
   4.3100000e+02  -3.0285324e-01   2.4421524e+00
   4.3200000e+02  -2.9870664e-01   2.4380226e+00
   4.3300000e+02  -2.9334475e-01   2.4341215e+00
   4.3400000e+02  -2.8887077e-01   2.4306369e+00
   4.3500000e+02  -2.8562269e-01   2.4265857e+00
   4.3600000e+02  -2.8508469e-01   2.4225973e+00
   4.3700000e+02  -2.8587958e-01   2.4201941e+00
   4.3800000e+02  -2.8897137e-01   2.4175030e+00
   4.3900000e+02  -2.9300617e-01   2.4149184e+00
   4.4000000e+02  -2.9566919e-01   2.4147047e+00
   4.4100000e+02  -2.9808900e-01   2.4136620e+00
   4.4200000e+02  -3.0190590e-01   2.4134176e+00
   4.4300000e+02  -3.0544330e-01   2.4104645e+00
   4.4400000e+02  -3.0874732e-01   2.4059562e+00
   4.4500000e+02  -3.1036010e-01   2.4002193e+00
   4.4600000e+02  -3.1034762e-01   2.3945629e+00
   4.4700000e+02  -3.0780768e-01   2.3889408e+00
   4.4800000e+02  -3.0451803e-01   2.3835661e+00
   4.4900000e+02  -3.0017446e-01   2.3784339e+00
   4.5000000e+02  -2.9504948e-01   2.3732969e+00
   4.5100000e+02  -2.8819021e-01   2.3686480e+00
   4.5200000e+02  -2.8205557e-01   2.3678633e+00
   4.5300000e+02  -2.7649435e-01   2.3663502e+00
   4.5400000e+02  -2.7292651e-01   2.3639015e+00
   4.5500000e+02  -2.7031749e-01   2.3606509e+00
   4.5600000e+02  -2.6779876e-01   2.3571682e+00
   4.5700000e+02  -2.6441187e-01   2.3546220e+00
   4.5800000e+02  -2.6129246e-01   2.3510638e+00
   4.5900000e+02  -2.5891866e-01   2.3477053e+00
   4.6000000e+02  -2.5765559e-01   2.3457704e+00
   4.6100000e+02  -2.5757271e-01   2.3432795e+00
   4.6200000e+02  -2.5821910e-01   2.3415465e+00
   4.6300000e+02  -2.5803508e-01   2.3386348e+00
   4.6400000e+02  -2.5816358e-01   2.3346192e+00
   4.6500000e+02  -2.5986088e-01   2.3303482e+00
   4.6600000e+02  -2.6179649e-01   2.3267790e+00
   4.6700000e+02  -2.6502601e-01   2.3216632e+00
   4.6800000e+02  -2.6905190e-01   2.3164094e+00
   4.6900000e+02  -2.7353107e-01   2.3113582e+00
   4.7000000e+02  -2.7743704e-01   2.3070866e+00
   4.7100000e+02  -2.8252101e-01   2.3037013e+00
   4.7200000e+02  -2.8984352e-01   2.3018800e+00
   4.7300000e+02  -3.0005625e-01   2.3008405e+00
   4.7400000e+02  -3.1413160e-01   2.2995540e+00
   4.7500000e+02  -3.2950937e-01   2.2953057e+00
   4.7600000e+02  -3.4656222e-01   2.2890359e+00
   4.7700000e+02  -3.6370065e-01   2.2799637e+00
   4.7800000e+02  -3.8009557e-01   2.2691912e+00
   4.7900000e+02  -3.9481391e-01   2.2577233e+00
   4.8000000e+02  -4.0828363e-01   2.2490761e+00
   4.8100000e+02  -4.2185292e-01   2.2461767e+00
   4.8200000e+02  -4.3607999e-01   2.2448208e+00
   4.8300000e+02  -4.5451374e-01   2.2439312e+00
   4.8400000e+02  -4.7440585e-01   2.2449636e+00
   4.8500000e+02  -4.9230698e-01   2.2448670e+00
   4.8600000e+02  -5.0497790e-01   2.2452970e+00
   4.8700000e+02  -5.1250365e-01   2.2417839e+00
   4.8800000e+02  -5.1725929e-01   2.2407088e+00
   4.8900000e+02  -5.2024943e-01   2.2415977e+00
   4.9000000e+02  -5.2419696e-01   2.2437500e+00
   4.9100000e+02  -5.2421462e-01   2.2457555e+00
   4.9200000e+02  -5.2622222e-01   2.2455425e+00
   4.9300000e+02  -5.2425380e-01   2.2445764e+00
   4.9400000e+02  -5.2177079e-01   2.2443108e+00
   4.9500000e+02  -5.1739633e-01   2.2453894e+00
   4.9600000e+02  -5.1180699e-01   2.2499590e+00
   4.9700000e+02  -5.0841294e-01   2.2573726e+00
   4.9800000e+02  -5.0511524e-01   2.2646464e+00
   4.9900000e+02  -5.0242489e-01   2.2729802e+00
   5.0000000e+02  -4.9784083e-01   2.2819863e+00
   5.0100000e+02  -4.9232489e-01   2.2917853e+00
   5.0200000e+02  -4.8531780e-01   2.3022981e+00
   5.0300000e+02  -4.7753605e-01   2.3150633e+00
   5.0400000e+02  -4.7149208e-01   2.3288537e+00
   5.0500000e+02  -4.6635270e-01   2.3450102e+00
   5.0600000e+02  -4.6263478e-01   2.3622095e+00
   5.0700000e+02  -4.5843153e-01   2.3792419e+00
   5.0800000e+02  -4.5393982e-01   2.3946626e+00
   5.0900000e+02  -4.4940802e-01   2.4093699e+00
   5.1000000e+02  -4.4649850e-01   2.4231181e+00
   5.1100000e+02  -4.4503959e-01   2.4359746e+00
   5.1200000e+02  -4.4640382e-01   2.4482510e+00
   5.1300000e+02  -4.4971959e-01   2.4595802e+00
   5.1400000e+02  -4.5492222e-01   2.4698850e+00
   5.1500000e+02  -4.6117755e-01   2.4788237e+00
   5.1600000e+02  -4.7008831e-01   2.4870335e+00
   5.1700000e+02  -4.7926250e-01   2.4950881e+00
   5.1800000e+02  -4.8793420e-01   2.5014287e+00
   5.1900000e+02  -4.9460703e-01   2.5087844e+00
   5.2000000e+02  -5.0159948e-01   2.5147596e+00
   5.2100000e+02  -5.0884525e-01   2.5218387e+00
   5.2200000e+02  -5.1880382e-01   2.5283706e+00
   5.2300000e+02  -5.3131902e-01   2.5336201e+00
   5.2400000e+02  -5.4672842e-01   2.5377606e+00
   5.2500000e+02  -5.6295791e-01   2.5416790e+00
   5.2600000e+02  -5.7689025e-01   2.5446543e+00
   5.2700000e+02  -5.8961609e-01   2.5480200e+00
   5.2800000e+02  -5.9965743e-01   2.5526772e+00
   5.2900000e+02  -6.0784107e-01   2.5585615e+00
   5.3000000e+02  -6.1300786e-01   2.5636567e+00
   5.3100000e+02  -6.1689330e-01   2.5707233e+00
   5.3200000e+02  -6.1802227e-01   2.5776098e+00
   5.3300000e+02  -6.1581720e-01   2.5818418e+00
   5.3400000e+02  -6.1289278e-01   2.5847232e+00
   5.3500000e+02  -6.1048954e-01   2.5876333e+00
   5.3600000e+02  -6.1060989e-01   2.5904287e+00
   5.3700000e+02  -6.1308225e-01   2.5933136e+00
   5.3800000e+02  -6.1601096e-01   2.5956243e+00
   5.3900000e+02  -6.1885411e-01   2.5969158e+00
   5.4000000e+02  -6.2037899e-01   2.5966109e+00
   5.4100000e+02  -6.2232366e-01   2.5968173e+00
   5.4200000e+02  -6.2174714e-01   2.5952788e+00
   5.4300000e+02  -6.2014847e-01   2.5933408e+00
   5.4400000e+02  -6.1859059e-01   2.5902084e+00
   5.4500000e+02  -6.1781689e-01   2.5865406e+00
   5.4600000e+02  -6.1653830e-01   2.5820920e+00
   5.4700000e+02  -6.1549760e-01   2.5772945e+00
   5.4800000e+02  -6.1557761e-01   2.5730665e+00
   5.4900000e+02  -6.1570373e-01   2.5673205e+00
   5.5000000e+02  -6.1443333e-01   2.5605089e+00
   5.5100000e+02  -6.1288338e-01   2.5535354e+00
   5.5200000e+02  -6.1009991e-01   2.5452961e+00
   5.5300000e+02  -6.0685844e-01   2.5366619e+00
   5.5400000e+02  -6.0168338e-01   2.5286855e+00
   5.5500000e+02  -5.9548009e-01   2.5196611e+00
   5.5600000e+02  -5.8830582e-01   2.5100267e+00
   5.5700000e+02  -5.7954615e-01   2.4988511e+00
   5.5800000e+02  -5.7135000e-01   2.4856350e+00
   5.5900000e+02  -5.6288229e-01   2.4692288e+00
   5.6000000e+02  -5.5793579e-01   2.4529380e+00
   5.6100000e+02  -5.5495111e-01   2.4369007e+00
   5.6200000e+02  -5.5314891e-01   2.4201181e+00
   5.6300000e+02  -5.5165282e-01   2.4027202e+00
   5.6400000e+02  -5.4959261e-01   2.3856297e+00
   5.6500000e+02  -5.4729276e-01   2.3680229e+00
   5.6600000e+02  -5.4205620e-01   2.3485249e+00
   5.6700000e+02  -5.3573990e-01   2.3277636e+00
   5.6800000e+02  -5.2777504e-01   2.3060710e+00
   5.6900000e+02  -5.1732005e-01   2.2848058e+00
   5.7000000e+02  -5.0728110e-01   2.2633854e+00
   5.7100000e+02  -4.9722471e-01   2.2449618e+00
   5.7200000e+02  -4.8965309e-01   2.2320314e+00
   5.7300000e+02  -4.8605133e-01   2.2213144e+00
   5.7400000e+02  -4.8523649e-01   2.2094348e+00
   5.7500000e+02  -4.8520045e-01   2.1956009e+00
   5.7600000e+02  -4.8506481e-01   2.1797309e+00
   5.7700000e+02  -4.8427402e-01   2.1635335e+00
   5.7800000e+02  -4.8220391e-01   2.1479954e+00
   5.7900000e+02  -4.7912653e-01   2.1339571e+00
   5.8000000e+02  -4.7427259e-01   2.1237179e+00
   5.8100000e+02  -4.6485291e-01   2.1197857e+00
   5.8200000e+02  -4.5067458e-01   2.1215588e+00
   5.8300000e+02  -4.3424434e-01   2.1252058e+00
   5.8400000e+02  -4.1753337e-01   2.1282204e+00
   5.8500000e+02  -4.0300938e-01   2.1301315e+00
   5.8600000e+02  -3.8914570e-01   2.1296199e+00
   5.8700000e+02  -3.7608831e-01   2.1265354e+00
   5.8800000e+02  -3.6275173e-01   2.1207222e+00
   5.8900000e+02  -3.4827235e-01   2.1123702e+00
   5.9000000e+02  -3.3712825e-01   2.1034265e+00
   5.9100000e+02  -3.2605357e-01   2.0868425e+00
   5.9200000e+02  -3.1903672e-01   2.0675484e+00
   5.9300000e+02  -3.1826997e-01   2.0458164e+00
   5.9400000e+02  -3.2072019e-01   2.0212211e+00
   5.9500000e+02  -3.2480675e-01   1.9963883e+00
   5.9600000e+02  -3.2800902e-01   1.9713637e+00
   5.9700000e+02  -3.2844899e-01   1.9456108e+00
   5.9800000e+02  -3.2594694e-01   1.9210299e+00
   5.9900000e+02  -3.2000359e-01   1.8979548e+00
   6.0000000e+02  -3.1235564e-01   1.8771346e+00
   6.0100000e+02  -3.0460059e-01   1.8571764e+00
   6.0200000e+02  -2.9771135e-01   1.8358479e+00
   6.0300000e+02  -2.9365427e-01   1.8141343e+00
   6.0400000e+02  -2.9115786e-01   1.7915735e+00
   6.0500000e+02  -2.8998139e-01   1.7677878e+00
   6.0600000e+02  -2.8958785e-01   1.7431829e+00
   6.0700000e+02  -2.8950191e-01   1.7198911e+00
   6.0800000e+02  -2.8965722e-01   1.6997802e+00
   6.0900000e+02  -2.9060089e-01   1.6879108e+00
   6.1000000e+02  -2.8890275e-01   1.6821416e+00
   6.1100000e+02  -2.8541441e-01   1.6778074e+00
   6.1200000e+02  -2.8143436e-01   1.6711766e+00
   6.1300000e+02  -2.7676716e-01   1.6613634e+00
   6.1400000e+02  -2.7308391e-01   1.6514735e+00
   6.1500000e+02  -2.6871914e-01   1.6439298e+00
   6.1600000e+02  -2.6309955e-01   1.6405268e+00
   6.1700000e+02  -2.5563418e-01   1.6394235e+00
   6.1800000e+02  -2.4644059e-01   1.6395476e+00
   6.1900000e+02  -2.3450516e-01   1.6404058e+00
   6.2000000e+02  -2.2143151e-01   1.6418415e+00
   6.2100000e+02  -2.0880796e-01   1.6440952e+00
   6.2200000e+02  -1.9827827e-01   1.6473547e+00
   6.2300000e+02  -1.8869637e-01   1.6499750e+00
   6.2400000e+02  -1.8051332e-01   1.6526312e+00
   6.2500000e+02  -1.7161895e-01   1.6581989e+00
   6.2600000e+02  -1.6331280e-01   1.6633980e+00
   6.2700000e+02  -1.5502332e-01   1.6691428e+00
   6.2800000e+02  -1.4679263e-01   1.6750636e+00
   6.2900000e+02  -1.3955907e-01   1.6826158e+00
   6.3000000e+02  -1.3332262e-01   1.6917710e+00
   6.3100000e+02  -1.2907727e-01   1.7031968e+00
   6.3200000e+02  -1.2613428e-01   1.7150736e+00
   6.3300000e+02  -1.2476431e-01   1.7258572e+00
   6.3400000e+02  -1.2347557e-01   1.7345294e+00
   6.3500000e+02  -1.2179436e-01   1.7416964e+00
   6.3600000e+02  -1.2001238e-01   1.7440844e+00
   6.3700000e+02  -1.1895673e-01   1.7455535e+00
   6.3800000e+02  -1.1698675e-01   1.7409475e+00
   6.3900000e+02  -1.1634461e-01   1.7341414e+00
   6.4000000e+02  -1.1786944e-01   1.7260797e+00
   6.4100000e+02  -1.2234622e-01   1.7177939e+00
   6.4200000e+02  -1.3137054e-01   1.7088374e+00
   6.4300000e+02  -1.4512150e-01   1.6994582e+00
   6.4400000e+02  -1.6408067e-01   1.6878983e+00
   6.4500000e+02  -1.8531450e-01   1.6760010e+00
   6.4600000e+02  -2.0573410e-01   1.6668748e+00
   6.4700000e+02  -2.2409414e-01   1.6593545e+00
   6.4800000e+02  -2.4003668e-01   1.6494471e+00
   6.4900000e+02  -2.5336461e-01   1.6363976e+00
   6.5000000e+02  -2.6333616e-01   1.6208782e+00
   6.5100000e+02  -2.7126271e-01   1.6044046e+00
   6.5200000e+02  -2.7813542e-01   1.5875889e+00
   6.5300000e+02  -2.8350585e-01   1.5709546e+00
   6.5400000e+02  -2.8655746e-01   1.5519504e+00
   6.5500000e+02  -2.8872234e-01   1.5314244e+00
   6.5600000e+02  -2.9057517e-01   1.5097685e+00
   6.5700000e+02  -2.9367595e-01   1.4882189e+00
   6.5800000e+02  -2.9991277e-01   1.4681275e+00
   6.5900000e+02  -3.1044774e-01   1.4492936e+00
   6.6000000e+02  -3.2443126e-01   1.4321085e+00
   6.6100000e+02  -3.3972067e-01   1.4137524e+00
   6.6200000e+02  -3.5330457e-01   1.4005533e+00
   6.6300000e+02  -3.6570247e-01   1.3874991e+00
   6.6400000e+02  -3.7451650e-01   1.3763408e+00
   6.6500000e+02  -3.7928886e-01   1.3634054e+00
   6.6600000e+02  -3.8364498e-01   1.3502342e+00
   6.6700000e+02  -3.8752324e-01   1.3366132e+00
   6.6800000e+02  -3.9183743e-01   1.3249064e+00
   6.6900000e+02  -3.9725264e-01   1.3155865e+00
   6.7000000e+02  -4.0658664e-01   1.3082107e+00
   6.7100000e+02  -4.1774203e-01   1.3029822e+00
   6.7200000e+02  -4.2673264e-01   1.3014910e+00
   6.7300000e+02  -4.3200487e-01   1.3021420e+00
   6.7400000e+02  -4.3777285e-01   1.3080848e+00
   6.7500000e+02  -4.4557182e-01   1.3169677e+00
   6.7600000e+02  -4.5439125e-01   1.3252197e+00
   6.7700000e+02  -4.6198366e-01   1.3331230e+00
   6.7800000e+02  -4.6800082e-01   1.3409023e+00
   6.7900000e+02  -4.7080414e-01   1.3480816e+00
   6.8000000e+02  -4.7155307e-01   1.3551041e+00
   6.8100000e+02  -4.7211623e-01   1.3609623e+00
   6.8200000e+02  -4.7345015e-01   1.3655743e+00
   6.8300000e+02  -4.7795020e-01   1.3684743e+00
   6.8400000e+02  -4.8684498e-01   1.3688693e+00
   6.8500000e+02  -5.0140891e-01   1.3662186e+00
   6.8600000e+02  -5.1820800e-01   1.3630020e+00
   6.8700000e+02  -5.3808194e-01   1.3583658e+00
   6.8800000e+02  -5.5769250e-01   1.3507245e+00
   6.8900000e+02  -5.7821129e-01   1.3417681e+00
   6.9000000e+02  -5.9893872e-01   1.3336167e+00
   6.9100000e+02  -6.2143313e-01   1.3285215e+00
   6.9200000e+02  -6.4501589e-01   1.3293413e+00
   6.9300000e+02  -6.6897405e-01   1.3344051e+00
   6.9400000e+02  -6.9337814e-01   1.3382424e+00
   6.9500000e+02  -7.1986661e-01   1.3376236e+00
   6.9600000e+02  -7.4604879e-01   1.3346896e+00
   6.9700000e+02  -7.7110716e-01   1.3330232e+00
   6.9800000e+02  -7.9385643e-01   1.3286431e+00
   6.9900000e+02  -8.1731289e-01   1.3218787e+00
   7.0000000e+02  -8.4084973e-01   1.3123316e+00
   7.0100000e+02  -8.6274646e-01   1.3036678e+00
   7.0200000e+02  -8.7542369e-01   1.2999214e+00
   7.0300000e+02  -8.8332362e-01   1.3072689e+00
   7.0400000e+02  -8.9041698e-01   1.3185371e+00
   7.0500000e+02  -8.9806301e-01   1.3274780e+00
   7.0600000e+02  -9.0701328e-01   1.3284018e+00
   7.0700000e+02  -9.1930755e-01   1.3267260e+00
   7.0800000e+02  -9.3314409e-01   1.3238081e+00
   7.0900000e+02  -9.4604829e-01   1.3199314e+00
   7.1000000e+02  -9.5578302e-01   1.3230618e+00
   7.1100000e+02  -9.6058158e-01   1.3307301e+00
   7.1200000e+02  -9.6379077e-01   1.3407853e+00
   7.1300000e+02  -9.6648025e-01   1.3504714e+00
   7.1400000e+02  -9.6841269e-01   1.3586816e+00
   7.1500000e+02  -9.7223874e-01   1.3649042e+00
   7.1600000e+02  -9.7648736e-01   1.3721369e+00
   7.1700000e+02  -9.8115456e-01   1.3792617e+00
   7.1800000e+02  -9.8635283e-01   1.3842826e+00
   7.1900000e+02  -9.9404624e-01   1.3874936e+00
   7.2000000e+02  -1.0032994e+00   1.3906356e+00
   7.2100000e+02  -1.0145138e+00   1.3968583e+00
   7.2200000e+02  -1.0227896e+00   1.4034332e+00
   7.2300000e+02  -1.0302812e+00   1.4093155e+00
   7.2400000e+02  -1.0365337e+00   1.4125129e+00
   7.2500000e+02  -1.0419505e+00   1.4145319e+00
   7.2600000e+02  -1.0478557e+00   1.4166437e+00
   7.2700000e+02  -1.0537920e+00   1.4204574e+00
   7.2800000e+02  -1.0578961e+00   1.4241294e+00
   7.2900000e+02  -1.0600246e+00   1.4280023e+00
   7.3000000e+02  -1.0603420e+00   1.4314902e+00
   7.3100000e+02  -1.0613295e+00   1.4379826e+00
   7.3200000e+02  -1.0642082e+00   1.4472663e+00
   7.3300000e+02  -1.0689795e+00   1.4587965e+00
   7.3400000e+02  -1.0729266e+00   1.4705437e+00
   7.3500000e+02  -1.0761322e+00   1.4829058e+00
   7.3600000e+02  -1.0754812e+00   1.4937911e+00
   7.3700000e+02  -1.0710546e+00   1.5002620e+00
   7.3800000e+02  -1.0646371e+00   1.5036321e+00
   7.3900000e+02  -1.0585482e+00   1.5014477e+00
   7.4000000e+02  -1.0536214e+00   1.4978094e+00
   7.4100000e+02  -1.0482446e+00   1.4943407e+00
   7.4200000e+02  -1.0419574e+00   1.4907963e+00
   7.4300000e+02  -1.0335283e+00   1.4883105e+00
   7.4400000e+02  -1.0228200e+00   1.4869965e+00
   7.4500000e+02  -1.0093034e+00   1.4869270e+00
   7.4600000e+02  -9.9368374e-01   1.4874343e+00
   7.4700000e+02  -9.7811133e-01   1.4869099e+00
   7.4800000e+02  -9.6100940e-01   1.4847571e+00
   7.4900000e+02  -9.4151202e-01   1.4807828e+00
   7.5000000e+02  -9.1830818e-01   1.4759990e+00
   7.5100000e+02  -8.9359754e-01   1.4713211e+00
   7.5200000e+02  -8.7015421e-01   1.4666795e+00
   7.5300000e+02  -8.4927249e-01   1.4617910e+00
   7.5400000e+02  -8.3055415e-01   1.4567858e+00
   7.5500000e+02  -8.1269998e-01   1.4528377e+00
   7.5600000e+02  -7.9468616e-01   1.4490962e+00
   7.5700000e+02  -7.7761024e-01   1.4459247e+00
   7.5800000e+02  -7.6274867e-01   1.4465266e+00
   7.5900000e+02  -7.5040320e-01   1.4487345e+00
   7.6000000e+02  -7.4088864e-01   1.4522831e+00
   7.6100000e+02  -7.3284357e-01   1.4561702e+00
   7.6200000e+02  -7.2625620e-01   1.4596864e+00
   7.6300000e+02  -7.2148490e-01   1.4601007e+00
   7.6400000e+02  -7.1662779e-01   1.4589483e+00
   7.6500000e+02  -7.1174896e-01   1.4570625e+00
   7.6600000e+02  -7.0513096e-01   1.4546374e+00
   7.6700000e+02  -6.9716457e-01   1.4520571e+00
   7.6800000e+02  -6.9015346e-01   1.4482813e+00
   7.6900000e+02  -6.8385080e-01   1.4440877e+00
   7.7000000e+02  -6.7879791e-01   1.4380402e+00
   7.7100000e+02  -6.7378769e-01   1.4302845e+00
   7.7200000e+02  -6.6883302e-01   1.4215918e+00
   7.7300000e+02  -6.6409465e-01   1.4111783e+00
   7.7400000e+02  -6.5934188e-01   1.4004919e+00
   7.7500000e+02  -6.5541194e-01   1.3909086e+00
   7.7600000e+02  -6.5058311e-01   1.3814948e+00
   7.7700000e+02  -6.4590303e-01   1.3729031e+00
   7.7800000e+02  -6.4153965e-01   1.3673031e+00
   7.7900000e+02  -6.3633026e-01   1.3631038e+00
   7.8000000e+02  -6.3131621e-01   1.3597404e+00
   7.8100000e+02  -6.2594656e-01   1.3562825e+00
   7.8200000e+02  -6.1904703e-01   1.3509715e+00
   7.8300000e+02  -6.1232435e-01   1.3456061e+00
   7.8400000e+02  -6.0507511e-01   1.3381422e+00
   7.8500000e+02  -5.9651269e-01   1.3322407e+00
   7.8600000e+02  -5.8631043e-01   1.3276835e+00
   7.8700000e+02  -5.7544522e-01   1.3247995e+00
   7.8800000e+02  -5.6421634e-01   1.3230730e+00
   7.8900000e+02  -5.5192162e-01   1.3238350e+00
   7.9000000e+02  -5.3934559e-01   1.3252839e+00
   7.9100000e+02  -5.2804961e-01   1.3274120e+00
   7.9200000e+02  -5.1812940e-01   1.3306442e+00
   7.9300000e+02  -5.0890501e-01   1.3335243e+00
   7.9400000e+02  -5.0159635e-01   1.3380231e+00
   7.9500000e+02  -4.9386043e-01   1.3424647e+00
   7.9600000e+02  -4.8645360e-01   1.3468273e+00
   7.9700000e+02  -4.7834912e-01   1.3520818e+00
   7.9800000e+02  -4.6911984e-01   1.3577026e+00
   7.9900000e+02  -4.5976302e-01   1.3637747e+00
   8.0000000e+02  -4.4981690e-01   1.3695515e+00
   8.0100000e+02  -4.3991102e-01   1.3750686e+00
   8.0200000e+02  -4.2956900e-01   1.3810582e+00
   8.0300000e+02  -4.1880412e-01   1.3857572e+00
   8.0400000e+02  -4.0624336e-01   1.3914142e+00
   8.0500000e+02  -3.9356361e-01   1.3966039e+00
   8.0600000e+02  -3.7992469e-01   1.4043451e+00
   8.0700000e+02  -3.6765101e-01   1.4119161e+00
   8.0800000e+02  -3.5616992e-01   1.4200382e+00
   8.0900000e+02  -3.4631389e-01   1.4279722e+00
   8.1000000e+02  -3.3523610e-01   1.4371551e+00
   8.1100000e+02  -3.2463438e-01   1.4474673e+00
   8.1200000e+02  -3.1329071e-01   1.4564770e+00
   8.1300000e+02  -3.0313848e-01   1.4645315e+00
   8.1400000e+02  -2.9483970e-01   1.4708768e+00
   8.1500000e+02  -2.9014946e-01   1.4769198e+00
   8.1600000e+02  -2.8797683e-01   1.4821011e+00
   8.1700000e+02  -2.8504449e-01   1.4871862e+00
   8.1800000e+02  -2.8403370e-01   1.4917004e+00
   8.1900000e+02  -2.8137991e-01   1.4965910e+00
   8.2000000e+02  -2.7854426e-01   1.5010979e+00
   8.2100000e+02  -2.7621996e-01   1.5066172e+00
   8.2200000e+02  -2.7172048e-01   1.5114537e+00
   8.2300000e+02  -2.6652597e-01   1.5169086e+00
   8.2400000e+02  -2.5860458e-01   1.5206067e+00
   8.2500000e+02  -2.4974177e-01   1.5243199e+00
   8.2600000e+02  -2.4080263e-01   1.5276327e+00
   8.2700000e+02  -2.3168330e-01   1.5307919e+00
   8.2800000e+02  -2.2327294e-01   1.5326436e+00
   8.2900000e+02  -2.1566629e-01   1.5326583e+00
   8.3000000e+02  -2.0966031e-01   1.5318875e+00
   8.3100000e+02  -2.0648813e-01   1.5314442e+00
   8.3200000e+02  -2.0487427e-01   1.5309420e+00
   8.3300000e+02  -2.0522333e-01   1.5302289e+00
   8.3400000e+02  -2.0579965e-01   1.5285320e+00
   8.3500000e+02  -2.0437405e-01   1.5262953e+00
   8.3600000e+02  -2.0426344e-01   1.5215747e+00
   8.3700000e+02  -2.0407745e-01   1.5179899e+00
   8.3800000e+02  -2.0581079e-01   1.5143896e+00
   8.3900000e+02  -2.1046257e-01   1.5089821e+00
   8.4000000e+02  -2.1664742e-01   1.5027406e+00
   8.4100000e+02  -2.2367503e-01   1.4956532e+00
   8.4200000e+02  -2.3081943e-01   1.4853276e+00
   8.4300000e+02  -2.4083042e-01   1.4734991e+00
   8.4400000e+02  -2.5283917e-01   1.4592947e+00
   8.4500000e+02  -2.6600140e-01   1.4454857e+00
   8.4600000e+02  -2.8118891e-01   1.4310650e+00
   8.4700000e+02  -2.9532928e-01   1.4207955e+00
   8.4800000e+02  -3.0828507e-01   1.4144704e+00
   8.4900000e+02  -3.2041302e-01   1.4107385e+00
   8.5000000e+02  -3.3299518e-01   1.4060605e+00
   8.5100000e+02  -3.4564012e-01   1.4010659e+00
   8.5200000e+02  -3.5898608e-01   1.3958490e+00
   8.5300000e+02  -3.7188535e-01   1.3892677e+00
   8.5400000e+02  -3.8478304e-01   1.3848491e+00
   8.5500000e+02  -3.9898143e-01   1.3799502e+00
   8.5600000e+02  -4.1434259e-01   1.3743361e+00
   8.5700000e+02  -4.3228366e-01   1.3685235e+00
   8.5800000e+02  -4.5094915e-01   1.3638838e+00
   8.5900000e+02  -4.6822176e-01   1.3600392e+00
   8.6000000e+02  -4.8151149e-01   1.3569771e+00
   8.6100000e+02  -4.9234825e-01   1.3524103e+00
   8.6200000e+02  -5.0209607e-01   1.3469296e+00
   8.6300000e+02  -5.1343153e-01   1.3413881e+00
   8.6400000e+02  -5.2590557e-01   1.3362785e+00
   8.6500000e+02  -5.4021037e-01   1.3315234e+00
   8.6600000e+02  -5.5241490e-01   1.3277594e+00
   8.6700000e+02  -5.6329117e-01   1.3241091e+00
   8.6800000e+02  -5.6973270e-01   1.3211639e+00
   8.6900000e+02  -5.7445422e-01   1.3198448e+00
   8.7000000e+02  -5.7888831e-01   1.3222854e+00
   8.7100000e+02  -5.8470752e-01   1.3279144e+00
   8.7200000e+02  -5.9152322e-01   1.3338480e+00
   8.7300000e+02  -5.9898928e-01   1.3382726e+00
   8.7400000e+02  -6.0750076e-01   1.3413188e+00
   8.7500000e+02  -6.1471413e-01   1.3432649e+00
   8.7600000e+02  -6.1989610e-01   1.3455900e+00
   8.7700000e+02  -6.2246482e-01   1.3491626e+00
   8.7800000e+02  -6.2342107e-01   1.3530745e+00
   8.7900000e+02  -6.2361561e-01   1.3571274e+00
   8.8000000e+02  -6.2564407e-01   1.3597724e+00
   8.8100000e+02  -6.2932590e-01   1.3606843e+00
   8.8200000e+02  -6.3524573e-01   1.3618514e+00
   8.8300000e+02  -6.4394375e-01   1.3634132e+00
   8.8400000e+02  -6.5240235e-01   1.3651860e+00
   8.8500000e+02  -6.6074127e-01   1.3666290e+00
   8.8600000e+02  -6.6670133e-01   1.3670395e+00
   8.8700000e+02  -6.7020120e-01   1.3672750e+00
   8.8800000e+02  -6.7245739e-01   1.3680137e+00
   8.8900000e+02  -6.7530602e-01   1.3692233e+00
   8.9000000e+02  -6.7721520e-01   1.3713171e+00
   8.9100000e+02  -6.7915274e-01   1.3724178e+00
   8.9200000e+02  -6.7994532e-01   1.3720387e+00
   8.9300000e+02  -6.7973219e-01   1.3710881e+00
   8.9400000e+02  -6.7842508e-01   1.3701901e+00
   8.9500000e+02  -6.7824242e-01   1.3689954e+00
   8.9600000e+02  -6.7659958e-01   1.3687743e+00
   8.9700000e+02  -6.7488579e-01   1.3686075e+00
   8.9800000e+02  -6.7274885e-01   1.3690726e+00
   8.9900000e+02  -6.7201870e-01   1.3703000e+00
   9.0000000e+02  -6.7104029e-01   1.3722554e+00
   9.0100000e+02  -6.7118591e-01   1.3741870e+00
   9.0200000e+02  -6.7052376e-01   1.3753554e+00
   9.0300000e+02  -6.6940487e-01   1.3761990e+00
   9.0400000e+02  -6.6835398e-01   1.3769505e+00
   9.0500000e+02  -6.6582840e-01   1.3783968e+00
   9.0600000e+02  -6.6273648e-01   1.3804795e+00
   9.0700000e+02  -6.5878674e-01   1.3822165e+00
   9.0800000e+02  -6.5372755e-01   1.3834153e+00
   9.0900000e+02  -6.4758510e-01   1.3837217e+00
   9.1000000e+02  -6.4122462e-01   1.3823274e+00
   9.1100000e+02  -6.3372429e-01   1.3795377e+00
   9.1200000e+02  -6.2583143e-01   1.3761775e+00
   9.1300000e+02  -6.1622967e-01   1.3722300e+00
   9.1400000e+02  -6.0752189e-01   1.3705759e+00
   9.1500000e+02  -5.9892443e-01   1.3692801e+00
   9.1600000e+02  -5.9139208e-01   1.3693315e+00
   9.1700000e+02  -5.8630036e-01   1.3684312e+00
   9.1800000e+02  -5.8402828e-01   1.3656451e+00
   9.1900000e+02  -5.8467463e-01   1.3600917e+00
   9.2000000e+02  -5.8680202e-01   1.3540724e+00
   9.2100000e+02  -5.8920873e-01   1.3478597e+00
   9.2200000e+02  -5.9345742e-01   1.3422534e+00
   9.2300000e+02  -5.9829369e-01   1.3360162e+00
   9.2400000e+02  -6.0506264e-01   1.3292459e+00
   9.2500000e+02  -6.1472232e-01   1.3219938e+00
   9.2600000e+02  -6.2408649e-01   1.3144819e+00
   9.2700000e+02  -6.3395509e-01   1.3051235e+00
   9.2800000e+02  -6.4461803e-01   1.2952079e+00
   9.2900000e+02  -6.5492806e-01   1.2832846e+00
   9.3000000e+02  -6.6477742e-01   1.2699849e+00
   9.3100000e+02  -6.7336959e-01   1.2561720e+00
   9.3200000e+02  -6.8048775e-01   1.2422731e+00
   9.3300000e+02  -6.8674643e-01   1.2306419e+00
   9.3400000e+02  -6.9317548e-01   1.2225053e+00
   9.3500000e+02  -7.0075171e-01   1.2184676e+00
   9.3600000e+02  -7.0899744e-01   1.2179388e+00
   9.3700000e+02  -7.1533612e-01   1.2203670e+00
   9.3800000e+02  -7.2090645e-01   1.2228568e+00
   9.3900000e+02  -7.2658199e-01   1.2249362e+00
   9.4000000e+02  -7.3158549e-01   1.2263468e+00
   9.4100000e+02  -7.3783547e-01   1.2250969e+00
   9.4200000e+02  -7.4367581e-01   1.2234599e+00
   9.4300000e+02  -7.4948040e-01   1.2209809e+00
   9.4400000e+02  -7.5726740e-01   1.2192749e+00
   9.4500000e+02  -7.6775573e-01   1.2179210e+00
   9.4600000e+02  -7.8136379e-01   1.2159631e+00
   9.4700000e+02  -7.9648773e-01   1.2121300e+00
   9.4800000e+02  -8.1036604e-01   1.2069022e+00
   9.4900000e+02  -8.2068540e-01   1.2009244e+00
   9.5000000e+02  -8.2614468e-01   1.1967359e+00
   9.5100000e+02  -8.2780121e-01   1.1949058e+00
   9.5200000e+02  -8.2881738e-01   1.1955406e+00
   9.5300000e+02  -8.3116418e-01   1.1989199e+00
   9.5400000e+02  -8.3451391e-01   1.2042186e+00
   9.5500000e+02  -8.3802256e-01   1.2081145e+00
   9.5600000e+02  -8.4322654e-01   1.2119856e+00
   9.5700000e+02  -8.4896784e-01   1.2164774e+00
   9.5800000e+02  -8.5653266e-01   1.2206196e+00
   9.5900000e+02  -8.6466227e-01   1.2247711e+00
   9.6000000e+02  -8.7283620e-01   1.2290599e+00
   9.6100000e+02  -8.8072705e-01   1.2330866e+00
   9.6200000e+02  -8.8935612e-01   1.2374920e+00
   9.6300000e+02  -8.9832730e-01   1.2429368e+00
   9.6400000e+02  -9.0775428e-01   1.2465963e+00
   9.6500000e+02  -9.1834543e-01   1.2478623e+00
   9.6600000e+02  -9.2980035e-01   1.2473358e+00
   9.6700000e+02  -9.4238296e-01   1.2464093e+00
   9.6800000e+02  -9.5409665e-01   1.2463525e+00
   9.6900000e+02  -9.6551397e-01   1.2462823e+00
   9.7000000e+02  -9.7663894e-01   1.2463756e+00
   9.7100000e+02  -9.8865160e-01   1.2466387e+00
   9.7200000e+02  -1.0025910e+00   1.2468393e+00
   9.7300000e+02  -1.0173839e+00   1.2463292e+00
   9.7400000e+02  -1.0333935e+00   1.2444061e+00
   9.7500000e+02  -1.0482238e+00   1.2415682e+00
   9.7600000e+02  -1.0604295e+00   1.2386092e+00
   9.7700000e+02  -1.0691693e+00   1.2376104e+00
   9.7800000e+02  -1.0760139e+00   1.2382994e+00
   9.7900000e+02  -1.0833383e+00   1.2385791e+00
   9.8000000e+02  -1.0903793e+00   1.2379453e+00
   9.8100000e+02  -1.0969178e+00   1.2365240e+00
   9.8200000e+02  -1.1015388e+00   1.2355973e+00
   9.8300000e+02  -1.1059161e+00   1.2351048e+00
   9.8400000e+02  -1.1104146e+00   1.2325961e+00
   9.8500000e+02  -1.1125729e+00   1.2294876e+00
   9.8600000e+02  -1.1128727e+00   1.2254336e+00
   9.8700000e+02  -1.1116650e+00   1.2230477e+00
   9.8800000e+02  -1.1069857e+00   1.2206006e+00
   9.8900000e+02  -1.0992615e+00   1.2178023e+00
   9.9000000e+02  -1.0890237e+00   1.2144188e+00
   9.9100000e+02  -1.0768927e+00   1.2103968e+00
   9.9200000e+02  -1.0624307e+00   1.2058887e+00
   9.9300000e+02  -1.0445329e+00   1.2000089e+00
   9.9400000e+02  -1.0230184e+00   1.1922609e+00
   9.9500000e+02  -9.9795222e-01   1.1832804e+00
   9.9600000e+02  -9.7022701e-01   1.1741755e+00
   9.9700000e+02  -9.3784762e-01   1.1639733e+00
   9.9800000e+02  -9.0396426e-01   1.1574917e+00
   9.9900000e+02  -8.6959714e-01   1.1499355e+00
   1.0000000e+03  -8.3743765e-01   1.1439215e+00
   1.0010000e+03  -8.1096586e-01   1.1396684e+00
   1.0020000e+03  -7.8976539e-01   1.1378118e+00
   1.0030000e+03  -7.7382622e-01   1.1371684e+00
   1.0040000e+03  -7.6069338e-01   1.1362645e+00
   1.0050000e+03  -7.4916354e-01   1.1341305e+00
   1.0060000e+03  -7.4163027e-01   1.1294706e+00
   1.0070000e+03  -7.3977581e-01   1.1201532e+00
   1.0080000e+03  -7.4187833e-01   1.1081711e+00
   1.0090000e+03  -7.4500489e-01   1.0947138e+00
   1.0100000e+03  -7.4662027e-01   1.0830224e+00
   1.0110000e+03  -7.4481381e-01   1.0699824e+00
   1.0120000e+03  -7.3840495e-01   1.0551023e+00
   1.0130000e+03  -7.2759442e-01   1.0392458e+00
   1.0140000e+03  -7.1109497e-01   1.0233438e+00
   1.0150000e+03  -6.8879940e-01   1.0081188e+00
   1.0160000e+03  -6.6192343e-01   9.9539971e-01
   1.0170000e+03  -6.3248178e-01   9.8828353e-01
   1.0180000e+03  -6.0451569e-01   9.8519009e-01
   1.0190000e+03  -5.8306506e-01   9.8203213e-01
   1.0200000e+03  -5.7157461e-01   9.7071035e-01
   1.0210000e+03  -5.6732259e-01   9.4984161e-01
   1.0220000e+03  -5.6528176e-01   9.2781955e-01
   1.0230000e+03  -5.6007227e-01   9.1333125e-01
   1.0240000e+03  -5.5036410e-01   9.0980133e-01
   1.0250000e+03  -5.3631396e-01   9.1236925e-01
   1.0260000e+03  -5.1976722e-01   9.1550522e-01
   1.0270000e+03  -5.0246027e-01   9.1506380e-01
   1.0280000e+03  -4.8642802e-01   9.1328922e-01
   1.0290000e+03  -4.7202602e-01   9.1171640e-01
   1.0300000e+03  -4.6186878e-01   9.1239215e-01
   1.0310000e+03  -4.5612206e-01   9.1596541e-01
   1.0320000e+03  -4.5434018e-01   9.1992940e-01
   1.0330000e+03  -4.5506577e-01   9.2345795e-01
   1.0340000e+03  -4.5686142e-01   9.2924983e-01
   1.0350000e+03  -4.6114608e-01   9.3473020e-01
   1.0360000e+03  -4.6785428e-01   9.3762809e-01
   1.0370000e+03  -4.7452113e-01   9.4184885e-01
   1.0380000e+03  -4.8134009e-01   9.4538564e-01
   1.0390000e+03  -4.8703491e-01   9.4922655e-01
   1.0400000e+03  -4.8956704e-01   9.5203871e-01
   1.0410000e+03  -4.8843528e-01   9.5490711e-01
   1.0420000e+03  -4.8519312e-01   9.5972613e-01
   1.0430000e+03  -4.7995814e-01   9.6498194e-01
   1.0440000e+03  -4.7395826e-01   9.6979106e-01
   1.0450000e+03  -4.6776961e-01   9.7415257e-01
   1.0460000e+03  -4.6090123e-01   9.7861590e-01
   1.0470000e+03  -4.5321119e-01   9.8241957e-01
   1.0480000e+03  -4.4458421e-01   9.8607301e-01
   1.0490000e+03  -4.3442254e-01   9.8915242e-01
   1.0500000e+03  -4.2349711e-01   9.9247248e-01
   1.0510000e+03  -4.1315177e-01   9.9559461e-01
   1.0520000e+03  -4.0374479e-01   9.9875111e-01
   1.0530000e+03  -3.9809918e-01   1.0017904e+00
   1.0540000e+03  -3.9630426e-01   1.0040164e+00
   1.0550000e+03  -3.9758646e-01   1.0067096e+00
   1.0560000e+03  -4.0200948e-01   1.0060378e+00
   1.0570000e+03  -4.0778804e-01   1.0039501e+00
   1.0580000e+03  -4.1271567e-01   1.0026534e+00
   1.0590000e+03  -4.1795628e-01   1.0052250e+00
   1.0600000e+03  -4.2239386e-01   1.0086436e+00
   1.0610000e+03  -4.2710703e-01   1.0100872e+00
   1.0620000e+03  -4.3311768e-01   1.0097555e+00
   1.0630000e+03  -4.3974718e-01   1.0069589e+00
   1.0640000e+03  -4.4450876e-01   1.0023760e+00
   1.0650000e+03  -4.4554099e-01   9.9658497e-01
   1.0660000e+03  -4.4393670e-01   9.9159374e-01
   1.0670000e+03  -4.3932749e-01   9.8668226e-01
   1.0680000e+03  -4.3519050e-01   9.8256917e-01
   1.0690000e+03  -4.3094807e-01   9.7838803e-01
   1.0700000e+03  -4.2626165e-01   9.7264166e-01
   1.0710000e+03  -4.2284341e-01   9.6461692e-01
   1.0720000e+03  -4.2251602e-01   9.5548044e-01
   1.0730000e+03  -4.2744866e-01   9.4585732e-01
   1.0740000e+03  -4.3747732e-01   9.4011351e-01
   1.0750000e+03  -4.4900353e-01   9.3693061e-01
   1.0760000e+03  -4.5969343e-01   9.3579865e-01
   1.0770000e+03  -4.6647837e-01   9.3518994e-01
   1.0780000e+03  -4.6833239e-01   9.3497207e-01
   1.0790000e+03  -4.6594864e-01   9.3361220e-01
   1.0800000e+03  -4.6127735e-01   9.3290184e-01
   1.0810000e+03  -4.5615562e-01   9.3286202e-01
   1.0820000e+03  -4.5167966e-01   9.3459015e-01
   1.0830000e+03  -4.4935888e-01   9.3727023e-01
   1.0840000e+03  -4.4829473e-01   9.3880662e-01
   1.0850000e+03  -4.4917681e-01   9.4075562e-01
   1.0860000e+03  -4.4911764e-01   9.4285123e-01
   1.0870000e+03  -4.4868049e-01   9.4462234e-01
   1.0880000e+03  -4.4677756e-01   9.4641238e-01
   1.0890000e+03  -4.4377484e-01   9.4759483e-01
   1.0900000e+03  -4.4231950e-01   9.4770446e-01
   1.0910000e+03  -4.4368528e-01   9.4796838e-01
   1.0920000e+03  -4.4707379e-01   9.5074769e-01
   1.0930000e+03  -4.5025458e-01   9.5424224e-01
   1.0940000e+03  -4.5541938e-01   9.6087609e-01
   1.0950000e+03  -4.5925683e-01   9.6769897e-01
   1.0960000e+03  -4.6167134e-01   9.7414878e-01
   1.0970000e+03  -4.5961356e-01   9.8143941e-01
   1.0980000e+03  -4.5837788e-01   9.8868119e-01
   1.0990000e+03  -4.5411847e-01   9.9648898e-01
   1.1000000e+03  -4.4879652e-01   1.0043926e+00
   1.1010000e+03  -4.4193095e-01   1.0116071e+00
   1.1020000e+03  -4.3617022e-01   1.0183885e+00
   1.1030000e+03  -4.2989469e-01   1.0239661e+00
   1.1040000e+03  -4.2349362e-01   1.0280345e+00
   1.1050000e+03  -4.1579234e-01   1.0285960e+00
   1.1060000e+03  -4.0614909e-01   1.0276902e+00
   1.1070000e+03  -3.9573541e-01   1.0261719e+00
   1.1080000e+03  -3.8504064e-01   1.0269642e+00
   1.1090000e+03  -3.7632956e-01   1.0304009e+00
   1.1100000e+03  -3.6845967e-01   1.0381034e+00
   1.1110000e+03  -3.6195522e-01   1.0476423e+00
   1.1120000e+03  -3.5790955e-01   1.0550472e+00
   1.1130000e+03  -3.5893808e-01   1.0583975e+00
   1.1140000e+03  -3.6240509e-01   1.0567121e+00
   1.1150000e+03  -3.6755917e-01   1.0554943e+00
   1.1160000e+03  -3.7568054e-01   1.0526261e+00
   1.1170000e+03  -3.7775959e-01   1.0515428e+00
   1.1180000e+03  -3.8011140e-01   1.0531314e+00
   1.1190000e+03  -3.8228205e-01   1.0563491e+00
   1.1200000e+03  -3.8182041e-01   1.0581854e+00
   1.1210000e+03  -3.8063563e-01   1.0585958e+00
   1.1220000e+03  -3.7993467e-01   1.0575278e+00
   1.1230000e+03  -3.7721008e-01   1.0524688e+00
   1.1240000e+03  -3.7166873e-01   1.0479382e+00
   1.1250000e+03  -3.6380937e-01   1.0412296e+00
   1.1260000e+03  -3.5316197e-01   1.0308374e+00
   1.1270000e+03  -3.4018634e-01   1.0206729e+00
   1.1280000e+03  -3.2643106e-01   1.0095682e+00
   1.1290000e+03  -3.1187575e-01   9.9663181e-01
   1.1300000e+03  -2.9901398e-01   9.8314007e-01
   1.1310000e+03  -2.8688145e-01   9.7070293e-01
   1.1320000e+03  -2.7694276e-01   9.5928180e-01
   1.1330000e+03  -2.6969611e-01   9.4966574e-01
   1.1340000e+03  -2.6459238e-01   9.4291852e-01
   1.1350000e+03  -2.6110118e-01   9.3746933e-01
   1.1360000e+03  -2.5959985e-01   9.3261826e-01
   1.1370000e+03  -2.6076873e-01   9.2940194e-01
   1.1380000e+03  -2.6157060e-01   9.2726065e-01
   1.1390000e+03  -2.6211164e-01   9.2714833e-01
   1.1400000e+03  -2.5988743e-01   9.2548266e-01
   1.1410000e+03  -2.5801163e-01   9.2152923e-01
   1.1420000e+03  -2.5442367e-01   9.1799578e-01
   1.1430000e+03  -2.4962546e-01   9.1276358e-01
   1.1440000e+03  -2.4413477e-01   9.0647904e-01
   1.1450000e+03  -2.3990452e-01   8.9906025e-01
   1.1460000e+03  -2.3830943e-01   8.9206523e-01
   1.1470000e+03  -2.3999164e-01   8.8556923e-01
   1.1480000e+03  -2.4458372e-01   8.7960280e-01
   1.1490000e+03  -2.5011625e-01   8.7587846e-01
   1.1500000e+03  -2.5304640e-01   8.7551749e-01
   1.1510000e+03  -2.5336543e-01   8.7609209e-01
   1.1520000e+03  -2.5126041e-01   8.7739181e-01
   1.1530000e+03  -2.4594031e-01   8.8120215e-01
   1.1540000e+03  -2.4367305e-01   8.8394486e-01
   1.1550000e+03  -2.4361630e-01   8.8520188e-01
   1.1560000e+03  -2.4599336e-01   8.8460857e-01
   1.1570000e+03  -2.4788460e-01   8.8473562e-01
   1.1580000e+03  -2.4931599e-01   8.8324907e-01
   1.1590000e+03  -2.5156502e-01   8.8082696e-01
   1.1600000e+03  -2.5227399e-01   8.7643186e-01
   1.1610000e+03  -2.5246515e-01   8.6951190e-01
   1.1620000e+03  -2.5248351e-01   8.6204064e-01
   1.1630000e+03  -2.5330375e-01   8.5461937e-01
   1.1640000e+03  -2.5486951e-01   8.4802902e-01
   1.1650000e+03  -2.5377692e-01   8.4430088e-01
   1.1660000e+03  -2.5807458e-01   8.3737713e-01
   1.1670000e+03  -2.6106062e-01   8.2934867e-01
   1.1680000e+03  -2.6396707e-01   8.2133744e-01
   1.1690000e+03  -2.6709868e-01   8.1312356e-01
   1.1700000e+03  -2.7025292e-01   8.0524930e-01
   1.1710000e+03  -2.7350774e-01   7.9963508e-01
   1.1720000e+03  -2.7577302e-01   7.9612813e-01
   1.1730000e+03  -2.7799061e-01   7.9217872e-01
   1.1740000e+03  -2.8063177e-01   7.8992055e-01
   1.1750000e+03  -2.8246890e-01   7.8802969e-01
   1.1760000e+03  -2.8421447e-01   7.8718559e-01
   1.1770000e+03  -2.8475808e-01   7.8370542e-01
   1.1780000e+03  -2.8633933e-01   7.8151011e-01
   1.1790000e+03  -2.8800021e-01   7.7825563e-01
   1.1800000e+03  -2.9085636e-01   7.7428600e-01
   1.1810000e+03  -2.9535822e-01   7.7014900e-01
   1.1820000e+03  -2.9981788e-01   7.6622832e-01
   1.1830000e+03  -3.0424261e-01   7.6273465e-01
   1.1840000e+03  -3.0821990e-01   7.5902448e-01
   1.1850000e+03  -3.1291575e-01   7.5860334e-01
   1.1860000e+03  -3.1734052e-01   7.6264096e-01
   1.1870000e+03  -3.2165621e-01   7.6814525e-01
   1.1880000e+03  -3.2710909e-01   7.7474301e-01
   1.1890000e+03  -3.3181048e-01   7.7808064e-01
   1.1900000e+03  -3.3978638e-01   7.8357547e-01
   1.1910000e+03  -3.4781902e-01   7.8723653e-01
   1.1920000e+03  -3.5584906e-01   7.9061993e-01
   1.1930000e+03  -3.6529751e-01   7.9366300e-01
   1.1940000e+03  -3.7551637e-01   7.9608333e-01
   1.1950000e+03  -3.8728106e-01   7.9892026e-01
   1.1960000e+03  -3.9932115e-01   8.0332676e-01
   1.1970000e+03  -4.1236718e-01   8.0719455e-01
   1.1980000e+03  -4.2453511e-01   8.1047685e-01
   1.1990000e+03  -4.3488733e-01   8.1185183e-01
   1.2000000e+03  -4.4470386e-01   8.1188082e-01
   1.2010000e+03  -4.5648669e-01   8.0822034e-01
   1.2020000e+03  -4.7044120e-01   8.0676007e-01
   1.2030000e+03  -4.8800048e-01   8.0651678e-01
   1.2040000e+03  -5.0602838e-01   8.0764949e-01
   1.2050000e+03  -5.2034137e-01   8.1223083e-01
   1.2060000e+03  -5.3275319e-01   8.1803338e-01
   1.2070000e+03  -5.4446304e-01   8.2271731e-01
   1.2080000e+03  -5.5948723e-01   8.2893153e-01
   1.2090000e+03  -5.7720095e-01   8.3990418e-01
   1.2100000e+03  -5.9270022e-01   8.5699760e-01
   1.2110000e+03  -6.0467347e-01   8.7775788e-01
   1.2120000e+03  -6.1243954e-01   9.0225365e-01
   1.2130000e+03  -6.1761725e-01   9.2895710e-01
   1.2140000e+03  -6.2065752e-01   9.5720401e-01
   1.2150000e+03  -6.2206079e-01   9.8642317e-01
   1.2160000e+03  -6.2520657e-01   1.0115255e+00
   1.2170000e+03  -6.2426542e-01   1.0318188e+00
   1.2180000e+03  -6.2052064e-01   1.0375709e+00
   1.2190000e+03  -6.1484325e-01   1.0349159e+00
   1.2200000e+03  -6.0799403e-01   1.0326696e+00
   1.2210000e+03  -6.0223112e-01   1.0314877e+00
   1.2220000e+03  -5.9700544e-01   1.0311975e+00
   1.2230000e+03  -5.9289565e-01   1.0322057e+00
   1.2240000e+03  -5.8606102e-01   1.0346484e+00
   1.2250000e+03  -5.7911406e-01   1.0385215e+00
   1.2260000e+03  -5.7108596e-01   1.0440245e+00
   1.2270000e+03  -5.6591355e-01   1.0476334e+00
   1.2280000e+03  -5.6222464e-01   1.0469680e+00
   1.2290000e+03  -5.5820968e-01   1.0439453e+00
   1.2300000e+03  -5.5319516e-01   1.0397900e+00
   1.2310000e+03  -5.4628532e-01   1.0335004e+00
   1.2320000e+03  -5.4064846e-01   1.0248499e+00
   1.2330000e+03  -5.3651511e-01   1.0139645e+00
   1.2340000e+03  -5.3672134e-01   1.0009211e+00
   1.2350000e+03  -5.3825412e-01   9.8707830e-01
   1.2360000e+03  -5.3835716e-01   9.7327963e-01
   1.2370000e+03  -5.3922710e-01   9.6185227e-01
   1.2380000e+03  -5.3047048e-01   9.4983878e-01
   1.2390000e+03  -5.2356054e-01   9.3790326e-01
   1.2400000e+03  -5.1671968e-01   9.2535041e-01
   1.2410000e+03  -5.1000178e-01   9.1317667e-01
   1.2420000e+03  -5.0154446e-01   9.0162330e-01
   1.2430000e+03  -4.9003442e-01   8.9186102e-01
   1.2440000e+03  -4.7506673e-01   8.8280741e-01
   1.2450000e+03  -4.6311692e-01   8.7112263e-01
   1.2460000e+03  -4.5067355e-01   8.5951849e-01
   1.2470000e+03  -4.3868939e-01   8.4663082e-01
   1.2480000e+03  -4.2646608e-01   8.3404545e-01
   1.2490000e+03  -4.1936447e-01   8.2387636e-01
   1.2500000e+03  -4.1173463e-01   8.1730345e-01
   1.2510000e+03  -4.0373012e-01   8.1284163e-01
   1.2520000e+03  -3.9820294e-01   8.0540064e-01
   1.2530000e+03  -3.9371652e-01   7.9888265e-01
   1.2540000e+03  -3.9159956e-01   7.9075437e-01
   1.2550000e+03  -3.8904547e-01   7.8144403e-01
   1.2560000e+03  -3.8947723e-01   7.7479299e-01
   1.2570000e+03  -3.9047342e-01   7.6719921e-01
   1.2580000e+03  -3.9090263e-01   7.6313081e-01
   1.2590000e+03  -3.8866627e-01   7.5967134e-01
   1.2600000e+03  -3.8441744e-01   7.5600888e-01
   1.2610000e+03  -3.7530006e-01   7.4834312e-01
   1.2620000e+03  -3.7281044e-01   7.4651439e-01
   1.2630000e+03  -3.7118440e-01   7.4433249e-01
   1.2640000e+03  -3.7132954e-01   7.4414883e-01
   1.2650000e+03  -3.6920204e-01   7.4324565e-01
   1.2660000e+03  -3.6987435e-01   7.4173159e-01
   1.2670000e+03  -3.7093534e-01   7.3871745e-01
   1.2680000e+03  -3.6866743e-01   7.3499133e-01
   1.2690000e+03  -3.6431289e-01   7.3210680e-01
   1.2700000e+03  -3.5809152e-01   7.3042589e-01
   1.2710000e+03  -3.4868441e-01   7.2723476e-01
   1.2720000e+03  -3.3753761e-01   7.1999516e-01
   1.2730000e+03  -3.2573082e-01   7.1195590e-01
   1.2740000e+03  -3.1743800e-01   7.0694395e-01
   1.2750000e+03  -3.1022071e-01   7.0427040e-01
   1.2760000e+03  -3.0546587e-01   7.0493342e-01
   1.2770000e+03  -3.0011462e-01   7.0727762e-01
   1.2780000e+03  -2.9246392e-01   7.1135788e-01
   1.2790000e+03  -2.8067099e-01   7.1453691e-01
   1.2800000e+03  -2.6627807e-01   7.1666532e-01
   1.2810000e+03  -2.5015359e-01   7.1828920e-01
   1.2820000e+03  -2.2822777e-01   7.1843818e-01
   1.2830000e+03  -2.0272891e-01   7.1858864e-01
   1.2840000e+03  -1.7896805e-01   7.1737286e-01
   1.2850000e+03  -1.5427536e-01   7.2070782e-01
   1.2860000e+03  -1.3535645e-01   7.2043333e-01
   1.2870000e+03  -1.1841421e-01   7.2232303e-01
   1.2880000e+03  -1.0246539e-01   7.2935641e-01
   1.2890000e+03  -8.7965134e-02   7.3941448e-01
   1.2900000e+03  -7.3786109e-02   7.5103980e-01
   1.2910000e+03  -6.1832409e-02   7.6099837e-01
   1.2920000e+03  -5.0110097e-02   7.6678831e-01
   1.2930000e+03  -3.8829608e-02   7.6952136e-01
   1.2940000e+03  -2.7962491e-02   7.7252643e-01
   1.2950000e+03  -1.5513246e-02   7.7725423e-01
   1.2960000e+03  -1.1158871e-03   7.8362826e-01
   1.2970000e+03   1.4612758e-02   7.9139651e-01
   1.2980000e+03   3.1214903e-02   7.9327103e-01
   1.2990000e+03   5.2076141e-02   7.8995264e-01
   1.3000000e+03   7.1272472e-02   7.8533943e-01
   1.3010000e+03   8.7101853e-02   7.7756203e-01
   1.3020000e+03   9.8197168e-02   7.6954252e-01
   1.3030000e+03   1.0719381e-01   7.5765896e-01
   1.3040000e+03   1.1604468e-01   7.4524069e-01
   1.3050000e+03   1.2713711e-01   7.3123566e-01
   1.3060000e+03   1.3680659e-01   7.1699307e-01
   1.3070000e+03   1.5119504e-01   7.0814330e-01
   1.3080000e+03   1.6512847e-01   7.0052165e-01
   1.3090000e+03   1.7971852e-01   6.9522401e-01
   1.3100000e+03   1.9424067e-01   6.9009000e-01
   1.3110000e+03   2.0840508e-01   6.8326733e-01
   1.3120000e+03   2.1811806e-01   6.7796297e-01
   1.3130000e+03   2.2478202e-01   6.7063186e-01
   1.3140000e+03   2.2784820e-01   6.6591054e-01
   1.3150000e+03   2.2794976e-01   6.6128349e-01
   1.3160000e+03   2.2516488e-01   6.5504117e-01
   1.3170000e+03   2.2048681e-01   6.4707502e-01
   1.3180000e+03   2.1593457e-01   6.3954945e-01
   1.3190000e+03   2.1624578e-01   6.3053679e-01
   1.3200000e+03   2.1886854e-01   6.2070442e-01
   1.3210000e+03   2.2231730e-01   6.1024883e-01
   1.3220000e+03   2.2319095e-01   5.9623955e-01
   1.3230000e+03   2.2117707e-01   5.8168316e-01
   1.3240000e+03   2.1740203e-01   5.6719916e-01
   1.3250000e+03   2.1436524e-01   5.5440586e-01
   1.3260000e+03   2.1258538e-01   5.4388157e-01
   1.3270000e+03   2.0969481e-01   5.3608075e-01
   1.3280000e+03   2.0537403e-01   5.2633356e-01
   1.3290000e+03   2.0058731e-01   5.1506791e-01
   1.3300000e+03   1.9861748e-01   5.0564749e-01
   1.3310000e+03   1.9750098e-01   4.9548383e-01
   1.3320000e+03   1.9339437e-01   4.8530983e-01
   1.3330000e+03   1.9054921e-01   4.7764177e-01
   1.3340000e+03   1.8918025e-01   4.7077883e-01
   1.3350000e+03   1.8695307e-01   4.6211864e-01
   1.3360000e+03   1.8238582e-01   4.5120871e-01
   1.3370000e+03   1.7804217e-01   4.4271342e-01
   1.3380000e+03   1.7503161e-01   4.3131925e-01
   1.3390000e+03   1.7486858e-01   4.1806770e-01
   1.3400000e+03   1.7511964e-01   4.0325582e-01
   1.3410000e+03   1.7639877e-01   3.9030975e-01
   1.3420000e+03   1.7722675e-01   3.7794087e-01
   1.3430000e+03   1.7857146e-01   3.6598452e-01
   1.3440000e+03   1.8265499e-01   3.5416188e-01
   1.3450000e+03   1.8847992e-01   3.4564251e-01
   1.3460000e+03   1.9147074e-01   3.3901344e-01
   1.3470000e+03   1.9517271e-01   3.3018018e-01
   1.3480000e+03   2.0242096e-01   3.2584723e-01
   1.3490000e+03   2.1234258e-01   3.2740016e-01
   1.3500000e+03   2.2189941e-01   3.2708894e-01
   1.3510000e+03   2.2966488e-01   3.2302793e-01
   1.3520000e+03   2.3102429e-01   3.1868289e-01
   1.3530000e+03   2.2629936e-01   3.1800898e-01
   1.3540000e+03   2.1948014e-01   3.1962294e-01
   1.3550000e+03   2.1044815e-01   3.1339297e-01
   1.3560000e+03   1.9366611e-01   3.0004117e-01
   1.3570000e+03   1.7729759e-01   2.9015299e-01
   1.3580000e+03   1.6085713e-01   2.8085145e-01
   1.3590000e+03   1.4321472e-01   2.7300921e-01
   1.3600000e+03   1.2577338e-01   2.6461533e-01
   1.3610000e+03   1.1162297e-01   2.5730867e-01
   1.3620000e+03   1.0307894e-01   2.5649600e-01
   1.3630000e+03   8.7947128e-02   2.5021239e-01
   1.3640000e+03   7.9239878e-02   2.3780591e-01
   1.3650000e+03   7.1904616e-02   2.2196485e-01
   1.3660000e+03   7.5206832e-02   2.0259804e-01
   1.3670000e+03   7.8797457e-02   1.8244292e-01
   1.3680000e+03   7.0794997e-02   1.5632097e-01
   1.3690000e+03   6.5426861e-02   1.2312512e-01
