   4.3200000e+02   3.6257507e-01   3.1457943e+00
   4.3300000e+02   3.4578253e-01   3.1106242e+00
   4.3400000e+02   3.2407052e-01   3.0739585e+00
   4.3500000e+02   2.9773453e-01   3.0352567e+00
   4.3600000e+02   2.6939080e-01   2.9958738e+00
   4.3700000e+02   2.4374165e-01   2.9631988e+00
   4.3800000e+02   2.1774798e-01   2.9355103e+00
   4.3900000e+02   1.9834952e-01   2.9152819e+00
   4.4000000e+02   1.8750608e-01   2.9006775e+00
   4.4100000e+02   1.8325240e-01   2.8898630e+00
   4.4200000e+02   1.8547193e-01   2.8802762e+00
   4.4300000e+02   1.9225259e-01   2.8722704e+00
   4.4400000e+02   2.0033130e-01   2.8650677e+00
   4.4500000e+02   2.1044887e-01   2.8608974e+00
   4.4600000e+02   2.2053643e-01   2.8635739e+00
   4.4700000e+02   2.2970336e-01   2.8726118e+00
   4.4800000e+02   2.4118439e-01   2.8862991e+00
   4.4900000e+02   2.5193462e-01   2.9031494e+00
   4.5000000e+02   2.6131220e-01   2.9209317e+00
   4.5100000e+02   2.6689177e-01   2.9378283e+00
   4.5200000e+02   2.6965681e-01   2.9550930e+00
   4.5300000e+02   2.6964900e-01   2.9715682e+00
   4.5400000e+02   2.6915842e-01   2.9882596e+00
   4.5500000e+02   2.6854755e-01   3.0037840e+00
   4.5600000e+02   2.6882932e-01   3.0174979e+00
   4.5700000e+02   2.6957783e-01   3.0302057e+00
   4.5800000e+02   2.7112142e-01   3.0407098e+00
   4.5900000e+02   2.7455463e-01   3.0500584e+00
   4.6000000e+02   2.7941322e-01   3.0581596e+00
   4.6100000e+02   2.8572910e-01   3.0655795e+00
   4.6200000e+02   2.9202655e-01   3.0719430e+00
   4.6300000e+02   2.9866536e-01   3.0760797e+00
   4.6400000e+02   3.0488538e-01   3.0800771e+00
   4.6500000e+02   3.0950828e-01   3.0808366e+00
   4.6600000e+02   3.1245631e-01   3.0799578e+00
   4.6700000e+02   3.1254583e-01   3.0751653e+00
   4.6800000e+02   3.1030909e-01   3.0662072e+00
   4.6900000e+02   3.0581978e-01   3.0531351e+00
   4.7000000e+02   2.9995975e-01   3.0353998e+00
   4.7100000e+02   2.9004051e-01   3.0129927e+00
   4.7200000e+02   2.7739778e-01   2.9864687e+00
   4.7300000e+02   2.6172749e-01   2.9581772e+00
   4.7400000e+02   2.4324427e-01   2.9266645e+00
   4.7500000e+02   2.2262381e-01   2.8966389e+00
   4.7600000e+02   2.0009706e-01   2.8658578e+00
   4.7700000e+02   1.7933122e-01   2.8405348e+00
   4.7800000e+02   1.5905817e-01   2.8103245e+00
   4.7900000e+02   1.3788123e-01   2.7743798e+00
   4.8000000e+02   1.1703469e-01   2.7360396e+00
   4.8100000e+02   9.7596250e-02   2.6961784e+00
   4.8200000e+02   8.2385608e-02   2.6663714e+00
   4.8300000e+02   7.1381099e-02   2.6519665e+00
   4.8400000e+02   6.4499393e-02   2.6478833e+00
   4.8500000e+02   6.1346968e-02   2.6497423e+00
   4.8600000e+02   5.9745844e-02   2.6540332e+00
   4.8700000e+02   6.1272373e-02   2.6576131e+00
   4.8800000e+02   6.4957631e-02   2.6608811e+00
   4.8900000e+02   7.1753292e-02   2.6661739e+00
   4.9000000e+02   7.7126632e-02   2.6720829e+00
   4.9100000e+02   8.6427766e-02   2.6829427e+00
   4.9200000e+02   9.3652980e-02   2.6945851e+00
   4.9300000e+02   9.9750948e-02   2.7075008e+00
   4.9400000e+02   1.0377783e-01   2.7221185e+00
   4.9500000e+02   1.0634885e-01   2.7370873e+00
   4.9600000e+02   1.0848264e-01   2.7531441e+00
   4.9700000e+02   1.0800042e-01   2.7700324e+00
   4.9800000e+02   1.0584505e-01   2.7853712e+00
   4.9900000e+02   1.0397961e-01   2.7995954e+00
   5.0000000e+02   1.0427239e-01   2.8142505e+00
   5.0100000e+02   1.0744132e-01   2.8312106e+00
   5.0200000e+02   1.1168295e-01   2.8496177e+00
   5.0300000e+02   1.1740914e-01   2.8687595e+00
   5.0400000e+02   1.2378324e-01   2.8853654e+00
   5.0500000e+02   1.3543336e-01   2.9065455e+00
   5.0600000e+02   1.4862984e-01   2.9226294e+00
   5.0700000e+02   1.6379504e-01   2.9376940e+00
   5.0800000e+02   1.7886653e-01   2.9475063e+00
   5.0900000e+02   1.8983055e-01   2.9489073e+00
   5.1000000e+02   1.9782492e-01   2.9434545e+00
   5.1100000e+02   2.0139780e-01   2.9324420e+00
   5.1200000e+02   2.0443164e-01   2.9166331e+00
   5.1300000e+02   2.0553010e-01   2.8989075e+00
   5.1400000e+02   2.0414015e-01   2.8812761e+00
   5.1500000e+02   1.9459880e-01   2.8665509e+00
   5.1600000e+02   1.7546714e-01   2.8549873e+00
   5.1700000e+02   1.4926493e-01   2.8469748e+00
   5.1800000e+02   1.2386409e-01   2.8384282e+00
   5.1900000e+02   1.0317184e-01   2.8297403e+00
   5.2000000e+02   8.8933020e-02   2.8216018e+00
   5.2100000e+02   8.2502756e-02   2.8129278e+00
   5.2200000e+02   8.3447723e-02   2.8034255e+00
   5.2300000e+02   9.1669127e-02   2.7967474e+00
   5.2400000e+02   1.0457359e-01   2.7961485e+00
   5.2500000e+02   1.2182184e-01   2.8002007e+00
   5.2600000e+02   1.3805002e-01   2.8077902e+00
   5.2700000e+02   1.5110890e-01   2.8193920e+00
   5.2800000e+02   1.6022685e-01   2.8325992e+00
   5.2900000e+02   1.6582500e-01   2.8459374e+00
   5.3000000e+02   1.6741419e-01   2.8580513e+00
   5.3100000e+02   1.6636305e-01   2.8742320e+00
   5.3200000e+02   1.6279497e-01   2.8935632e+00
   5.3300000e+02   1.5656612e-01   2.9143199e+00
   5.3400000e+02   1.5029068e-01   2.9348853e+00
   5.3500000e+02   1.4529494e-01   2.9553176e+00
   5.3600000e+02   1.4192740e-01   2.9739616e+00
   5.3700000e+02   1.4183929e-01   2.9903165e+00
   5.3800000e+02   1.4543977e-01   3.0055423e+00
   5.3900000e+02   1.5261602e-01   3.0201932e+00
   5.4000000e+02   1.6287556e-01   3.0327391e+00
   5.4100000e+02   1.7557580e-01   3.0427172e+00
   5.4200000e+02   1.8841891e-01   3.0476479e+00
   5.4300000e+02   2.0034033e-01   3.0489140e+00
   5.4400000e+02   2.0984946e-01   3.0486263e+00
   5.4500000e+02   2.1560344e-01   3.0476891e+00
   5.4600000e+02   2.1764530e-01   3.0465781e+00
   5.4700000e+02   2.1544028e-01   3.0433029e+00
   5.4800000e+02   2.0833568e-01   3.0354850e+00
   5.4900000e+02   1.9768828e-01   3.0241108e+00
   5.5000000e+02   1.8445246e-01   3.0065973e+00
   5.5100000e+02   1.6826207e-01   2.9833462e+00
   5.5200000e+02   1.5323048e-01   2.9556765e+00
   5.5300000e+02   1.4093951e-01   2.9224253e+00
   5.5400000e+02   1.3236152e-01   2.8910252e+00
   5.5500000e+02   1.2612900e-01   2.8579895e+00
   5.5600000e+02   1.2097421e-01   2.8270852e+00
   5.5700000e+02   1.1498843e-01   2.7980298e+00
   5.5800000e+02   1.0663571e-01   2.7721235e+00
   5.5900000e+02   9.5628082e-02   2.7490496e+00
   5.6000000e+02   8.3161678e-02   2.7301845e+00
   5.6100000e+02   6.9466333e-02   2.7151031e+00
   5.6200000e+02   5.7428422e-02   2.7050975e+00
   5.6300000e+02   4.8192000e-02   2.7019449e+00
   5.6400000e+02   4.1893471e-02   2.7040795e+00
   5.6500000e+02   3.8913408e-02   2.7108166e+00
   5.6600000e+02   3.7263861e-02   2.7186892e+00
   5.6700000e+02   3.6162384e-02   2.7278413e+00
   5.6800000e+02   3.6149492e-02   2.7366345e+00
   5.6900000e+02   3.7714308e-02   2.7431079e+00
   5.7000000e+02   4.0748805e-02   2.7456016e+00
   5.7100000e+02   4.5280496e-02   2.7448780e+00
   5.7200000e+02   5.2004477e-02   2.7431885e+00
   5.7300000e+02   5.9815994e-02   2.7416926e+00
   5.7400000e+02   6.7749045e-02   2.7413270e+00
   5.7500000e+02   7.5765036e-02   2.7408056e+00
   5.7600000e+02   8.5459499e-02   2.7381113e+00
   5.7700000e+02   9.5210451e-02   2.7345593e+00
   5.7800000e+02   1.0550267e-01   2.7308918e+00
   5.7900000e+02   1.1558354e-01   2.7271444e+00
   5.8000000e+02   1.2485461e-01   2.7250526e+00
   5.8100000e+02   1.3325642e-01   2.7238640e+00
   5.8200000e+02   1.4134513e-01   2.7231272e+00
   5.8300000e+02   1.4851583e-01   2.7215194e+00
   5.8400000e+02   1.5514292e-01   2.7181767e+00
   5.8500000e+02   1.5949999e-01   2.7126150e+00
   5.8600000e+02   1.6086709e-01   2.7044914e+00
   5.8700000e+02   1.5762627e-01   2.6926121e+00
   5.8800000e+02   1.5098590e-01   2.6761159e+00
   5.8900000e+02   1.4156431e-01   2.6547789e+00
   5.9000000e+02   1.2904844e-01   2.6315419e+00
   5.9100000e+02   1.1051277e-01   2.6011773e+00
   5.9200000e+02   9.3002551e-02   2.5740077e+00
   5.9300000e+02   7.5455019e-02   2.5453323e+00
   5.9400000e+02   6.1165203e-02   2.5125968e+00
   5.9500000e+02   5.4637309e-02   2.4784694e+00
   5.9600000e+02   5.7116809e-02   2.4468939e+00
   5.9700000e+02   6.7174075e-02   2.4147905e+00
   5.9800000e+02   8.2001935e-02   2.3827781e+00
   5.9900000e+02   1.0106511e-01   2.3535946e+00
   6.0000000e+02   1.2547965e-01   2.3229212e+00
   6.0100000e+02   1.5171154e-01   2.2928512e+00
   6.0200000e+02   1.7301773e-01   2.2617491e+00
   6.0300000e+02   1.8835827e-01   2.2314872e+00
   6.0400000e+02   1.9857044e-01   2.2012918e+00
   6.0500000e+02   2.0598577e-01   2.1736908e+00
   6.0600000e+02   2.1264003e-01   2.1556175e+00
   6.0700000e+02   2.2253189e-01   2.1495174e+00
   6.0800000e+02   2.3330571e-01   2.1552749e+00
   6.0900000e+02   2.4363826e-01   2.1695962e+00
   6.1000000e+02   2.5225742e-01   2.1878888e+00
   6.1100000e+02   2.5863093e-01   2.2057622e+00
   6.1200000e+02   2.6324879e-01   2.2227372e+00
   6.1300000e+02   2.6605097e-01   2.2363454e+00
   6.1400000e+02   2.6505827e-01   2.2488662e+00
   6.1500000e+02   2.6115935e-01   2.2606511e+00
   6.1600000e+02   2.5536758e-01   2.2714475e+00
   6.1700000e+02   2.4795670e-01   2.2808620e+00
   6.1800000e+02   2.3969159e-01   2.2900969e+00
   6.1900000e+02   2.2998660e-01   2.2994050e+00
   6.2000000e+02   2.1920339e-01   2.3105411e+00
   6.2100000e+02   2.0799066e-01   2.3214064e+00
   6.2200000e+02   1.9690353e-01   2.3329851e+00
   6.2300000e+02   1.8574240e-01   2.3427275e+00
   6.2400000e+02   1.7584601e-01   2.3520781e+00
   6.2500000e+02   1.6745270e-01   2.3597032e+00
   6.2600000e+02   1.6223117e-01   2.3690988e+00
   6.2700000e+02   1.5851003e-01   2.3771185e+00
   6.2800000e+02   1.5574046e-01   2.3866446e+00
   6.2900000e+02   1.5376862e-01   2.3955337e+00
   6.3000000e+02   1.5267565e-01   2.4034838e+00
   6.3100000e+02   1.5298907e-01   2.4125727e+00
   6.3200000e+02   1.5437283e-01   2.4207122e+00
   6.3300000e+02   1.5644075e-01   2.4272011e+00
   6.3400000e+02   1.5816921e-01   2.4329411e+00
   6.3500000e+02   1.5940984e-01   2.4355035e+00
   6.3600000e+02   1.5938784e-01   2.4344962e+00
   6.3700000e+02   1.5848986e-01   2.4275895e+00
   6.3800000e+02   1.5419664e-01   2.4155089e+00
   6.3900000e+02   1.4894295e-01   2.3996055e+00
   6.4000000e+02   1.4121997e-01   2.3774414e+00
   6.4100000e+02   1.3196840e-01   2.3523171e+00
   6.4200000e+02   1.2076181e-01   2.3245804e+00
   6.4300000e+02   1.0910518e-01   2.2939749e+00
   6.4400000e+02   9.6592381e-02   2.2599690e+00
   6.4500000e+02   8.7582168e-02   2.2276427e+00
   6.4600000e+02   7.9791995e-02   2.1986453e+00
   6.4700000e+02   7.1963546e-02   2.1748533e+00
   6.4800000e+02   6.3431211e-02   2.1567995e+00
   6.4900000e+02   5.5604826e-02   2.1409232e+00
   6.5000000e+02   5.1225188e-02   2.1262621e+00
   6.5100000e+02   5.1711435e-02   2.1103511e+00
   6.5200000e+02   5.6726384e-02   2.0942426e+00
   6.5300000e+02   6.3047070e-02   2.0835373e+00
   6.5400000e+02   7.0174910e-02   2.0813097e+00
   6.5500000e+02   7.6643818e-02   2.0842517e+00
   6.5600000e+02   8.3218253e-02   2.0920897e+00
   6.5700000e+02   8.9738086e-02   2.1020242e+00
   6.5800000e+02   9.6107827e-02   2.1117139e+00
   6.5900000e+02   1.0431257e-01   2.1219187e+00
   6.6000000e+02   1.1122678e-01   2.1320923e+00
   6.6100000e+02   1.1662057e-01   2.1433957e+00
   6.6200000e+02   1.2067487e-01   2.1567947e+00
   6.6300000e+02   1.2262110e-01   2.1702288e+00
   6.6400000e+02   1.2195518e-01   2.1844238e+00
   6.6500000e+02   1.1796441e-01   2.1982931e+00
   6.6600000e+02   1.1197248e-01   2.2106139e+00
   6.6700000e+02   1.0332645e-01   2.2222128e+00
   6.6800000e+02   9.3075363e-02   2.2330584e+00
   6.6900000e+02   8.2468455e-02   2.2430565e+00
   6.7000000e+02   7.1593295e-02   2.2528142e+00
   6.7100000e+02   6.2087863e-02   2.2632774e+00
   6.7200000e+02   5.5582032e-02   2.2738530e+00
   6.7300000e+02   5.1236334e-02   2.2853923e+00
   6.7400000e+02   4.9465972e-02   2.2968433e+00
   6.7500000e+02   4.7935980e-02   2.3071163e+00
   6.7600000e+02   4.5924935e-02   2.3152742e+00
   6.7700000e+02   4.3412174e-02   2.3184841e+00
   6.7800000e+02   4.0913105e-02   2.3139739e+00
   6.7900000e+02   3.6605283e-02   2.3066975e+00
   6.8000000e+02   3.0339284e-02   2.2990953e+00
   6.8100000e+02   2.2651458e-02   2.2921283e+00
   6.8200000e+02   1.4068769e-02   2.2861085e+00
   6.8300000e+02   3.4528572e-03   2.2789370e+00
   6.8400000e+02  -8.3999769e-03   2.2696799e+00
   6.8500000e+02  -2.1334489e-02   2.2575238e+00
   6.8600000e+02  -3.4857734e-02   2.2461864e+00
   6.8700000e+02  -4.9270895e-02   2.2338469e+00
   6.8800000e+02  -6.4244223e-02   2.2227359e+00
   6.8900000e+02  -8.0802576e-02   2.2104709e+00
   6.9000000e+02  -9.7129743e-02   2.1992383e+00
   6.9100000e+02  -1.1290232e-01   2.1876216e+00
   6.9200000e+02  -1.2605037e-01   2.1781135e+00
   6.9300000e+02  -1.3565994e-01   2.1740855e+00
   6.9400000e+02  -1.4447394e-01   2.1727298e+00
   6.9500000e+02  -1.5354669e-01   2.1784435e+00
   6.9600000e+02  -1.6471930e-01   2.1857383e+00
   6.9700000e+02  -1.7902921e-01   2.1899660e+00
   6.9800000e+02  -1.9344344e-01   2.1935618e+00
   6.9900000e+02  -2.0613060e-01   2.1967990e+00
   7.0000000e+02  -2.1445886e-01   2.2010326e+00
   7.0100000e+02  -2.1975567e-01   2.2071443e+00
   7.0200000e+02  -2.2322495e-01   2.2152748e+00
   7.0300000e+02  -2.2719663e-01   2.2257042e+00
   7.0400000e+02  -2.3323521e-01   2.2360360e+00
   7.0500000e+02  -2.4418688e-01   2.2452515e+00
   7.0600000e+02  -2.5853729e-01   2.2548484e+00
   7.0700000e+02  -2.7339295e-01   2.2634146e+00
   7.0800000e+02  -2.8532259e-01   2.2707970e+00
   7.0900000e+02  -2.9316422e-01   2.2739863e+00
   7.1000000e+02  -3.0073949e-01   2.2746383e+00
   7.1100000e+02  -3.0633027e-01   2.2728254e+00
   7.1200000e+02  -3.1000566e-01   2.2707248e+00
   7.1300000e+02  -3.0913569e-01   2.2690431e+00
   7.1400000e+02  -3.0537563e-01   2.2684494e+00
   7.1500000e+02  -2.9930062e-01   2.2687694e+00
   7.1600000e+02  -2.9325960e-01   2.2702278e+00
   7.1700000e+02  -2.8745300e-01   2.2732061e+00
   7.1800000e+02  -2.8149081e-01   2.2776847e+00
   7.1900000e+02  -2.7736935e-01   2.2837026e+00
   7.2000000e+02  -2.7361232e-01   2.2923342e+00
   7.2100000e+02  -2.7079063e-01   2.3016518e+00
   7.2200000e+02  -2.6919958e-01   2.3118682e+00
   7.2300000e+02  -2.6771346e-01   2.3213240e+00
   7.2400000e+02  -2.6580898e-01   2.3311349e+00
   7.2500000e+02  -2.6345916e-01   2.3415318e+00
   7.2600000e+02  -2.6247257e-01   2.3503660e+00
   7.2700000e+02  -2.6426885e-01   2.3569576e+00
   7.2800000e+02  -2.6794467e-01   2.3613736e+00
   7.2900000e+02  -2.7295064e-01   2.3660971e+00
   7.3000000e+02  -2.7655351e-01   2.3711234e+00
   7.3100000e+02  -2.7758287e-01   2.3762990e+00
   7.3200000e+02  -2.7503150e-01   2.3781640e+00
   7.3300000e+02  -2.6810146e-01   2.3768913e+00
   7.3400000e+02  -2.5644058e-01   2.3719380e+00
   7.3500000e+02  -2.4176728e-01   2.3642495e+00
   7.3600000e+02  -2.2322140e-01   2.3568216e+00
   7.3700000e+02  -2.0342186e-01   2.3497405e+00
   7.3800000e+02  -1.8434207e-01   2.3420916e+00
   7.3900000e+02  -1.6792920e-01   2.3365256e+00
   7.4000000e+02  -1.5633967e-01   2.3332127e+00
   7.4100000e+02  -1.4837318e-01   2.3328576e+00
   7.4200000e+02  -1.4464206e-01   2.3355536e+00
   7.4300000e+02  -1.4487646e-01   2.3399523e+00
   7.4400000e+02  -1.4843818e-01   2.3456493e+00
   7.4500000e+02  -1.5364689e-01   2.3508267e+00
   7.4600000e+02  -1.6096330e-01   2.3552659e+00
   7.4700000e+02  -1.6982670e-01   2.3566764e+00
   7.4800000e+02  -1.7771803e-01   2.3548174e+00
   7.4900000e+02  -1.8535807e-01   2.3494086e+00
   7.5000000e+02  -1.8986876e-01   2.3421510e+00
   7.5100000e+02  -1.9290485e-01   2.3334152e+00
   7.5200000e+02  -1.9315736e-01   2.3248856e+00
   7.5300000e+02  -1.9119004e-01   2.3178173e+00
   7.5400000e+02  -1.8855917e-01   2.3112424e+00
   7.5500000e+02  -1.8570797e-01   2.3068485e+00
   7.5600000e+02  -1.8332210e-01   2.3027474e+00
   7.5700000e+02  -1.8143729e-01   2.2978295e+00
   7.5800000e+02  -1.8110306e-01   2.2932274e+00
   7.5900000e+02  -1.8277560e-01   2.2894691e+00
   7.6000000e+02  -1.8596877e-01   2.2868196e+00
   7.6100000e+02  -1.9010765e-01   2.2854385e+00
   7.6200000e+02  -1.9404380e-01   2.2853314e+00
   7.6300000e+02  -1.9753639e-01   2.2864062e+00
   7.6400000e+02  -1.9927867e-01   2.2881815e+00
   7.6500000e+02  -2.0090798e-01   2.2897231e+00
   7.6600000e+02  -2.0153591e-01   2.2902842e+00
   7.6700000e+02  -2.0097328e-01   2.2911480e+00
   7.6800000e+02  -1.9940978e-01   2.2923958e+00
   7.6900000e+02  -1.9733385e-01   2.2958947e+00
   7.7000000e+02  -1.9527923e-01   2.3000888e+00
   7.7100000e+02  -1.9191414e-01   2.3061103e+00
   7.7200000e+02  -1.8758517e-01   2.3111139e+00
   7.7300000e+02  -1.8136512e-01   2.3153735e+00
   7.7400000e+02  -1.7536960e-01   2.3161044e+00
   7.7500000e+02  -1.7100649e-01   2.3140022e+00
   7.7600000e+02  -1.7055767e-01   2.3084871e+00
   7.7700000e+02  -1.7524940e-01   2.2984818e+00
   7.7800000e+02  -1.8417736e-01   2.2862325e+00
   7.7900000e+02  -1.9374149e-01   2.2737527e+00
   7.8000000e+02  -2.0096790e-01   2.2658199e+00
   7.8100000e+02  -2.0479207e-01   2.2645596e+00
   7.8200000e+02  -2.0463067e-01   2.2675202e+00
   7.8300000e+02  -2.0148201e-01   2.2719239e+00
   7.8400000e+02  -1.9587971e-01   2.2760389e+00
   7.8500000e+02  -1.8778599e-01   2.2794673e+00
   7.8600000e+02  -1.7693870e-01   2.2811612e+00
   7.8700000e+02  -1.6403684e-01   2.2823921e+00
   7.8800000e+02  -1.4982146e-01   2.2848655e+00
   7.8900000e+02  -1.3636499e-01   2.2887976e+00
   7.9000000e+02  -1.2464231e-01   2.2928393e+00
   7.9100000e+02  -1.1433733e-01   2.2971742e+00
   7.9200000e+02  -1.0609861e-01   2.3005372e+00
   7.9300000e+02  -1.0122829e-01   2.3039611e+00
   7.9400000e+02  -9.6493481e-02   2.3091436e+00
   7.9500000e+02  -9.4466522e-02   2.3162885e+00
   7.9600000e+02  -9.4373732e-02   2.3236618e+00
   7.9700000e+02  -9.5649271e-02   2.3313525e+00
   7.9800000e+02  -9.9085090e-02   2.3397741e+00
   7.9900000e+02  -1.0329343e-01   2.3487411e+00
   8.0000000e+02  -1.0796290e-01   2.3592028e+00
   8.0100000e+02  -1.1033235e-01   2.3696728e+00
   8.0200000e+02  -1.0907362e-01   2.3800576e+00
   8.0300000e+02  -1.0467696e-01   2.3889655e+00
   8.0400000e+02  -9.7471857e-02   2.3959482e+00
   8.0500000e+02  -8.8718473e-02   2.4009949e+00
   8.0600000e+02  -7.7609866e-02   2.4038382e+00
   8.0700000e+02  -6.7424045e-02   2.4050699e+00
   8.0800000e+02  -5.6426642e-02   2.4049330e+00
   8.0900000e+02  -4.6433668e-02   2.4030832e+00
   8.1000000e+02  -3.7166551e-02   2.4009801e+00
   8.1100000e+02  -2.9134161e-02   2.3989103e+00
   8.1200000e+02  -2.0882136e-02   2.3962356e+00
   8.1300000e+02  -1.1689211e-02   2.3934332e+00
   8.1400000e+02  -2.7854062e-03   2.3908906e+00
   8.1500000e+02   5.2633991e-03   2.3893533e+00
   8.1600000e+02   1.0950013e-02   2.3884676e+00
   8.1700000e+02   1.5379736e-02   2.3886335e+00
   8.1800000e+02   1.8687811e-02   2.3889545e+00
   8.1900000e+02   2.0470644e-02   2.3892645e+00
   8.2000000e+02   2.1923266e-02   2.3881889e+00
   8.2100000e+02   2.2032376e-02   2.3858300e+00
   8.2200000e+02   2.2488599e-02   2.3814264e+00
   8.2300000e+02   2.3247186e-02   2.3762520e+00
   8.2400000e+02   2.5058134e-02   2.3709620e+00
   8.2500000e+02   2.7989216e-02   2.3657693e+00
   8.2600000e+02   3.1400451e-02   2.3604564e+00
   8.2700000e+02   3.5469596e-02   2.3553567e+00
   8.2800000e+02   3.9333779e-02   2.3499631e+00
   8.2900000e+02   4.2995949e-02   2.3441172e+00
   8.3000000e+02   4.5281819e-02   2.3416018e+00
   8.3100000e+02   4.6871387e-02   2.3410006e+00
   8.3200000e+02   4.8345839e-02   2.3423875e+00
   8.3300000e+02   4.8775882e-02   2.3447592e+00
   8.3400000e+02   4.8237944e-02   2.3473009e+00
   8.3500000e+02   4.6346779e-02   2.3504954e+00
   8.3600000e+02   4.4892402e-02   2.3541942e+00
   8.3700000e+02   4.4189619e-02   2.3587201e+00
   8.3800000e+02   4.5482452e-02   2.3649310e+00
   8.3900000e+02   4.7188035e-02   2.3714142e+00
   8.4000000e+02   4.7288154e-02   2.3802483e+00
   8.4100000e+02   4.7177037e-02   2.3879587e+00
   8.4200000e+02   4.6257428e-02   2.3958657e+00
   8.4300000e+02   4.4622634e-02   2.4039934e+00
   8.4400000e+02   4.2729078e-02   2.4093228e+00
   8.4500000e+02   3.9396244e-02   2.4119980e+00
   8.4600000e+02   3.4567741e-02   2.4101633e+00
   8.4700000e+02   2.9883463e-02   2.4031994e+00
   8.4800000e+02   2.5361540e-02   2.3904147e+00
   8.4900000e+02   2.0833568e-02   2.3713590e+00
   8.5000000e+02   1.7841084e-02   2.3443800e+00
   8.5100000e+02   1.5788213e-02   2.3099392e+00
   8.5200000e+02   1.4067302e-02   2.2689598e+00
   8.5300000e+02   1.6118055e-02   2.2183450e+00
   8.5400000e+02   1.8036738e-02   2.1730422e+00
   8.5500000e+02   2.0278273e-02   2.1364463e+00
   8.5600000e+02   1.9335571e-02   2.1096571e+00
   8.5700000e+02   1.8130924e-02   2.0876581e+00
   8.5800000e+02   1.7853813e-02   2.0687134e+00
   8.5900000e+02   1.8762363e-02   2.0502495e+00
   8.6000000e+02   2.0085147e-02   2.0346815e+00
   8.6100000e+02   1.9379015e-02   2.0206479e+00
   8.6200000e+02   1.6958802e-02   2.0106509e+00
   8.6300000e+02   1.0948367e-02   2.0013085e+00
   8.6400000e+02   1.7859601e-03   1.9957610e+00
   8.6500000e+02  -1.1672228e-02   1.9863270e+00
   8.6600000e+02  -2.5524822e-02   1.9857873e+00
   8.6700000e+02  -3.8814561e-02   1.9887686e+00
   8.6800000e+02  -5.3632436e-02   1.9919083e+00
   8.6900000e+02  -6.7087700e-02   1.9949565e+00
   8.7000000e+02  -7.9754930e-02   1.9973053e+00
   8.7100000e+02  -9.0901658e-02   1.9999658e+00
   8.7200000e+02  -1.0143640e-01   2.0038273e+00
   8.7300000e+02  -1.1107798e-01   2.0091305e+00
   8.7400000e+02  -1.1802760e-01   2.0175699e+00
   8.7500000e+02  -1.2516718e-01   2.0279947e+00
   8.7600000e+02  -1.3267574e-01   2.0397431e+00
   8.7700000e+02  -1.4002377e-01   2.0515978e+00
   8.7800000e+02  -1.4755443e-01   2.0647358e+00
   8.7900000e+02  -1.5348357e-01   2.0786183e+00
   8.8000000e+02  -1.5826721e-01   2.0948264e+00
   8.8100000e+02  -1.5924642e-01   2.1105717e+00
   8.8200000e+02  -1.5942679e-01   2.1256755e+00
   8.8300000e+02  -1.5666270e-01   2.1399971e+00
   8.8400000e+02  -1.5182189e-01   2.1528062e+00
   8.8500000e+02  -1.4689673e-01   2.1660803e+00
   8.8600000e+02  -1.4321559e-01   2.1786720e+00
   8.8700000e+02  -1.4158387e-01   2.1921269e+00
   8.8800000e+02  -1.4406738e-01   2.2040141e+00
   8.8900000e+02  -1.4929176e-01   2.2176734e+00
   8.9000000e+02  -1.5918752e-01   2.2298648e+00
   8.9100000e+02  -1.7060833e-01   2.2407017e+00
   8.9200000e+02  -1.8112951e-01   2.2497161e+00
   8.9300000e+02  -1.8988696e-01   2.2571574e+00
   8.9400000e+02  -1.9649350e-01   2.2629571e+00
   8.9500000e+02  -1.9933044e-01   2.2662579e+00
   8.9600000e+02  -2.0046980e-01   2.2661197e+00
   8.9700000e+02  -2.0126646e-01   2.2632739e+00
   8.9800000e+02  -2.0121663e-01   2.2588889e+00
   8.9900000e+02  -2.0170278e-01   2.2548524e+00
   9.0000000e+02  -2.0021465e-01   2.2519971e+00
   9.0100000e+02  -1.9772088e-01   2.2525071e+00
   9.0200000e+02  -1.9587570e-01   2.2527235e+00
   9.0300000e+02  -1.9602630e-01   2.2529572e+00
   9.0400000e+02  -1.9769678e-01   2.2524679e+00
   9.0500000e+02  -2.0025335e-01   2.2508094e+00
   9.0600000e+02  -2.0337774e-01   2.2462406e+00
   9.0700000e+02  -2.0622514e-01   2.2376450e+00
   9.0800000e+02  -2.0830448e-01   2.2239335e+00
   9.0900000e+02  -2.0922217e-01   2.2065617e+00
   9.1000000e+02  -2.1010003e-01   2.1868181e+00
   9.1100000e+02  -2.1002073e-01   2.1661040e+00
   9.1200000e+02  -2.0923472e-01   2.1460013e+00
   9.1300000e+02  -2.0789145e-01   2.1227797e+00
   9.1400000e+02  -2.0705520e-01   2.0975503e+00
   9.1500000e+02  -2.0677917e-01   2.0723371e+00
   9.1600000e+02  -2.0783899e-01   2.0509720e+00
   9.1700000e+02  -2.0739603e-01   2.0354935e+00
   9.1800000e+02  -2.0411119e-01   2.0251414e+00
   9.1900000e+02  -1.9946047e-01   2.0139485e+00
   9.2000000e+02  -1.9140604e-01   2.0116099e+00
   9.2100000e+02  -1.8416096e-01   2.0085116e+00
   9.2200000e+02  -1.7464508e-01   2.0079879e+00
   9.2300000e+02  -1.6381671e-01   2.0109371e+00
   9.2400000e+02  -1.5654270e-01   2.0129315e+00
   9.2500000e+02  -1.5021630e-01   2.0145424e+00
   9.2600000e+02  -1.4614611e-01   2.0155140e+00
   9.2700000e+02  -1.4249993e-01   2.0149839e+00
   9.2800000e+02  -1.3842202e-01   2.0138443e+00
   9.2900000e+02  -1.3501192e-01   2.0120126e+00
   9.3000000e+02  -1.3325015e-01   2.0077810e+00
   9.3100000e+02  -1.3283286e-01   2.0008696e+00
   9.3200000e+02  -1.3592780e-01   1.9951310e+00
   9.3300000e+02  -1.4166559e-01   1.9910584e+00
   9.3400000e+02  -1.5162691e-01   1.9869909e+00
   9.3500000e+02  -1.6326392e-01   1.9833662e+00
   9.3600000e+02  -1.7541099e-01   1.9801239e+00
   9.3700000e+02  -1.8676398e-01   1.9767718e+00
   9.3800000e+02  -1.9711851e-01   1.9745904e+00
   9.3900000e+02  -2.0773965e-01   1.9734187e+00
   9.4000000e+02  -2.1679674e-01   1.9731857e+00
   9.4100000e+02  -2.2473064e-01   1.9745505e+00
   9.4200000e+02  -2.3223178e-01   1.9772590e+00
   9.4300000e+02  -2.3883205e-01   1.9801389e+00
   9.4400000e+02  -2.4565353e-01   1.9825736e+00
   9.4500000e+02  -2.5339584e-01   1.9846747e+00
   9.4600000e+02  -2.6204865e-01   1.9869717e+00
   9.4700000e+02  -2.7234116e-01   1.9874095e+00
   9.4800000e+02  -2.8509849e-01   1.9875818e+00
   9.4900000e+02  -2.9924083e-01   1.9881311e+00
   9.5000000e+02  -3.1241350e-01   1.9890821e+00
   9.5100000e+02  -3.2569841e-01   1.9904593e+00
   9.5200000e+02  -3.3896496e-01   1.9928557e+00
   9.5300000e+02  -3.5068711e-01   1.9962210e+00
   9.5400000e+02  -3.5964200e-01   1.9992619e+00
   9.5500000e+02  -3.6785995e-01   2.0025571e+00
   9.5600000e+02  -3.7574751e-01   2.0065733e+00
   9.5700000e+02  -3.8364942e-01   2.0113229e+00
   9.5800000e+02  -3.9167539e-01   2.0163513e+00
   9.5900000e+02  -3.9953461e-01   2.0210849e+00
   9.6000000e+02  -4.0716936e-01   2.0246747e+00
   9.6100000e+02  -4.1326326e-01   2.0290256e+00
   9.6200000e+02  -4.1763369e-01   2.0336316e+00
   9.6300000e+02  -4.2109160e-01   2.0377556e+00
   9.6400000e+02  -4.2107338e-01   2.0424919e+00
   9.6500000e+02  -4.2184602e-01   2.0453092e+00
   9.6600000e+02  -4.2171259e-01   2.0486921e+00
   9.6700000e+02  -4.2039761e-01   2.0527142e+00
   9.6800000e+02  -4.2098449e-01   2.0569333e+00
   9.6900000e+02  -4.2118081e-01   2.0601886e+00
   9.7000000e+02  -4.2248127e-01   2.0640711e+00
   9.7100000e+02  -4.2343790e-01   2.0670906e+00
   9.7200000e+02  -4.2359398e-01   2.0708460e+00
   9.7300000e+02  -4.2342191e-01   2.0747218e+00
   9.7400000e+02  -4.2310294e-01   2.0795341e+00
   9.7500000e+02  -4.2581136e-01   2.0831093e+00
   9.7600000e+02  -4.2770948e-01   2.0884656e+00
   9.7700000e+02  -4.2931664e-01   2.0952827e+00
   9.7800000e+02  -4.3013389e-01   2.1028616e+00
   9.7900000e+02  -4.3055409e-01   2.1109376e+00
   9.8000000e+02  -4.3061763e-01   2.1191765e+00
   9.8100000e+02  -4.2708335e-01   2.1310958e+00
   9.8200000e+02  -4.2888359e-01   2.1429932e+00
   9.8300000e+02  -4.2571817e-01   2.1579428e+00
   9.8400000e+02  -4.2527883e-01   2.1691022e+00
   9.8500000e+02  -4.2364940e-01   2.1797477e+00
   9.8600000e+02  -4.2252388e-01   2.1878100e+00
   9.8700000e+02  -4.2314077e-01   2.1938142e+00
   9.8800000e+02  -4.2328687e-01   2.1971403e+00
   9.8900000e+02  -4.2724080e-01   2.2005198e+00
   9.9000000e+02  -4.3063925e-01   2.2024520e+00
   9.9100000e+02  -4.3433235e-01   2.2036612e+00
   9.9200000e+02  -4.3750360e-01   2.2040802e+00
   9.9300000e+02  -4.3996113e-01   2.2031828e+00
   9.9400000e+02  -4.4169650e-01   2.2000753e+00
   9.9500000e+02  -4.4294400e-01   2.1955914e+00
   9.9600000e+02  -4.4151431e-01   2.1906575e+00
   9.9700000e+02  -4.3944673e-01   2.1864767e+00
   9.9800000e+02  -4.3491336e-01   2.1837886e+00
   9.9900000e+02  -4.2993592e-01   2.1828574e+00
   1.0000000e+03  -4.2331637e-01   2.1829781e+00
   1.0010000e+03  -4.1650759e-01   2.1851827e+00
   1.0020000e+03  -4.0941543e-01   2.1886228e+00
   1.0030000e+03  -4.0385112e-01   2.1927515e+00
   1.0040000e+03  -3.9843351e-01   2.1957216e+00
   1.0050000e+03  -3.9345739e-01   2.1970601e+00
   1.0060000e+03  -3.8748121e-01   2.1962852e+00
   1.0070000e+03  -3.8085194e-01   2.1939155e+00
   1.0080000e+03  -3.7247717e-01   2.1907521e+00
   1.0090000e+03  -3.6327463e-01   2.1874016e+00
   1.0100000e+03  -3.5289293e-01   2.1849728e+00
   1.0110000e+03  -3.4181699e-01   2.1813416e+00
   1.0120000e+03  -3.2931626e-01   2.1778335e+00
   1.0130000e+03  -3.1755794e-01   2.1733111e+00
   1.0140000e+03  -3.0714956e-01   2.1694726e+00
   1.0150000e+03  -2.9788894e-01   2.1659499e+00
   1.0160000e+03  -2.9066063e-01   2.1621982e+00
   1.0170000e+03  -2.8500491e-01   2.1573225e+00
   1.0180000e+03  -2.8067484e-01   2.1513105e+00
   1.0190000e+03  -2.7656402e-01   2.1437597e+00
   1.0200000e+03  -2.7326179e-01   2.1365923e+00
   1.0210000e+03  -2.7118499e-01   2.1299364e+00
   1.0220000e+03  -2.7060271e-01   2.1233356e+00
   1.0230000e+03  -2.7091120e-01   2.1163215e+00
   1.0240000e+03  -2.7198262e-01   2.1091047e+00
   1.0250000e+03  -2.7398829e-01   2.1012081e+00
   1.0260000e+03  -2.7598677e-01   2.0940616e+00
   1.0270000e+03  -2.7881486e-01   2.0879846e+00
   1.0280000e+03  -2.8205088e-01   2.0822152e+00
   1.0290000e+03  -2.8531707e-01   2.0766056e+00
   1.0300000e+03  -2.8760948e-01   2.0706238e+00
   1.0310000e+03  -2.8930702e-01   2.0634392e+00
   1.0320000e+03  -2.9185171e-01   2.0560911e+00
   1.0330000e+03  -2.9543458e-01   2.0483177e+00
   1.0340000e+03  -2.9846650e-01   2.0399935e+00
   1.0350000e+03  -3.0261062e-01   2.0319815e+00
   1.0360000e+03  -3.0610027e-01   2.0242104e+00
   1.0370000e+03  -3.0767294e-01   2.0167053e+00
   1.0380000e+03  -3.0772620e-01   2.0102186e+00
   1.0390000e+03  -3.0420119e-01   2.0037354e+00
   1.0400000e+03  -2.9542227e-01   1.9982244e+00
   1.0410000e+03  -2.8269443e-01   1.9934228e+00
   1.0420000e+03  -2.6705908e-01   1.9885305e+00
   1.0430000e+03  -2.4763114e-01   1.9858033e+00
   1.0440000e+03  -2.2819437e-01   1.9851170e+00
   1.0450000e+03  -2.0876325e-01   1.9850738e+00
   1.0460000e+03  -1.9060414e-01   1.9855986e+00
   1.0470000e+03  -1.7457567e-01   1.9869458e+00
   1.0480000e+03  -1.6144764e-01   1.9888955e+00
   1.0490000e+03  -1.5193603e-01   1.9936581e+00
   1.0500000e+03  -1.4666481e-01   2.0004663e+00
   1.0510000e+03  -1.4579476e-01   2.0079297e+00
   1.0520000e+03  -1.4939515e-01   2.0156287e+00
   1.0530000e+03  -1.5624609e-01   2.0219997e+00
   1.0540000e+03  -1.6471862e-01   2.0269430e+00
   1.0550000e+03  -1.7457798e-01   2.0297213e+00
   1.0560000e+03  -1.8382024e-01   2.0293331e+00
   1.0570000e+03  -1.9275042e-01   2.0248320e+00
   1.0580000e+03  -2.0227297e-01   2.0184757e+00
   1.0590000e+03  -2.1119655e-01   2.0109578e+00
   1.0600000e+03  -2.2197685e-01   2.0048370e+00
   1.0610000e+03  -2.3300983e-01   1.9980334e+00
   1.0620000e+03  -2.4384146e-01   1.9916197e+00
   1.0630000e+03  -2.5298076e-01   1.9852373e+00
   1.0640000e+03  -2.6109729e-01   1.9794282e+00
   1.0650000e+03  -2.6863950e-01   1.9746648e+00
   1.0660000e+03  -2.7579392e-01   1.9708976e+00
   1.0670000e+03  -2.8239232e-01   1.9690968e+00
   1.0680000e+03  -2.8662966e-01   1.9655063e+00
   1.0690000e+03  -2.8960903e-01   1.9613212e+00
   1.0700000e+03  -2.8691636e-01   1.9577169e+00
   1.0710000e+03  -2.8359526e-01   1.9556426e+00
   1.0720000e+03  -2.8065794e-01   1.9537866e+00
   1.0730000e+03  -2.7884604e-01   1.9519897e+00
   1.0740000e+03  -2.7805256e-01   1.9495897e+00
   1.0750000e+03  -2.7884630e-01   1.9470984e+00
   1.0760000e+03  -2.7992772e-01   1.9458393e+00
   1.0770000e+03  -2.8195576e-01   1.9457436e+00
   1.0780000e+03  -2.8453020e-01   1.9466063e+00
   1.0790000e+03  -2.8726585e-01   1.9481823e+00
   1.0800000e+03  -2.8979876e-01   1.9509966e+00
   1.0810000e+03  -2.9229054e-01   1.9572203e+00
   1.0820000e+03  -2.9560516e-01   1.9624529e+00
   1.0830000e+03  -3.0043685e-01   1.9685544e+00
   1.0840000e+03  -3.0625018e-01   1.9758015e+00
   1.0850000e+03  -3.1588845e-01   1.9816674e+00
   1.0860000e+03  -3.2765345e-01   1.9870304e+00
   1.0870000e+03  -3.4113742e-01   1.9911514e+00
   1.0880000e+03  -3.5529454e-01   1.9938300e+00
   1.0890000e+03  -3.7030026e-01   1.9968119e+00
   1.0900000e+03  -3.8258019e-01   2.0009158e+00
   1.0910000e+03  -3.9089866e-01   2.0074431e+00
   1.0920000e+03  -3.9442701e-01   2.0159222e+00
   1.0930000e+03  -3.9364039e-01   2.0259077e+00
   1.0940000e+03  -3.8678701e-01   2.0356662e+00
   1.0950000e+03  -3.7869179e-01   2.0452542e+00
   1.0960000e+03  -3.7066682e-01   2.0535132e+00
   1.0970000e+03  -3.6423292e-01   2.0613970e+00
   1.0980000e+03  -3.6083670e-01   2.0691804e+00
   1.0990000e+03  -3.5911569e-01   2.0765328e+00
   1.1000000e+03  -3.5900329e-01   2.0828188e+00
   1.1010000e+03  -3.5955423e-01   2.0880997e+00
   1.1020000e+03  -3.6088433e-01   2.0922473e+00
   1.1030000e+03  -3.6380194e-01   2.0951778e+00
   1.1040000e+03  -3.6933252e-01   2.0947429e+00
   1.1050000e+03  -3.7939979e-01   2.0903611e+00
   1.1060000e+03  -3.9043452e-01   2.0844171e+00
   1.1070000e+03  -4.0167004e-01   2.0786285e+00
   1.1080000e+03  -4.1042612e-01   2.0750730e+00
   1.1090000e+03  -4.1690258e-01   2.0756706e+00
   1.1100000e+03  -4.2168047e-01   2.0802951e+00
   1.1110000e+03  -4.2357524e-01   2.0896418e+00
   1.1120000e+03  -4.2449916e-01   2.0992596e+00
   1.1130000e+03  -4.2424860e-01   2.1087385e+00
   1.1140000e+03  -4.2068698e-01   2.1166023e+00
   1.1150000e+03  -4.1455932e-01   2.1223303e+00
   1.1160000e+03  -4.0734687e-01   2.1250497e+00
   1.1170000e+03  -4.0052168e-01   2.1257887e+00
   1.1180000e+03  -3.9419001e-01   2.1235551e+00
   1.1190000e+03  -3.9141909e-01   2.1207487e+00
   1.1200000e+03  -3.9164161e-01   2.1181042e+00
   1.1210000e+03  -3.9517079e-01   2.1179244e+00
   1.1220000e+03  -3.9832317e-01   2.1214027e+00
   1.1230000e+03  -4.0278785e-01   2.1257768e+00
   1.1240000e+03  -4.3018017e-01   2.1391438e+00
   1.1250000e+03  -4.1369159e-01   2.1357866e+00
   1.1260000e+03  -4.3979382e-01   2.1500964e+00
   1.1270000e+03  -4.1472638e-01   2.1419048e+00
   1.1280000e+03  -4.1431679e-01   2.1457578e+00
   1.1290000e+03  -4.1224283e-01   2.1492135e+00
   1.1300000e+03  -4.1012263e-01   2.1513043e+00
   1.1310000e+03  -4.0661817e-01   2.1529572e+00
   1.1320000e+03  -4.0315930e-01   2.1512130e+00
   1.1330000e+03  -4.0004789e-01   2.1488229e+00
   1.1340000e+03  -3.9782870e-01   2.1453595e+00
   1.1350000e+03  -3.9641987e-01   2.1400832e+00
   1.1360000e+03  -3.9650952e-01   2.1350266e+00
   1.1370000e+03  -3.9724470e-01   2.1293079e+00
   1.1380000e+03  -3.9947036e-01   2.1232621e+00
   1.1390000e+03  -4.0190222e-01   2.1191626e+00
   1.1400000e+03  -4.0677232e-01   2.1176916e+00
   1.1410000e+03  -4.1307670e-01   2.1170967e+00
   1.1420000e+03  -4.1883878e-01   2.1159699e+00
   1.1430000e+03  -4.2385104e-01   2.1147973e+00
   1.1440000e+03  -4.2660248e-01   2.1129408e+00
   1.1450000e+03  -4.2868469e-01   2.1122616e+00
   1.1460000e+03  -4.2935117e-01   2.1133827e+00
   1.1470000e+03  -4.3062953e-01   2.1170316e+00
   1.1480000e+03  -4.3273360e-01   2.1211558e+00
   1.1490000e+03  -4.3706482e-01   2.1266360e+00
   1.1500000e+03  -4.4304655e-01   2.1315139e+00
   1.1510000e+03  -4.4926468e-01   2.1358410e+00
   1.1520000e+03  -4.5444161e-01   2.1393073e+00
   1.1530000e+03  -4.5800925e-01   2.1452597e+00
   1.1540000e+03  -4.5890457e-01   2.1492515e+00
   1.1550000e+03  -4.5989929e-01   2.1548013e+00
   1.1560000e+03  -4.6151778e-01   2.1619958e+00
   1.1570000e+03  -4.6441394e-01   2.1691815e+00
   1.1580000e+03  -4.6841929e-01   2.1764982e+00
   1.1590000e+03  -4.7186539e-01   2.1831384e+00
   1.1600000e+03  -4.7435431e-01   2.1890606e+00
   1.1610000e+03  -4.7731239e-01   2.1924592e+00
   1.1620000e+03  -4.8141634e-01   2.1935773e+00
   1.1630000e+03  -4.8801040e-01   2.1925654e+00
   1.1640000e+03  -4.9618543e-01   2.1915493e+00
   1.1650000e+03  -5.0509006e-01   2.1903518e+00
   1.1660000e+03  -5.1488615e-01   2.1894041e+00
   1.1670000e+03  -5.2408991e-01   2.1891870e+00
   1.1680000e+03  -5.3351629e-01   2.1880463e+00
   1.1690000e+03  -5.4238217e-01   2.1878639e+00
   1.1700000e+03  -5.5058149e-01   2.1882129e+00
   1.1710000e+03  -5.5827498e-01   2.1887077e+00
   1.1720000e+03  -5.6525119e-01   2.1903022e+00
   1.1730000e+03  -5.7015168e-01   2.1918882e+00
   1.1740000e+03  -5.7363473e-01   2.1943544e+00
   1.1750000e+03  -5.7663577e-01   2.1970734e+00
   1.1760000e+03  -5.7864976e-01   2.2001590e+00
   1.1770000e+03  -5.7788640e-01   2.2032893e+00
   1.1780000e+03  -5.7625537e-01   2.2081901e+00
   1.1790000e+03  -5.7202284e-01   2.2138429e+00
   1.1800000e+03  -5.6751387e-01   2.2212733e+00
   1.1810000e+03  -5.6500561e-01   2.2251677e+00
   1.1820000e+03  -5.6625138e-01   2.2276347e+00
   1.1830000e+03  -5.7268179e-01   2.2282904e+00
   1.1840000e+03  -5.8228448e-01   2.2293609e+00
   1.1850000e+03  -5.9619879e-01   2.2286297e+00
   1.1860000e+03  -6.1083677e-01   2.2275970e+00
   1.1870000e+03  -6.2364208e-01   2.2235171e+00
   1.1880000e+03  -6.3384238e-01   2.2169513e+00
   1.1890000e+03  -6.4356020e-01   2.2081244e+00
   1.1900000e+03  -6.5182778e-01   2.1976868e+00
   1.1910000e+03  -6.5853379e-01   2.1879952e+00
   1.1920000e+03  -6.6325851e-01   2.1800410e+00
   1.1930000e+03  -6.6626156e-01   2.1719655e+00
   1.1940000e+03  -6.6712051e-01   2.1648959e+00
   1.1950000e+03  -6.6621686e-01   2.1586532e+00
   1.1960000e+03  -6.6364624e-01   2.1536176e+00
   1.1970000e+03  -6.5941676e-01   2.1490065e+00
   1.1980000e+03  -6.5489844e-01   2.1458892e+00
   1.1990000e+03  -6.4984704e-01   2.1432884e+00
   1.2000000e+03  -6.4359381e-01   2.1407947e+00
   1.2010000e+03  -6.3388359e-01   2.1393157e+00
   1.2020000e+03  -6.2739331e-01   2.1369473e+00
   1.2030000e+03  -6.2139565e-01   2.1349715e+00
   1.2040000e+03  -6.1572040e-01   2.1324147e+00
   1.2050000e+03  -6.0830087e-01   2.1312107e+00
   1.2060000e+03  -6.0220869e-01   2.1286070e+00
   1.2070000e+03  -5.9556856e-01   2.1264278e+00
   1.2080000e+03  -5.8983805e-01   2.1255865e+00
   1.2090000e+03  -5.8376701e-01   2.1259970e+00
   1.2100000e+03  -5.7749891e-01   2.1292297e+00
   1.2110000e+03  -5.7205691e-01   2.1321996e+00
   1.2120000e+03  -5.6532061e-01   2.1382693e+00
   1.2130000e+03  -5.5908950e-01   2.1442567e+00
   1.2140000e+03  -5.5464475e-01   2.1514896e+00
   1.2150000e+03  -5.5227658e-01   2.1567614e+00
   1.2160000e+03  -5.5383556e-01   2.1596944e+00
   1.2170000e+03  -5.5802913e-01   2.1582946e+00
   1.2180000e+03  -5.6542887e-01   2.1539207e+00
   1.2190000e+03  -5.7348611e-01   2.1468169e+00
   1.2200000e+03  -5.8157756e-01   2.1389493e+00
   1.2210000e+03  -5.9094649e-01   2.1284418e+00
   1.2220000e+03  -5.9840367e-01   2.1202047e+00
   1.2230000e+03  -6.0325035e-01   2.1126189e+00
   1.2240000e+03  -6.0554672e-01   2.1071324e+00
   1.2250000e+03  -6.0550124e-01   2.1028457e+00
   1.2260000e+03  -6.0123097e-01   2.1014006e+00
   1.2270000e+03  -5.9492377e-01   2.1012040e+00
   1.2280000e+03  -5.8716721e-01   2.1030142e+00
   1.2290000e+03  -5.7957269e-01   2.1050973e+00
   1.2300000e+03  -5.7149086e-01   2.1063769e+00
   1.2310000e+03  -5.6379835e-01   2.1075863e+00
   1.2320000e+03  -5.5626722e-01   2.1084674e+00
   1.2330000e+03  -5.4848009e-01   2.1091420e+00
   1.2340000e+03  -5.4021477e-01   2.1104309e+00
   1.2350000e+03  -5.3069682e-01   2.1108946e+00
   1.2360000e+03  -5.2095928e-01   2.1110872e+00
   1.2370000e+03  -5.0883424e-01   2.1096568e+00
   1.2380000e+03  -4.9939904e-01   2.1075785e+00
   1.2390000e+03  -4.9003532e-01   2.1054313e+00
   1.2400000e+03  -4.8113676e-01   2.1020903e+00
   1.2410000e+03  -4.7287313e-01   2.0988647e+00
   1.2420000e+03  -4.6531369e-01   2.0958795e+00
   1.2430000e+03  -4.6068849e-01   2.0925549e+00
   1.2440000e+03  -4.5720987e-01   2.0894784e+00
   1.2450000e+03  -4.5571338e-01   2.0843493e+00
   1.2460000e+03  -4.5645465e-01   2.0786800e+00
   1.2470000e+03  -4.5730750e-01   2.0751553e+00
   1.2480000e+03  -4.5762186e-01   2.0725534e+00
   1.2490000e+03  -4.5783580e-01   2.0706095e+00
   1.2500000e+03  -4.5664566e-01   2.0659962e+00
   1.2510000e+03  -4.5497308e-01   2.0626838e+00
   1.2520000e+03  -4.5203044e-01   2.0585801e+00
   1.2530000e+03  -4.4764744e-01   2.0533131e+00
   1.2540000e+03  -4.4282016e-01   2.0475990e+00
   1.2550000e+03  -4.3778560e-01   2.0422072e+00
   1.2560000e+03  -4.3224839e-01   2.0367868e+00
   1.2570000e+03  -4.2488873e-01   2.0298392e+00
   1.2580000e+03  -4.1702803e-01   2.0224508e+00
   1.2590000e+03  -4.0613748e-01   2.0152238e+00
   1.2600000e+03  -3.9227799e-01   2.0082942e+00
   1.2610000e+03  -3.7426327e-01   1.9998509e+00
   1.2620000e+03  -3.5423882e-01   1.9921921e+00
   1.2630000e+03  -3.3265477e-01   1.9847192e+00
   1.2640000e+03  -3.1145342e-01   1.9756241e+00
   1.2650000e+03  -2.9280768e-01   1.9661656e+00
   1.2660000e+03  -2.7569683e-01   1.9566697e+00
   1.2670000e+03  -2.6192096e-01   1.9459343e+00
   1.2680000e+03  -2.5003575e-01   1.9359405e+00
   1.2690000e+03  -2.4135228e-01   1.9251958e+00
   1.2700000e+03  -2.3396732e-01   1.9134817e+00
   1.2710000e+03  -2.2777854e-01   1.9011140e+00
   1.2720000e+03  -2.2090558e-01   1.8874999e+00
   1.2730000e+03  -2.1222195e-01   1.8724168e+00
   1.2740000e+03  -2.0360846e-01   1.8612511e+00
   1.2750000e+03  -1.9300133e-01   1.8535569e+00
   1.2760000e+03  -1.8168359e-01   1.8509405e+00
   1.2770000e+03  -1.7092134e-01   1.8522016e+00
   1.2780000e+03  -1.5904174e-01   1.8517150e+00
   1.2790000e+03  -1.4660448e-01   1.8526272e+00
   1.2800000e+03  -1.3246045e-01   1.8524897e+00
   1.2810000e+03  -1.1909113e-01   1.8531164e+00
   1.2820000e+03  -1.0596856e-01   1.8532874e+00
   1.2830000e+03  -9.4829638e-02   1.8537053e+00
   1.2840000e+03  -8.4292308e-02   1.8560920e+00
   1.2850000e+03  -7.0929261e-02   1.8595827e+00
   1.2860000e+03  -5.9745183e-02   1.8654167e+00
   1.2870000e+03  -4.6879651e-02   1.8720241e+00
   1.2880000e+03  -3.4120568e-02   1.8821076e+00
   1.2890000e+03  -2.2027466e-02   1.8900857e+00
   1.2900000e+03  -1.0720633e-02   1.8976055e+00
   1.2910000e+03  -1.7540342e-03   1.8994907e+00
   1.2920000e+03   5.0720376e-03   1.8944042e+00
   1.2930000e+03   7.6009610e-03   1.8843087e+00
   1.2940000e+03   9.0091355e-03   1.8692455e+00
   1.2950000e+03   1.0206696e-02   1.8518396e+00
   1.2960000e+03   1.3322007e-02   1.8376919e+00
   1.2970000e+03   1.7387848e-02   1.8238109e+00
   1.2980000e+03   2.2178839e-02   1.8146162e+00
   1.2990000e+03   3.0338732e-02   1.8076506e+00
   1.3000000e+03   4.0420832e-02   1.8024987e+00
   1.3010000e+03   5.2106416e-02   1.7991652e+00
   1.3020000e+03   6.4742795e-02   1.7959024e+00
   1.3030000e+03   7.6457508e-02   1.7923298e+00
   1.3040000e+03   8.8804170e-02   1.7871856e+00
   1.3050000e+03   9.9430422e-02   1.7810050e+00
   1.3060000e+03   1.0912738e-01   1.7742259e+00
   1.3070000e+03   1.1730543e-01   1.7687820e+00
   1.3080000e+03   1.2419918e-01   1.7659158e+00
   1.3090000e+03   1.2880055e-01   1.7626810e+00
   1.3100000e+03   1.3175935e-01   1.7599951e+00
   1.3110000e+03   1.3337777e-01   1.7546968e+00
   1.3120000e+03   1.3647188e-01   1.7472493e+00
   1.3130000e+03   1.4281389e-01   1.7381415e+00
   1.3140000e+03   1.5409501e-01   1.7276936e+00
   1.3150000e+03   1.6793734e-01   1.7169401e+00
   1.3160000e+03   1.8286686e-01   1.7077639e+00
   1.3170000e+03   1.9591500e-01   1.7018345e+00
   1.3180000e+03   2.0504556e-01   1.6981417e+00
   1.3190000e+03   2.1241886e-01   1.6966809e+00
   1.3200000e+03   2.1931842e-01   1.6946004e+00
   1.3210000e+03   2.2629962e-01   1.6902380e+00
   1.3220000e+03   2.3282088e-01   1.6816339e+00
   1.3230000e+03   2.3922683e-01   1.6707280e+00
   1.3240000e+03   2.4642518e-01   1.6573488e+00
   1.3250000e+03   2.5458466e-01   1.6423983e+00
   1.3260000e+03   2.6303732e-01   1.6258299e+00
   1.3270000e+03   2.7300097e-01   1.6086058e+00
   1.3280000e+03   2.8404547e-01   1.5908866e+00
   1.3290000e+03   2.9449346e-01   1.5746059e+00
   1.3300000e+03   3.0329121e-01   1.5584011e+00
   1.3310000e+03   3.1083817e-01   1.5443638e+00
   1.3320000e+03   3.1689975e-01   1.5306420e+00
   1.3330000e+03   3.2314974e-01   1.5149899e+00
   1.3340000e+03   3.2510736e-01   1.5022854e+00
   1.3350000e+03   3.2360975e-01   1.4886472e+00
   1.3360000e+03   3.1962218e-01   1.4741097e+00
   1.3370000e+03   3.1208614e-01   1.4586163e+00
   1.3380000e+03   3.0197087e-01   1.4409966e+00
   1.3390000e+03   2.9049221e-01   1.4206490e+00
   1.3400000e+03   2.7815242e-01   1.3990209e+00
   1.3410000e+03   2.6751212e-01   1.3769743e+00
   1.3420000e+03   2.5922892e-01   1.3570654e+00
   1.3430000e+03   2.5290008e-01   1.3421714e+00
   1.3440000e+03   2.4649009e-01   1.3339362e+00
   1.3450000e+03   2.4346633e-01   1.3257722e+00
   1.3460000e+03   2.4396420e-01   1.3157376e+00
   1.3470000e+03   2.4658588e-01   1.3070414e+00
   1.3480000e+03   2.4941518e-01   1.3009580e+00
   1.3490000e+03   2.5428560e-01   1.2981087e+00
   1.3500000e+03   2.5683829e-01   1.2977392e+00
   1.3510000e+03   2.5564392e-01   1.3019852e+00
   1.3520000e+03   2.5402675e-01   1.3058790e+00
   1.3530000e+03   2.5230640e-01   1.3068654e+00
   1.3540000e+03   2.4945827e-01   1.3057860e+00
   1.3550000e+03   2.4273294e-01   1.3046792e+00
   1.3560000e+03   2.3360726e-01   1.3086127e+00
   1.3570000e+03   2.2144898e-01   1.3141474e+00
   1.3580000e+03   2.0753022e-01   1.3200062e+00
   1.3590000e+03   1.9236994e-01   1.3249236e+00
   1.3600000e+03   1.7679800e-01   1.3281943e+00
   1.3610000e+03   1.5959002e-01   1.3309607e+00
   1.3620000e+03   1.4002608e-01   1.3349319e+00
   1.3630000e+03   1.1998568e-01   1.3379175e+00
   1.3640000e+03   1.0256244e-01   1.3398848e+00
   1.3650000e+03   8.9129247e-02   1.3414886e+00
   1.3660000e+03   7.8272541e-02   1.3431650e+00
   1.3670000e+03   6.9792993e-02   1.3464724e+00
   1.3680000e+03   6.1875021e-02   1.3494874e+00
   1.3690000e+03   5.5472299e-02   1.3527216e+00
   1.3700000e+03   5.1967808e-02   1.3544809e+00
   1.3710000e+03   4.7921614e-02   1.3568034e+00
   1.3720000e+03   4.4096448e-02   1.3599944e+00
   1.3730000e+03   3.9875126e-02   1.3657507e+00
   1.3740000e+03   3.6941527e-02   1.3724999e+00
   1.3750000e+03   3.6924856e-02   1.3802960e+00
   1.3760000e+03   4.1458581e-02   1.3899767e+00
   1.3770000e+03   4.9097272e-02   1.3996443e+00
   1.3780000e+03   5.7903031e-02   1.4104022e+00
   1.3790000e+03   6.7532970e-02   1.4217689e+00
   1.3800000e+03   7.5932269e-02   1.4331413e+00
   1.3810000e+03   8.3051638e-02   1.4431365e+00
   1.3820000e+03   8.6221071e-02   1.4506854e+00
   1.3830000e+03   8.8190370e-02   1.4567356e+00
   1.3840000e+03   8.9623180e-02   1.4603813e+00
   1.3850000e+03   9.0135849e-02   1.4617520e+00
   1.3860000e+03   9.0718069e-02   1.4616345e+00
   1.3870000e+03   9.2207466e-02   1.4613678e+00
   1.3880000e+03   9.5597104e-02   1.4603347e+00
   1.3890000e+03   1.0061165e-01   1.4589085e+00
   1.3900000e+03   1.0800084e-01   1.4555283e+00
   1.3910000e+03   1.1612012e-01   1.4516016e+00
   1.3920000e+03   1.2232104e-01   1.4438738e+00
   1.3930000e+03   1.2507776e-01   1.4330088e+00
   1.3940000e+03   1.1788719e-01   1.4191724e+00
   1.3950000e+03   1.0374033e-01   1.4025574e+00
   1.3960000e+03   8.6175333e-02   1.3852962e+00
   1.3970000e+03   6.6896416e-02   1.3687654e+00
   1.3980000e+03   4.8791882e-02   1.3540812e+00
   1.3990000e+03   3.1910419e-02   1.3453921e+00
   1.4000000e+03   1.7687601e-02   1.3429950e+00
   1.4010000e+03   4.1375743e-03   1.3491220e+00
   1.4020000e+03  -7.6537508e-03   1.3590945e+00
   1.4030000e+03  -1.7496663e-02   1.3722030e+00
   1.4040000e+03  -2.6084759e-02   1.3897232e+00
   1.4050000e+03  -3.1979779e-02   1.4089556e+00
   1.4060000e+03  -3.9656715e-02   1.4284043e+00
   1.4070000e+03  -4.4206176e-02   1.4502824e+00
   1.4080000e+03  -5.0257790e-02   1.4725405e+00
   1.4090000e+03  -5.7242931e-02   1.4947844e+00
   1.4100000e+03  -6.9813226e-02   1.5073627e+00
   1.4110000e+03  -8.3052337e-02   1.5240032e+00
   1.4120000e+03  -1.0229174e-01   1.5363902e+00
   1.4130000e+03  -1.2744434e-01   1.5474975e+00
   1.4140000e+03  -1.5648030e-01   1.5576711e+00
   1.4150000e+03  -1.8719829e-01   1.5693479e+00
   1.4160000e+03  -2.1607204e-01   1.5807069e+00
   1.4170000e+03  -2.4228782e-01   1.5929697e+00
   1.4180000e+03  -2.5955630e-01   1.6050198e+00
   1.4190000e+03  -2.7035536e-01   1.6185537e+00
   1.4200000e+03  -2.7733520e-01   1.6335287e+00
   1.4210000e+03  -2.8087323e-01   1.6509404e+00
   1.4220000e+03  -2.8531556e-01   1.6705642e+00
   1.4230000e+03  -2.9130321e-01   1.6931145e+00
   1.4240000e+03  -2.9746003e-01   1.7179359e+00
   1.4250000e+03  -3.0448430e-01   1.7432479e+00
   1.4260000e+03  -3.1085363e-01   1.7679574e+00
   1.4270000e+03  -3.1835816e-01   1.7898898e+00
   1.4280000e+03  -3.2652074e-01   1.8080419e+00
   1.4290000e+03  -3.3906078e-01   1.8227691e+00
   1.4300000e+03  -3.5167668e-01   1.8340556e+00
   1.4310000e+03  -3.6487237e-01   1.8417206e+00
   1.4320000e+03  -3.7513515e-01   1.8455511e+00
   1.4330000e+03  -3.8205546e-01   1.8474630e+00
   1.4340000e+03  -3.8659760e-01   1.8472578e+00
   1.4350000e+03  -3.8930687e-01   1.8480663e+00
   1.4360000e+03  -3.9080627e-01   1.8496447e+00
   1.4370000e+03  -3.9030678e-01   1.8505171e+00
   1.4380000e+03  -3.8740775e-01   1.8492919e+00
   1.4390000e+03  -3.8145024e-01   1.8464881e+00
   1.4400000e+03  -3.7339024e-01   1.8421540e+00
   1.4410000e+03  -3.6522152e-01   1.8335194e+00
   1.4420000e+03  -3.5792733e-01   1.8230352e+00
   1.4430000e+03  -3.5352263e-01   1.8114101e+00
   1.4440000e+03  -3.5194266e-01   1.7995029e+00
   1.4450000e+03  -3.5380732e-01   1.7878475e+00
   1.4460000e+03  -3.5949882e-01   1.7758676e+00
   1.4470000e+03  -3.6754276e-01   1.7643886e+00
   1.4480000e+03  -3.7740060e-01   1.7529336e+00
   1.4490000e+03  -3.8662704e-01   1.7418407e+00
   1.4500000e+03  -3.9477045e-01   1.7294780e+00
   1.4510000e+03  -4.0095034e-01   1.7158094e+00
   1.4520000e+03  -4.0591027e-01   1.6986220e+00
   1.4530000e+03  -4.1057762e-01   1.6786138e+00
   1.4540000e+03  -4.1456734e-01   1.6560928e+00
   1.4550000e+03  -4.1821862e-01   1.6299755e+00
   1.4560000e+03  -4.2157606e-01   1.6049566e+00
   1.4570000e+03  -4.2533069e-01   1.5803573e+00
   1.4580000e+03  -4.2969862e-01   1.5582356e+00
   1.4590000e+03  -4.3299761e-01   1.5354761e+00
   1.4600000e+03  -4.3508504e-01   1.5110628e+00
   1.4610000e+03  -4.3649243e-01   1.4852404e+00
   1.4620000e+03  -4.3839213e-01   1.4593833e+00
   1.4630000e+03  -4.4091615e-01   1.4345313e+00
   1.4640000e+03  -4.4637668e-01   1.4119295e+00
   1.4650000e+03  -4.5404954e-01   1.3917036e+00
   1.4660000e+03  -4.6464031e-01   1.3752268e+00
   1.4670000e+03  -4.7862980e-01   1.3643954e+00
   1.4680000e+03  -4.9356559e-01   1.3558404e+00
   1.4690000e+03  -5.0764761e-01   1.3508726e+00
   1.4700000e+03  -5.2121866e-01   1.3495755e+00
   1.4710000e+03  -5.3407601e-01   1.3507369e+00
   1.4720000e+03  -5.4361644e-01   1.3513469e+00
   1.4730000e+03  -5.4959058e-01   1.3498979e+00
   1.4740000e+03  -5.5117343e-01   1.3465174e+00
   1.4750000e+03  -5.4814124e-01   1.3447503e+00
   1.4760000e+03  -5.3992352e-01   1.3441844e+00
   1.4770000e+03  -5.2640729e-01   1.3458409e+00
   1.4780000e+03  -5.1061113e-01   1.3460528e+00
   1.4790000e+03  -4.9331126e-01   1.3450756e+00
   1.4800000e+03  -4.7328877e-01   1.3436317e+00
   1.4810000e+03  -4.5100091e-01   1.3417160e+00
   1.4820000e+03  -4.2841118e-01   1.3405963e+00
   1.4830000e+03  -4.0818105e-01   1.3413069e+00
   1.4840000e+03  -3.9146350e-01   1.3432626e+00
   1.4850000e+03  -3.7798858e-01   1.3457351e+00
   1.4860000e+03  -3.6564618e-01   1.3492003e+00
   1.4870000e+03  -3.5511282e-01   1.3522724e+00
   1.4880000e+03  -3.4822509e-01   1.3567003e+00
   1.4890000e+03  -3.4454101e-01   1.3607874e+00
   1.4900000e+03  -3.4405731e-01   1.3673720e+00
   1.4910000e+03  -3.4357246e-01   1.3733963e+00
   1.4920000e+03  -3.4355302e-01   1.3789608e+00
   1.4930000e+03  -3.4276569e-01   1.3851233e+00
   1.4940000e+03  -3.4125095e-01   1.3892943e+00
   1.4950000e+03  -3.3955317e-01   1.3923767e+00
   1.4960000e+03  -3.3759302e-01   1.3934420e+00
   1.4970000e+03  -3.3502178e-01   1.3914922e+00
   1.4980000e+03  -3.3118918e-01   1.3866767e+00
   1.4990000e+03  -3.2468448e-01   1.3801189e+00
   1.5000000e+03  -3.1911590e-01   1.3705826e+00
   1.5010000e+03  -3.1130469e-01   1.3582839e+00
   1.5020000e+03  -3.0015898e-01   1.3448764e+00
   1.5030000e+03  -2.8799062e-01   1.3332437e+00
   1.5040000e+03  -2.7901020e-01   1.3241147e+00
   1.5050000e+03  -2.7304928e-01   1.3170499e+00
   1.5060000e+03  -2.6960946e-01   1.3126132e+00
   1.5070000e+03  -2.6785454e-01   1.3095703e+00
   1.5080000e+03  -2.6837090e-01   1.3058667e+00
   1.5090000e+03  -2.7026358e-01   1.3005311e+00
   1.5100000e+03  -2.7397111e-01   1.2958196e+00
   1.5110000e+03  -2.7858018e-01   1.2913890e+00
   1.5120000e+03  -2.8391356e-01   1.2866536e+00
   1.5130000e+03  -2.9217278e-01   1.2799263e+00
   1.5140000e+03  -3.0268968e-01   1.2718955e+00
   1.5150000e+03  -3.1369128e-01   1.2629625e+00
   1.5160000e+03  -3.2813857e-01   1.2538950e+00
   1.5170000e+03  -3.4528953e-01   1.2456604e+00
   1.5180000e+03  -3.6396187e-01   1.2375840e+00
   1.5190000e+03  -3.8098113e-01   1.2302231e+00
   1.5200000e+03  -3.9361759e-01   1.2237703e+00
   1.5210000e+03  -4.0006160e-01   1.2194204e+00
   1.5220000e+03  -4.0030182e-01   1.2136589e+00
   1.5230000e+03  -3.9641031e-01   1.2099210e+00
   1.5240000e+03  -3.8951742e-01   1.2075258e+00
   1.5250000e+03  -3.8240128e-01   1.2074161e+00
   1.5260000e+03  -3.7735259e-01   1.2114393e+00
   1.5270000e+03  -3.7587880e-01   1.2160742e+00
   1.5280000e+03  -3.7509603e-01   1.2210610e+00
   1.5290000e+03  -3.7409708e-01   1.2253168e+00
   1.5300000e+03  -3.7247575e-01   1.2283371e+00
   1.5310000e+03  -3.6891874e-01   1.2303566e+00
   1.5320000e+03  -3.6490086e-01   1.2307245e+00
   1.5330000e+03  -3.5903943e-01   1.2279258e+00
   1.5340000e+03  -3.5331128e-01   1.2242332e+00
   1.5350000e+03  -3.4885575e-01   1.2202772e+00
   1.5360000e+03  -3.4407601e-01   1.2149843e+00
   1.5370000e+03  -3.3869166e-01   1.2087692e+00
   1.5380000e+03  -3.3351155e-01   1.2032667e+00
   1.5390000e+03  -3.2791449e-01   1.1996168e+00
   1.5400000e+03  -3.2216872e-01   1.1976146e+00
   1.5410000e+03  -3.1652402e-01   1.1954419e+00
   1.5420000e+03  -3.1095481e-01   1.1930624e+00
   1.5430000e+03  -3.0524212e-01   1.1914202e+00
   1.5440000e+03  -3.0084840e-01   1.1897589e+00
   1.5450000e+03  -2.9639672e-01   1.1893035e+00
   1.5460000e+03  -2.9189818e-01   1.1892115e+00
   1.5470000e+03  -2.8705149e-01   1.1898538e+00
   1.5480000e+03  -2.8117536e-01   1.1876821e+00
   1.5490000e+03  -2.7529369e-01   1.1873148e+00
   1.5500000e+03  -2.6982910e-01   1.1818472e+00
   1.5510000e+03  -2.6601583e-01   1.1739947e+00
   1.5520000e+03  -2.6271114e-01   1.1639370e+00
   1.5530000e+03  -2.6083300e-01   1.1524074e+00
   1.5540000e+03  -2.5898706e-01   1.1399173e+00
   1.5550000e+03  -2.5938221e-01   1.1263595e+00
   1.5560000e+03  -2.6167764e-01   1.1131125e+00
   1.5570000e+03  -2.6540330e-01   1.1009490e+00
   1.5580000e+03  -2.6988467e-01   1.0898863e+00
   1.5590000e+03  -2.7284023e-01   1.0799325e+00
   1.5600000e+03  -2.7313377e-01   1.0695659e+00
   1.5610000e+03  -2.6920260e-01   1.0554231e+00
   1.5620000e+03  -2.6065570e-01   1.0467056e+00
   1.5630000e+03  -2.4759587e-01   1.0386333e+00
   1.5640000e+03  -2.3092486e-01   1.0320537e+00
   1.5650000e+03  -2.1341266e-01   1.0268805e+00
   1.5660000e+03  -1.9855265e-01   1.0246036e+00
   1.5670000e+03  -1.8739798e-01   1.0246299e+00
   1.5680000e+03  -1.7730452e-01   1.0264038e+00
   1.5690000e+03  -1.6772527e-01   1.0270763e+00
   1.5700000e+03  -1.5906237e-01   1.0259575e+00
   1.5710000e+03  -1.5062323e-01   1.0219908e+00
   1.5720000e+03  -1.4213969e-01   1.0145597e+00
   1.5730000e+03  -1.3599326e-01   1.0059779e+00
   1.5740000e+03  -1.3307244e-01   9.9681443e-01
   1.5750000e+03  -1.3024056e-01   9.8649137e-01
   1.5760000e+03  -1.2571301e-01   9.7440286e-01
   1.5770000e+03  -1.1984661e-01   9.5959906e-01
   1.5780000e+03  -1.1308797e-01   9.4402786e-01
   1.5790000e+03  -1.0798180e-01   9.2354786e-01
   1.5800000e+03  -1.0040999e-01   9.0385648e-01
   1.5810000e+03  -9.0090419e-02   8.8221788e-01
   1.5820000e+03  -7.6179563e-02   8.6213692e-01
   1.5830000e+03  -5.7046155e-02   8.4474285e-01
   1.5840000e+03  -3.3461336e-02   8.3173451e-01
   1.5850000e+03  -6.6870142e-03   8.2360660e-01
   1.5860000e+03   1.9775451e-02   8.1826899e-01
   1.5870000e+03   4.3462900e-02   8.1719855e-01
   1.5880000e+03   6.2425167e-02   8.1736846e-01
   1.5890000e+03   7.6622853e-02   8.2214262e-01
   1.5900000e+03   8.4683209e-02   8.2569872e-01
   1.5910000e+03   8.9440603e-02   8.2755549e-01
   1.5920000e+03   9.0622886e-02   8.2694751e-01
   1.5930000e+03   8.8197971e-02   8.2056838e-01
   1.5940000e+03   8.1275353e-02   8.0932263e-01
   1.5950000e+03   7.2571278e-02   7.9460803e-01
   1.5960000e+03   6.4371482e-02   7.8181648e-01
   1.5970000e+03   5.5169102e-02   7.7229695e-01
   1.5980000e+03   4.9159419e-02   7.6521319e-01
   1.5990000e+03   4.0688134e-02   7.5912709e-01
   1.6000000e+03   3.2588735e-02   7.5331115e-01
   1.6010000e+03   2.5466045e-02   7.4746053e-01
   1.6020000e+03   1.9922083e-02   7.4086566e-01
   1.6030000e+03   1.5675959e-02   7.3136028e-01
   1.6040000e+03   1.3964024e-02   7.1942169e-01
   1.6050000e+03   1.4348734e-02   7.0636663e-01
   1.6060000e+03   1.3903908e-02   6.9360951e-01
   1.6070000e+03   1.1844091e-02   6.8315053e-01
   1.6080000e+03   9.4312663e-03   6.7238031e-01
   1.6090000e+03   1.0061506e-02   6.6333990e-01
   1.6100000e+03   8.3991586e-03   6.5364040e-01
   1.6110000e+03   6.2852056e-03   6.4476688e-01
   1.6120000e+03   1.9828934e-03   6.3372920e-01
   1.6130000e+03  -3.1000196e-03   6.2282631e-01
   1.6140000e+03  -8.3011716e-03   6.1180883e-01
   1.6150000e+03  -1.3484337e-02   5.9938972e-01
   1.6160000e+03  -1.8386886e-02   5.8506030e-01
   1.6170000e+03  -1.9535181e-02   5.7071517e-01
   1.6180000e+03  -2.0169884e-02   5.5470859e-01
   1.6190000e+03  -1.7358973e-02   5.4061256e-01
   1.6200000e+03  -1.3038119e-02   5.3130748e-01
   1.6210000e+03  -8.0271239e-03   5.1566252e-01
   1.6220000e+03  -4.4392810e-03   5.0425098e-01
   1.6230000e+03   3.2134433e-04   4.9203387e-01
   1.6240000e+03   4.3498488e-03   4.7791648e-01
   1.6250000e+03   5.6281835e-03   4.6221824e-01
   1.6260000e+03   3.5976834e-03   4.4292792e-01
   1.6270000e+03  -3.6755183e-03   4.2044457e-01
   1.6280000e+03  -9.6271358e-03   3.9798035e-01
   1.6290000e+03  -8.5292928e-03   3.7302059e-01
   1.6300000e+03   2.2596468e-03   3.5121394e-01
   1.6310000e+03   1.8417333e-02   3.3012862e-01
   1.6320000e+03   3.1686152e-02   3.1918242e-01
   1.6330000e+03   3.4157433e-02   3.1076160e-01
   1.6340000e+03   2.7103835e-02   3.0648302e-01
   1.6350000e+03   2.3774426e-02   2.9786863e-01
   1.6360000e+03   2.8317575e-02   2.8741472e-01
   1.6370000e+03   3.3347185e-02   2.8235198e-01
   1.6380000e+03   4.1888755e-02   2.7953213e-01
   1.6390000e+03   5.0536171e-02   2.7887411e-01
   1.6400000e+03   6.3959019e-02   2.7809120e-01
   1.6410000e+03   7.9755496e-02   2.7619205e-01
   1.6420000e+03   9.4964930e-02   2.7637955e-01
   1.6430000e+03   1.0791832e-01   2.7195948e-01
   1.6440000e+03   1.2454456e-01   2.6678681e-01
   1.6450000e+03   1.4327264e-01   2.6103073e-01
   1.6460000e+03   1.6695823e-01   2.5519269e-01
   1.6470000e+03   1.8861713e-01   2.5301768e-01
   1.6480000e+03   2.0661666e-01   2.4495943e-01
   1.6490000e+03   2.0893739e-01   2.2854583e-01
   1.6500000e+03   1.9633071e-01   2.0660365e-01
   1.6510000e+03   1.8075112e-01   1.7972811e-01
   1.6520000e+03   1.6965293e-01   1.4745322e-01
   1.6530000e+03   1.6233136e-01   1.1995407e-01
