   2.9400000e+02   2.5349560e+00   3.1622296e+00
   2.9500000e+02   2.5099325e+00   3.1447915e+00
   2.9600000e+02   2.4872500e+00   3.1251412e+00
   2.9700000e+02   2.4682112e+00   3.1022297e+00
   2.9800000e+02   2.4494349e+00   3.0793163e+00
   2.9900000e+02   2.4297294e+00   3.0610952e+00
   3.0000000e+02   2.4069298e+00   3.0474117e+00
   3.0100000e+02   2.3808202e+00   3.0382606e+00
   3.0200000e+02   2.3506922e+00   3.0333294e+00
   3.0300000e+02   2.3229172e+00   3.0305782e+00
   3.0400000e+02   2.2996117e+00   3.0298385e+00
   3.0500000e+02   2.2825152e+00   3.0312032e+00
   3.0600000e+02   2.2689227e+00   3.0345383e+00
   3.0700000e+02   2.2549302e+00   3.0391070e+00
   3.0800000e+02   2.2363811e+00   3.0416027e+00
   3.0900000e+02   2.2140169e+00   3.0390802e+00
   3.1000000e+02   2.1944748e+00   3.0323016e+00
   3.1100000e+02   2.1838927e+00   3.0229851e+00
   3.1200000e+02   2.1819806e+00   3.0143226e+00
   3.1300000e+02   2.1845549e+00   3.0068559e+00
   3.1400000e+02   2.1851258e+00   3.0013206e+00
   3.1500000e+02   2.1840525e+00   2.9976043e+00
   3.1600000e+02   2.1835505e+00   2.9946789e+00
   3.1700000e+02   2.1830178e+00   2.9903138e+00
   3.1800000e+02   2.1850021e+00   2.9858667e+00
   3.1900000e+02   2.1853010e+00   2.9828024e+00
   3.2000000e+02   2.1828826e+00   2.9816568e+00
   3.2100000e+02   2.1770471e+00   2.9819091e+00
   3.2200000e+02   2.1700719e+00   2.9836970e+00
   3.2300000e+02   2.1634358e+00   2.9837777e+00
   3.2400000e+02   2.1569284e+00   2.9851559e+00
   3.2500000e+02   2.1528735e+00   2.9874222e+00
   3.2600000e+02   2.1493366e+00   2.9874010e+00
   3.2700000e+02   2.1463107e+00   2.9852712e+00
   3.2800000e+02   2.1445950e+00   2.9829182e+00
   3.2900000e+02   2.1434576e+00   2.9787804e+00
   3.3000000e+02   2.1426187e+00   2.9748707e+00
   3.3100000e+02   2.1428748e+00   2.9698653e+00
   3.3200000e+02   2.1425167e+00   2.9648794e+00
   3.3300000e+02   2.1413872e+00   2.9590079e+00
   3.3400000e+02   2.1392837e+00   2.9535382e+00
   3.3500000e+02   2.1362632e+00   2.9490428e+00
   3.3600000e+02   2.1320806e+00   2.9449283e+00
   3.3700000e+02   2.1277058e+00   2.9387521e+00
   3.3800000e+02   2.1207827e+00   2.9347347e+00
   3.3900000e+02   2.1122243e+00   2.9295598e+00
   3.4000000e+02   2.1034293e+00   2.9253013e+00
   3.4100000e+02   2.0969652e+00   2.9219466e+00
   3.4200000e+02   2.0910766e+00   2.9184219e+00
   3.4300000e+02   2.0870092e+00   2.9168428e+00
   3.4400000e+02   2.0846663e+00   2.9171998e+00
   3.4500000e+02   2.0801862e+00   2.9168731e+00
   3.4600000e+02   2.0734232e+00   2.9148407e+00
   3.4700000e+02   2.0644462e+00   2.9103674e+00
   3.4800000e+02   2.0568816e+00   2.9044878e+00
   3.4900000e+02   2.0492895e+00   2.8985743e+00
   3.5000000e+02   2.0433758e+00   2.8931837e+00
   3.5100000e+02   2.0384260e+00   2.8904500e+00
   3.5200000e+02   2.0331213e+00   2.8884764e+00
   3.5300000e+02   2.0295003e+00   2.8895841e+00
   3.5400000e+02   2.0272569e+00   2.8927417e+00
   3.5500000e+02   2.0249400e+00   2.8984280e+00
   3.5600000e+02   2.0229974e+00   2.9036857e+00
   3.5700000e+02   2.0186522e+00   2.9091207e+00
   3.5800000e+02   2.0145787e+00   2.9131736e+00
   3.5900000e+02   2.0098664e+00   2.9162034e+00
   3.6000000e+02   2.0071246e+00   2.9186092e+00
   3.6100000e+02   2.0054181e+00   2.9218511e+00
   3.6200000e+02   2.0014965e+00   2.9232883e+00
   3.6300000e+02   1.9966570e+00   2.9247999e+00
   3.6400000e+02   1.9897725e+00   2.9258441e+00
   3.6500000e+02   1.9815898e+00   2.9263983e+00
   3.6600000e+02   1.9706607e+00   2.9262015e+00
   3.6700000e+02   1.9589629e+00   2.9247227e+00
   3.6800000e+02   1.9441490e+00   2.9220764e+00
   3.6900000e+02   1.9306110e+00   2.9191359e+00
   3.7000000e+02   1.9161015e+00   2.9160826e+00
   3.7100000e+02   1.9032712e+00   2.9148753e+00
   3.7200000e+02   1.8913409e+00   2.9148384e+00
   3.7300000e+02   1.8791509e+00   2.9153582e+00
   3.7400000e+02   1.8707997e+00   2.9177216e+00
   3.7500000e+02   1.8637083e+00   2.9217773e+00
   3.7600000e+02   1.8567088e+00   2.9247130e+00
   3.7700000e+02   1.8510398e+00   2.9256404e+00
   3.7800000e+02   1.8459191e+00   2.9223650e+00
   3.7900000e+02   1.8402996e+00   2.9141725e+00
   3.8000000e+02   1.8353958e+00   2.9028885e+00
   3.8100000e+02   1.8309761e+00   2.8894927e+00
   3.8200000e+02   1.8262252e+00   2.8771393e+00
   3.8300000e+02   1.8201211e+00   2.8681305e+00
   3.8400000e+02   1.8112743e+00   2.8619982e+00
   3.8500000e+02   1.8014114e+00   2.8585032e+00
   3.8600000e+02   1.7928803e+00   2.8590133e+00
   3.8700000e+02   1.7849985e+00   2.8618213e+00
   3.8800000e+02   1.7796301e+00   2.8667695e+00
   3.8900000e+02   1.7768128e+00   2.8707616e+00
   3.9000000e+02   1.7763781e+00   2.8708427e+00
   3.9100000e+02   1.7779069e+00   2.8672458e+00
   3.9200000e+02   1.7783154e+00   2.8624271e+00
   3.9300000e+02   1.7759129e+00   2.8565542e+00
   3.9400000e+02   1.7693940e+00   2.8498960e+00
   3.9500000e+02   1.7625600e+00   2.8438568e+00
   3.9600000e+02   1.7574754e+00   2.8404163e+00
   3.9700000e+02   1.7552025e+00   2.8385016e+00
   3.9800000e+02   1.7538080e+00   2.8386094e+00
   3.9900000e+02   1.7511469e+00   2.8375884e+00
   4.0000000e+02   1.7471229e+00   2.8356632e+00
   4.0100000e+02   1.7418615e+00   2.8308885e+00
   4.0200000e+02   1.7359259e+00   2.8254784e+00
   4.0300000e+02   1.7291379e+00   2.8184790e+00
   4.0400000e+02   1.7223438e+00   2.8111126e+00
   4.0500000e+02   1.7156363e+00   2.8032164e+00
   4.0600000e+02   1.7102235e+00   2.7950935e+00
   4.0700000e+02   1.7052858e+00   2.7874501e+00
   4.0800000e+02   1.7011877e+00   2.7791620e+00
   4.0900000e+02   1.6980511e+00   2.7713591e+00
   4.1000000e+02   1.6946142e+00   2.7656287e+00
   4.1100000e+02   1.6906945e+00   2.7624820e+00
   4.1200000e+02   1.6862682e+00   2.7626675e+00
   4.1300000e+02   1.6815709e+00   2.7665787e+00
   4.1400000e+02   1.6765820e+00   2.7731955e+00
   4.1500000e+02   1.6750985e+00   2.7822338e+00
   4.1600000e+02   1.6750201e+00   2.7926638e+00
   4.1700000e+02   1.6751084e+00   2.8042203e+00
   4.1800000e+02   1.6778880e+00   2.8151065e+00
   4.1900000e+02   1.6816808e+00   2.8213400e+00
   4.2000000e+02   1.6849451e+00   2.8243286e+00
   4.2100000e+02   1.6876831e+00   2.8250895e+00
   4.2200000e+02   1.6890673e+00   2.8237825e+00
   4.2300000e+02   1.6880107e+00   2.8211420e+00
   4.2400000e+02   1.6870702e+00   2.8174391e+00
   4.2500000e+02   1.6868080e+00   2.8145988e+00
   4.2600000e+02   1.6870241e+00   2.8105881e+00
   4.2700000e+02   1.6882590e+00   2.8064164e+00
   4.2800000e+02   1.6904517e+00   2.8026232e+00
   4.2900000e+02   1.6912512e+00   2.7995692e+00
   4.3000000e+02   1.6900285e+00   2.7967967e+00
   4.3100000e+02   1.6868171e+00   2.7944026e+00
   4.3200000e+02   1.6819350e+00   2.7922725e+00
   4.3300000e+02   1.6762304e+00   2.7894065e+00
   4.3400000e+02   1.6694946e+00   2.7847691e+00
   4.3500000e+02   1.6615479e+00   2.7801228e+00
   4.3600000e+02   1.6530653e+00   2.7745950e+00
   4.3700000e+02   1.6441273e+00   2.7689561e+00
   4.3800000e+02   1.6356129e+00   2.7617684e+00
   4.3900000e+02   1.6268935e+00   2.7542770e+00
   4.4000000e+02   1.6198344e+00   2.7464928e+00
   4.4100000e+02   1.6118652e+00   2.7362143e+00
   4.4200000e+02   1.6047971e+00   2.7258019e+00
   4.4300000e+02   1.5973278e+00   2.7146671e+00
   4.4400000e+02   1.5906148e+00   2.7063038e+00
   4.4500000e+02   1.5855134e+00   2.6996308e+00
   4.4600000e+02   1.5796264e+00   2.6953456e+00
   4.4700000e+02   1.5734670e+00   2.6914923e+00
   4.4800000e+02   1.5669600e+00   2.6889934e+00
   4.4900000e+02   1.5621610e+00   2.6896890e+00
   4.5000000e+02   1.5596162e+00   2.6932581e+00
   4.5100000e+02   1.5555920e+00   2.6960978e+00
   4.5200000e+02   1.5546073e+00   2.7009451e+00
   4.5300000e+02   1.5535381e+00   2.7039638e+00
   4.5400000e+02   1.5513817e+00   2.7051345e+00
   4.5500000e+02   1.5499704e+00   2.7044619e+00
   4.5600000e+02   1.5457729e+00   2.7021638e+00
   4.5700000e+02   1.5467972e+00   2.7031459e+00
   4.5800000e+02   1.5442801e+00   2.7009292e+00
   4.5900000e+02   1.5420307e+00   2.6986523e+00
   4.6000000e+02   1.5402324e+00   2.6947133e+00
   4.6100000e+02   1.5382802e+00   2.6901754e+00
   4.6200000e+02   1.5361030e+00   2.6850016e+00
   4.6300000e+02   1.5333701e+00   2.6793724e+00
   4.6400000e+02   1.5284042e+00   2.6735874e+00
   4.6500000e+02   1.5232366e+00   2.6695630e+00
   4.6600000e+02   1.5196682e+00   2.6678695e+00
   4.6700000e+02   1.5182452e+00   2.6668763e+00
   4.6800000e+02   1.5178793e+00   2.6668948e+00
   4.6900000e+02   1.5170616e+00   2.6688888e+00
   4.7000000e+02   1.5191091e+00   2.6721910e+00
   4.7100000e+02   1.5210434e+00   2.6755338e+00
   4.7200000e+02   1.5253574e+00   2.6792163e+00
   4.7300000e+02   1.5301279e+00   2.6831166e+00
   4.7400000e+02   1.5360884e+00   2.6866001e+00
   4.7500000e+02   1.5422482e+00   2.6892759e+00
   4.7600000e+02   1.5496139e+00   2.6931827e+00
   4.7700000e+02   1.5586087e+00   2.6977756e+00
   4.7800000e+02   1.5682406e+00   2.7029078e+00
   4.7900000e+02   1.5802050e+00   2.7082037e+00
   4.8000000e+02   1.5929211e+00   2.7145067e+00
   4.8100000e+02   1.6059395e+00   2.7198912e+00
   4.8200000e+02   1.6145682e+00   2.7231086e+00
   4.8300000e+02   1.6211964e+00   2.7266010e+00
   4.8400000e+02   1.6260159e+00   2.7295417e+00
   4.8500000e+02   1.6273165e+00   2.7329463e+00
   4.8600000e+02   1.6274513e+00   2.7347059e+00
   4.8700000e+02   1.6251558e+00   2.7352336e+00
   4.8800000e+02   1.6207397e+00   2.7334280e+00
   4.8900000e+02   1.6148195e+00   2.7299825e+00
   4.9000000e+02   1.6087314e+00   2.7253693e+00
   4.9100000e+02   1.6020515e+00   2.7192417e+00
   4.9200000e+02   1.5961316e+00   2.7123772e+00
   4.9300000e+02   1.5914669e+00   2.7039663e+00
   4.9400000e+02   1.5861892e+00   2.6963107e+00
   4.9500000e+02   1.5817638e+00   2.6905135e+00
   4.9600000e+02   1.5788346e+00   2.6864496e+00
   4.9700000e+02   1.5786177e+00   2.6839224e+00
   4.9800000e+02   1.5795675e+00   2.6823770e+00
   4.9900000e+02   1.5805329e+00   2.6801069e+00
   5.0000000e+02   1.5821346e+00   2.6763682e+00
   5.0100000e+02   1.5802709e+00   2.6699435e+00
   5.0200000e+02   1.5815271e+00   2.6625809e+00
   5.0300000e+02   1.5836508e+00   2.6559414e+00
   5.0400000e+02   1.5865896e+00   2.6517325e+00
   5.0500000e+02   1.5888350e+00   2.6482335e+00
   5.0600000e+02   1.5918946e+00   2.6487478e+00
   5.0700000e+02   1.5942577e+00   2.6515019e+00
   5.0800000e+02   1.5943076e+00   2.6553188e+00
   5.0900000e+02   1.5937760e+00   2.6629544e+00
   5.1000000e+02   1.5921231e+00   2.6715289e+00
   5.1100000e+02   1.5926143e+00   2.6804533e+00
   5.1200000e+02   1.5921823e+00   2.6865784e+00
   5.1300000e+02   1.5923347e+00   2.6901738e+00
   5.1400000e+02   1.5927777e+00   2.6906202e+00
   5.1500000e+02   1.5957888e+00   2.6907510e+00
   5.1600000e+02   1.5960927e+00   2.6898729e+00
   5.1700000e+02   1.5958080e+00   2.6906534e+00
   5.1800000e+02   1.5938427e+00   2.6915220e+00
   5.1900000e+02   1.5923147e+00   2.6923470e+00
   5.2000000e+02   1.5898165e+00   2.6928692e+00
   5.2100000e+02   1.5875366e+00   2.6945837e+00
   5.2200000e+02   1.5842684e+00   2.6965707e+00
   5.2300000e+02   1.5806999e+00   2.6994480e+00
   5.2400000e+02   1.5778723e+00   2.7035374e+00
   5.2500000e+02   1.5756427e+00   2.7103094e+00
   5.2600000e+02   1.5746878e+00   2.7174653e+00
   5.2700000e+02   1.5747588e+00   2.7242002e+00
   5.2800000e+02   1.5756479e+00   2.7294786e+00
   5.2900000e+02   1.5763363e+00   2.7341709e+00
   5.3000000e+02   1.5804247e+00   2.7375084e+00
   5.3100000e+02   1.5849942e+00   2.7394364e+00
   5.3200000e+02   1.5901038e+00   2.7399765e+00
   5.3300000e+02   1.5975384e+00   2.7394286e+00
   5.3400000e+02   1.6086417e+00   2.7360037e+00
   5.3500000e+02   1.6198496e+00   2.7313715e+00
   5.3600000e+02   1.6319226e+00   2.7241473e+00
   5.3700000e+02   1.6434372e+00   2.7162231e+00
   5.3800000e+02   1.6524873e+00   2.7080386e+00
   5.3900000e+02   1.6573295e+00   2.7012710e+00
   5.4000000e+02   1.6592236e+00   2.6943204e+00
   5.4100000e+02   1.6594472e+00   2.6883803e+00
   5.4200000e+02   1.6565199e+00   2.6807994e+00
   5.4300000e+02   1.6504123e+00   2.6717637e+00
   5.4400000e+02   1.6422581e+00   2.6629343e+00
   5.4500000e+02   1.6319068e+00   2.6551422e+00
   5.4600000e+02   1.6188793e+00   2.6497185e+00
   5.4700000e+02   1.6043007e+00   2.6430003e+00
   5.4800000e+02   1.5888073e+00   2.6358739e+00
   5.4900000e+02   1.5757203e+00   2.6277120e+00
   5.5000000e+02   1.5629545e+00   2.6189144e+00
   5.5100000e+02   1.5534187e+00   2.6103339e+00
   5.5200000e+02   1.5480481e+00   2.6030947e+00
   5.5300000e+02   1.5373807e+00   2.5938038e+00
   5.5400000e+02   1.5325575e+00   2.5880849e+00
   5.5500000e+02   1.5285249e+00   2.5841135e+00
   5.5600000e+02   1.5230822e+00   2.5804783e+00
   5.5700000e+02   1.5177051e+00   2.5783228e+00
   5.5800000e+02   1.5120361e+00   2.5775695e+00
   5.5900000e+02   1.5076341e+00   2.5793426e+00
   5.6000000e+02   1.5037639e+00   2.5819036e+00
   5.6100000e+02   1.5018768e+00   2.5851168e+00
   5.6200000e+02   1.4999788e+00   2.5885218e+00
   5.6300000e+02   1.4973527e+00   2.5915365e+00
   5.6400000e+02   1.4943435e+00   2.5936026e+00
   5.6500000e+02   1.4922813e+00   2.5927533e+00
   5.6600000e+02   1.4918787e+00   2.5910555e+00
   5.6700000e+02   1.4942891e+00   2.5886425e+00
   5.6800000e+02   1.4997652e+00   2.5870386e+00
   5.6900000e+02   1.5079851e+00   2.5887516e+00
   5.7000000e+02   1.5201761e+00   2.5951579e+00
   5.7100000e+02   1.5338714e+00   2.6038022e+00
   5.7200000e+02   1.5495765e+00   2.6144270e+00
   5.7300000e+02   1.5564572e+00   2.6246839e+00
   5.7400000e+02   1.5609244e+00   2.6350589e+00
   5.7500000e+02   1.5620946e+00   2.6439784e+00
   5.7600000e+02   1.5601835e+00   2.6498826e+00
   5.7700000e+02   1.5551203e+00   2.6546839e+00
   5.7800000e+02   1.5477349e+00   2.6544939e+00
   5.7900000e+02   1.5417127e+00   2.6521637e+00
   5.8000000e+02   1.5292292e+00   2.6472176e+00
   5.8100000e+02   1.5196770e+00   2.6397005e+00
   5.8200000e+02   1.5097360e+00   2.6349685e+00
   5.8300000e+02   1.4964175e+00   2.6297723e+00
   5.8400000e+02   1.4810270e+00   2.6270522e+00
   5.8500000e+02   1.4646263e+00   2.6266464e+00
   5.8600000e+02   1.4518269e+00   2.6278262e+00
   5.8700000e+02   1.4431401e+00   2.6293941e+00
   5.8800000e+02   1.4344483e+00   2.6323496e+00
   5.8900000e+02   1.4312935e+00   2.6357763e+00
   5.9000000e+02   1.4317622e+00   2.6387938e+00
   5.9100000e+02   1.4308219e+00   2.6386575e+00
   5.9200000e+02   1.4308492e+00   2.6379769e+00
   5.9300000e+02   1.4283280e+00   2.6350527e+00
   5.9400000e+02   1.4257065e+00   2.6320139e+00
   5.9500000e+02   1.4221620e+00   2.6285956e+00
   5.9600000e+02   1.4193972e+00   2.6221686e+00
   5.9700000e+02   1.4159074e+00   2.6133321e+00
   5.9800000e+02   1.4163674e+00   2.6028350e+00
   5.9900000e+02   1.4132899e+00   2.5896626e+00
   6.0000000e+02   1.4105503e+00   2.5778725e+00
   6.0100000e+02   1.4094318e+00   2.5684459e+00
   6.0200000e+02   1.4103229e+00   2.5650289e+00
   6.0300000e+02   1.4109598e+00   2.5641842e+00
   6.0400000e+02   1.4122646e+00   2.5657659e+00
   6.0500000e+02   1.4132498e+00   2.5683937e+00
   6.0600000e+02   1.4145635e+00   2.5689912e+00
   6.0700000e+02   1.4152490e+00   2.5687569e+00
   6.0800000e+02   1.4142831e+00   2.5672047e+00
   6.0900000e+02   1.4111509e+00   2.5652458e+00
   6.1000000e+02   1.4057272e+00   2.5624399e+00
   6.1100000e+02   1.3964082e+00   2.5585444e+00
   6.1200000e+02   1.3854232e+00   2.5533116e+00
   6.1300000e+02   1.3711366e+00   2.5477297e+00
   6.1400000e+02   1.3628936e+00   2.5461970e+00
   6.1500000e+02   1.3571069e+00   2.5456180e+00
   6.1600000e+02   1.3536208e+00   2.5467182e+00
   6.1700000e+02   1.3501834e+00   2.5470069e+00
   6.1800000e+02   1.3454024e+00   2.5451439e+00
   6.1900000e+02   1.3388317e+00   2.5411756e+00
   6.2000000e+02   1.3291225e+00   2.5333228e+00
   6.2100000e+02   1.3171227e+00   2.5238618e+00
   6.2200000e+02   1.3022899e+00   2.5113983e+00
   6.2300000e+02   1.2883899e+00   2.5014513e+00
   6.2400000e+02   1.2783941e+00   2.4952270e+00
   6.2500000e+02   1.2721074e+00   2.4937619e+00
   6.2600000e+02   1.2712504e+00   2.4976608e+00
   6.2700000e+02   1.2712441e+00   2.5052455e+00
   6.2800000e+02   1.2710192e+00   2.5143742e+00
   6.2900000e+02   1.2700420e+00   2.5246737e+00
   6.3000000e+02   1.2682784e+00   2.5347101e+00
   6.3100000e+02   1.2630012e+00   2.5422978e+00
   6.3200000e+02   1.2565622e+00   2.5484084e+00
   6.3300000e+02   1.2491336e+00   2.5508261e+00
   6.3400000e+02   1.2438705e+00   2.5495498e+00
   6.3500000e+02   1.2389959e+00   2.5445316e+00
   6.3600000e+02   1.2376227e+00   2.5376326e+00
   6.3700000e+02   1.2366523e+00   2.5284086e+00
   6.3800000e+02   1.2354908e+00   2.5182189e+00
   6.3900000e+02   1.2352065e+00   2.5099076e+00
   6.4000000e+02   1.2371143e+00   2.5027643e+00
   6.4100000e+02   1.2392092e+00   2.4968172e+00
   6.4200000e+02   1.2418914e+00   2.4906853e+00
   6.4300000e+02   1.2436886e+00   2.4838174e+00
   6.4400000e+02   1.2418461e+00   2.4756921e+00
   6.4500000e+02   1.2361124e+00   2.4659148e+00
   6.4600000e+02   1.2275022e+00   2.4572097e+00
   6.4700000e+02   1.2181769e+00   2.4514734e+00
   6.4800000e+02   1.2091679e+00   2.4481064e+00
   6.4900000e+02   1.2008184e+00   2.4474887e+00
   6.5000000e+02   1.1940330e+00   2.4466712e+00
   6.5100000e+02   1.1883691e+00   2.4463675e+00
   6.5200000e+02   1.1829110e+00   2.4459087e+00
   6.5300000e+02   1.1782057e+00   2.4439418e+00
   6.5400000e+02   1.1725840e+00   2.4399783e+00
   6.5500000e+02   1.1660595e+00   2.4341734e+00
   6.5600000e+02   1.1580258e+00   2.4260978e+00
   6.5700000e+02   1.1480246e+00   2.4165250e+00
   6.5800000e+02   1.1376989e+00   2.4066109e+00
   6.5900000e+02   1.1276775e+00   2.3975570e+00
   6.6000000e+02   1.1185493e+00   2.3904696e+00
   6.6100000e+02   1.1121152e+00   2.3850872e+00
   6.6200000e+02   1.1076314e+00   2.3801257e+00
   6.6300000e+02   1.1055306e+00   2.3739676e+00
   6.6400000e+02   1.1059940e+00   2.3693016e+00
   6.6500000e+02   1.1090104e+00   2.3660365e+00
   6.6600000e+02   1.1138767e+00   2.3641723e+00
   6.6700000e+02   1.1202971e+00   2.3609074e+00
   6.6800000e+02   1.1248960e+00   2.3560085e+00
   6.6900000e+02   1.1278420e+00   2.3497884e+00
   6.7000000e+02   1.1286368e+00   2.3429406e+00
   6.7100000e+02   1.1268518e+00   2.3352668e+00
   6.7200000e+02   1.1230917e+00   2.3270773e+00
   6.7300000e+02   1.1190868e+00   2.3175498e+00
   6.7400000e+02   1.1091542e+00   2.3078185e+00
   6.7500000e+02   1.0933784e+00   2.2991520e+00
   6.7600000e+02   1.0742192e+00   2.2930930e+00
   6.7700000e+02   1.0535308e+00   2.2880648e+00
   6.7800000e+02   1.0329548e+00   2.2823016e+00
   6.7900000e+02   1.0145238e+00   2.2732953e+00
   6.8000000e+02   9.9911166e-01   2.2650580e+00
   6.8100000e+02   9.8329857e-01   2.2590703e+00
   6.8200000e+02   9.6766233e-01   2.2567374e+00
   6.8300000e+02   9.5477827e-01   2.2535611e+00
   6.8400000e+02   9.4482198e-01   2.2473625e+00
   6.8500000e+02   9.3924004e-01   2.2332845e+00
   6.8600000e+02   9.2926688e-01   2.2233176e+00
   6.8700000e+02   9.1994496e-01   2.2107939e+00
   6.8800000e+02   9.0932220e-01   2.1997015e+00
   6.8900000e+02   8.9722622e-01   2.1919215e+00
   6.9000000e+02   8.8275368e-01   2.1874388e+00
   6.9100000e+02   8.6600831e-01   2.1848034e+00
   6.9200000e+02   8.4762684e-01   2.1815977e+00
   6.9300000e+02   8.2580353e-01   2.1756520e+00
   6.9400000e+02   8.0136403e-01   2.1674967e+00
   6.9500000e+02   7.7420270e-01   2.1563867e+00
   6.9600000e+02   7.4588086e-01   2.1443579e+00
   6.9700000e+02   7.1953771e-01   2.1306370e+00
   6.9800000e+02   6.9862403e-01   2.1198400e+00
   6.9900000e+02   6.7992643e-01   2.1135392e+00
   7.0000000e+02   6.6114467e-01   2.1102135e+00
   7.0100000e+02   6.4346982e-01   2.1106510e+00
   7.0200000e+02   6.2656728e-01   2.1130606e+00
   7.0300000e+02   6.1128499e-01   2.1163458e+00
   7.0400000e+02   5.9999577e-01   2.1205596e+00
   7.0500000e+02   5.9108759e-01   2.1260025e+00
   7.0600000e+02   5.8792717e-01   2.1309548e+00
   7.0700000e+02   5.8816383e-01   2.1347936e+00
   7.0800000e+02   5.8857458e-01   2.1388950e+00
   7.0900000e+02   5.8428954e-01   2.1418286e+00
   7.1000000e+02   5.7611457e-01   2.1450503e+00
   7.1100000e+02   5.6590174e-01   2.1509211e+00
   7.1200000e+02   5.5167831e-01   2.1580676e+00
   7.1300000e+02   5.3815434e-01   2.1624471e+00
   7.1400000e+02   5.2970457e-01   2.1611398e+00
   7.1500000e+02   5.2632625e-01   2.1539078e+00
   7.1600000e+02   5.2423637e-01   2.1429849e+00
   7.1700000e+02   5.2243336e-01   2.1295237e+00
   7.1800000e+02   5.1836053e-01   2.1173104e+00
   7.1900000e+02   5.1148350e-01   2.1083274e+00
   7.2000000e+02   5.0578291e-01   2.1047279e+00
   7.2100000e+02   5.0126800e-01   2.1033663e+00
   7.2200000e+02   4.9820343e-01   2.1050564e+00
   7.2300000e+02   4.9779313e-01   2.1100905e+00
   7.2400000e+02   4.9805869e-01   2.1163749e+00
   7.2500000e+02   4.9964026e-01   2.1230786e+00
   7.2600000e+02   5.0216567e-01   2.1268555e+00
   7.2700000e+02   5.0775250e-01   2.1273916e+00
   7.2800000e+02   5.1468127e-01   2.1247494e+00
   7.2900000e+02   5.2403505e-01   2.1209227e+00
   7.3000000e+02   5.3364530e-01   2.1141499e+00
   7.3100000e+02   5.4415014e-01   2.1065479e+00
   7.3200000e+02   5.5788934e-01   2.0970963e+00
   7.3300000e+02   5.7613464e-01   2.0854004e+00
   7.3400000e+02   5.9731649e-01   2.0759568e+00
   7.3500000e+02   6.1868427e-01   2.0655277e+00
   7.3600000e+02   6.4041084e-01   2.0567221e+00
   7.3700000e+02   6.5893332e-01   2.0501006e+00
   7.3800000e+02   6.7395246e-01   2.0469865e+00
   7.3900000e+02   6.8652896e-01   2.0473167e+00
   7.4000000e+02   6.9592267e-01   2.0509684e+00
   7.4100000e+02   7.0209694e-01   2.0550382e+00
   7.4200000e+02   7.0562006e-01   2.0578744e+00
   7.4300000e+02   7.0449087e-01   2.0600302e+00
   7.4400000e+02   6.9962750e-01   2.0618355e+00
   7.4500000e+02   6.9326663e-01   2.0615763e+00
   7.4600000e+02   6.8545654e-01   2.0577800e+00
   7.4700000e+02   6.7635927e-01   2.0512767e+00
   7.4800000e+02   6.7022456e-01   2.0433596e+00
   7.4900000e+02   6.6678188e-01   2.0368620e+00
   7.5000000e+02   6.6430185e-01   2.0314813e+00
   7.5100000e+02   6.6400457e-01   2.0268420e+00
   7.5200000e+02   6.6581272e-01   2.0253175e+00
   7.5300000e+02   6.6978589e-01   2.0249123e+00
   7.5400000e+02   6.7676757e-01   2.0231590e+00
   7.5500000e+02   6.8735413e-01   2.0214462e+00
   7.5600000e+02   6.9957689e-01   2.0193044e+00
   7.5700000e+02   7.1363679e-01   2.0184326e+00
   7.5800000e+02   7.2485454e-01   2.0194613e+00
   7.5900000e+02   7.3600551e-01   2.0213315e+00
   7.6000000e+02   7.4564783e-01   2.0235935e+00
   7.6100000e+02   7.5270776e-01   2.0256669e+00
   7.6200000e+02   7.5911878e-01   2.0283262e+00
   7.6300000e+02   7.6372621e-01   2.0335088e+00
   7.6400000e+02   7.6820235e-01   2.0396400e+00
   7.6500000e+02   7.7287532e-01   2.0495601e+00
   7.6600000e+02   7.7660036e-01   2.0623210e+00
   7.6700000e+02   7.8151945e-01   2.0790746e+00
   7.6800000e+02   7.8759542e-01   2.0985298e+00
   7.6900000e+02   7.9360668e-01   2.1175207e+00
   7.7000000e+02   7.9743958e-01   2.1328034e+00
   7.7100000e+02   7.9981011e-01   2.1450625e+00
   7.7200000e+02   8.0115560e-01   2.1546164e+00
   7.7300000e+02   8.0129140e-01   2.1617311e+00
   7.7400000e+02   8.0181454e-01   2.1671837e+00
   7.7500000e+02   8.0356953e-01   2.1722966e+00
   7.7600000e+02   8.0739678e-01   2.1791410e+00
   7.7700000e+02   8.1336184e-01   2.1876137e+00
   7.7800000e+02   8.1997095e-01   2.1977587e+00
   7.7900000e+02   8.2783487e-01   2.2075579e+00
   7.8000000e+02   8.3679815e-01   2.2170609e+00
   7.8100000e+02   8.4787802e-01   2.2250773e+00
   7.8200000e+02   8.5964538e-01   2.2306834e+00
   7.8300000e+02   8.7266535e-01   2.2343484e+00
   7.8400000e+02   8.8663410e-01   2.2362358e+00
   7.8500000e+02   9.0226206e-01   2.2364424e+00
   7.8600000e+02   9.1748026e-01   2.2362768e+00
   7.8700000e+02   9.3391053e-01   2.2379633e+00
   7.8800000e+02   9.4715144e-01   2.2415233e+00
   7.8900000e+02   9.5875967e-01   2.2483611e+00
   7.9000000e+02   9.6946525e-01   2.2585039e+00
   7.9100000e+02   9.7984394e-01   2.2723947e+00
   7.9200000e+02   9.9020285e-01   2.2879329e+00
   7.9300000e+02   1.0012615e+00   2.3043007e+00
   7.9400000e+02   1.0111247e+00   2.3177175e+00
   7.9500000e+02   1.0204435e+00   2.3270672e+00
   7.9600000e+02   1.0287010e+00   2.3327621e+00
   7.9700000e+02   1.0349338e+00   2.3339529e+00
   7.9800000e+02   1.0385882e+00   2.3321245e+00
   7.9900000e+02   1.0418493e+00   2.3282880e+00
   8.0000000e+02   1.0460656e+00   2.3219656e+00
   8.0100000e+02   1.0510418e+00   2.3132976e+00
   8.0200000e+02   1.0563814e+00   2.3031332e+00
   8.0300000e+02   1.0643631e+00   2.2932401e+00
   8.0400000e+02   1.0766503e+00   2.2849098e+00
   8.0500000e+02   1.0895486e+00   2.2765149e+00
   8.0600000e+02   1.1029955e+00   2.2709933e+00
   8.0700000e+02   1.1154067e+00   2.2679148e+00
   8.0800000e+02   1.1268096e+00   2.2665488e+00
   8.0900000e+02   1.1365935e+00   2.2674533e+00
   8.1000000e+02   1.1465650e+00   2.2708787e+00
   8.1100000e+02   1.1571297e+00   2.2771650e+00
   8.1200000e+02   1.1676171e+00   2.2860685e+00
   8.1300000e+02   1.1786023e+00   2.2979272e+00
   8.1400000e+02   1.1908636e+00   2.3098504e+00
   8.1500000e+02   1.2025848e+00   2.3231460e+00
   8.1600000e+02   1.2137179e+00   2.3369100e+00
   8.1700000e+02   1.2246466e+00   2.3502804e+00
   8.1800000e+02   1.2340608e+00   2.3628873e+00
   8.1900000e+02   1.2426111e+00   2.3737217e+00
   8.2000000e+02   1.2511591e+00   2.3831168e+00
   8.2100000e+02   1.2589114e+00   2.3903602e+00
   8.2200000e+02   1.2645413e+00   2.3954687e+00
   8.2300000e+02   1.2691947e+00   2.3980799e+00
   8.2400000e+02   1.2711231e+00   2.3997591e+00
   8.2500000e+02   1.2690296e+00   2.3986994e+00
   8.2600000e+02   1.2632913e+00   2.3956720e+00
   8.2700000e+02   1.2559315e+00   2.3906251e+00
   8.2800000e+02   1.2465496e+00   2.3841370e+00
   8.2900000e+02   1.2359679e+00   2.3754650e+00
   8.3000000e+02   1.2248578e+00   2.3665915e+00
   8.3100000e+02   1.2127851e+00   2.3562086e+00
   8.3200000e+02   1.2013147e+00   2.3447163e+00
   8.3300000e+02   1.1914056e+00   2.3332401e+00
   8.3400000e+02   1.1841977e+00   2.3238074e+00
   8.3500000e+02   1.1803822e+00   2.3159711e+00
   8.3600000e+02   1.1812303e+00   2.3099638e+00
   8.3700000e+02   1.1868729e+00   2.3050779e+00
   8.3800000e+02   1.1956131e+00   2.3002101e+00
   8.3900000e+02   1.2055555e+00   2.2958543e+00
   8.4000000e+02   1.2172751e+00   2.2918172e+00
   8.4100000e+02   1.2309091e+00   2.2877558e+00
   8.4200000e+02   1.2450562e+00   2.2843461e+00
   8.4300000e+02   1.2601403e+00   2.2802509e+00
   8.4400000e+02   1.2753970e+00   2.2757579e+00
   8.4500000e+02   1.2906173e+00   2.2724372e+00
   8.4600000e+02   1.3047272e+00   2.2707105e+00
   8.4700000e+02   1.3146259e+00   2.2683306e+00
   8.4800000e+02   1.3239421e+00   2.2647058e+00
   8.4900000e+02   1.3275047e+00   2.2591348e+00
   8.5000000e+02   1.3270656e+00   2.2521663e+00
   8.5100000e+02   1.3224032e+00   2.2445091e+00
   8.5200000e+02   1.3131633e+00   2.2357964e+00
   8.5300000e+02   1.2998277e+00   2.2260847e+00
   8.5400000e+02   1.2847470e+00   2.2129537e+00
   8.5500000e+02   1.2695884e+00   2.1928031e+00
   8.5600000e+02   1.2549821e+00   2.1668478e+00
   8.5700000e+02   1.2419623e+00   2.1355263e+00
   8.5800000e+02   1.2291757e+00   2.1012990e+00
   8.5900000e+02   1.2138463e+00   2.0666981e+00
   8.6000000e+02   1.1960975e+00   2.0339505e+00
   8.6100000e+02   1.1787370e+00   2.0025366e+00
   8.6200000e+02   1.1605123e+00   1.9739736e+00
   8.6300000e+02   1.1430611e+00   1.9520561e+00
   8.6400000e+02   1.1256558e+00   1.9352139e+00
   8.6500000e+02   1.1076846e+00   1.9203255e+00
   8.6600000e+02   1.0880458e+00   1.9065885e+00
   8.6700000e+02   1.0695493e+00   1.8923860e+00
   8.6800000e+02   1.0515257e+00   1.8767014e+00
   8.6900000e+02   1.0362815e+00   1.8621400e+00
   8.7000000e+02   1.0230349e+00   1.8488207e+00
   8.7100000e+02   1.0104778e+00   1.8363493e+00
   8.7200000e+02   1.0009567e+00   1.8250163e+00
   8.7300000e+02   9.9427881e-01   1.8128430e+00
   8.7400000e+02   9.9045320e-01   1.8015169e+00
   8.7500000e+02   9.8835668e-01   1.7928123e+00
   8.7600000e+02   9.8693851e-01   1.7868851e+00
   8.7700000e+02   9.8567960e-01   1.7845210e+00
   8.7800000e+02   9.7890083e-01   1.7840420e+00
   8.7900000e+02   9.6869462e-01   1.7853131e+00
   8.8000000e+02   9.5335576e-01   1.7866320e+00
   8.8100000e+02   9.3590582e-01   1.7888262e+00
   8.8200000e+02   9.1577872e-01   1.7893953e+00
   8.8300000e+02   8.9529734e-01   1.7896355e+00
   8.8400000e+02   8.7438753e-01   1.7891777e+00
   8.8500000e+02   8.5693100e-01   1.7926495e+00
   8.8600000e+02   8.4191233e-01   1.8005876e+00
   8.8700000e+02   8.2704153e-01   1.8133041e+00
   8.8800000e+02   8.1371716e-01   1.8267191e+00
   8.8900000e+02   8.0135197e-01   1.8421061e+00
   8.9000000e+02   7.9475546e-01   1.8564917e+00
   8.9100000e+02   7.9219226e-01   1.8681006e+00
   8.9200000e+02   7.9277232e-01   1.8754255e+00
   8.9300000e+02   7.9524256e-01   1.8807324e+00
   8.9400000e+02   7.9818497e-01   1.8837867e+00
   8.9500000e+02   8.0246208e-01   1.8846008e+00
   8.9600000e+02   8.0673330e-01   1.8812956e+00
   8.9700000e+02   8.1309717e-01   1.8748010e+00
   8.9800000e+02   8.2155183e-01   1.8656533e+00
   8.9900000e+02   8.3102574e-01   1.8550737e+00
   9.0000000e+02   8.4317420e-01   1.8450965e+00
   9.0100000e+02   8.5480559e-01   1.8348407e+00
   9.0200000e+02   8.6371339e-01   1.8252580e+00
   9.0300000e+02   8.7121427e-01   1.8129574e+00
   9.0400000e+02   8.7903529e-01   1.7978687e+00
   9.0500000e+02   8.8612606e-01   1.7811975e+00
   9.0600000e+02   8.9227085e-01   1.7664111e+00
   9.0700000e+02   8.9656859e-01   1.7515723e+00
   9.0800000e+02   8.9870984e-01   1.7374038e+00
   9.0900000e+02   8.9895340e-01   1.7239768e+00
   9.1000000e+02   8.9662169e-01   1.7118284e+00
   9.1100000e+02   8.9418915e-01   1.7009572e+00
   9.1200000e+02   8.9264183e-01   1.6922812e+00
   9.1300000e+02   8.9273893e-01   1.6838506e+00
   9.1400000e+02   8.9271140e-01   1.6783689e+00
   9.1500000e+02   8.9235888e-01   1.6762207e+00
   9.1600000e+02   8.9290755e-01   1.6756446e+00
   9.1700000e+02   8.9329501e-01   1.6774235e+00
   9.1800000e+02   8.9315175e-01   1.6808504e+00
   9.1900000e+02   8.9339766e-01   1.6857802e+00
   9.2000000e+02   8.9376943e-01   1.6909302e+00
   9.2100000e+02   8.9411717e-01   1.6955524e+00
   9.2200000e+02   8.9134368e-01   1.6995962e+00
   9.2300000e+02   8.8858248e-01   1.7038946e+00
   9.2400000e+02   8.8387455e-01   1.7093268e+00
   9.2500000e+02   8.7751431e-01   1.7156466e+00
   9.2600000e+02   8.7253031e-01   1.7217851e+00
   9.2700000e+02   8.6712581e-01   1.7280831e+00
   9.2800000e+02   8.6398462e-01   1.7325569e+00
   9.2900000e+02   8.6237623e-01   1.7341787e+00
   9.3000000e+02   8.6000141e-01   1.7329215e+00
   9.3100000e+02   8.5629542e-01   1.7282110e+00
   9.3200000e+02   8.4997006e-01   1.7211042e+00
   9.3300000e+02   8.4222393e-01   1.7120264e+00
   9.3400000e+02   8.3268221e-01   1.7019579e+00
   9.3500000e+02   8.2264450e-01   1.6907314e+00
   9.3600000e+02   8.1354300e-01   1.6778102e+00
   9.3700000e+02   8.0413048e-01   1.6639212e+00
   9.3800000e+02   7.9780614e-01   1.6518646e+00
   9.3900000e+02   7.9095471e-01   1.6404461e+00
   9.4000000e+02   7.8366653e-01   1.6306890e+00
   9.4100000e+02   7.7782310e-01   1.6230412e+00
   9.4200000e+02   7.7250452e-01   1.6168296e+00
   9.4300000e+02   7.6704777e-01   1.6126720e+00
   9.4400000e+02   7.6205940e-01   1.6102636e+00
   9.4500000e+02   7.5739158e-01   1.6086373e+00
   9.4600000e+02   7.5170000e-01   1.6075388e+00
   9.4700000e+02   7.4344569e-01   1.6068636e+00
   9.4800000e+02   7.3347138e-01   1.6069562e+00
   9.4900000e+02   7.2412498e-01   1.6084736e+00
   9.5000000e+02   7.1409389e-01   1.6093042e+00
   9.5100000e+02   7.0527601e-01   1.6103946e+00
   9.5200000e+02   6.9769959e-01   1.6118504e+00
   9.5300000e+02   6.9171347e-01   1.6133807e+00
   9.5400000e+02   6.8813625e-01   1.6149188e+00
   9.5500000e+02   6.8573456e-01   1.6167138e+00
   9.5600000e+02   6.8354965e-01   1.6170718e+00
   9.5700000e+02   6.8322469e-01   1.6173430e+00
   9.5800000e+02   6.8222669e-01   1.6158327e+00
   9.5900000e+02   6.8112933e-01   1.6135994e+00
   9.6000000e+02   6.7622567e-01   1.6096042e+00
   9.6100000e+02   6.6832967e-01   1.6058830e+00
   9.6200000e+02   6.5710732e-01   1.6014257e+00
   9.6300000e+02   6.4331027e-01   1.5966416e+00
   9.6400000e+02   6.2829184e-01   1.5900513e+00
   9.6500000e+02   6.1260519e-01   1.5816457e+00
   9.6600000e+02   5.9736153e-01   1.5715448e+00
   9.6700000e+02   5.8050605e-01   1.5609200e+00
   9.6800000e+02   5.6338038e-01   1.5531284e+00
   9.6900000e+02   5.4586935e-01   1.5464368e+00
   9.7000000e+02   5.3089351e-01   1.5428969e+00
   9.7100000e+02   5.1618372e-01   1.5419631e+00
   9.7200000e+02   5.0253704e-01   1.5419996e+00
   9.7300000e+02   4.8848076e-01   1.5415710e+00
   9.7400000e+02   4.7814073e-01   1.5417364e+00
   9.7500000e+02   4.7023662e-01   1.5413568e+00
   9.7600000e+02   4.6601184e-01   1.5427049e+00
   9.7700000e+02   4.6029792e-01   1.5440402e+00
   9.7800000e+02   4.5250611e-01   1.5446178e+00
   9.7900000e+02   4.4576441e-01   1.5440809e+00
   9.8000000e+02   4.4158716e-01   1.5427629e+00
   9.8100000e+02   4.4139232e-01   1.5406376e+00
   9.8200000e+02   4.4563796e-01   1.5380116e+00
   9.8300000e+02   4.5331314e-01   1.5349607e+00
   9.8400000e+02   4.6324564e-01   1.5317729e+00
   9.8500000e+02   4.7277171e-01   1.5291570e+00
   9.8600000e+02   4.8159894e-01   1.5267806e+00
   9.8700000e+02   4.9086318e-01   1.5260794e+00
   9.8800000e+02   4.9875080e-01   1.5264329e+00
   9.8900000e+02   5.0495530e-01   1.5279090e+00
   9.9000000e+02   5.0952198e-01   1.5299463e+00
   9.9100000e+02   5.1041034e-01   1.5322524e+00
   9.9200000e+02   5.0923623e-01   1.5335660e+00
   9.9300000e+02   5.0622110e-01   1.5343914e+00
   9.9400000e+02   5.0318019e-01   1.5330803e+00
   9.9500000e+02   5.0105758e-01   1.5320127e+00
   9.9600000e+02   5.0053627e-01   1.5312783e+00
   9.9700000e+02   5.0134384e-01   1.5299559e+00
   9.9800000e+02   5.0619960e-01   1.5276538e+00
   9.9900000e+02   5.1351302e-01   1.5243744e+00
   1.0000000e+03   5.2183747e-01   1.5190327e+00
   1.0010000e+03   5.3226438e-01   1.5110810e+00
   1.0020000e+03   5.4257684e-01   1.5008109e+00
   1.0030000e+03   5.5372210e-01   1.4871111e+00
   1.0040000e+03   5.6725254e-01   1.4733229e+00
   1.0050000e+03   5.8088533e-01   1.4599194e+00
   1.0060000e+03   5.9665492e-01   1.4474078e+00
   1.0070000e+03   6.1409802e-01   1.4365990e+00
   1.0080000e+03   6.3281361e-01   1.4275991e+00
   1.0090000e+03   6.5252332e-01   1.4212753e+00
   1.0100000e+03   6.7115150e-01   1.4151877e+00
   1.0110000e+03   6.8992076e-01   1.4099996e+00
   1.0120000e+03   7.0899544e-01   1.4049785e+00
   1.0130000e+03   7.2821717e-01   1.3989981e+00
   1.0140000e+03   7.4654334e-01   1.3936958e+00
   1.0150000e+03   7.6407701e-01   1.3894759e+00
   1.0160000e+03   7.8128796e-01   1.3874285e+00
   1.0170000e+03   7.9767712e-01   1.3889304e+00
   1.0180000e+03   8.1300872e-01   1.3951640e+00
   1.0190000e+03   8.2732296e-01   1.4033392e+00
   1.0200000e+03   8.4042654e-01   1.4137763e+00
   1.0210000e+03   8.5044868e-01   1.4223588e+00
   1.0220000e+03   8.5954403e-01   1.4267752e+00
   1.0230000e+03   8.6933381e-01   1.4276413e+00
   1.0240000e+03   8.8107823e-01   1.4265643e+00
   1.0250000e+03   8.9356539e-01   1.4220234e+00
   1.0260000e+03   9.0799319e-01   1.4162636e+00
   1.0270000e+03   9.2302513e-01   1.4105528e+00
   1.0280000e+03   9.3597516e-01   1.4051278e+00
   1.0290000e+03   9.4568855e-01   1.4002373e+00
   1.0300000e+03   9.5275956e-01   1.3944014e+00
   1.0310000e+03   9.5629853e-01   1.3890589e+00
   1.0320000e+03   9.5813501e-01   1.3847563e+00
   1.0330000e+03   9.6168451e-01   1.3829653e+00
   1.0340000e+03   9.6019137e-01   1.3821892e+00
   1.0350000e+03   9.5845531e-01   1.3838832e+00
   1.0360000e+03   9.5623881e-01   1.3845395e+00
   1.0370000e+03   9.5464666e-01   1.3848278e+00
   1.0380000e+03   9.5478463e-01   1.3832894e+00
   1.0390000e+03   9.5769315e-01   1.3786117e+00
   1.0400000e+03   9.6134603e-01   1.3729088e+00
   1.0410000e+03   9.6551818e-01   1.3673085e+00
   1.0420000e+03   9.6824823e-01   1.3628778e+00
   1.0430000e+03   9.7028907e-01   1.3601303e+00
   1.0440000e+03   9.7088467e-01   1.3590797e+00
   1.0450000e+03   9.7123106e-01   1.3611112e+00
   1.0460000e+03   9.7012698e-01   1.3592519e+00
   1.0470000e+03   9.6703438e-01   1.3583402e+00
   1.0480000e+03   9.6379059e-01   1.3564959e+00
   1.0490000e+03   9.6041550e-01   1.3543921e+00
   1.0500000e+03   9.5537482e-01   1.3514237e+00
   1.0510000e+03   9.5079042e-01   1.3481207e+00
   1.0520000e+03   9.4637132e-01   1.3450168e+00
   1.0530000e+03   9.4264015e-01   1.3417272e+00
   1.0540000e+03   9.4002088e-01   1.3392839e+00
   1.0550000e+03   9.3837534e-01   1.3376809e+00
   1.0560000e+03   9.3733104e-01   1.3365553e+00
   1.0570000e+03   9.3727946e-01   1.3351392e+00
   1.0580000e+03   9.3397034e-01   1.3333692e+00
   1.0590000e+03   9.3079828e-01   1.3307218e+00
   1.0600000e+03   9.2613321e-01   1.3277092e+00
   1.0610000e+03   9.1949694e-01   1.3240034e+00
   1.0620000e+03   9.1177081e-01   1.3218233e+00
   1.0630000e+03   9.0202852e-01   1.3192052e+00
   1.0640000e+03   8.9230689e-01   1.3153915e+00
   1.0650000e+03   8.8327069e-01   1.3120716e+00
   1.0660000e+03   8.7421071e-01   1.3105058e+00
   1.0670000e+03   8.6593920e-01   1.3092675e+00
   1.0680000e+03   8.5649114e-01   1.3096149e+00
   1.0690000e+03   8.4639848e-01   1.3102562e+00
   1.0700000e+03   8.3686224e-01   1.3128748e+00
   1.0710000e+03   8.2769182e-01   1.3173167e+00
   1.0720000e+03   8.1884109e-01   1.3208896e+00
   1.0730000e+03   8.1146324e-01   1.3237166e+00
   1.0740000e+03   8.0553982e-01   1.3256639e+00
   1.0750000e+03   8.0202994e-01   1.3268309e+00
   1.0760000e+03   7.9791942e-01   1.3271284e+00
   1.0770000e+03   7.9326192e-01   1.3254367e+00
   1.0780000e+03   7.8775139e-01   1.3235716e+00
   1.0790000e+03   7.8303920e-01   1.3199051e+00
   1.0800000e+03   7.7860266e-01   1.3154866e+00
   1.0810000e+03   7.7503786e-01   1.3103831e+00
   1.0820000e+03   7.7208141e-01   1.3045993e+00
   1.0830000e+03   7.6883894e-01   1.2973840e+00
   1.0840000e+03   7.6529497e-01   1.2904876e+00
   1.0850000e+03   7.6194449e-01   1.2830745e+00
   1.0860000e+03   7.5842582e-01   1.2751742e+00
   1.0870000e+03   7.5530125e-01   1.2685510e+00
   1.0880000e+03   7.5270832e-01   1.2632199e+00
   1.0890000e+03   7.4846238e-01   1.2598135e+00
   1.0900000e+03   7.4395847e-01   1.2583408e+00
   1.0910000e+03   7.3779329e-01   1.2585723e+00
   1.0920000e+03   7.3073888e-01   1.2589580e+00
   1.0930000e+03   7.2440775e-01   1.2587716e+00
   1.0940000e+03   7.1578961e-01   1.2590168e+00
   1.0950000e+03   7.0733828e-01   1.2587454e+00
   1.0960000e+03   6.9847359e-01   1.2600046e+00
   1.0970000e+03   6.9075905e-01   1.2627656e+00
   1.0980000e+03   6.8209498e-01   1.2677051e+00
   1.0990000e+03   6.7423600e-01   1.2719605e+00
   1.1000000e+03   6.6778600e-01   1.2748596e+00
   1.1010000e+03   6.6155304e-01   1.2750685e+00
   1.1020000e+03   6.5515496e-01   1.2732306e+00
   1.1030000e+03   6.4825729e-01   1.2713302e+00
   1.1040000e+03   6.4124864e-01   1.2683982e+00
   1.1050000e+03   6.3560286e-01   1.2656795e+00
   1.1060000e+03   6.3024935e-01   1.2585073e+00
   1.1070000e+03   6.2456758e-01   1.2509252e+00
   1.1080000e+03   6.1800487e-01   1.2445197e+00
   1.1090000e+03   6.0916431e-01   1.2400386e+00
   1.1100000e+03   5.9906098e-01   1.2368917e+00
   1.1110000e+03   5.8791142e-01   1.2332790e+00
   1.1120000e+03   5.7740720e-01   1.2291415e+00
   1.1130000e+03   5.6806090e-01   1.2222035e+00
   1.1140000e+03   5.6102492e-01   1.2137512e+00
   1.1150000e+03   5.5522400e-01   1.2037860e+00
   1.1160000e+03   5.4895331e-01   1.1933263e+00
   1.1170000e+03   5.4217240e-01   1.1813957e+00
   1.1180000e+03   5.3402428e-01   1.1711131e+00
   1.1190000e+03   5.2594652e-01   1.1622348e+00
   1.1200000e+03   5.1949678e-01   1.1531403e+00
   1.1210000e+03   5.1175482e-01   1.1459463e+00
   1.1220000e+03   5.0452217e-01   1.1402302e+00
   1.1230000e+03   4.9849898e-01   1.1351955e+00
   1.1240000e+03   4.9353798e-01   1.1312529e+00
   1.1250000e+03   4.9162214e-01   1.1283538e+00
   1.1260000e+03   4.9236824e-01   1.1272188e+00
   1.1270000e+03   4.9614102e-01   1.1281417e+00
   1.1280000e+03   5.0154192e-01   1.1301393e+00
   1.1290000e+03   5.0943358e-01   1.1320913e+00
   1.1300000e+03   5.1877913e-01   1.1325899e+00
   1.1310000e+03   5.2929698e-01   1.1315446e+00
   1.1320000e+03   5.3955111e-01   1.1293143e+00
   1.1330000e+03   5.5174475e-01   1.1258717e+00
   1.1340000e+03   5.6396203e-01   1.1221096e+00
   1.1350000e+03   5.7692927e-01   1.1174677e+00
   1.1360000e+03   5.8981010e-01   1.1139755e+00
   1.1370000e+03   6.0022437e-01   1.1104274e+00
   1.1380000e+03   6.0899452e-01   1.1082100e+00
   1.1390000e+03   6.1571554e-01   1.1070617e+00
   1.1400000e+03   6.1960955e-01   1.1072113e+00
   1.1410000e+03   6.2343172e-01   1.1097218e+00
   1.1420000e+03   6.2353422e-01   1.1124312e+00
   1.1430000e+03   6.2280704e-01   1.1164670e+00
   1.1440000e+03   6.1929066e-01   1.1183584e+00
   1.1450000e+03   6.1324386e-01   1.1207235e+00
   1.1460000e+03   6.0514580e-01   1.1217036e+00
   1.1470000e+03   5.9737494e-01   1.1205853e+00
   1.1480000e+03   5.9223645e-01   1.1180248e+00
   1.1490000e+03   5.8839253e-01   1.1135391e+00
   1.1500000e+03   5.8625182e-01   1.1094693e+00
   1.1510000e+03   5.8275054e-01   1.1058676e+00
   1.1520000e+03   5.7844960e-01   1.1025651e+00
   1.1530000e+03   5.7257969e-01   1.0956971e+00
   1.1540000e+03   5.6720849e-01   1.0833990e+00
   1.1550000e+03   5.6388924e-01   1.0696191e+00
   1.1560000e+03   5.6228869e-01   1.0529052e+00
   1.1570000e+03   5.6233313e-01   1.0321388e+00
   1.1580000e+03   5.6553235e-01   1.0125177e+00
   1.1590000e+03   5.7107719e-01   9.9227021e-01
   1.1600000e+03   5.7516461e-01   9.7208135e-01
   1.1610000e+03   5.8066340e-01   9.5338527e-01
   1.1620000e+03   5.8650851e-01   9.3548348e-01
   1.1630000e+03   5.9424939e-01   9.1947376e-01
   1.1640000e+03   6.0141004e-01   9.0470271e-01
   1.1650000e+03   6.1107128e-01   8.9044549e-01
   1.1660000e+03   6.1734980e-01   8.7492718e-01
   1.1670000e+03   6.2359680e-01   8.5954414e-01
   1.1680000e+03   6.2710894e-01   8.4509342e-01
   1.1690000e+03   6.2687549e-01   8.3216157e-01
   1.1700000e+03   6.2368493e-01   8.2177340e-01
   1.1710000e+03   6.1685816e-01   8.1110070e-01
   1.1720000e+03   6.0814572e-01   8.0108955e-01
   1.1730000e+03   5.9930002e-01   7.9076981e-01
   1.1740000e+03   5.9012556e-01   7.7934427e-01
   1.1750000e+03   5.8272039e-01   7.6819771e-01
   1.1760000e+03   5.7647052e-01   7.5723370e-01
   1.1770000e+03   5.7354893e-01   7.4536606e-01
   1.1780000e+03   5.7231182e-01   7.3293363e-01
   1.1790000e+03   5.7314666e-01   7.2085128e-01
   1.1800000e+03   5.7746068e-01   7.1092958e-01
   1.1810000e+03   5.8543390e-01   7.0629464e-01
   1.1820000e+03   5.9530166e-01   7.0371376e-01
   1.1830000e+03   6.0697398e-01   7.0143050e-01
   1.1840000e+03   6.1952669e-01   6.9704099e-01
   1.1850000e+03   6.3158733e-01   6.9017299e-01
   1.1860000e+03   6.4268255e-01   6.8265193e-01
   1.1870000e+03   6.5146740e-01   6.7364298e-01
   1.1880000e+03   6.5786424e-01   6.6380580e-01
   1.1890000e+03   6.5975291e-01   6.5346709e-01
   1.1900000e+03   6.5805439e-01   6.4492503e-01
   1.1910000e+03   6.5302842e-01   6.3721099e-01
   1.1920000e+03   6.4771839e-01   6.3040354e-01
   1.1930000e+03   6.4287491e-01   6.2470047e-01
   1.1940000e+03   6.3888793e-01   6.2067376e-01
   1.1950000e+03   6.3483732e-01   6.1737859e-01
   1.1960000e+03   6.3151164e-01   6.1642386e-01
   1.1970000e+03   6.2911387e-01   6.1709705e-01
   1.1980000e+03   6.2660527e-01   6.1894468e-01
   1.1990000e+03   6.2325312e-01   6.2115914e-01
   1.2000000e+03   6.1863128e-01   6.2317486e-01
   1.2010000e+03   6.1287401e-01   6.2480417e-01
   1.2020000e+03   6.0582559e-01   6.2527827e-01
   1.2030000e+03   5.9817283e-01   6.2670320e-01
   1.2040000e+03   5.8988996e-01   6.2839013e-01
   1.2050000e+03   5.8109819e-01   6.2958441e-01
   1.2060000e+03   5.7142808e-01   6.3032848e-01
   1.2070000e+03   5.6104546e-01   6.2963204e-01
   1.2080000e+03   5.5108780e-01   6.2519385e-01
   1.2090000e+03   5.4369729e-01   6.1912950e-01
   1.2100000e+03   5.3954503e-01   6.1279712e-01
   1.2110000e+03   5.3459053e-01   6.0360515e-01
   1.2120000e+03   5.2672980e-01   5.9329242e-01
   1.2130000e+03   5.1900301e-01   5.8316908e-01
   1.2140000e+03   5.1232406e-01   5.7119918e-01
   1.2150000e+03   5.0795204e-01   5.5657190e-01
   1.2160000e+03   5.0567686e-01   5.4179917e-01
   1.2170000e+03   5.0422068e-01   5.2707729e-01
   1.2180000e+03   5.0305670e-01   5.1325349e-01
   1.2190000e+03   5.0081076e-01   4.9979889e-01
   1.2200000e+03   4.9997161e-01   4.8592861e-01
   1.2210000e+03   5.0132200e-01   4.7137082e-01
   1.2220000e+03   5.0434541e-01   4.6177734e-01
   1.2230000e+03   5.0637704e-01   4.5616120e-01
   1.2240000e+03   5.0682148e-01   4.4870381e-01
   1.2250000e+03   5.0726635e-01   4.3664313e-01
   1.2260000e+03   5.1245333e-01   4.2266030e-01
   1.2270000e+03   5.2166709e-01   4.1138503e-01
   1.2280000e+03   5.2871539e-01   4.0464784e-01
   1.2290000e+03   5.3385609e-01   4.0377388e-01
   1.2300000e+03   5.3287977e-01   4.0528944e-01
   1.2310000e+03   5.3039299e-01   4.0817000e-01
   1.2320000e+03   5.2419044e-01   4.1158807e-01
   1.2330000e+03   5.1720507e-01   4.1506828e-01
   1.2340000e+03   5.0924710e-01   4.2100100e-01
   1.2350000e+03   5.0284646e-01   4.2682835e-01
   1.2360000e+03   4.9702504e-01   4.2890377e-01
   1.2370000e+03   4.9017017e-01   4.2892787e-01
   1.2380000e+03   4.8237751e-01   4.2758985e-01
   1.2390000e+03   4.6833124e-01   4.2708386e-01
   1.2400000e+03   4.4793142e-01   4.2515974e-01
   1.2410000e+03   4.2827149e-01   4.2330652e-01
   1.2420000e+03   4.0863548e-01   4.1871680e-01
   1.2430000e+03   3.8992019e-01   4.1170305e-01
   1.2440000e+03   3.7195824e-01   4.0265297e-01
   1.2450000e+03   3.5423733e-01   3.8806591e-01
   1.2460000e+03   3.3281069e-01   3.6737649e-01
   1.2470000e+03   3.1467405e-01   3.4525375e-01
   1.2480000e+03   3.0358622e-01   3.2406398e-01
   1.2490000e+03   3.0178811e-01   3.0584244e-01
   1.2500000e+03   2.9211568e-01   2.7931721e-01
   1.2510000e+03   2.9492066e-01   2.6613317e-01
   1.2520000e+03   2.9245983e-01   2.4984797e-01
   1.2530000e+03   2.8595931e-01   2.3697739e-01
   1.2540000e+03   2.8062198e-01   2.2111697e-01
   1.2550000e+03   2.6988916e-01   2.0458085e-01
   1.2560000e+03   2.5932596e-01   1.8461226e-01
   1.2570000e+03   2.5108464e-01   1.6289254e-01
   1.2580000e+03   2.4641504e-01   1.3919921e-01
   1.2590000e+03   2.4055315e-01   1.1219468e-01
