   2.3000000e+02   2.7578030e+00   8.6940367e-01
   2.3100000e+02   2.7520267e+00   8.6020042e-01
   2.3200000e+02   2.7460741e+00   8.5157085e-01
   2.3300000e+02   2.7384105e+00   8.4628973e-01
   2.3400000e+02   2.7292920e+00   8.4327627e-01
   2.3500000e+02   2.7197219e+00   8.4399336e-01
   2.3600000e+02   2.7091161e+00   8.4486603e-01
   2.3700000e+02   2.6980246e+00   8.4687344e-01
   2.3800000e+02   2.6841175e+00   8.4893048e-01
   2.3900000e+02   2.6704326e+00   8.4757925e-01
   2.4000000e+02   2.6577355e+00   8.4109415e-01
   2.4100000e+02   2.6452551e+00   8.2976175e-01
   2.4200000e+02   2.6340335e+00   8.1506550e-01
   2.4300000e+02   2.6219926e+00   7.9843532e-01
   2.4400000e+02   2.6092355e+00   7.7967392e-01
   2.4500000e+02   2.5961272e+00   7.5807277e-01
   2.4600000e+02   2.5831562e+00   7.3639574e-01
   2.4700000e+02   2.5681700e+00   7.1640267e-01
   2.4800000e+02   2.5539297e+00   7.0030506e-01
   2.4900000e+02   2.5374933e+00   6.9126958e-01
   2.5000000e+02   2.5213287e+00   6.8636414e-01
   2.5100000e+02   2.5047089e+00   6.8464503e-01
   2.5200000e+02   2.4880810e+00   6.8551681e-01
   2.5300000e+02   2.4726848e+00   6.8923895e-01
   2.5400000e+02   2.4564633e+00   6.9307256e-01
   2.5500000e+02   2.4396626e+00   6.9969882e-01
   2.5600000e+02   2.4242501e+00   7.0703611e-01
   2.5700000e+02   2.4095506e+00   7.1664242e-01
   2.5800000e+02   2.3948317e+00   7.2571052e-01
   2.5900000e+02   2.3821555e+00   7.3240083e-01
   2.6000000e+02   2.3692813e+00   7.3754972e-01
   2.6100000e+02   2.3559327e+00   7.4052298e-01
   2.6200000e+02   2.3412102e+00   7.4201412e-01
   2.6300000e+02   2.3272455e+00   7.4070624e-01
   2.6400000e+02   2.3146908e+00   7.3597459e-01
   2.6500000e+02   2.3037804e+00   7.2590385e-01
   2.6600000e+02   2.2951800e+00   7.1378458e-01
   2.6700000e+02   2.2871469e+00   6.9900616e-01
   2.6800000e+02   2.2802639e+00   6.8345710e-01
   2.6900000e+02   2.2733181e+00   6.6841666e-01
   2.7000000e+02   2.2671104e+00   6.5544474e-01
   2.7100000e+02   2.2590640e+00   6.4515663e-01
   2.7200000e+02   2.2498847e+00   6.3797836e-01
   2.7300000e+02   2.2387190e+00   6.3394881e-01
   2.7400000e+02   2.2264527e+00   6.3012896e-01
   2.7500000e+02   2.2132019e+00   6.2604173e-01
   2.7600000e+02   2.2001092e+00   6.2085392e-01
   2.7700000e+02   2.1865479e+00   6.1433676e-01
   2.7800000e+02   2.1743717e+00   6.0937321e-01
   2.7900000e+02   2.1653010e+00   6.0465943e-01
   2.8000000e+02   2.1576021e+00   6.0161916e-01
   2.8100000e+02   2.1535815e+00   5.9967967e-01
   2.8200000e+02   2.1524273e+00   5.9872977e-01
   2.8300000e+02   2.1535177e+00   5.9868044e-01
   2.8400000e+02   2.1561459e+00   5.9843909e-01
   2.8500000e+02   2.1600566e+00   5.9920446e-01
   2.8600000e+02   2.1636801e+00   6.0229840e-01
   2.8700000e+02   2.1652384e+00   6.0645728e-01
   2.8800000e+02   2.1641891e+00   6.1055686e-01
   2.8900000e+02   2.1616485e+00   6.1575633e-01
   2.9000000e+02   2.1580949e+00   6.1795156e-01
   2.9100000e+02   2.1548728e+00   6.2001773e-01
   2.9200000e+02   2.1533281e+00   6.1954496e-01
   2.9300000e+02   2.1528222e+00   6.1656906e-01
   2.9400000e+02   2.1547870e+00   6.1010238e-01
   2.9500000e+02   2.1578065e+00   6.0109036e-01
   2.9600000e+02   2.1622381e+00   5.8882638e-01
   2.9700000e+02   2.1679536e+00   5.7474521e-01
   2.9800000e+02   2.1734788e+00   5.6007451e-01
   2.9900000e+02   2.1805775e+00   5.4487463e-01
   3.0000000e+02   2.1869072e+00   5.3115018e-01
   3.0100000e+02   2.1932150e+00   5.1816967e-01
   3.0200000e+02   2.1982592e+00   5.0791084e-01
   3.0300000e+02   2.2048409e+00   4.9975516e-01
   3.0400000e+02   2.2105339e+00   4.9289901e-01
   3.0500000e+02   2.2181577e+00   4.8736768e-01
   3.0600000e+02   2.2271624e+00   4.8255979e-01
   3.0700000e+02   2.2367478e+00   4.7797310e-01
   3.0800000e+02   2.2471789e+00   4.7308500e-01
   3.0900000e+02   2.2578849e+00   4.6917105e-01
   3.1000000e+02   2.2674141e+00   4.6701462e-01
   3.1100000e+02   2.2765248e+00   4.6534371e-01
   3.1200000e+02   2.2857645e+00   4.6378740e-01
   3.1300000e+02   2.2939232e+00   4.6168120e-01
   3.1400000e+02   2.3008253e+00   4.6237250e-01
   3.1500000e+02   2.3060640e+00   4.6353223e-01
   3.1600000e+02   2.3120618e+00   4.6452437e-01
   3.1700000e+02   2.3187136e+00   4.6687545e-01
   3.1800000e+02   2.3239277e+00   4.6839238e-01
   3.1900000e+02   2.3277864e+00   4.7085696e-01
   3.2000000e+02   2.3293968e+00   4.7235907e-01
   3.2100000e+02   2.3283738e+00   4.7542907e-01
   3.2200000e+02   2.3249588e+00   4.7775472e-01
   3.2300000e+02   2.3195015e+00   4.8045363e-01
   3.2400000e+02   2.3108365e+00   4.8204614e-01
   3.2500000e+02   2.3004962e+00   4.8365972e-01
   3.2600000e+02   2.2896081e+00   4.8339517e-01
   3.2700000e+02   2.2790797e+00   4.8117944e-01
   3.2800000e+02   2.2690909e+00   4.7611335e-01
   3.2900000e+02   2.2626128e+00   4.7100777e-01
   3.3000000e+02   2.2576131e+00   4.6403055e-01
   3.3100000e+02   2.2550178e+00   4.5680252e-01
   3.3200000e+02   2.2533623e+00   4.4890341e-01
   3.3300000e+02   2.2522809e+00   4.4098391e-01
   3.3400000e+02   2.2531231e+00   4.3375717e-01
   3.3500000e+02   2.2543421e+00   4.2735633e-01
   3.3600000e+02   2.2563840e+00   4.2054164e-01
   3.3700000e+02   2.2591054e+00   4.1363948e-01
   3.3800000e+02   2.2607036e+00   4.0699763e-01
   3.3900000e+02   2.2612985e+00   4.0048319e-01
   3.4000000e+02   2.2607887e+00   3.9579882e-01
   3.4100000e+02   2.2587608e+00   3.9158789e-01
   3.4200000e+02   2.2573543e+00   3.8822674e-01
   3.4300000e+02   2.2571123e+00   3.8691153e-01
   3.4400000e+02   2.2575834e+00   3.8691029e-01
   3.4500000e+02   2.2598027e+00   3.8830881e-01
   3.4600000e+02   2.2634359e+00   3.9046443e-01
   3.4700000e+02   2.2684000e+00   3.9416246e-01
   3.4800000e+02   2.2753594e+00   3.9800849e-01
   3.4900000e+02   2.2838247e+00   4.0252828e-01
   3.5000000e+02   2.2901730e+00   4.0723139e-01
   3.5100000e+02   2.2986455e+00   4.1302533e-01
   3.5200000e+02   2.3027364e+00   4.1771901e-01
   3.5300000e+02   2.3018595e+00   4.1899133e-01
   3.5400000e+02   2.2955286e+00   4.1640466e-01
   3.5500000e+02   2.2853535e+00   4.1114150e-01
   3.5600000e+02   2.2738879e+00   4.0744619e-01
   3.5700000e+02   2.2627513e+00   4.0265118e-01
   3.5800000e+02   2.2513949e+00   3.9963586e-01
   3.5900000e+02   2.2405896e+00   3.9648355e-01
   3.6000000e+02   2.2290412e+00   3.9457300e-01
   3.6100000e+02   2.2166072e+00   3.9333570e-01
   3.6200000e+02   2.2030394e+00   3.9423688e-01
   3.6300000e+02   2.1901844e+00   3.9609298e-01
   3.6400000e+02   2.1750782e+00   3.9853617e-01
   3.6500000e+02   2.1600027e+00   4.0083460e-01
   3.6600000e+02   2.1440039e+00   4.0297018e-01
   3.6700000e+02   2.1285062e+00   4.0448940e-01
   3.6800000e+02   2.1158258e+00   4.0549147e-01
   3.6900000e+02   2.1052208e+00   4.0723972e-01
   3.7000000e+02   2.0969970e+00   4.0990425e-01
   3.7100000e+02   2.0888204e+00   4.1262109e-01
   3.7200000e+02   2.0812082e+00   4.1523935e-01
   3.7300000e+02   2.0728706e+00   4.1858584e-01
   3.7400000e+02   2.0664846e+00   4.2006973e-01
   3.7500000e+02   2.0611667e+00   4.2136835e-01
   3.7600000e+02   2.0574854e+00   4.2067277e-01
   3.7700000e+02   2.0551951e+00   4.1989266e-01
   3.7800000e+02   2.0543734e+00   4.1969770e-01
   3.7900000e+02   2.0547840e+00   4.1954230e-01
   3.8000000e+02   2.0550424e+00   4.1930424e-01
   3.8100000e+02   2.0563234e+00   4.1835619e-01
   3.8200000e+02   2.0548859e+00   4.1724784e-01
   3.8300000e+02   2.0523960e+00   4.1555922e-01
   3.8400000e+02   2.0489754e+00   4.1485841e-01
   3.8500000e+02   2.0462148e+00   4.1538182e-01
   3.8600000e+02   2.0423090e+00   4.1539711e-01
   3.8700000e+02   2.0406533e+00   4.1558400e-01
   3.8800000e+02   2.0389912e+00   4.1643550e-01
   3.8900000e+02   2.0384285e+00   4.1750731e-01
   3.9000000e+02   2.0383430e+00   4.1900250e-01
   3.9100000e+02   2.0387317e+00   4.2134507e-01
   3.9200000e+02   2.0393938e+00   4.2337845e-01
   3.9300000e+02   2.0411073e+00   4.2527522e-01
   3.9400000e+02   2.0426816e+00   4.2706910e-01
   3.9500000e+02   2.0443951e+00   4.2886562e-01
   3.9600000e+02   2.0463429e+00   4.3035979e-01
   3.9700000e+02   2.0477284e+00   4.3147492e-01
   3.9800000e+02   2.0479376e+00   4.3337111e-01
   3.9900000e+02   2.0483535e+00   4.3305390e-01
   4.0000000e+02   2.0474593e+00   4.3236043e-01
   4.0100000e+02   2.0459605e+00   4.2986107e-01
   4.0200000e+02   2.0436260e+00   4.2598441e-01
   4.0300000e+02   2.0399077e+00   4.2177713e-01
   4.0400000e+02   2.0355970e+00   4.1802676e-01
   4.0500000e+02   2.0308983e+00   4.1487384e-01
   4.0600000e+02   2.0244411e+00   4.1143582e-01
   4.0700000e+02   2.0177073e+00   4.0828998e-01
   4.0800000e+02   2.0100870e+00   4.0560215e-01
   4.0900000e+02   2.0023375e+00   4.0463810e-01
   4.1000000e+02   1.9941475e+00   4.0524771e-01
   4.1100000e+02   1.9878977e+00   4.0548913e-01
   4.1200000e+02   1.9827868e+00   4.0586858e-01
   4.1300000e+02   1.9806246e+00   4.0642729e-01
   4.1400000e+02   1.9800164e+00   4.0771649e-01
   4.1500000e+02   1.9814288e+00   4.0929664e-01
   4.1600000e+02   1.9860902e+00   4.1098891e-01
   4.1700000e+02   1.9931156e+00   4.1240171e-01
   4.1800000e+02   2.0040149e+00   4.1402702e-01
   4.1900000e+02   2.0163239e+00   4.1621642e-01
   4.2000000e+02   2.0306235e+00   4.1857473e-01
   4.2100000e+02   2.0451123e+00   4.2048109e-01
   4.2200000e+02   2.0602507e+00   4.2227420e-01
   4.2300000e+02   2.0758672e+00   4.2385917e-01
   4.2400000e+02   2.0906140e+00   4.2523977e-01
   4.2500000e+02   2.1053299e+00   4.2597205e-01
   4.2600000e+02   2.1173935e+00   4.2609534e-01
   4.2700000e+02   2.1271576e+00   4.2593346e-01
   4.2800000e+02   2.1318355e+00   4.2595172e-01
   4.2900000e+02   2.1345809e+00   4.2474662e-01
   4.3000000e+02   2.1353614e+00   4.2320593e-01
   4.3100000e+02   2.1336851e+00   4.2095731e-01
   4.3200000e+02   2.1311007e+00   4.1903680e-01
   4.3300000e+02   2.1284966e+00   4.1570909e-01
   4.3400000e+02   2.1259073e+00   4.1424854e-01
   4.3500000e+02   2.1240396e+00   4.1298574e-01
   4.3600000e+02   2.1224689e+00   4.1242850e-01
   4.3700000e+02   2.1222577e+00   4.1165994e-01
   4.3800000e+02   2.1223564e+00   4.1229743e-01
   4.3900000e+02   2.1227847e+00   4.1343473e-01
   4.4000000e+02   2.1241719e+00   4.1484192e-01
   4.4100000e+02   2.1252676e+00   4.1602497e-01
   4.4200000e+02   2.1269222e+00   4.1707174e-01
   4.4300000e+02   2.1283468e+00   4.1681320e-01
   4.4400000e+02   2.1297060e+00   4.1537650e-01
   4.4500000e+02   2.1304295e+00   4.1083903e-01
   4.4600000e+02   2.1303336e+00   4.0813155e-01
   4.4700000e+02   2.1290128e+00   4.0563346e-01
   4.4800000e+02   2.1282200e+00   4.0234947e-01
   4.4900000e+02   2.1273958e+00   3.9876165e-01
   4.5000000e+02   2.1274999e+00   3.9560600e-01
   4.5100000e+02   2.1288761e+00   3.9131945e-01
   4.5200000e+02   2.1308663e+00   3.8711429e-01
   4.5300000e+02   2.1335428e+00   3.8309592e-01
   4.5400000e+02   2.1368047e+00   3.7930906e-01
   4.5500000e+02   2.1402056e+00   3.7672745e-01
   4.5600000e+02   2.1441141e+00   3.7504608e-01
   4.5700000e+02   2.1488354e+00   3.7312646e-01
   4.5800000e+02   2.1519199e+00   3.7445439e-01
   4.5900000e+02   2.1545370e+00   3.7617261e-01
   4.6000000e+02   2.1587909e+00   3.7867385e-01
   4.6100000e+02   2.1624993e+00   3.8165152e-01
   4.6200000e+02   2.1682187e+00   3.8511606e-01
   4.6300000e+02   2.1738130e+00   3.8840794e-01
   4.6400000e+02   2.1791195e+00   3.9249053e-01
   4.6500000e+02   2.1839084e+00   3.9625656e-01
   4.6600000e+02   2.1886327e+00   3.9866104e-01
   4.6700000e+02   2.1927770e+00   4.0070358e-01
   4.6800000e+02   2.1958896e+00   4.0321755e-01
   4.6900000e+02   2.1983420e+00   4.0788409e-01
   4.7000000e+02   2.2008946e+00   4.0953992e-01
   4.7100000e+02   2.2031878e+00   4.1243078e-01
   4.7200000e+02   2.2044515e+00   4.1490932e-01
   4.7300000e+02   2.2055180e+00   4.1681774e-01
   4.7400000e+02   2.2065327e+00   4.1811064e-01
   4.7500000e+02   2.2059756e+00   4.1885733e-01
   4.7600000e+02   2.2046508e+00   4.1984261e-01
   4.7700000e+02   2.2034463e+00   4.2016192e-01
   4.7800000e+02   2.2028367e+00   4.2044446e-01
   4.7900000e+02   2.2024219e+00   4.2052947e-01
   4.8000000e+02   2.2024238e+00   4.2050936e-01
   4.8100000e+02   2.2021747e+00   4.1973628e-01
   4.8200000e+02   2.2006232e+00   4.2024302e-01
   4.8300000e+02   2.1972642e+00   4.2136218e-01
   4.8400000e+02   2.1924229e+00   4.2283844e-01
   4.8500000e+02   2.1876665e+00   4.2437332e-01
   4.8600000e+02   2.1819726e+00   4.2728659e-01
   4.8700000e+02   2.1770451e+00   4.3039930e-01
   4.8800000e+02   2.1728810e+00   4.3451727e-01
   4.8900000e+02   2.1687953e+00   4.3944197e-01
   4.9000000e+02   2.1664619e+00   4.4569495e-01
   4.9100000e+02   2.1651988e+00   4.5202543e-01
   4.9200000e+02   2.1654159e+00   4.5765024e-01
   4.9300000e+02   2.1676618e+00   4.6218250e-01
   4.9400000e+02   2.1699384e+00   4.6496493e-01
   4.9500000e+02   2.1716336e+00   4.6671447e-01
   4.9600000e+02   2.1721813e+00   4.6769381e-01
   4.9700000e+02   2.1716937e+00   4.6764836e-01
   4.9800000e+02   2.1698037e+00   4.6719885e-01
   4.9900000e+02   2.1675733e+00   4.6673571e-01
   5.0000000e+02   2.1641553e+00   4.6688492e-01
   5.0100000e+02   2.1595576e+00   4.6788993e-01
   5.0200000e+02   2.1532876e+00   4.6912978e-01
   5.0300000e+02   2.1453062e+00   4.7111665e-01
   5.0400000e+02   2.1344599e+00   4.7556044e-01
   5.0500000e+02   2.1208727e+00   4.8183595e-01
   5.0600000e+02   2.1050441e+00   4.8884902e-01
   5.0700000e+02   2.0859865e+00   4.9879380e-01
   5.0800000e+02   2.0661543e+00   5.0719536e-01
   5.0900000e+02   2.0450952e+00   5.1635872e-01
   5.1000000e+02   2.0256565e+00   5.2249473e-01
   5.1100000e+02   2.0048722e+00   5.2773377e-01
   5.1200000e+02   1.9831487e+00   5.3084389e-01
   5.1300000e+02   1.9600450e+00   5.3188730e-01
   5.1400000e+02   1.9361728e+00   5.3092660e-01
   5.1500000e+02   1.9124835e+00   5.2901602e-01
   5.1600000e+02   1.8898255e+00   5.2629179e-01
   5.1700000e+02   1.8676703e+00   5.2229248e-01
   5.1800000e+02   1.8483079e+00   5.1949634e-01
   5.1900000e+02   1.8298111e+00   5.1609283e-01
   5.2000000e+02   1.8141591e+00   5.1196519e-01
   5.2100000e+02   1.7992338e+00   5.0626373e-01
   5.2200000e+02   1.7846333e+00   5.0045988e-01
   5.2300000e+02   1.7695653e+00   4.9517718e-01
   5.2400000e+02   1.7544912e+00   4.9115320e-01
   5.2500000e+02   1.7387906e+00   4.8897066e-01
   5.2600000e+02   1.7218160e+00   4.8756948e-01
   5.2700000e+02   1.7057241e+00   4.8678772e-01
   5.2800000e+02   1.6900099e+00   4.8727564e-01
   5.2900000e+02   1.6767983e+00   4.8590008e-01
   5.3000000e+02   1.6672182e+00   4.8512737e-01
   5.3100000e+02   1.6595804e+00   4.8384455e-01
   5.3200000e+02   1.6516330e+00   4.8230724e-01
   5.3300000e+02   1.6435255e+00   4.8072855e-01
   5.3400000e+02   1.6347741e+00   4.8062647e-01
   5.3500000e+02   1.6242038e+00   4.8062687e-01
   5.3600000e+02   1.6133461e+00   4.7993647e-01
   5.3700000e+02   1.5990014e+00   4.7736793e-01
   5.3800000e+02   1.5834687e+00   4.7297272e-01
   5.3900000e+02   1.5663754e+00   4.6704319e-01
   5.4000000e+02   1.5505728e+00   4.6013129e-01
   5.4100000e+02   1.5344675e+00   4.5333542e-01
   5.4200000e+02   1.5224401e+00   4.4555969e-01
   5.4300000e+02   1.5120955e+00   4.3744937e-01
   5.4400000e+02   1.5047524e+00   4.3090311e-01
   5.4500000e+02   1.5009523e+00   4.2544134e-01
   5.4600000e+02   1.4995650e+00   4.2124045e-01
   5.4700000e+02   1.4985156e+00   4.1757418e-01
   5.4800000e+02   1.4972547e+00   4.1423834e-01
   5.4900000e+02   1.4953648e+00   4.1110093e-01
   5.5000000e+02   1.4954961e+00   4.0893895e-01
   5.5100000e+02   1.4973649e+00   4.0735651e-01
   5.5200000e+02   1.5011109e+00   4.0544197e-01
   5.5300000e+02   1.5054912e+00   4.0515784e-01
   5.5400000e+02   1.5133630e+00   4.0481532e-01
   5.5500000e+02   1.5232227e+00   4.0536373e-01
   5.5600000e+02   1.5338545e+00   4.0643417e-01
   5.5700000e+02   1.5453734e+00   4.0771214e-01
   5.5800000e+02   1.5578897e+00   4.0960466e-01
   5.5900000e+02   1.5697993e+00   4.1184266e-01
   5.6000000e+02   1.5811296e+00   4.1453655e-01
   5.6100000e+02   1.5926036e+00   4.1707633e-01
   5.6200000e+02   1.6034896e+00   4.1984348e-01
   5.6300000e+02   1.6151820e+00   4.2298027e-01
   5.6400000e+02   1.6261654e+00   4.2663922e-01
   5.6500000e+02   1.6382012e+00   4.2974359e-01
   5.6600000e+02   1.6476504e+00   4.3433486e-01
   5.6700000e+02   1.6566496e+00   4.3935803e-01
   5.6800000e+02   1.6650558e+00   4.4524931e-01
   5.6900000e+02   1.6735406e+00   4.5037628e-01
   5.7000000e+02   1.6822631e+00   4.5529762e-01
   5.7100000e+02   1.6913448e+00   4.5889257e-01
   5.7200000e+02   1.7021784e+00   4.6203850e-01
   5.7300000e+02   1.7142091e+00   4.6515169e-01
   5.7400000e+02   1.7288232e+00   4.6926610e-01
   5.7500000e+02   1.7445185e+00   4.7359758e-01
   5.7600000e+02   1.7602399e+00   4.7899098e-01
   5.7700000e+02   1.7786824e+00   4.8330092e-01
   5.7800000e+02   1.7955382e+00   4.8647543e-01
   5.7900000e+02   1.8134682e+00   4.8900472e-01
   5.8000000e+02   1.8322135e+00   4.9050122e-01
   5.8100000e+02   1.8497169e+00   4.9179476e-01
   5.8200000e+02   1.8673909e+00   4.9368426e-01
   5.8300000e+02   1.8848747e+00   4.9495239e-01
   5.8400000e+02   1.9031421e+00   4.9489798e-01
   5.8500000e+02   1.9215972e+00   4.9433955e-01
   5.8600000e+02   1.9399053e+00   4.9318105e-01
   5.8700000e+02   1.9568574e+00   4.9193618e-01
   5.8800000e+02   1.9732535e+00   4.9013027e-01
   5.8900000e+02   1.9916122e+00   4.8739003e-01
   5.9000000e+02   2.0103120e+00   4.8740226e-01
   5.9100000e+02   2.0315694e+00   4.8630531e-01
   5.9200000e+02   2.0503346e+00   4.8680357e-01
   5.9300000e+02   2.0698166e+00   4.8830845e-01
   5.9400000e+02   2.0900304e+00   4.8927192e-01
   5.9500000e+02   2.1085460e+00   4.9440762e-01
   5.9600000e+02   2.1248139e+00   5.0051684e-01
   5.9700000e+02   2.1392126e+00   5.0853616e-01
   5.9800000e+02   2.1522363e+00   5.1493051e-01
   5.9900000e+02   2.1658972e+00   5.1910205e-01
   6.0000000e+02   2.1797718e+00   5.2054136e-01
   6.0100000e+02   2.1934081e+00   5.2072720e-01
   6.0200000e+02   2.2049939e+00   5.2089292e-01
   6.0300000e+02   2.2160092e+00   5.2147144e-01
   6.0400000e+02   2.2272566e+00   5.2072789e-01
   6.0500000e+02   2.2398958e+00   5.1737450e-01
   6.0600000e+02   2.2542078e+00   5.1241257e-01
   6.0700000e+02   2.2692367e+00   5.0668419e-01
   6.0800000e+02   2.2835740e+00   5.0293313e-01
   6.0900000e+02   2.2971128e+00   5.0470982e-01
   6.1000000e+02   2.3111403e+00   5.1293614e-01
   6.1100000e+02   2.3268506e+00   5.2599604e-01
   6.1200000e+02   2.3406468e+00   5.4012272e-01
   6.1300000e+02   2.3554978e+00   5.5054742e-01
   6.1400000e+02   2.3695966e+00   5.5451042e-01
   6.1500000e+02   2.3823092e+00   5.5238653e-01
   6.1600000e+02   2.3933399e+00   5.4501861e-01
   6.1700000e+02   2.4016217e+00   5.3704217e-01
   6.1800000e+02   2.4093628e+00   5.3208947e-01
   6.1900000e+02   2.4165264e+00   5.3248188e-01
   6.2000000e+02   2.4220138e+00   5.3835601e-01
   6.2100000e+02   2.4281896e+00   5.4778385e-01
   6.2200000e+02   2.4347511e+00   5.5781118e-01
   6.2300000e+02   2.4405579e+00   5.6792176e-01
   6.2400000e+02   2.4464165e+00   5.7649294e-01
   6.2500000e+02   2.4519342e+00   5.8433070e-01
   6.2600000e+02   2.4564328e+00   5.8906067e-01
   6.2700000e+02   2.4592653e+00   5.9354129e-01
   6.2800000e+02   2.4602764e+00   5.9828878e-01
   6.2900000e+02   2.4585662e+00   6.0121896e-01
   6.3000000e+02   2.4544005e+00   6.0293328e-01
   6.3100000e+02   2.4479099e+00   6.0322610e-01
   6.3200000e+02   2.4393624e+00   6.0099321e-01
   6.3300000e+02   2.4289718e+00   5.9720747e-01
   6.3400000e+02   2.4178443e+00   5.9037644e-01
   6.3500000e+02   2.4060213e+00   5.8347550e-01
   6.3600000e+02   2.3945126e+00   5.7899208e-01
   6.3700000e+02   2.3838074e+00   5.7554998e-01
   6.3800000e+02   2.3732799e+00   5.7700155e-01
   6.3900000e+02   2.3652831e+00   5.7893804e-01
   6.4000000e+02   2.3593893e+00   5.8285123e-01
   6.4100000e+02   2.3559755e+00   5.8647287e-01
   6.4200000e+02   2.3543904e+00   5.9100471e-01
   6.4300000e+02   2.3536726e+00   5.9653413e-01
   6.4400000e+02   2.3525738e+00   6.0246291e-01
   6.4500000e+02   2.3535070e+00   6.0785285e-01
   6.4600000e+02   2.3560452e+00   6.1003837e-01
   6.4700000e+02   2.3589029e+00   6.1050351e-01
   6.4800000e+02   2.3617137e+00   6.0791165e-01
   6.4900000e+02   2.3643593e+00   6.0374110e-01
   6.5000000e+02   2.3625614e+00   5.9774834e-01
   6.5100000e+02   2.3614153e+00   5.8882792e-01
   6.5200000e+02   2.3571296e+00   5.8162414e-01
   6.5300000e+02   2.3533492e+00   5.7635520e-01
   6.5400000e+02   2.3504370e+00   5.7267682e-01
   6.5500000e+02   2.3484434e+00   5.7111285e-01
   6.5600000e+02   2.3467759e+00   5.7333302e-01
   6.5700000e+02   2.3452229e+00   5.7826769e-01
   6.5800000e+02   2.3442851e+00   5.8325643e-01
   6.5900000e+02   2.3437468e+00   5.8836554e-01
   6.6000000e+02   2.3433652e+00   5.9436788e-01
   6.6100000e+02   2.3435435e+00   5.9952621e-01
   6.6200000e+02   2.3419061e+00   6.0161004e-01
   6.6300000e+02   2.3366331e+00   6.0088510e-01
   6.6400000e+02   2.3284983e+00   5.9889346e-01
   6.6500000e+02   2.3195604e+00   5.9550692e-01
   6.6600000e+02   2.3091452e+00   5.9096455e-01
   6.6700000e+02   2.2988871e+00   5.8659907e-01
   6.6800000e+02   2.2892939e+00   5.8168678e-01
   6.6900000e+02   2.2801545e+00   5.7663750e-01
   6.7000000e+02   2.2703410e+00   5.7258561e-01
   6.7100000e+02   2.2606615e+00   5.6806044e-01
   6.7200000e+02   2.2512667e+00   5.6455024e-01
   6.7300000e+02   2.2429993e+00   5.5913841e-01
   6.7400000e+02   2.2346614e+00   5.5621967e-01
   6.7500000e+02   2.2252342e+00   5.5390144e-01
   6.7600000e+02   2.2143822e+00   5.5162107e-01
   6.7700000e+02   2.2013693e+00   5.4695412e-01
   6.7800000e+02   2.1882218e+00   5.3913222e-01
   6.7900000e+02   2.1766819e+00   5.2953986e-01
   6.8000000e+02   2.1647942e+00   5.1707086e-01
   6.8100000e+02   2.1530168e+00   5.0379861e-01
   6.8200000e+02   2.1396972e+00   4.9101271e-01
   6.8300000e+02   2.1261453e+00   4.7921160e-01
   6.8400000e+02   2.1109474e+00   4.6928466e-01
   6.8500000e+02   2.0952495e+00   4.5987038e-01
   6.8600000e+02   2.0798048e+00   4.5672141e-01
   6.8700000e+02   2.0642908e+00   4.5711430e-01
   6.8800000e+02   2.0494228e+00   4.6187092e-01
   6.8900000e+02   2.0337807e+00   4.6836460e-01
   6.9000000e+02   2.0180058e+00   4.7692368e-01
   6.9100000e+02   2.0020113e+00   4.8863850e-01
   6.9200000e+02   1.9895985e+00   5.0097606e-01
   6.9300000e+02   1.9778733e+00   5.1239678e-01
   6.9400000e+02   1.9694948e+00   5.2300831e-01
   6.9500000e+02   1.9640289e+00   5.2963913e-01
   6.9600000e+02   1.9604623e+00   5.3279214e-01
   6.9700000e+02   1.9587836e+00   5.3165863e-01
   6.9800000e+02   1.9573817e+00   5.2837564e-01
   6.9900000e+02   1.9557294e+00   5.2406870e-01
   7.0000000e+02   1.9517182e+00   5.1884259e-01
   7.0100000e+02   1.9440637e+00   5.1387744e-01
   7.0200000e+02   1.9354461e+00   5.0831861e-01
   7.0300000e+02   1.9245203e+00   5.0302558e-01
   7.0400000e+02   1.9106083e+00   5.0042822e-01
   7.0500000e+02   1.8939374e+00   5.0206731e-01
   7.0600000e+02   1.8750152e+00   5.0645503e-01
   7.0700000e+02   1.8571976e+00   5.1362292e-01
   7.0800000e+02   1.8418922e+00   5.2285814e-01
   7.0900000e+02   1.8279292e+00   5.3294100e-01
   7.1000000e+02   1.8196080e+00   5.3982023e-01
   7.1100000e+02   1.8141603e+00   5.4424689e-01
   7.1200000e+02   1.8088092e+00   5.4541358e-01
   7.1300000e+02   1.8032651e+00   5.4578117e-01
   7.1400000e+02   1.7957345e+00   5.4561275e-01
   7.1500000e+02   1.7851261e+00   5.4551440e-01
   7.1600000e+02   1.7725616e+00   5.4497888e-01
   7.1700000e+02   1.7567714e+00   5.4515994e-01
   7.1800000e+02   1.7402960e+00   5.4422301e-01
   7.1900000e+02   1.7213527e+00   5.4340260e-01
   7.2000000e+02   1.7026808e+00   5.4283200e-01
   7.2100000e+02   1.6852069e+00   5.4444797e-01
   7.2200000e+02   1.6748847e+00   5.3693333e-01
   7.2300000e+02   1.6663952e+00   5.3210742e-01
   7.2400000e+02   1.6579625e+00   5.2662617e-01
   7.2500000e+02   1.6529527e+00   5.2159518e-01
   7.2600000e+02   1.6495124e+00   5.1751442e-01
   7.2700000e+02   1.6463389e+00   5.1520614e-01
   7.2800000e+02   1.6438972e+00   5.1437558e-01
   7.2900000e+02   1.6428178e+00   5.1473687e-01
   7.3000000e+02   1.6430699e+00   5.1542867e-01
   7.3100000e+02   1.6446558e+00   5.1764070e-01
   7.3200000e+02   1.6480470e+00   5.1924595e-01
   7.3300000e+02   1.6539121e+00   5.2247246e-01
   7.3400000e+02   1.6588701e+00   5.2617787e-01
   7.3500000e+02   1.6636238e+00   5.2981031e-01
   7.3600000e+02   1.6677356e+00   5.3097377e-01
   7.3700000e+02   1.6727400e+00   5.3213210e-01
   7.3800000e+02   1.6746364e+00   5.3178952e-01
   7.3900000e+02   1.6762979e+00   5.3088066e-01
   7.4000000e+02   1.6783980e+00   5.2946711e-01
   7.4100000e+02   1.6797297e+00   5.2692413e-01
   7.4200000e+02   1.6812678e+00   5.2224718e-01
   7.4300000e+02   1.6820936e+00   5.1600401e-01
   7.4400000e+02   1.6815684e+00   5.0875657e-01
   7.4500000e+02   1.6780599e+00   4.9945368e-01
   7.4600000e+02   1.6766468e+00   4.9188134e-01
   7.4700000e+02   1.6753394e+00   4.8226134e-01
   7.4800000e+02   1.6752978e+00   4.7320551e-01
   7.4900000e+02   1.6746251e+00   4.6540491e-01
   7.5000000e+02   1.6735325e+00   4.5864437e-01
   7.5100000e+02   1.6728876e+00   4.5224637e-01
   7.5200000e+02   1.6712100e+00   4.4714340e-01
   7.5300000e+02   1.6710001e+00   4.4182791e-01
   7.5400000e+02   1.6725007e+00   4.3814753e-01
   7.5500000e+02   1.6773131e+00   4.3455379e-01
   7.5600000e+02   1.6823297e+00   4.3078489e-01
   7.5700000e+02   1.6891488e+00   4.2638535e-01
   7.5800000e+02   1.6952931e+00   4.2237534e-01
   7.5900000e+02   1.7030165e+00   4.1902304e-01
   7.6000000e+02   1.7096165e+00   4.1511463e-01
   7.6100000e+02   1.7171906e+00   4.1186660e-01
   7.6200000e+02   1.7239520e+00   4.0959308e-01
   7.6300000e+02   1.7289482e+00   4.0857071e-01
   7.6400000e+02   1.7341686e+00   4.0801428e-01
   7.6500000e+02   1.7399927e+00   4.0871719e-01
   7.6600000e+02   1.7456930e+00   4.1008424e-01
   7.6700000e+02   1.7513420e+00   4.1227145e-01
   7.6800000e+02   1.7562476e+00   4.1580562e-01
   7.6900000e+02   1.7607574e+00   4.1742563e-01
   7.7000000e+02   1.7623434e+00   4.1883748e-01
   7.7100000e+02   1.7613254e+00   4.2036470e-01
   7.7200000e+02   1.7590301e+00   4.2147868e-01
   7.7300000e+02   1.7544250e+00   4.2254731e-01
   7.7400000e+02   1.7483173e+00   4.2419070e-01
   7.7500000e+02   1.7415936e+00   4.2635459e-01
   7.7600000e+02   1.7360376e+00   4.2958873e-01
   7.7700000e+02   1.7303506e+00   4.3362134e-01
   7.7800000e+02   1.7252344e+00   4.3783362e-01
   7.7900000e+02   1.7217300e+00   4.4207181e-01
   7.8000000e+02   1.7197800e+00   4.4578536e-01
   7.8100000e+02   1.7180388e+00   4.4902903e-01
   7.8200000e+02   1.7171363e+00   4.5158351e-01
   7.8300000e+02   1.7176274e+00   4.5403685e-01
   7.8400000e+02   1.7198767e+00   4.5568905e-01
   7.8500000e+02   1.7232796e+00   4.5738440e-01
   7.8600000e+02   1.7275059e+00   4.5799632e-01
   7.8700000e+02   1.7314666e+00   4.5753917e-01
   7.8800000e+02   1.7365010e+00   4.5765129e-01
   7.8900000e+02   1.7414770e+00   4.5751357e-01
   7.9000000e+02   1.7468277e+00   4.5772607e-01
   7.9100000e+02   1.7520748e+00   4.5849275e-01
   7.9200000e+02   1.7581830e+00   4.5901698e-01
   7.9300000e+02   1.7653478e+00   4.5996463e-01
   7.9400000e+02   1.7714663e+00   4.6019798e-01
   7.9500000e+02   1.7780913e+00   4.5956907e-01
   7.9600000e+02   1.7825740e+00   4.5838505e-01
   7.9700000e+02   1.7873862e+00   4.5683252e-01
   7.9800000e+02   1.7919029e+00   4.5488829e-01
   7.9900000e+02   1.7963621e+00   4.5238491e-01
   8.0000000e+02   1.8006118e+00   4.4856776e-01
   8.0100000e+02   1.8053104e+00   4.4405861e-01
   8.0200000e+02   1.8103041e+00   4.3963711e-01
   8.0300000e+02   1.8153082e+00   4.3461014e-01
   8.0400000e+02   1.8200755e+00   4.2997574e-01
   8.0500000e+02   1.8245008e+00   4.2496168e-01
   8.0600000e+02   1.8265835e+00   4.2093822e-01
   8.0700000e+02   1.8279963e+00   4.1887230e-01
   8.0800000e+02   1.8298185e+00   4.1760568e-01
   8.0900000e+02   1.8313584e+00   4.1773204e-01
   8.1000000e+02   1.8328963e+00   4.1909704e-01
   8.1100000e+02   1.8343428e+00   4.2020472e-01
   8.1200000e+02   1.8360285e+00   4.2169090e-01
   8.1300000e+02   1.8380795e+00   4.2293695e-01
   8.1400000e+02   1.8397485e+00   4.2344631e-01
   8.1500000e+02   1.8413340e+00   4.2380594e-01
   8.1600000e+02   1.8439940e+00   4.2390400e-01
   8.1700000e+02   1.8464900e+00   4.2384412e-01
   8.1800000e+02   1.8598795e+00   4.2803493e-01
   8.1900000e+02   1.8601975e+00   4.2157832e-01
   8.2000000e+02   1.8709389e+00   4.2002836e-01
   8.2100000e+02   1.8810843e+00   4.1805418e-01
   8.2200000e+02   1.8915155e+00   4.1578260e-01
   8.2300000e+02   1.9013607e+00   4.1289708e-01
   8.2400000e+02   1.9087276e+00   4.1035617e-01
   8.2500000e+02   1.9138031e+00   4.0815953e-01
   8.2600000e+02   1.9153297e+00   4.0691757e-01
   8.2700000e+02   1.9143455e+00   4.0643027e-01
   8.2800000e+02   1.9108068e+00   4.0717720e-01
   8.2900000e+02   1.9060144e+00   4.0724933e-01
   8.3000000e+02   1.9001559e+00   4.0928212e-01
   8.3100000e+02   1.8925502e+00   4.1061857e-01
   8.3200000e+02   1.8854366e+00   4.1056378e-01
   8.3300000e+02   1.8777471e+00   4.1004211e-01
   8.3400000e+02   1.8695599e+00   4.0905718e-01
   8.3500000e+02   1.8586055e+00   4.0598859e-01
   8.3600000e+02   1.8505089e+00   4.0564538e-01
   8.3700000e+02   1.8392773e+00   4.0433303e-01
   8.3800000e+02   1.8280981e+00   4.0439230e-01
   8.3900000e+02   1.8175559e+00   4.0555057e-01
   8.4000000e+02   1.8077233e+00   4.0962066e-01
   8.4100000e+02   1.7960162e+00   4.1618794e-01
   8.4200000e+02   1.7856802e+00   4.2506782e-01
   8.4300000e+02   1.7751989e+00   4.3454981e-01
   8.4400000e+02   1.7654561e+00   4.4516814e-01
   8.4500000e+02   1.7575398e+00   4.5543100e-01
   8.4600000e+02   1.7502215e+00   4.6524505e-01
   8.4700000e+02   1.7423982e+00   4.7336616e-01
   8.4800000e+02   1.7340374e+00   4.7831703e-01
   8.4900000e+02   1.7259052e+00   4.8078111e-01
   8.5000000e+02   1.7178241e+00   4.8117282e-01
   8.5100000e+02   1.7098416e+00   4.7883201e-01
   8.5200000e+02   1.7046049e+00   4.7386951e-01
   8.5300000e+02   1.7012498e+00   4.6768899e-01
   8.5400000e+02   1.6971371e+00   4.6187308e-01
   8.5500000e+02   1.6905508e+00   4.5849951e-01
   8.5600000e+02   1.6833994e+00   4.5722677e-01
   8.5700000e+02   1.6748359e+00   4.5962878e-01
   8.5800000e+02   1.6630942e+00   4.6452222e-01
   8.5900000e+02   1.6513458e+00   4.7203761e-01
   8.6000000e+02   1.6371584e+00   4.8047879e-01
   8.6100000e+02   1.6239880e+00   4.8924011e-01
   8.6200000e+02   1.6104629e+00   4.9756845e-01
   8.6300000e+02   1.5989658e+00   5.0494195e-01
   8.6400000e+02   1.5885176e+00   5.1105365e-01
   8.6500000e+02   1.5798406e+00   5.1574388e-01
   8.6600000e+02   1.5777495e+00   5.1994733e-01
   8.6700000e+02   1.5802104e+00   5.2224603e-01
   8.6800000e+02   1.5856167e+00   5.2422134e-01
   8.6900000e+02   1.5939207e+00   5.2509832e-01
   8.7000000e+02   1.6036136e+00   5.2586232e-01
   8.7100000e+02   1.6108722e+00   5.2740251e-01
   8.7200000e+02   1.6166345e+00   5.2981040e-01
   8.7300000e+02   1.6208769e+00   5.3101909e-01
   8.7400000e+02   1.6229261e+00   5.3332212e-01
   8.7500000e+02   1.6227403e+00   5.3598734e-01
   8.7600000e+02   1.6198122e+00   5.3836716e-01
   8.7700000e+02   1.6164453e+00   5.3993314e-01
   8.7800000e+02   1.6104373e+00   5.4256519e-01
   8.7900000e+02   1.6041840e+00   5.4529415e-01
   8.8000000e+02   1.5973442e+00   5.4831187e-01
   8.8100000e+02   1.5897879e+00   5.5033914e-01
   8.8200000e+02   1.5824617e+00   5.5311531e-01
   8.8300000e+02   1.5745630e+00   5.5472053e-01
   8.8400000e+02   1.5687048e+00   5.5597392e-01
   8.8500000e+02   1.5620385e+00   5.5567805e-01
   8.8600000e+02   1.5562625e+00   5.5309037e-01
   8.8700000e+02   1.5517272e+00   5.4889792e-01
   8.8800000e+02   1.5485777e+00   5.4319548e-01
   8.8900000e+02   1.5466495e+00   5.3667947e-01
   8.9000000e+02   1.5457937e+00   5.2977062e-01
   8.9100000e+02   1.5444207e+00   5.2177567e-01
   8.9200000e+02   1.5428285e+00   5.1357054e-01
   8.9300000e+02   1.5404872e+00   5.0570761e-01
   8.9400000e+02   1.5386646e+00   4.9838852e-01
   8.9500000e+02   1.5352668e+00   4.9098079e-01
   8.9600000e+02   1.5319074e+00   4.8361640e-01
   8.9700000e+02   1.5281895e+00   4.7624739e-01
   8.9800000e+02   1.5247657e+00   4.6747950e-01
   8.9900000e+02   1.5204301e+00   4.5901457e-01
   9.0000000e+02   1.5159860e+00   4.4893659e-01
   9.0100000e+02   1.5120289e+00   4.3575669e-01
   9.0200000e+02   1.5049632e+00   4.2392700e-01
   9.0300000e+02   1.4981810e+00   4.1291334e-01
   9.0400000e+02   1.4911490e+00   4.0428873e-01
   9.0500000e+02   1.4882582e+00   3.9817826e-01
   9.0600000e+02   1.4889785e+00   3.9512686e-01
   9.0700000e+02   1.4933317e+00   3.9174691e-01
   9.0800000e+02   1.4990139e+00   3.8975490e-01
   9.0900000e+02   1.5085949e+00   3.8783287e-01
   9.1000000e+02   1.5173937e+00   3.8468712e-01
   9.1100000e+02   1.5280267e+00   3.8153340e-01
   9.1200000e+02   1.5368838e+00   3.8062549e-01
   9.1300000e+02   1.5443233e+00   3.8313989e-01
   9.1400000e+02   1.5485245e+00   3.8929247e-01
   9.1500000e+02   1.5509264e+00   3.9865583e-01
   9.1600000e+02   1.5497013e+00   4.0949219e-01
   9.1700000e+02   1.5474365e+00   4.2254291e-01
   9.1800000e+02   1.5437606e+00   4.3647045e-01
   9.1900000e+02   1.5381376e+00   4.4850155e-01
   9.2000000e+02   1.5331364e+00   4.5829075e-01
   9.2100000e+02   1.5281968e+00   4.6666753e-01
   9.2200000e+02   1.5206500e+00   4.7288971e-01
   9.2300000e+02   1.5131010e+00   4.7776596e-01
   9.2400000e+02   1.5021743e+00   4.8184503e-01
   9.2500000e+02   1.4880970e+00   4.8605400e-01
   9.2600000e+02   1.4749817e+00   4.8898248e-01
   9.2700000e+02   1.4604446e+00   4.9364021e-01
   9.2800000e+02   1.4449911e+00   4.9780349e-01
   9.2900000e+02   1.4304580e+00   4.9998934e-01
   9.3000000e+02   1.4156112e+00   4.9956479e-01
   9.3100000e+02   1.4047164e+00   4.9812009e-01
   9.3200000e+02   1.3943616e+00   4.9797540e-01
   9.3300000e+02   1.3858332e+00   4.9721438e-01
   9.3400000e+02   1.3794765e+00   4.9329641e-01
   9.3500000e+02   1.3744364e+00   4.8871223e-01
   9.3600000e+02   1.3701148e+00   4.8448996e-01
   9.3700000e+02   1.3658676e+00   4.8023158e-01
   9.3800000e+02   1.3613098e+00   4.7865653e-01
   9.3900000e+02   1.3600280e+00   4.7834562e-01
   9.4000000e+02   1.3595089e+00   4.7821427e-01
   9.4100000e+02   1.3599507e+00   4.7840911e-01
   9.4200000e+02   1.3592888e+00   4.7877357e-01
   9.4300000e+02   1.3581718e+00   4.7954031e-01
   9.4400000e+02   1.3566942e+00   4.8161459e-01
   9.4500000e+02   1.3552394e+00   4.8422118e-01
   9.4600000e+02   1.3534919e+00   4.8859803e-01
   9.4700000e+02   1.3516486e+00   4.9275184e-01
   9.4800000e+02   1.3482938e+00   4.9645856e-01
   9.4900000e+02   1.3436116e+00   5.0025804e-01
   9.5000000e+02   1.3397703e+00   5.0613588e-01
   9.5100000e+02   1.3296673e+00   5.1309085e-01
   9.5200000e+02   1.3244495e+00   5.2194040e-01
   9.5300000e+02   1.3229185e+00   5.0053676e-01
   9.5400000e+02   1.3060591e+00   5.3745635e-01
   9.5500000e+02   1.2943002e+00   5.4509708e-01
   9.5600000e+02   1.2941421e+00   5.6440990e-01
   9.5700000e+02   1.2719617e+00   5.5477286e-01
   9.5800000e+02   1.2615818e+00   5.5596823e-01
   9.5900000e+02   1.2527457e+00   5.5343220e-01
   9.6000000e+02   1.2471684e+00   5.5212779e-01
   9.6100000e+02   1.2437455e+00   5.5166862e-01
   9.6200000e+02   1.2387720e+00   5.4999554e-01
   9.6300000e+02   1.2333537e+00   5.4774861e-01
   9.6400000e+02   1.2285398e+00   5.4574258e-01
   9.6500000e+02   1.2248296e+00   5.4501516e-01
   9.6600000e+02   1.2232249e+00   5.4538258e-01
   9.6700000e+02   1.2212606e+00   5.4822116e-01
   9.6800000e+02   1.2175084e+00   5.5219488e-01
   9.6900000e+02   1.2121023e+00   5.5575062e-01
   9.7000000e+02   1.2057618e+00   5.5963071e-01
   9.7100000e+02   1.2005651e+00   5.6246889e-01
   9.7200000e+02   1.1962637e+00   5.6528430e-01
   9.7300000e+02   1.1941333e+00   5.6656498e-01
   9.7400000e+02   1.1948888e+00   5.6906720e-01
   9.7500000e+02   1.1967350e+00   5.7186459e-01
   9.7600000e+02   1.1994200e+00   5.7631147e-01
   9.7700000e+02   1.2014423e+00   5.7674907e-01
   9.7800000e+02   1.2025194e+00   5.7861198e-01
   9.7900000e+02   1.2028178e+00   5.7837919e-01
   9.8000000e+02   1.2023470e+00   5.7660007e-01
   9.8100000e+02   1.2029502e+00   5.7433628e-01
   9.8200000e+02   1.2042635e+00   5.7162106e-01
   9.8300000e+02   1.2065814e+00   5.6871914e-01
   9.8400000e+02   1.2098285e+00   5.6551952e-01
   9.8500000e+02   1.2141374e+00   5.6233092e-01
   9.8600000e+02   1.2183590e+00   5.5845996e-01
   9.8700000e+02   1.2225752e+00   5.5419901e-01
   9.8800000e+02   1.2267070e+00   5.4968148e-01
   9.8900000e+02   1.2303202e+00   5.4618020e-01
   9.9000000e+02   1.2335615e+00   5.4330325e-01
   9.9100000e+02   1.2361651e+00   5.4079175e-01
   9.9200000e+02   1.2389445e+00   5.3927316e-01
   9.9300000e+02   1.2424924e+00   5.3958910e-01
   9.9400000e+02   1.2475114e+00   5.4027321e-01
   9.9500000e+02   1.2538359e+00   5.4141233e-01
   9.9600000e+02   1.2614242e+00   5.4365150e-01
   9.9700000e+02   1.2712020e+00   5.4568108e-01
   9.9800000e+02   1.2793895e+00   5.4762899e-01
   9.9900000e+02   1.2888036e+00   5.4958153e-01
   1.0000000e+03   1.2974880e+00   5.5052532e-01
   1.0010000e+03   1.3073542e+00   5.5072510e-01
   1.0020000e+03   1.3184575e+00   5.4937615e-01
   1.0030000e+03   1.3322383e+00   5.4743574e-01
   1.0040000e+03   1.3459680e+00   5.4571588e-01
   1.0050000e+03   1.3627805e+00   5.4308163e-01
   1.0060000e+03   1.3798059e+00   5.4210072e-01
   1.0070000e+03   1.3966559e+00   5.3656308e-01
   1.0080000e+03   1.4138812e+00   5.2627535e-01
   1.0090000e+03   1.4306624e+00   5.1586610e-01
   1.0100000e+03   1.4438859e+00   4.9697981e-01
   1.0110000e+03   1.4562898e+00   4.7630377e-01
   1.0120000e+03   1.4640508e+00   4.5825248e-01
   1.0130000e+03   1.4688724e+00   4.4395772e-01
   1.0140000e+03   1.4708068e+00   4.3457995e-01
   1.0150000e+03   1.4736082e+00   4.2700383e-01
   1.0160000e+03   1.4805359e+00   4.1246492e-01
   1.0170000e+03   1.4869546e+00   3.9611739e-01
   1.0180000e+03   1.4923171e+00   3.7996453e-01
   1.0190000e+03   1.4939087e+00   3.6998412e-01
   1.0200000e+03   1.4942093e+00   3.6721483e-01
   1.0210000e+03   1.4944883e+00   3.6844497e-01
   1.0220000e+03   1.4983660e+00   3.6945527e-01
   1.0230000e+03   1.5058702e+00   3.6951722e-01
   1.0240000e+03   1.5136734e+00   3.6683208e-01
   1.0250000e+03   1.5207303e+00   3.6297161e-01
   1.0260000e+03   1.5254674e+00   3.6023977e-01
   1.0270000e+03   1.5284556e+00   3.5918846e-01
   1.0280000e+03   1.5327542e+00   3.6142707e-01
   1.0290000e+03   1.5349384e+00   3.6502958e-01
   1.0300000e+03   1.5346057e+00   3.6969302e-01
   1.0310000e+03   1.5334490e+00   3.7347748e-01
   1.0320000e+03   1.5314425e+00   3.7688260e-01
   1.0330000e+03   1.5288005e+00   3.8142178e-01
   1.0340000e+03   1.5237846e+00   3.8268222e-01
   1.0350000e+03   1.5183911e+00   3.8454392e-01
   1.0360000e+03   1.5111205e+00   3.8496280e-01
   1.0370000e+03   1.5026973e+00   3.8660541e-01
   1.0380000e+03   1.4938989e+00   3.8822379e-01
   1.0390000e+03   1.4823283e+00   3.8847631e-01
   1.0400000e+03   1.4679530e+00   3.8954562e-01
   1.0410000e+03   1.4585098e+00   3.9160250e-01
   1.0420000e+03   1.4527033e+00   3.9442833e-01
   1.0430000e+03   1.4487899e+00   3.9543823e-01
   1.0440000e+03   1.4476275e+00   3.9636200e-01
   1.0450000e+03   1.4438010e+00   3.9590392e-01
   1.0460000e+03   1.4405782e+00   3.9280799e-01
   1.0470000e+03   1.4334605e+00   3.8912868e-01
   1.0480000e+03   1.4249298e+00   3.8722863e-01
   1.0490000e+03   1.4155554e+00   3.8762936e-01
   1.0500000e+03   1.4053038e+00   3.8830706e-01
   1.0510000e+03   1.3977108e+00   3.8941976e-01
   1.0520000e+03   1.3922697e+00   3.8275679e-01
   1.0530000e+03   1.3741449e+00   4.0028457e-01
   1.0540000e+03   1.3955691e+00   4.0983186e-01
   1.0550000e+03   1.3993410e+00   4.1747507e-01
   1.0560000e+03   1.3964374e+00   4.2223542e-01
   1.0570000e+03   1.4073902e+00   4.2651820e-01
   1.0580000e+03   1.4050220e+00   4.2725190e-01
   1.0590000e+03   1.4016701e+00   4.2451116e-01
   1.0600000e+03   1.3975503e+00   4.2250626e-01
   1.0610000e+03   1.3945824e+00   4.1967411e-01
   1.0620000e+03   1.3921619e+00   4.1788956e-01
   1.0630000e+03   1.3902873e+00   4.1697331e-01
   1.0640000e+03   1.3884678e+00   4.1609175e-01
   1.0650000e+03   1.3849973e+00   4.1499990e-01
   1.0660000e+03   1.3817511e+00   4.1408513e-01
   1.0670000e+03   1.3783677e+00   4.1292793e-01
   1.0680000e+03   1.3713596e+00   4.1269151e-01
   1.0690000e+03   1.3655483e+00   4.1606657e-01
   1.0700000e+03   1.3595465e+00   4.1382382e-01
   1.0710000e+03   1.3476859e+00   4.1496314e-01
   1.0720000e+03   1.3337770e+00   4.0837099e-01
   1.0730000e+03   1.3190131e+00   4.1230137e-01
   1.0740000e+03   1.3031902e+00   4.0966295e-01
   1.0750000e+03   1.2928774e+00   4.0709970e-01
   1.0760000e+03   1.2756909e+00   4.1930633e-01
   1.0770000e+03   1.2754479e+00   4.1152825e-01
   1.0780000e+03   1.2697252e+00   4.1710404e-01
   1.0790000e+03   1.2685856e+00   4.2101275e-01
   1.0800000e+03   1.2642983e+00   4.2347834e-01
   1.0810000e+03   1.2648312e+00   4.2834031e-01
   1.0820000e+03   1.2629685e+00   4.3632735e-01
   1.0830000e+03   1.2623480e+00   4.4695758e-01
   1.0840000e+03   1.2616121e+00   4.5756353e-01
   1.0850000e+03   1.2616027e+00   4.6513253e-01
   1.0860000e+03   1.2595345e+00   4.6930978e-01
   1.0870000e+03   1.2563850e+00   4.7005983e-01
   1.0880000e+03   1.2517419e+00   4.6829239e-01
   1.0890000e+03   1.2477838e+00   4.6476999e-01
   1.0900000e+03   1.2442173e+00   4.6079105e-01
   1.0910000e+03   1.2408977e+00   4.5749374e-01
   1.0920000e+03   1.2368708e+00   4.5576186e-01
   1.0930000e+03   1.2323541e+00   4.5544354e-01
   1.0940000e+03   1.2264559e+00   4.5928219e-01
   1.0950000e+03   1.2193729e+00   4.6363665e-01
   1.0960000e+03   1.2092627e+00   4.6893675e-01
   1.0970000e+03   1.2001382e+00   4.7163744e-01
   1.0980000e+03   1.1911133e+00   4.7619733e-01
   1.0990000e+03   1.1845299e+00   4.7999700e-01
   1.1000000e+03   1.1787049e+00   4.8468083e-01
   1.1010000e+03   1.1730436e+00   4.9080224e-01
   1.1020000e+03   1.1702276e+00   4.9607237e-01
   1.1030000e+03   1.1674044e+00   5.0058228e-01
   1.1040000e+03   1.1644957e+00   5.0249301e-01
   1.1050000e+03   1.1583308e+00   5.0264488e-01
   1.1060000e+03   1.1545136e+00   5.0280528e-01
   1.1070000e+03   1.1509481e+00   5.0345253e-01
   1.1080000e+03   1.1473756e+00   5.0521508e-01
   1.1090000e+03   1.1439795e+00   5.0556738e-01
   1.1100000e+03   1.1415372e+00   5.0394270e-01
   1.1110000e+03   1.1395692e+00   4.9877096e-01
   1.1120000e+03   1.1373599e+00   4.9031820e-01
   1.1130000e+03   1.1332391e+00   4.7774188e-01
   1.1140000e+03   1.1280782e+00   4.6597249e-01
   1.1150000e+03   1.1271151e+00   4.6149744e-01
   1.1160000e+03   1.1297920e+00   4.5580744e-01
   1.1170000e+03   1.1331512e+00   4.5025933e-01
   1.1180000e+03   1.1360689e+00   4.4291665e-01
   1.1190000e+03   1.1385022e+00   4.4027772e-01
   1.1200000e+03   1.1427707e+00   4.3973138e-01
   1.1210000e+03   1.1501073e+00   4.4268095e-01
   1.1220000e+03   1.1597390e+00   4.4677061e-01
   1.1230000e+03   1.1698027e+00   4.5274841e-01
   1.1240000e+03   1.1790413e+00   4.6044870e-01
   1.1250000e+03   1.1865032e+00   4.6968479e-01
   1.1260000e+03   1.1929166e+00   4.7965942e-01
   1.1270000e+03   1.2007189e+00   4.9207634e-01
   1.1280000e+03   1.2100550e+00   5.0339467e-01
   1.1290000e+03   1.2221096e+00   5.1289297e-01
   1.1300000e+03   1.2324476e+00   5.2168163e-01
   1.1310000e+03   1.2415044e+00   5.2920260e-01
   1.1320000e+03   1.2497663e+00   5.3474314e-01
   1.1330000e+03   1.2557589e+00   5.3973696e-01
   1.1340000e+03   1.2597109e+00   5.4459018e-01
   1.1350000e+03   1.2622410e+00   5.4942137e-01
   1.1360000e+03   1.2634731e+00   5.5368406e-01
   1.1370000e+03   1.2639020e+00   5.5641491e-01
   1.1380000e+03   1.2631177e+00   5.5758539e-01
   1.1390000e+03   1.2614924e+00   5.5862531e-01
   1.1400000e+03   1.2581522e+00   5.5991300e-01
   1.1410000e+03   1.2538009e+00   5.6098125e-01
   1.1420000e+03   1.2470756e+00   5.6344164e-01
   1.1430000e+03   1.2407885e+00   5.6578794e-01
   1.1440000e+03   1.2349728e+00   5.6635713e-01
   1.1450000e+03   1.2282517e+00   5.6716693e-01
   1.1460000e+03   1.2217294e+00   5.6849086e-01
   1.1470000e+03   1.2150482e+00   5.6856375e-01
   1.1480000e+03   1.2100050e+00   5.6775478e-01
   1.1490000e+03   1.2055966e+00   5.6542622e-01
   1.1500000e+03   1.2017959e+00   5.6208055e-01
   1.1510000e+03   1.1978297e+00   5.5822915e-01
   1.1520000e+03   1.1937219e+00   5.5374198e-01
   1.1530000e+03   1.1906678e+00   5.4693275e-01
   1.1540000e+03   1.1868707e+00   5.4091836e-01
   1.1550000e+03   1.1824002e+00   5.3445523e-01
   1.1560000e+03   1.1774265e+00   5.2808570e-01
   1.1570000e+03   1.1737708e+00   5.2226578e-01
   1.1580000e+03   1.1724185e+00   5.1666379e-01
   1.1590000e+03   1.1718455e+00   5.1168454e-01
   1.1600000e+03   1.1712727e+00   5.0651078e-01
   1.1610000e+03   1.1705586e+00   4.9972999e-01
   1.1620000e+03   1.1720370e+00   4.9238483e-01
   1.1630000e+03   1.1765819e+00   4.8385139e-01
   1.1640000e+03   1.1822030e+00   4.7533905e-01
   1.1650000e+03   1.1886726e+00   4.6561367e-01
   1.1660000e+03   1.1936778e+00   4.6141094e-01
   1.1670000e+03   1.1975901e+00   4.6006211e-01
   1.1680000e+03   1.2013905e+00   4.6021932e-01
   1.1690000e+03   1.2040977e+00   4.6139087e-01
   1.1700000e+03   1.2060816e+00   4.6287300e-01
   1.1710000e+03   1.2060210e+00   4.6423646e-01
   1.1720000e+03   1.2041078e+00   4.6665278e-01
   1.1730000e+03   1.2004220e+00   4.6884536e-01
   1.1740000e+03   1.1963731e+00   4.7096732e-01
   1.1750000e+03   1.1925824e+00   4.7337584e-01
   1.1760000e+03   1.1894266e+00   4.7470830e-01
   1.1770000e+03   1.1857932e+00   4.7649568e-01
   1.1780000e+03   1.1800703e+00   4.7656477e-01
   1.1790000e+03   1.1720690e+00   4.7786646e-01
   1.1800000e+03   1.1617882e+00   4.7956691e-01
   1.1810000e+03   1.1484958e+00   4.8245098e-01
   1.1820000e+03   1.1337745e+00   4.8742623e-01
   1.1830000e+03   1.1160414e+00   4.9231532e-01
   1.1840000e+03   1.0966466e+00   4.9666065e-01
   1.1850000e+03   1.0782309e+00   5.0092769e-01
   1.1860000e+03   1.0605779e+00   5.0618442e-01
   1.1870000e+03   1.0430551e+00   5.0893426e-01
   1.1880000e+03   1.0266913e+00   5.1119541e-01
   1.1890000e+03   1.0097562e+00   5.1153813e-01
   1.1900000e+03   9.9643605e-01   5.1005284e-01
   1.1910000e+03   9.8770907e-01   5.0629882e-01
   1.1920000e+03   9.8167979e-01   5.0292118e-01
   1.1930000e+03   9.7920095e-01   5.0231087e-01
   1.1940000e+03   9.7760909e-01   5.0253705e-01
   1.1950000e+03   9.7626198e-01   5.0506945e-01
   1.1960000e+03   9.7199045e-01   5.0583280e-01
   1.1970000e+03   9.6860078e-01   5.1520964e-01
   1.1980000e+03   9.6681825e-01   5.1034280e-01
   1.1990000e+03   9.6609721e-01   5.1157773e-01
   1.2000000e+03   9.6802128e-01   5.1487477e-01
   1.2010000e+03   9.6808618e-01   5.1813380e-01
   1.2020000e+03   9.6613154e-01   5.5306949e-01
   1.2030000e+03   9.7716415e-01   5.3179249e-01
   1.2040000e+03   9.6347423e-01   5.3779006e-01
   1.2050000e+03   9.5911626e-01   5.4463019e-01
   1.2060000e+03   9.5326199e-01   5.4995532e-01
   1.2070000e+03   9.4552736e-01   5.5293726e-01
   1.2080000e+03   9.3957861e-01   5.5551223e-01
   1.2090000e+03   9.4204045e-01   5.6087678e-01
   1.2100000e+03   9.2288016e-01   5.6216463e-01
   1.2110000e+03   9.1394621e-01   5.6236314e-01
   1.2120000e+03   9.0850875e-01   5.6379875e-01
   1.2130000e+03   9.0137171e-01   5.6244920e-01
   1.2140000e+03   8.9521850e-01   5.5895659e-01
   1.2150000e+03   8.9086231e-01   5.5332195e-01
   1.2160000e+03   8.8988868e-01   5.4635830e-01
   1.2170000e+03   8.9100106e-01   5.3751780e-01
   1.2180000e+03   8.9276834e-01   5.2910935e-01
   1.2190000e+03   8.9451699e-01   5.2280892e-01
   1.2200000e+03   8.9668522e-01   5.1952824e-01
   1.2210000e+03   8.9840729e-01   5.1829258e-01
   1.2220000e+03   9.0042181e-01   5.1967562e-01
   1.2230000e+03   9.0410617e-01   5.2283881e-01
   1.2240000e+03   9.0770775e-01   5.2588035e-01
   1.2250000e+03   9.1030677e-01   5.2748372e-01
   1.2260000e+03   9.1382232e-01   5.2803498e-01
   1.2270000e+03   9.1512238e-01   5.2791997e-01
   1.2280000e+03   9.1793080e-01   5.2676735e-01
   1.2290000e+03   9.1912866e-01   5.2814466e-01
   1.2300000e+03   9.1992520e-01   5.3210357e-01
   1.2310000e+03   9.2500795e-01   5.4041328e-01
   1.2320000e+03   9.2620932e-01   5.3740295e-01
   1.2330000e+03   9.2452411e-01   5.4089059e-01
   1.2340000e+03   9.2303324e-01   5.4253775e-01
   1.2350000e+03   9.2164844e-01   5.4378160e-01
   1.2360000e+03   9.1507251e-01   5.4555193e-01
   1.2370000e+03   9.0666737e-01   5.4981057e-01
   1.2380000e+03   9.0071290e-01   5.5150584e-01
   1.2390000e+03   8.9423335e-01   5.5313381e-01
   1.2400000e+03   8.8782624e-01   5.5498194e-01
   1.2410000e+03   8.7950572e-01   5.5708952e-01
   1.2420000e+03   8.7168268e-01   5.5986556e-01
   1.2430000e+03   8.6481270e-01   5.6232291e-01
   1.2440000e+03   8.5742037e-01   5.6433779e-01
   1.2450000e+03   8.5062007e-01   5.6478240e-01
   1.2460000e+03   8.4406339e-01   5.6419989e-01
   1.2470000e+03   8.3914340e-01   5.6312942e-01
   1.2480000e+03   8.3643976e-01   5.6083492e-01
   1.2490000e+03   8.3358334e-01   5.5923603e-01
   1.2500000e+03   8.3472233e-01   5.5397853e-01
   1.2510000e+03   8.3803032e-01   5.4731651e-01
   1.2520000e+03   8.4643433e-01   5.3939503e-01
   1.2530000e+03   8.5658310e-01   5.3137096e-01
   1.2540000e+03   8.6744499e-01   5.2305475e-01
   1.2550000e+03   8.7640946e-01   5.1469546e-01
   1.2560000e+03   8.8512447e-01   5.0918037e-01
   1.2570000e+03   8.9625974e-01   5.0469355e-01
   1.2580000e+03   9.1203364e-01   5.0050323e-01
   1.2590000e+03   9.3379651e-01   4.9415834e-01
   1.2600000e+03   9.5987175e-01   4.8705053e-01
   1.2610000e+03   9.9008331e-01   4.7637515e-01
   1.2620000e+03   1.0201566e+00   4.6546456e-01
   1.2630000e+03   1.0501472e+00   4.5267333e-01
   1.2640000e+03   1.0777230e+00   4.3681997e-01
   1.2650000e+03   1.1029061e+00   4.2588513e-01
   1.2660000e+03   1.1284047e+00   4.0949061e-01
   1.2670000e+03   1.1431355e+00   3.9523828e-01
   1.2680000e+03   1.1421786e+00   3.9754017e-01
   1.2690000e+03   1.1482427e+00   3.8454177e-01
   1.2700000e+03   1.1514253e+00   3.7241426e-01
   1.2710000e+03   1.1529999e+00   3.6328704e-01
   1.2720000e+03   1.1712074e+00   3.4642810e-01
   1.2730000e+03   1.1717470e+00   3.4026144e-01
   1.2740000e+03   1.1740513e+00   3.2761516e-01
   1.2750000e+03   1.1797458e+00   3.1369676e-01
   1.2760000e+03   1.1926010e+00   2.9952207e-01
   1.2770000e+03   1.2093256e+00   2.8768318e-01
   1.2780000e+03   1.2252159e+00   2.7684175e-01
   1.2790000e+03   1.2374705e+00   2.6613486e-01
   1.2800000e+03   1.2472492e+00   2.5830646e-01
   1.2810000e+03   1.2533568e+00   2.5179484e-01
   1.2820000e+03   1.2619745e+00   2.4346578e-01
   1.2830000e+03   1.2695707e+00   2.3437241e-01
   1.2840000e+03   1.2760108e+00   2.2731548e-01
   1.2850000e+03   1.2813457e+00   2.2660175e-01
   1.2860000e+03   1.2836989e+00   2.2658888e-01
   1.2870000e+03   1.2845321e+00   2.2705529e-01
   1.2880000e+03   1.2838543e+00   2.2569963e-01
   1.2890000e+03   1.2850053e+00   2.2514580e-01
   1.2900000e+03   1.2877867e+00   2.2760186e-01
   1.2910000e+03   1.2923091e+00   2.3319852e-01
   1.2920000e+03   1.2972292e+00   2.4097425e-01
   1.2930000e+03   1.3002895e+00   2.4940999e-01
   1.2940000e+03   1.3012444e+00   2.5764386e-01
   1.2950000e+03   1.2996218e+00   2.6504430e-01
   1.2960000e+03   1.2968300e+00   2.6938957e-01
   1.2970000e+03   1.2931726e+00   2.7142736e-01
   1.2980000e+03   1.2879211e+00   2.6963042e-01
   1.2990000e+03   1.2811699e+00   2.6646274e-01
   1.3000000e+03   1.2716466e+00   2.6318831e-01
   1.3010000e+03   1.2592072e+00   2.6262823e-01
   1.3020000e+03   1.2485485e+00   2.6398971e-01
   1.3030000e+03   1.2383317e+00   2.6677760e-01
   1.3040000e+03   1.2288227e+00   2.7109175e-01
   1.3050000e+03   1.2229432e+00   2.7606256e-01
   1.3060000e+03   1.2190766e+00   2.7997727e-01
   1.3070000e+03   1.2169815e+00   2.8298175e-01
   1.3080000e+03   1.2166933e+00   2.8549986e-01
   1.3090000e+03   1.2184808e+00   2.8837827e-01
   1.3100000e+03   1.2211931e+00   2.9116916e-01
   1.3110000e+03   1.2263501e+00   2.9391750e-01
   1.3120000e+03   1.2320455e+00   2.9619055e-01
   1.3130000e+03   1.2388343e+00   2.9970233e-01
   1.3140000e+03   1.2458650e+00   3.0331276e-01
   1.3150000e+03   1.2529973e+00   3.0571675e-01
   1.3160000e+03   1.2606342e+00   3.0788515e-01
   1.3170000e+03   1.2665385e+00   3.1104545e-01
   1.3180000e+03   1.2695585e+00   3.1499427e-01
   1.3190000e+03   1.2696301e+00   3.1734675e-01
   1.3200000e+03   1.2666689e+00   3.1719361e-01
   1.3210000e+03   1.2604202e+00   3.1429634e-01
   1.3220000e+03   1.2535243e+00   3.1101689e-01
   1.3230000e+03   1.2464125e+00   3.0390453e-01
   1.3240000e+03   1.2404909e+00   2.9725400e-01
   1.3250000e+03   1.2341704e+00   2.8929687e-01
   1.3260000e+03   1.2328333e+00   2.8656598e-01
   1.3270000e+03   1.2344732e+00   2.9060370e-01
   1.3280000e+03   1.2396329e+00   3.0000764e-01
   1.3290000e+03   1.2383729e+00   3.0033174e-01
   1.3300000e+03   1.2357429e+00   2.9861211e-01
   1.3310000e+03   1.2334995e+00   2.9282137e-01
   1.3320000e+03   1.2311095e+00   2.9241813e-01
   1.3330000e+03   1.2481282e+00   2.9092840e-01
   1.3340000e+03   1.2215314e+00   2.9590688e-01
   1.3350000e+03   1.2179167e+00   2.9609417e-01
   1.3360000e+03   1.2146884e+00   2.9501569e-01
   1.3370000e+03   1.2131575e+00   2.9379322e-01
   1.3380000e+03   1.2115909e+00   2.9167140e-01
   1.3390000e+03   1.2119579e+00   2.9253065e-01
   1.3400000e+03   1.2162164e+00   2.9558264e-01
   1.3410000e+03   1.2185602e+00   2.8715525e-01
   1.3420000e+03   1.2235274e+00   2.8472010e-01
   1.3430000e+03   1.2286121e+00   2.8303275e-01
   1.3440000e+03   1.2340526e+00   2.8138911e-01
   1.3450000e+03   1.2501696e+00   2.9391626e-01
   1.3460000e+03   1.2433396e+00   2.7584329e-01
   1.3470000e+03   1.2486875e+00   2.7690611e-01
   1.3480000e+03   1.2538312e+00   2.7562506e-01
   1.3490000e+03   1.2588472e+00   2.7595351e-01
   1.3500000e+03   1.2638033e+00   2.7693995e-01
   1.3510000e+03   1.2717334e+00   2.7590461e-01
   1.3520000e+03   1.2809489e+00   2.7787306e-01
   1.3530000e+03   1.2876591e+00   2.7239623e-01
   1.3540000e+03   1.2941677e+00   2.7049024e-01
   1.3550000e+03   1.3001820e+00   2.7073906e-01
   1.3560000e+03   1.3026319e+00   2.7132495e-01
   1.3570000e+03   1.3051484e+00   2.7449355e-01
   1.3580000e+03   1.3039967e+00   2.7774052e-01
   1.3590000e+03   1.3029548e+00   2.8152076e-01
   1.3600000e+03   1.3006471e+00   2.8290162e-01
   1.3610000e+03   1.3012118e+00   2.8659849e-01
   1.3620000e+03   1.2981858e+00   2.8771615e-01
   1.3630000e+03   1.2960677e+00   2.9010699e-01
   1.3640000e+03   1.2928309e+00   2.9147383e-01
   1.3650000e+03   1.2906030e+00   2.9189773e-01
   1.3660000e+03   1.2876701e+00   2.9105852e-01
   1.3670000e+03   1.2855934e+00   2.9158370e-01
   1.3680000e+03   1.2866668e+00   2.9283527e-01
   1.3690000e+03   1.2862326e+00   2.9418676e-01
   1.3700000e+03   1.2848426e+00   2.9597344e-01
   1.3710000e+03   1.2841397e+00   2.9825210e-01
   1.3720000e+03   1.2836276e+00   2.9987294e-01
   1.3730000e+03   1.2835042e+00   2.9963770e-01
   1.3740000e+03   1.2833147e+00   2.9806088e-01
   1.3750000e+03   1.2826005e+00   2.9499192e-01
   1.3760000e+03   1.2812099e+00   2.9085144e-01
   1.3770000e+03   1.2804168e+00   2.9039416e-01
   1.3780000e+03   1.2770628e+00   2.9178779e-01
   1.3790000e+03   1.2723840e+00   2.9331757e-01
   1.3800000e+03   1.2645866e+00   2.9300039e-01
   1.3810000e+03   1.2553508e+00   2.9021246e-01
   1.3820000e+03   1.2455078e+00   2.8896437e-01
   1.3830000e+03   1.2324311e+00   2.8725026e-01
   1.3840000e+03   1.2175276e+00   2.8776883e-01
   1.3850000e+03   1.1991702e+00   2.9017676e-01
   1.3860000e+03   1.1782058e+00   2.9771734e-01
   1.3870000e+03   1.1546861e+00   3.0745223e-01
   1.3880000e+03   1.1274536e+00   3.2168954e-01
   1.3890000e+03   1.0997799e+00   3.3207053e-01
   1.3900000e+03   1.0735731e+00   3.3698963e-01
   1.3910000e+03   1.0564412e+00   3.3837314e-01
   1.3920000e+03   1.0511124e+00   3.3797921e-01
   1.3930000e+03   1.0543348e+00   3.3422736e-01
   1.3940000e+03   1.0598071e+00   3.2573403e-01
   1.3950000e+03   1.0663018e+00   3.1682800e-01
   1.3960000e+03   1.0735791e+00   3.0741568e-01
   1.3970000e+03   1.0797898e+00   3.0091301e-01
   1.3980000e+03   1.0810465e+00   2.9645089e-01
   1.3990000e+03   1.0782611e+00   2.9150522e-01
   1.4000000e+03   1.0699931e+00   2.8710414e-01
   1.4010000e+03   1.0577790e+00   2.8475570e-01
   1.4020000e+03   1.0429446e+00   2.8511793e-01
   1.4030000e+03   1.0278379e+00   2.8620472e-01
   1.4040000e+03   1.0098835e+00   2.8531950e-01
   1.4050000e+03   9.8933434e-01   2.8386434e-01
   1.4060000e+03   9.6266136e-01   2.7995876e-01
   1.4070000e+03   9.3633341e-01   2.7513354e-01
   1.4080000e+03   9.0636306e-01   2.7153528e-01
   1.4090000e+03   8.7119072e-01   2.7173318e-01
   1.4100000e+03   8.3425094e-01   2.7175020e-01
   1.4110000e+03   7.9743473e-01   2.7100202e-01
   1.4120000e+03   7.6060703e-01   2.6542887e-01
   1.4130000e+03   7.2276077e-01   2.5490857e-01
   1.4140000e+03   6.9109311e-01   2.4349132e-01
   1.4150000e+03   6.6435312e-01   2.3321907e-01
   1.4160000e+03   6.4330331e-01   2.2485999e-01
   1.4170000e+03   6.2803847e-01   2.2166727e-01
   1.4180000e+03   6.0948686e-01   2.1944162e-01
   1.4190000e+03   5.9294838e-01   2.2354691e-01
   1.4200000e+03   5.8116912e-01   2.2868194e-01
   1.4210000e+03   5.6740739e-01   2.3076129e-01
   1.4220000e+03   5.4895654e-01   2.2807749e-01
   1.4230000e+03   5.3115305e-01   2.2478409e-01
   1.4240000e+03   5.1118740e-01   2.2363662e-01
   1.4250000e+03   4.9120528e-01   2.2352066e-01
   1.4260000e+03   4.7134730e-01   2.2531657e-01
   1.4270000e+03   4.5012097e-01   2.2714855e-01
   1.4280000e+03   4.3080985e-01   2.2955112e-01
   1.4290000e+03   4.1023162e-01   2.3095334e-01
   1.4300000e+03   3.9239247e-01   2.3277226e-01
   1.4310000e+03   3.7117100e-01   2.3378253e-01
   1.4320000e+03   3.4567936e-01   2.3341428e-01
   1.4330000e+03   3.2079933e-01   2.3401150e-01
   1.4340000e+03   3.0037776e-01   2.3197914e-01
   1.4350000e+03   2.8098090e-01   2.2273059e-01
   1.4360000e+03   2.5749551e-01   2.0855327e-01
   1.4370000e+03   2.3499353e-01   1.8969144e-01
   1.4380000e+03   2.1335698e-01   1.6572559e-01
   1.4390000e+03   1.9448082e-01   1.3841110e-01
   1.4400000e+03   1.7963150e-01   1.0420171e-01
