   8.6800000e+02   2.7632077e+00   2.9731246e+00
   8.6900000e+02   2.7452814e+00   2.9733158e+00
   8.7000000e+02   2.7270707e+00   2.9721964e+00
   8.7100000e+02   2.7090021e+00   2.9715797e+00
   8.7200000e+02   2.6912073e+00   2.9708811e+00
   8.7300000e+02   2.6730626e+00   2.9694742e+00
   8.7400000e+02   2.6563600e+00   2.9677431e+00
   8.7500000e+02   2.6399714e+00   2.9658985e+00
   8.7600000e+02   2.6232564e+00   2.9636491e+00
   8.7700000e+02   2.6074727e+00   2.9609400e+00
   8.7800000e+02   2.5929929e+00   2.9586048e+00
   8.7900000e+02   2.5813824e+00   2.9561849e+00
   8.8000000e+02   2.5714031e+00   2.9520503e+00
   8.8100000e+02   2.5632061e+00   2.9469472e+00
   8.8200000e+02   2.5559551e+00   2.9410063e+00
   8.8300000e+02   2.5492069e+00   2.9335321e+00
   8.8400000e+02   2.5453381e+00   2.9257247e+00
   8.8500000e+02   2.5437208e+00   2.9184864e+00
   8.8600000e+02   2.5458137e+00   2.9103041e+00
   8.8700000e+02   2.5493084e+00   2.9033138e+00
   8.8800000e+02   2.5548689e+00   2.8960258e+00
   8.8900000e+02   2.5606033e+00   2.8884714e+00
   8.9000000e+02   2.5662817e+00   2.8797731e+00
   8.9100000e+02   2.5718213e+00   2.8709506e+00
   8.9200000e+02   2.5769992e+00   2.8612693e+00
   8.9300000e+02   2.5812481e+00   2.8523509e+00
   8.9400000e+02   2.5849887e+00   2.8439495e+00
   8.9500000e+02   2.5889522e+00   2.8355689e+00
   8.9600000e+02   2.5927357e+00   2.8283780e+00
   8.9700000e+02   2.5951484e+00   2.8227518e+00
   8.9800000e+02   2.5971310e+00   2.8184769e+00
   8.9900000e+02   2.5982608e+00   2.8156273e+00
   9.0000000e+02   2.5996445e+00   2.8133472e+00
   9.0100000e+02   2.6014905e+00   2.8124758e+00
   9.0200000e+02   2.6032182e+00   2.8111405e+00
   9.0300000e+02   2.6050952e+00   2.8098738e+00
   9.0400000e+02   2.6078017e+00   2.8083408e+00
   9.0500000e+02   2.6118019e+00   2.8059128e+00
   9.0600000e+02   2.6156873e+00   2.8027951e+00
   9.0700000e+02   2.6192707e+00   2.7990470e+00
   9.0800000e+02   2.6225412e+00   2.7945895e+00
   9.0900000e+02   2.6261846e+00   2.7893165e+00
   9.1000000e+02   2.6286814e+00   2.7832265e+00
   9.1100000e+02   2.6310491e+00   2.7771010e+00
   9.1200000e+02   2.6328798e+00   2.7717331e+00
   9.1300000e+02   2.6350930e+00   2.7647667e+00
   9.1400000e+02   2.6368993e+00   2.7598486e+00
   9.1500000e+02   2.6385696e+00   2.7548762e+00
   9.1600000e+02   2.6380553e+00   2.7503544e+00
   9.1700000e+02   2.6369941e+00   2.7455906e+00
   9.1800000e+02   2.6347839e+00   2.7402879e+00
   9.1900000e+02   2.6318430e+00   2.7351243e+00
   9.2000000e+02   2.6274643e+00   2.7301461e+00
   9.2100000e+02   2.6228332e+00   2.7260657e+00
   9.2200000e+02   2.6180079e+00   2.7228389e+00
   9.2300000e+02   2.6119026e+00   2.7204031e+00
   9.2400000e+02   2.6058270e+00   2.7186213e+00
   9.2500000e+02   2.5993177e+00   2.7158588e+00
   9.2600000e+02   2.5917946e+00   2.7143847e+00
   9.2700000e+02   2.5835548e+00   2.7128169e+00
   9.2800000e+02   2.5755756e+00   2.7110202e+00
   9.2900000e+02   2.5675504e+00   2.7089196e+00
   9.3000000e+02   2.5600117e+00   2.7069864e+00
   9.3100000e+02   2.5540308e+00   2.7050061e+00
   9.3200000e+02   2.5491295e+00   2.7034457e+00
   9.3300000e+02   2.5459305e+00   2.7017361e+00
   9.3400000e+02   2.5441128e+00   2.7006458e+00
   9.3500000e+02   2.5441341e+00   2.6998473e+00
   9.3600000e+02   2.5448805e+00   2.6998245e+00
   9.3700000e+02   2.5456916e+00   2.6998872e+00
   9.3800000e+02   2.5483922e+00   2.7001931e+00
   9.3900000e+02   2.5515697e+00   2.7007380e+00
   9.4000000e+02   2.5558723e+00   2.7017122e+00
   9.4100000e+02   2.5602894e+00   2.7032311e+00
   9.4200000e+02   2.5653955e+00   2.7049658e+00
   9.4300000e+02   2.5696897e+00   2.7065592e+00
   9.4400000e+02   2.5739580e+00   2.7083007e+00
   9.4500000e+02   2.5779346e+00   2.7099354e+00
   9.4600000e+02   2.5812403e+00   2.7120383e+00
   9.4700000e+02   2.5839895e+00   2.7137793e+00
   9.4800000e+02   2.5861880e+00   2.7152540e+00
   9.4900000e+02   2.5878807e+00   2.7163812e+00
   9.5000000e+02   2.5892313e+00   2.7189099e+00
   9.5100000e+02   2.5905529e+00   2.7214044e+00
   9.5200000e+02   2.5917724e+00   2.7231693e+00
   9.5300000e+02   2.5932515e+00   2.7258622e+00
   9.5400000e+02   2.5943320e+00   2.7279173e+00
   9.5500000e+02   2.5943548e+00   2.7293439e+00
   9.5600000e+02   2.5942704e+00   2.7311967e+00
   9.5700000e+02   2.5943277e+00   2.7322349e+00
   9.5800000e+02   2.5946302e+00   2.7338459e+00
   9.5900000e+02   2.5955157e+00   2.7352503e+00
   9.6000000e+02   2.5961824e+00   2.7370609e+00
   9.6100000e+02   2.5970155e+00   2.7391503e+00
   9.6200000e+02   2.5982048e+00   2.7408585e+00
   9.6300000e+02   2.5996856e+00   2.7429043e+00
   9.6400000e+02   2.6010015e+00   2.7445419e+00
   9.6500000e+02   2.6026941e+00   2.7462202e+00
   9.6600000e+02   2.6039721e+00   2.7480846e+00
   9.6700000e+02   2.6057755e+00   2.7496936e+00
   9.6800000e+02   2.6073062e+00   2.7514983e+00
   9.6900000e+02   2.6088433e+00   2.7540786e+00
   9.7000000e+02   2.6097996e+00   2.7560239e+00
   9.7100000e+02   2.6105457e+00   2.7583002e+00
   9.7200000e+02   2.6116007e+00   2.7605592e+00
   9.7300000e+02   2.6123983e+00   2.7635315e+00
   9.7400000e+02   2.6124178e+00   2.7654490e+00
   9.7500000e+02   2.6125483e+00   2.7672181e+00
   9.7600000e+02   2.6120891e+00   2.7685295e+00
   9.7700000e+02   2.6115991e+00   2.7684671e+00
   9.7800000e+02   2.6104242e+00   2.7684214e+00
   9.7900000e+02   2.6082872e+00   2.7679406e+00
   9.8000000e+02   2.6065379e+00   2.7674868e+00
   9.8100000e+02   2.6045794e+00   2.7658794e+00
   9.8200000e+02   2.6021003e+00   2.7649383e+00
   9.8300000e+02   2.6000074e+00   2.7635872e+00
   9.8400000e+02   2.5974108e+00   2.7627467e+00
   9.8500000e+02   2.5958109e+00   2.7622149e+00
   9.8600000e+02   2.5940027e+00   2.7612526e+00
   9.8700000e+02   2.5919767e+00   2.7606348e+00
   9.8800000e+02   2.5910004e+00   2.7594832e+00
   9.8900000e+02   2.5894993e+00   2.7593793e+00
   9.9000000e+02   2.5877154e+00   2.7579527e+00
   9.9100000e+02   2.5865031e+00   2.7564151e+00
   9.9200000e+02   2.5850572e+00   2.7546675e+00
   9.9300000e+02   2.5827104e+00   2.7519953e+00
   9.9400000e+02   2.5803854e+00   2.7491539e+00
   9.9500000e+02   2.5772311e+00   2.7456857e+00
   9.9600000e+02   2.5736920e+00   2.7416077e+00
   9.9700000e+02   2.5690027e+00   2.7381556e+00
   9.9800000e+02   2.5639519e+00   2.7336469e+00
   9.9900000e+02   2.5563941e+00   2.7319636e+00
   1.0000000e+03   2.5483730e+00   2.7299417e+00
   1.0010000e+03   2.5393097e+00   2.7299507e+00
   1.0020000e+03   2.5290554e+00   2.7305706e+00
   1.0030000e+03   2.5185923e+00   2.7327304e+00
   1.0040000e+03   2.5075286e+00   2.7352416e+00
   1.0050000e+03   2.4972827e+00   2.7376106e+00
   1.0060000e+03   2.4864487e+00   2.7397160e+00
   1.0070000e+03   2.4759332e+00   2.7411411e+00
   1.0080000e+03   2.4653986e+00   2.7417783e+00
   1.0090000e+03   2.4560693e+00   2.7410458e+00
   1.0100000e+03   2.4464106e+00   2.7387392e+00
   1.0110000e+03   2.4379712e+00   2.7347437e+00
   1.0120000e+03   2.4285945e+00   2.7297317e+00
   1.0130000e+03   2.4202989e+00   2.7242392e+00
   1.0140000e+03   2.4126159e+00   2.7192859e+00
   1.0150000e+03   2.4054589e+00   2.7147117e+00
   1.0160000e+03   2.3976603e+00   2.7103141e+00
   1.0170000e+03   2.3886900e+00   2.7052417e+00
   1.0180000e+03   2.3769268e+00   2.6986510e+00
   1.0190000e+03   2.3661097e+00   2.6916131e+00
   1.0200000e+03   2.3571971e+00   2.6875185e+00
   1.0210000e+03   2.3511445e+00   2.6832959e+00
   1.0220000e+03   2.3457404e+00   2.6782869e+00
   1.0230000e+03   2.3425210e+00   2.6725431e+00
   1.0240000e+03   2.3414052e+00   2.6672766e+00
   1.0250000e+03   2.3408275e+00   2.6626778e+00
   1.0260000e+03   2.3409566e+00   2.6578138e+00
   1.0270000e+03   2.3414340e+00   2.6525159e+00
   1.0280000e+03   2.3435851e+00   2.6480596e+00
   1.0290000e+03   2.3476864e+00   2.6417533e+00
   1.0300000e+03   2.3538862e+00   2.6351506e+00
   1.0310000e+03   2.3619426e+00   2.6290772e+00
   1.0320000e+03   2.3696787e+00   2.6244522e+00
   1.0330000e+03   2.3769178e+00   2.6181430e+00
   1.0340000e+03   2.3836001e+00   2.6104423e+00
   1.0350000e+03   2.3902967e+00   2.6015888e+00
   1.0360000e+03   2.3964929e+00   2.5918582e+00
   1.0370000e+03   2.4021821e+00   2.5829412e+00
   1.0380000e+03   2.4072117e+00   2.5753878e+00
   1.0390000e+03   2.4109352e+00   2.5688056e+00
   1.0400000e+03   2.4145490e+00   2.5639663e+00
   1.0410000e+03   2.4182704e+00   2.5617173e+00
   1.0420000e+03   2.4210099e+00   2.5623255e+00
   1.0430000e+03   2.4234061e+00   2.5640397e+00
   1.0440000e+03   2.4247610e+00   2.5678179e+00
   1.0450000e+03   2.4261641e+00   2.5725053e+00
   1.0460000e+03   2.4266642e+00   2.5767131e+00
   1.0470000e+03   2.4267431e+00   2.5816914e+00
   1.0480000e+03   2.4256963e+00   2.5863781e+00
   1.0490000e+03   2.4242213e+00   2.5907742e+00
   1.0500000e+03   2.4220766e+00   2.5954906e+00
   1.0510000e+03   2.4200362e+00   2.5993242e+00
   1.0520000e+03   2.4168051e+00   2.6040794e+00
   1.0530000e+03   2.4138063e+00   2.6087803e+00
   1.0540000e+03   2.4108498e+00   2.6127098e+00
   1.0550000e+03   2.4076623e+00   2.6168657e+00
   1.0560000e+03   2.4047146e+00   2.6206645e+00
   1.0570000e+03   2.4024952e+00   2.6251019e+00
   1.0580000e+03   2.4004179e+00   2.6289581e+00
   1.0590000e+03   2.3987403e+00   2.6330587e+00
   1.0600000e+03   2.3968216e+00   2.6363832e+00
   1.0610000e+03   2.3951076e+00   2.6394916e+00
   1.0620000e+03   2.3931112e+00   2.6426230e+00
   1.0630000e+03   2.3911302e+00   2.6460974e+00
   1.0640000e+03   2.3899875e+00   2.6489879e+00
   1.0650000e+03   2.3887917e+00   2.6517810e+00
   1.0660000e+03   2.3878518e+00   2.6537664e+00
   1.0670000e+03   2.3877372e+00   2.6560906e+00
   1.0680000e+03   2.3883533e+00   2.6583603e+00
   1.0690000e+03   2.3889569e+00   2.6593086e+00
   1.0700000e+03   2.3903311e+00   2.6597060e+00
   1.0710000e+03   2.3924522e+00   2.6600753e+00
   1.0720000e+03   2.3949629e+00   2.6601091e+00
   1.0730000e+03   2.3977745e+00   2.6600557e+00
   1.0740000e+03   2.4010137e+00   2.6596689e+00
   1.0750000e+03   2.4043431e+00   2.6587278e+00
   1.0760000e+03   2.4076316e+00   2.6576354e+00
   1.0770000e+03   2.4106556e+00   2.6564706e+00
   1.0780000e+03   2.4134569e+00   2.6552987e+00
   1.0790000e+03   2.4162791e+00   2.6537346e+00
   1.0800000e+03   2.4176745e+00   2.6526246e+00
   1.0810000e+03   2.4194950e+00   2.6528043e+00
   1.0820000e+03   2.4198855e+00   2.6518780e+00
   1.0830000e+03   2.4211634e+00   2.6513682e+00
   1.0840000e+03   2.4212965e+00   2.6504712e+00
   1.0850000e+03   2.4213789e+00   2.6503507e+00
   1.0860000e+03   2.4210683e+00   2.6497624e+00
   1.0870000e+03   2.4205396e+00   2.6498455e+00
   1.0880000e+03   2.4195701e+00   2.6497004e+00
   1.0890000e+03   2.4185378e+00   2.6501145e+00
   1.0900000e+03   2.4171533e+00   2.6504200e+00
   1.0910000e+03   2.4155800e+00   2.6509325e+00
   1.0920000e+03   2.4135987e+00   2.6511557e+00
   1.0930000e+03   2.4125631e+00   2.6507452e+00
   1.0940000e+03   2.4109112e+00   2.6504784e+00
   1.0950000e+03   2.4093246e+00   2.6505123e+00
   1.0960000e+03   2.4071417e+00   2.6506208e+00
   1.0970000e+03   2.4059867e+00   2.6505198e+00
   1.0980000e+03   2.4064229e+00   2.6511832e+00
   1.0990000e+03   2.4078755e+00   2.6510647e+00
   1.1000000e+03   2.4075286e+00   2.6513929e+00
   1.1010000e+03   2.4061914e+00   2.6521820e+00
   1.1020000e+03   2.4050720e+00   2.6525397e+00
   1.1030000e+03   2.4043776e+00   2.6519548e+00
   1.1040000e+03   2.4034216e+00   2.6508931e+00
   1.1050000e+03   2.4022513e+00   2.6494891e+00
   1.1060000e+03   2.3995176e+00   2.6474718e+00
   1.1070000e+03   2.3958874e+00   2.6451000e+00
   1.1080000e+03   2.3922241e+00   2.6422714e+00
   1.1090000e+03   2.3890928e+00   2.6395000e+00
   1.1100000e+03   2.3866591e+00   2.6366570e+00
   1.1110000e+03   2.3847461e+00   2.6345611e+00
   1.1120000e+03   2.3834409e+00   2.6325676e+00
   1.1130000e+03   2.3821478e+00   2.6305237e+00
   1.1140000e+03   2.3804869e+00   2.6294335e+00
   1.1150000e+03   2.3789956e+00   2.6278395e+00
   1.1160000e+03   2.3781637e+00   2.6260608e+00
   1.1170000e+03   2.3773715e+00   2.6241520e+00
   1.1180000e+03   2.3774851e+00   2.6224916e+00
   1.1190000e+03   2.3768551e+00   2.6213671e+00
   1.1200000e+03   2.3767719e+00   2.6207221e+00
   1.1210000e+03   2.3757303e+00   2.6201802e+00
   1.1220000e+03   2.3753780e+00   2.6201533e+00
   1.1230000e+03   2.3752793e+00   2.6193898e+00
   1.1240000e+03   2.3742808e+00   2.6194464e+00
   1.1250000e+03   2.3737509e+00   2.6194836e+00
   1.1260000e+03   2.3728525e+00   2.6200131e+00
   1.1270000e+03   2.3734135e+00   2.6210461e+00
   1.1280000e+03   2.3736794e+00   2.6219405e+00
   1.1290000e+03   2.3761532e+00   2.6239109e+00
   1.1300000e+03   2.3774829e+00   2.6253369e+00
   1.1310000e+03   2.3795361e+00   2.6266541e+00
   1.1320000e+03   2.3806092e+00   2.6275808e+00
   1.1330000e+03   2.3805571e+00   2.6281306e+00
   1.1340000e+03   2.3801409e+00   2.6272189e+00
   1.1350000e+03   2.3785747e+00   2.6261115e+00
   1.1360000e+03   2.3769219e+00   2.6244575e+00
   1.1370000e+03   2.3758866e+00   2.6226828e+00
   1.1380000e+03   2.3756362e+00   2.6212044e+00
   1.1390000e+03   2.3749585e+00   2.6192172e+00
   1.1400000e+03   2.3744643e+00   2.6176778e+00
   1.1410000e+03   2.3740734e+00   2.6156354e+00
   1.1420000e+03   2.3732495e+00   2.6136791e+00
   1.1430000e+03   2.3727969e+00   2.6121680e+00
   1.1440000e+03   2.3724552e+00   2.6109809e+00
   1.1450000e+03   2.3710830e+00   2.6092308e+00
   1.1460000e+03   2.3706726e+00   2.6076712e+00
   1.1470000e+03   2.3705807e+00   2.6060904e+00
   1.1480000e+03   2.3712880e+00   2.6045584e+00
   1.1490000e+03   2.3721611e+00   2.6034615e+00
   1.1500000e+03   2.3733503e+00   2.6024018e+00
   1.1510000e+03   2.3738877e+00   2.6009125e+00
   1.1520000e+03   2.3737859e+00   2.6001292e+00
   1.1530000e+03   2.3747974e+00   2.5992674e+00
   1.1540000e+03   2.3746746e+00   2.5981520e+00
   1.1550000e+03   2.3749030e+00   2.5962675e+00
   1.1560000e+03   2.3752844e+00   2.5947858e+00
   1.1570000e+03   2.3762412e+00   2.5932503e+00
   1.1580000e+03   2.3751495e+00   2.5917221e+00
   1.1590000e+03   2.3741211e+00   2.5894817e+00
   1.1600000e+03   2.3716672e+00   2.5871862e+00
   1.1610000e+03   2.3695125e+00   2.5843826e+00
   1.1620000e+03   2.3686373e+00   2.5824039e+00
   1.1630000e+03   2.3675269e+00   2.5811295e+00
   1.1640000e+03   2.3667275e+00   2.5808875e+00
   1.1650000e+03   2.3662962e+00   2.5814191e+00
   1.1660000e+03   2.3656825e+00   2.5820009e+00
   1.1670000e+03   2.3664975e+00   2.5825211e+00
   1.1680000e+03   2.3666619e+00   2.5825443e+00
   1.1690000e+03   2.3678947e+00   2.5833255e+00
   1.1700000e+03   2.3688648e+00   2.5837321e+00
   1.1710000e+03   2.3709624e+00   2.5842106e+00
   1.1720000e+03   2.3714641e+00   2.5857937e+00
   1.1730000e+03   2.3717796e+00   2.5872228e+00
   1.1740000e+03   2.3735727e+00   2.5888366e+00
   1.1750000e+03   2.3754432e+00   2.5894420e+00
   1.1760000e+03   2.3780992e+00   2.5908318e+00
   1.1770000e+03   2.3813892e+00   2.5910039e+00
   1.1780000e+03   2.3839168e+00   2.5915904e+00
   1.1790000e+03   2.3861772e+00   2.5919712e+00
   1.1800000e+03   2.3884075e+00   2.5920368e+00
   1.1810000e+03   2.3896538e+00   2.5913617e+00
   1.1820000e+03   2.3912081e+00   2.5909774e+00
   1.1830000e+03   2.3908526e+00   2.5902436e+00
   1.1840000e+03   2.3915106e+00   2.5890566e+00
   1.1850000e+03   2.3910532e+00   2.5879591e+00
   1.1860000e+03   2.3898195e+00   2.5864968e+00
   1.1870000e+03   2.3883475e+00   2.5857434e+00
   1.1880000e+03   2.3871953e+00   2.5852117e+00
   1.1890000e+03   2.3865633e+00   2.5850329e+00
   1.1900000e+03   2.3864102e+00   2.5844627e+00
   1.1910000e+03   2.3868349e+00   2.5850327e+00
   1.1920000e+03   2.3880526e+00   2.5865009e+00
   1.1930000e+03   2.3897729e+00   2.5879945e+00
   1.1940000e+03   2.3914514e+00   2.5901240e+00
   1.1950000e+03   2.3934790e+00   2.5923912e+00
   1.1960000e+03   2.3950665e+00   2.5949673e+00
   1.1970000e+03   2.3957229e+00   2.5977317e+00
   1.1980000e+03   2.3967089e+00   2.6007289e+00
   1.1990000e+03   2.3978056e+00   2.6035768e+00
   1.2000000e+03   2.3988076e+00   2.6067006e+00
   1.2010000e+03   2.3986925e+00   2.6099337e+00
   1.2020000e+03   2.3996041e+00   2.6129970e+00
   1.2030000e+03   2.3996109e+00   2.6156660e+00
   1.2040000e+03   2.3997375e+00   2.6183087e+00
   1.2050000e+03   2.3999971e+00   2.6205548e+00
   1.2060000e+03   2.4000833e+00   2.6236586e+00
   1.2070000e+03   2.3994665e+00   2.6260673e+00
   1.2080000e+03   2.3985573e+00   2.6284543e+00
   1.2090000e+03   2.3972885e+00   2.6296624e+00
   1.2100000e+03   2.3958089e+00   2.6312141e+00
   1.2110000e+03   2.3938334e+00   2.6320913e+00
   1.2120000e+03   2.3920807e+00   2.6337737e+00
   1.2130000e+03   2.3900457e+00   2.6338461e+00
   1.2140000e+03   2.3878889e+00   2.6328053e+00
   1.2150000e+03   2.3858978e+00   2.6316067e+00
   1.2160000e+03   2.3831564e+00   2.6310424e+00
   1.2170000e+03   2.3796706e+00   2.6308003e+00
   1.2180000e+03   2.3768650e+00   2.6302277e+00
   1.2190000e+03   2.3752262e+00   2.6299310e+00
   1.2200000e+03   2.3741580e+00   2.6291489e+00
   1.2210000e+03   2.3732742e+00   2.6275050e+00
   1.2220000e+03   2.3724016e+00   2.6257322e+00
   1.2230000e+03   2.3726640e+00   2.6238368e+00
   1.2240000e+03   2.3738599e+00   2.6204639e+00
   1.2250000e+03   2.3744571e+00   2.6164865e+00
   1.2260000e+03   2.3759500e+00   2.6111514e+00
   1.2270000e+03   2.3768798e+00   2.6044041e+00
   1.2280000e+03   2.3786817e+00   2.5969798e+00
   1.2290000e+03   2.3802440e+00   2.5890770e+00
   1.2300000e+03   2.3823663e+00   2.5803588e+00
   1.2310000e+03   2.3850213e+00   2.5710122e+00
   1.2320000e+03   2.3879242e+00   2.5621603e+00
   1.2330000e+03   2.3913720e+00   2.5544050e+00
   1.2340000e+03   2.3955364e+00   2.5466740e+00
   1.2350000e+03   2.4003213e+00   2.5406282e+00
   1.2360000e+03   2.4049868e+00   2.5354380e+00
   1.2370000e+03   2.4101814e+00   2.5312176e+00
   1.2380000e+03   2.4151155e+00   2.5278222e+00
   1.2390000e+03   2.4202031e+00   2.5243560e+00
   1.2400000e+03   2.4249617e+00   2.5212395e+00
   1.2410000e+03   2.4298963e+00   2.5194703e+00
   1.2420000e+03   2.4356970e+00   2.5171090e+00
   1.2430000e+03   2.4410920e+00   2.5142473e+00
   1.2440000e+03   2.4449387e+00   2.5096125e+00
   1.2450000e+03   2.4464010e+00   2.5045698e+00
   1.2460000e+03   2.4464967e+00   2.4985784e+00
   1.2470000e+03   2.4445167e+00   2.4934395e+00
   1.2480000e+03   2.4414136e+00   2.4879095e+00
   1.2490000e+03   2.4374550e+00   2.4834055e+00
   1.2500000e+03   2.4312182e+00   2.4788099e+00
   1.2510000e+03   2.4233068e+00   2.4758730e+00
   1.2520000e+03   2.4143303e+00   2.4739523e+00
   1.2530000e+03   2.4035929e+00   2.4731884e+00
   1.2540000e+03   2.3910300e+00   2.4740638e+00
   1.2550000e+03   2.3782444e+00   2.4749743e+00
   1.2560000e+03   2.3645309e+00   2.4775347e+00
   1.2570000e+03   2.3508393e+00   2.4805370e+00
   1.2580000e+03   2.3371273e+00   2.4841890e+00
   1.2590000e+03   2.3240225e+00   2.4884153e+00
   1.2600000e+03   2.3112327e+00   2.4925227e+00
   1.2610000e+03   2.2988257e+00   2.4974151e+00
   1.2620000e+03   2.2860396e+00   2.5015844e+00
   1.2630000e+03   2.2733623e+00   2.5056974e+00
   1.2640000e+03   2.2608953e+00   2.5093719e+00
   1.2650000e+03   2.2485026e+00   2.5128904e+00
   1.2660000e+03   2.2365787e+00   2.5162842e+00
   1.2670000e+03   2.2245081e+00   2.5191109e+00
   1.2680000e+03   2.2127309e+00   2.5211036e+00
   1.2690000e+03   2.2014466e+00   2.5216577e+00
   1.2700000e+03   2.1900519e+00   2.5210392e+00
   1.2710000e+03   2.1799555e+00   2.5201821e+00
   1.2720000e+03   2.1713393e+00   2.5184018e+00
   1.2730000e+03   2.1639375e+00   2.5164050e+00
   1.2740000e+03   2.1586803e+00   2.5144327e+00
   1.2750000e+03   2.1549181e+00   2.5128233e+00
   1.2760000e+03   2.1536662e+00   2.5115428e+00
   1.2770000e+03   2.1551945e+00   2.5103532e+00
   1.2780000e+03   2.1584360e+00   2.5100103e+00
   1.2790000e+03   2.1639528e+00   2.5099251e+00
   1.2800000e+03   2.1711852e+00   2.5095646e+00
   1.2810000e+03   2.1789312e+00   2.5096529e+00
   1.2820000e+03   2.1876732e+00   2.5097551e+00
   1.2830000e+03   2.1967679e+00   2.5095744e+00
   1.2840000e+03   2.2052370e+00   2.5096226e+00
   1.2850000e+03   2.2140400e+00   2.5085480e+00
   1.2860000e+03   2.2213743e+00   2.5077160e+00
   1.2870000e+03   2.2272149e+00   2.5052706e+00
   1.2880000e+03   2.2332455e+00   2.5040297e+00
   1.2890000e+03   2.2390921e+00   2.5026476e+00
   1.2900000e+03   2.2446849e+00   2.5020324e+00
   1.2910000e+03   2.2505551e+00   2.5029093e+00
   1.2920000e+03   2.2555567e+00   2.5043394e+00
   1.2930000e+03   2.2601450e+00   2.5056709e+00
   1.2940000e+03   2.2644112e+00   2.5074304e+00
   1.2950000e+03   2.2682312e+00   2.5086433e+00
   1.2960000e+03   2.2716619e+00   2.5095323e+00
   1.2970000e+03   2.2738174e+00   2.5105245e+00
   1.2980000e+03   2.2762200e+00   2.5120112e+00
   1.2990000e+03   2.2776868e+00   2.5134447e+00
   1.3000000e+03   2.2793050e+00   2.5142742e+00
   1.3010000e+03   2.2810679e+00   2.5154132e+00
   1.3020000e+03   2.2826033e+00   2.5165915e+00
   1.3030000e+03   2.2840413e+00   2.5174531e+00
   1.3040000e+03   2.2852958e+00   2.5182011e+00
   1.3050000e+03   2.2865094e+00   2.5189303e+00
   1.3060000e+03   2.2876982e+00   2.5192192e+00
   1.3070000e+03   2.2888619e+00   2.5193438e+00
   1.3080000e+03   2.2895699e+00   2.5190331e+00
   1.3090000e+03   2.2885337e+00   2.5179544e+00
   1.3100000e+03   2.2882502e+00   2.5167863e+00
   1.3110000e+03   2.2873438e+00   2.5146477e+00
   1.3120000e+03   2.2865255e+00   2.5136448e+00
   1.3130000e+03   2.2855671e+00   2.5132693e+00
   1.3140000e+03   2.2852438e+00   2.5136633e+00
   1.3150000e+03   2.2844154e+00   2.5153299e+00
   1.3160000e+03   2.2840305e+00   2.5171556e+00
   1.3170000e+03   2.2839659e+00   2.5198798e+00
   1.3180000e+03   2.2847590e+00   2.5234527e+00
   1.3190000e+03   2.2862150e+00   2.5262731e+00
   1.3200000e+03   2.2875629e+00   2.5289576e+00
   1.3210000e+03   2.2892097e+00   2.5311545e+00
   1.3220000e+03   2.2902749e+00   2.5340207e+00
   1.3230000e+03   2.2913634e+00   2.5365161e+00
   1.3240000e+03   2.2925160e+00   2.5381840e+00
   1.3250000e+03   2.2938860e+00   2.5403296e+00
   1.3260000e+03   2.2947689e+00   2.5420671e+00
   1.3270000e+03   2.2953985e+00   2.5437976e+00
   1.3280000e+03   2.2963839e+00   2.5446081e+00
   1.3290000e+03   2.2981525e+00   2.5447452e+00
   1.3300000e+03   2.3002595e+00   2.5442459e+00
   1.3310000e+03   2.3025291e+00   2.5428569e+00
   1.3320000e+03   2.3049040e+00   2.5414244e+00
   1.3330000e+03   2.3071305e+00   2.5394672e+00
   1.3340000e+03   2.3091902e+00   2.5379732e+00
   1.3350000e+03   2.3097208e+00   2.5371990e+00
   1.3360000e+03   2.3098186e+00   2.5362779e+00
   1.3370000e+03   2.3089553e+00   2.5359043e+00
   1.3380000e+03   2.3075099e+00   2.5357306e+00
   1.3390000e+03   2.3062134e+00   2.5360999e+00
   1.3400000e+03   2.3029027e+00   2.5369864e+00
   1.3410000e+03   2.2998584e+00   2.5381945e+00
   1.3420000e+03   2.2966988e+00   2.5396347e+00
   1.3430000e+03   2.2932540e+00   2.5408526e+00
   1.3440000e+03   2.2898903e+00   2.5417952e+00
   1.3450000e+03   2.2874802e+00   2.5421151e+00
   1.3460000e+03   2.2848076e+00   2.5432010e+00
   1.3470000e+03   2.2816724e+00   2.5423757e+00
   1.3480000e+03   2.2789463e+00   2.5415423e+00
   1.3490000e+03   2.2772537e+00   2.5403893e+00
   1.3500000e+03   2.2747786e+00   2.5397578e+00
   1.3510000e+03   2.2733131e+00   2.5391194e+00
   1.3520000e+03   2.2716342e+00   2.5386767e+00
   1.3530000e+03   2.2706924e+00   2.5383609e+00
   1.3540000e+03   2.2691279e+00   2.5380175e+00
   1.3550000e+03   2.2682711e+00   2.5377041e+00
   1.3560000e+03   2.2669266e+00   2.5373414e+00
   1.3570000e+03   2.2654813e+00   2.5379071e+00
   1.3580000e+03   2.2643780e+00   2.5372846e+00
   1.3590000e+03   2.2629109e+00   2.5365880e+00
   1.3600000e+03   2.2617619e+00   2.5365785e+00
   1.3610000e+03   2.2602160e+00   2.5363167e+00
   1.3620000e+03   2.2588146e+00   2.5358907e+00
   1.3630000e+03   2.2572676e+00   2.5351874e+00
   1.3640000e+03   2.2560924e+00   2.5344110e+00
   1.3650000e+03   2.2545217e+00   2.5331955e+00
   1.3660000e+03   2.2533065e+00   2.5321689e+00
   1.3670000e+03   2.2519792e+00   2.5318787e+00
   1.3680000e+03   2.2511454e+00   2.5309632e+00
   1.3690000e+03   2.2513074e+00   2.5311456e+00
   1.3700000e+03   2.2497946e+00   2.5303493e+00
   1.3710000e+03   2.2488259e+00   2.5307326e+00
   1.3720000e+03   2.2475522e+00   2.5306070e+00
   1.3730000e+03   2.2466611e+00   2.5305571e+00
   1.3740000e+03   2.2466103e+00   2.5306639e+00
   1.3750000e+03   2.2460314e+00   2.5308960e+00
   1.3760000e+03   2.2460962e+00   2.5319099e+00
   1.3770000e+03   2.2469432e+00   2.5328976e+00
   1.3780000e+03   2.2482527e+00   2.5341227e+00
   1.3790000e+03   2.2497271e+00   2.5354875e+00
   1.3800000e+03   2.2514908e+00   2.5373304e+00
   1.3810000e+03   2.2542992e+00   2.5388278e+00
   1.3820000e+03   2.2568787e+00   2.5403462e+00
   1.3830000e+03   2.2600127e+00   2.5419713e+00
   1.3840000e+03   2.2629430e+00   2.5436114e+00
   1.3850000e+03   2.2659565e+00   2.5456712e+00
   1.3860000e+03   2.2694089e+00   2.5472617e+00
   1.3870000e+03   2.2729655e+00   2.5491417e+00
   1.3880000e+03   2.2771859e+00   2.5502202e+00
   1.3890000e+03   2.2815610e+00   2.5519032e+00
   1.3900000e+03   2.2855509e+00   2.5532314e+00
   1.3910000e+03   2.2902839e+00   2.5545411e+00
   1.3920000e+03   2.2945852e+00   2.5549537e+00
   1.3930000e+03   2.2988960e+00   2.5554495e+00
   1.3940000e+03   2.3032092e+00   2.5558134e+00
   1.3950000e+03   2.3077693e+00   2.5566985e+00
   1.3960000e+03   2.3113633e+00   2.5571199e+00
   1.3970000e+03   2.3148310e+00   2.5573114e+00
   1.3980000e+03   2.3177292e+00   2.5585807e+00
   1.3990000e+03   2.3206439e+00   2.5600453e+00
   1.4000000e+03   2.3232011e+00   2.5617858e+00
   1.4010000e+03   2.3258345e+00   2.5651973e+00
   1.4020000e+03   2.3290204e+00   2.5689664e+00
   1.4030000e+03   2.3310307e+00   2.5737096e+00
   1.4040000e+03   2.3335545e+00   2.5789760e+00
   1.4050000e+03   2.3354870e+00   2.5854762e+00
   1.4060000e+03   2.3360921e+00   2.5925975e+00
   1.4070000e+03   2.3370334e+00   2.6007031e+00
   1.4080000e+03   2.3362187e+00   2.6094406e+00
   1.4090000e+03   2.3343359e+00   2.6188570e+00
   1.4100000e+03   2.3304389e+00   2.6277513e+00
   1.4110000e+03   2.3251205e+00   2.6362536e+00
   1.4120000e+03   2.3186081e+00   2.6439636e+00
   1.4130000e+03   2.3111864e+00   2.6514635e+00
   1.4140000e+03   2.3045276e+00   2.6593911e+00
   1.4150000e+03   2.2987720e+00   2.6677853e+00
   1.4160000e+03   2.2952736e+00   2.6758763e+00
   1.4170000e+03   2.2951644e+00   2.6841342e+00
   1.4180000e+03   2.2977921e+00   2.6912967e+00
   1.4190000e+03   2.3032125e+00   2.6971002e+00
   1.4200000e+03   2.3088872e+00   2.7009937e+00
   1.4210000e+03   2.3149425e+00   2.7035394e+00
   1.4220000e+03   2.3204044e+00   2.7051158e+00
   1.4230000e+03   2.3250927e+00   2.7068896e+00
   1.4240000e+03   2.3285624e+00   2.7093535e+00
   1.4250000e+03   2.3312823e+00   2.7116980e+00
   1.4260000e+03   2.3330407e+00   2.7151896e+00
   1.4270000e+03   2.3337141e+00   2.7195253e+00
   1.4280000e+03   2.3342811e+00   2.7251755e+00
   1.4290000e+03   2.3324460e+00   2.7319987e+00
   1.4300000e+03   2.3316508e+00   2.7369684e+00
   1.4310000e+03   2.3313592e+00   2.7399718e+00
   1.4320000e+03   2.3314582e+00   2.7408163e+00
   1.4330000e+03   2.3323694e+00   2.7412985e+00
   1.4340000e+03   2.3319952e+00   2.7411354e+00
   1.4350000e+03   2.3316269e+00   2.7415663e+00
   1.4360000e+03   2.3300219e+00   2.7429408e+00
   1.4370000e+03   2.3285158e+00   2.7445303e+00
   1.4380000e+03   2.3262310e+00   2.7455023e+00
   1.4390000e+03   2.3232352e+00   2.7448297e+00
   1.4400000e+03   2.3189465e+00   2.7423547e+00
   1.4410000e+03   2.3140752e+00   2.7368389e+00
   1.4420000e+03   2.3084262e+00   2.7289675e+00
   1.4430000e+03   2.3024259e+00   2.7186026e+00
   1.4440000e+03   2.2975600e+00   2.7069873e+00
   1.4450000e+03   2.2919628e+00   2.6937468e+00
   1.4460000e+03   2.2870153e+00   2.6789430e+00
   1.4470000e+03   2.2840893e+00   2.6633204e+00
   1.4480000e+03   2.2816872e+00   2.6468157e+00
   1.4490000e+03   2.2804666e+00   2.6285612e+00
   1.4500000e+03   2.2796180e+00   2.6096955e+00
   1.4510000e+03   2.2793464e+00   2.5911248e+00
   1.4520000e+03   2.2783765e+00   2.5729215e+00
   1.4530000e+03   2.2781723e+00   2.5558288e+00
   1.4540000e+03   2.2762053e+00   2.5391828e+00
   1.4550000e+03   2.2740358e+00   2.5234667e+00
   1.4560000e+03   2.2706236e+00   2.5086365e+00
   1.4570000e+03   2.2667120e+00   2.4959912e+00
   1.4580000e+03   2.2628541e+00   2.4849309e+00
   1.4590000e+03   2.2588193e+00   2.4752565e+00
   1.4600000e+03   2.2550233e+00   2.4669221e+00
   1.4610000e+03   2.2513008e+00   2.4599732e+00
   1.4620000e+03   2.2466704e+00   2.4546379e+00
   1.4630000e+03   2.2422485e+00   2.4501861e+00
   1.4640000e+03   2.2352784e+00   2.4470271e+00
   1.4650000e+03   2.2278209e+00   2.4449931e+00
   1.4660000e+03   2.2172219e+00   2.4424603e+00
   1.4670000e+03   2.2050493e+00   2.4428542e+00
   1.4680000e+03   2.1915478e+00   2.4430553e+00
   1.4690000e+03   2.1766539e+00   2.4444297e+00
   1.4700000e+03   2.1616421e+00   2.4463725e+00
   1.4710000e+03   2.1451233e+00   2.4496675e+00
   1.4720000e+03   2.1289258e+00   2.4536762e+00
   1.4730000e+03   2.1124140e+00   2.4583379e+00
   1.4740000e+03   2.0960667e+00   2.4631380e+00
   1.4750000e+03   2.0795315e+00   2.4687295e+00
   1.4760000e+03   2.0617859e+00   2.4741528e+00
   1.4770000e+03   2.0428031e+00   2.4785885e+00
   1.4780000e+03   2.0242872e+00   2.4815865e+00
   1.4790000e+03   2.0042611e+00   2.4832719e+00
   1.4800000e+03   1.9859895e+00   2.4860462e+00
   1.4810000e+03   1.9680749e+00   2.4874809e+00
   1.4820000e+03   1.9529410e+00   2.4910538e+00
   1.4830000e+03   1.9392716e+00   2.4954736e+00
   1.4840000e+03   1.9276462e+00   2.5003478e+00
   1.4850000e+03   1.9165238e+00   2.5056303e+00
   1.4860000e+03   1.9072601e+00   2.5109243e+00
   1.4870000e+03   1.8976863e+00   2.5167454e+00
   1.4880000e+03   1.8890735e+00   2.5218394e+00
   1.4890000e+03   1.8806033e+00   2.5279558e+00
   1.4900000e+03   1.8741215e+00   2.5340134e+00
   1.4910000e+03   1.8695469e+00   2.5417493e+00
   1.4920000e+03   1.8646969e+00   2.5483608e+00
   1.4930000e+03   1.8605290e+00   2.5544358e+00
   1.4940000e+03   1.8577476e+00   2.5594474e+00
   1.4950000e+03   1.8569726e+00   2.5624402e+00
   1.4960000e+03   1.8563810e+00   2.5654744e+00
   1.4970000e+03   1.8558500e+00   2.5677776e+00
   1.4980000e+03   1.8557327e+00   2.5694688e+00
   1.4990000e+03   1.8567692e+00   2.5716342e+00
   1.5000000e+03   1.8580285e+00   2.5742522e+00
   1.5010000e+03   1.8603537e+00   2.5777166e+00
   1.5020000e+03   1.8616618e+00   2.5793103e+00
   1.5030000e+03   1.8641658e+00   2.5818709e+00
   1.5040000e+03   1.8672975e+00   2.5842919e+00
   1.5050000e+03   1.8710983e+00   2.5857931e+00
   1.5060000e+03   1.8742927e+00   2.5871411e+00
   1.5070000e+03   1.8768746e+00   2.5876556e+00
   1.5080000e+03   1.8792653e+00   2.5883061e+00
   1.5090000e+03   1.8811044e+00   2.5885392e+00
   1.5100000e+03   1.8819143e+00   2.5889879e+00
   1.5110000e+03   1.8821109e+00   2.5894420e+00
   1.5120000e+03   1.8820987e+00   2.5898101e+00
   1.5130000e+03   1.8819442e+00   2.5900731e+00
   1.5140000e+03   1.8807635e+00   2.5908864e+00
   1.5150000e+03   1.8803495e+00   2.5918241e+00
   1.5160000e+03   1.8804294e+00   2.5915528e+00
   1.5170000e+03   1.8791081e+00   2.5913930e+00
   1.5180000e+03   1.8776080e+00   2.5905134e+00
   1.5190000e+03   1.8760100e+00   2.5892540e+00
   1.5200000e+03   1.8736824e+00   2.5881641e+00
   1.5210000e+03   1.8709485e+00   2.5860623e+00
   1.5220000e+03   1.8680840e+00   2.5837059e+00
   1.5230000e+03   1.8639081e+00   2.5799193e+00
   1.5240000e+03   1.8600657e+00   2.5758276e+00
   1.5250000e+03   1.8555697e+00   2.5698279e+00
   1.5260000e+03   1.8511059e+00   2.5634553e+00
   1.5270000e+03   1.8471812e+00   2.5550225e+00
   1.5280000e+03   1.8435647e+00   2.5452458e+00
   1.5290000e+03   1.8412018e+00   2.5349912e+00
   1.5300000e+03   1.8394255e+00   2.5248073e+00
   1.5310000e+03   1.8382071e+00   2.5138511e+00
   1.5320000e+03   1.8376989e+00   2.5025436e+00
   1.5330000e+03   1.8374086e+00   2.4909907e+00
   1.5340000e+03   1.8362859e+00   2.4790581e+00
   1.5350000e+03   1.8349535e+00   2.4670541e+00
   1.5360000e+03   1.8330443e+00   2.4546027e+00
   1.5370000e+03   1.8316277e+00   2.4422973e+00
   1.5380000e+03   1.8290078e+00   2.4298636e+00
   1.5390000e+03   1.8271336e+00   2.4180973e+00
   1.5400000e+03   1.8247175e+00   2.4072679e+00
   1.5410000e+03   1.8224799e+00   2.3969627e+00
   1.5420000e+03   1.8210724e+00   2.3892088e+00
   1.5430000e+03   1.8195217e+00   2.3838298e+00
   1.5440000e+03   1.8183162e+00   2.3804735e+00
   1.5450000e+03   1.8168876e+00   2.3789698e+00
   1.5460000e+03   1.8151746e+00   2.3784668e+00
   1.5470000e+03   1.8129993e+00   2.3783141e+00
   1.5480000e+03   1.8098386e+00   2.3785283e+00
   1.5490000e+03   1.8053401e+00   2.3796190e+00
   1.5500000e+03   1.8010552e+00   2.3811100e+00
   1.5510000e+03   1.7975014e+00   2.3837663e+00
   1.5520000e+03   1.7943774e+00   2.3879408e+00
   1.5530000e+03   1.7906632e+00   2.3933864e+00
   1.5540000e+03   1.7866734e+00   2.3985026e+00
   1.5550000e+03   1.7813031e+00   2.4027795e+00
   1.5560000e+03   1.7746298e+00   2.4073416e+00
   1.5570000e+03   1.7662988e+00   2.4106268e+00
   1.5580000e+03   1.7574213e+00   2.4151343e+00
   1.5590000e+03   1.7478594e+00   2.4212285e+00
   1.5600000e+03   1.7378506e+00   2.4285027e+00
   1.5610000e+03   1.7283920e+00   2.4367472e+00
   1.5620000e+03   1.7183163e+00   2.4463137e+00
   1.5630000e+03   1.7086012e+00   2.4566727e+00
   1.5640000e+03   1.6981939e+00   2.4669779e+00
   1.5650000e+03   1.6868228e+00   2.4761139e+00
   1.5660000e+03   1.6759431e+00   2.4839613e+00
   1.5670000e+03   1.6652576e+00   2.4906857e+00
   1.5680000e+03   1.6551898e+00   2.4960098e+00
   1.5690000e+03   1.6466735e+00   2.5014314e+00
   1.5700000e+03   1.6389677e+00   2.5065296e+00
   1.5710000e+03   1.6321684e+00   2.5107796e+00
   1.5720000e+03   1.6252159e+00   2.5147877e+00
   1.5730000e+03   1.6191088e+00   2.5185383e+00
   1.5740000e+03   1.6117386e+00   2.5211346e+00
   1.5750000e+03   1.6057917e+00   2.5235140e+00
   1.5760000e+03   1.6005312e+00   2.5252601e+00
   1.5770000e+03   1.5963874e+00   2.5267096e+00
   1.5780000e+03   1.5929717e+00   2.5280469e+00
   1.5790000e+03   1.5903363e+00   2.5292831e+00
   1.5800000e+03   1.5874854e+00   2.5296452e+00
   1.5810000e+03   1.5843656e+00   2.5302765e+00
   1.5820000e+03   1.5811257e+00   2.5300085e+00
   1.5830000e+03   1.5777009e+00   2.5283584e+00
   1.5840000e+03   1.5764172e+00   2.5264233e+00
   1.5850000e+03   1.5777738e+00   2.5258162e+00
   1.5860000e+03   1.5806992e+00   2.5245561e+00
   1.5870000e+03   1.5842382e+00   2.5216285e+00
   1.5880000e+03   1.5881434e+00   2.5175189e+00
   1.5890000e+03   1.5920998e+00   2.5118719e+00
   1.5900000e+03   1.5966348e+00   2.5058559e+00
   1.5910000e+03   1.6006546e+00   2.4998609e+00
   1.5920000e+03   1.6040586e+00   2.4942743e+00
   1.5930000e+03   1.6073033e+00   2.4894372e+00
   1.5940000e+03   1.6108103e+00   2.4843827e+00
   1.5950000e+03   1.6145489e+00   2.4784347e+00
   1.5960000e+03   1.6183898e+00   2.4709045e+00
   1.5970000e+03   1.6206976e+00   2.4627968e+00
   1.5980000e+03   1.6235382e+00   2.4545636e+00
   1.5990000e+03   1.6251038e+00   2.4463637e+00
   1.6000000e+03   1.6269754e+00   2.4384463e+00
   1.6010000e+03   1.6283475e+00   2.4308928e+00
   1.6020000e+03   1.6308957e+00   2.4230657e+00
   1.6030000e+03   1.6336068e+00   2.4145995e+00
   1.6040000e+03   1.6365260e+00   2.4060086e+00
   1.6050000e+03   1.6394324e+00   2.3977330e+00
   1.6060000e+03   1.6398562e+00   2.3924452e+00
   1.6070000e+03   1.6396010e+00   2.3897652e+00
   1.6080000e+03   1.6385170e+00   2.3894347e+00
   1.6090000e+03   1.6372732e+00   2.3914350e+00
   1.6100000e+03   1.6359710e+00   2.3947231e+00
   1.6110000e+03   1.6346260e+00   2.3985633e+00
   1.6120000e+03   1.6319578e+00   2.4026935e+00
   1.6130000e+03   1.6298395e+00   2.4060027e+00
   1.6140000e+03   1.6271898e+00   2.4083397e+00
   1.6150000e+03   1.6249394e+00   2.4104204e+00
   1.6160000e+03   1.6235519e+00   2.4117703e+00
   1.6170000e+03   1.6205693e+00   2.4130069e+00
   1.6180000e+03   1.6181458e+00   2.4144310e+00
   1.6190000e+03   1.6158499e+00   2.4150725e+00
   1.6200000e+03   1.6133036e+00   2.4157763e+00
   1.6210000e+03   1.6102946e+00   2.4161122e+00
   1.6220000e+03   1.6068187e+00   2.4168697e+00
   1.6230000e+03   1.6040368e+00   2.4174975e+00
   1.6240000e+03   1.6019717e+00   2.4172217e+00
   1.6250000e+03   1.6009890e+00   2.4174180e+00
   1.6260000e+03   1.6006188e+00   2.4168165e+00
   1.6270000e+03   1.6014565e+00   2.4155730e+00
   1.6280000e+03   1.6032128e+00   2.4139837e+00
   1.6290000e+03   1.6057611e+00   2.4119536e+00
   1.6300000e+03   1.6087864e+00   2.4095629e+00
   1.6310000e+03   1.6125623e+00   2.4064831e+00
   1.6320000e+03   1.6163864e+00   2.4029109e+00
   1.6330000e+03   1.6209928e+00   2.3989661e+00
   1.6340000e+03   1.6252698e+00   2.3957523e+00
   1.6350000e+03   1.6302693e+00   2.3914112e+00
   1.6360000e+03   1.6353619e+00   2.3875558e+00
   1.6370000e+03   1.6396117e+00   2.3836480e+00
   1.6380000e+03   1.6434421e+00   2.3801195e+00
   1.6390000e+03   1.6471640e+00   2.3766937e+00
   1.6400000e+03   1.6495888e+00   2.3733514e+00
   1.6410000e+03   1.6515736e+00   2.3703806e+00
   1.6420000e+03   1.6524219e+00   2.3683690e+00
   1.6430000e+03   1.6526034e+00   2.3662089e+00
   1.6440000e+03   1.6517652e+00   2.3652475e+00
   1.6450000e+03   1.6496633e+00   2.3651136e+00
   1.6460000e+03   1.6453897e+00   2.3675919e+00
   1.6470000e+03   1.6408832e+00   2.3715134e+00
   1.6480000e+03   1.6354007e+00   2.3773239e+00
   1.6490000e+03   1.6275810e+00   2.3837882e+00
   1.6500000e+03   1.6178583e+00   2.3924018e+00
   1.6510000e+03   1.6069879e+00   2.4020498e+00
   1.6520000e+03   1.5935621e+00   2.4127023e+00
   1.6530000e+03   1.5778343e+00   2.4223852e+00
   1.6540000e+03   1.5602021e+00   2.4327993e+00
   1.6550000e+03   1.5413163e+00   2.4419276e+00
   1.6560000e+03   1.5206187e+00   2.4512007e+00
   1.6570000e+03   1.4978926e+00   2.4591912e+00
   1.6580000e+03   1.4748650e+00   2.4676583e+00
   1.6590000e+03   1.4513203e+00   2.4756644e+00
   1.6600000e+03   1.4260589e+00   2.4815261e+00
   1.6610000e+03   1.4014067e+00   2.4864238e+00
   1.6620000e+03   1.3773908e+00   2.4894465e+00
   1.6630000e+03   1.3549377e+00   2.4913052e+00
   1.6640000e+03   1.3342014e+00   2.4917488e+00
   1.6650000e+03   1.3145681e+00   2.4911097e+00
   1.6660000e+03   1.2968896e+00   2.4882540e+00
   1.6670000e+03   1.2798693e+00   2.4837171e+00
   1.6680000e+03   1.2641820e+00   2.4763225e+00
   1.6690000e+03   1.2473149e+00   2.4661173e+00
   1.6700000e+03   1.2328553e+00   2.4570079e+00
   1.6710000e+03   1.2166306e+00   2.4465902e+00
   1.6720000e+03   1.2014827e+00   2.4383267e+00
   1.6730000e+03   1.1845296e+00   2.4282823e+00
   1.6740000e+03   1.1645062e+00   2.4172808e+00
   1.6750000e+03   1.1429239e+00   2.4049580e+00
   1.6760000e+03   1.1198317e+00   2.3915265e+00
   1.6770000e+03   1.0976877e+00   2.3781413e+00
   1.6780000e+03   1.0745383e+00   2.3655559e+00
   1.6790000e+03   1.0537455e+00   2.3538159e+00
   1.6800000e+03   1.0330913e+00   2.3438967e+00
   1.6810000e+03   1.0149950e+00   2.3356303e+00
   1.6820000e+03   9.9721419e-01   2.3295046e+00
   1.6830000e+03   9.8054395e-01   2.3242944e+00
   1.6840000e+03   9.6494129e-01   2.3206841e+00
   1.6850000e+03   9.4916374e-01   2.3179246e+00
   1.6860000e+03   9.3369969e-01   2.3145369e+00
   1.6870000e+03   9.1727852e-01   2.3108407e+00
   1.6880000e+03   9.0014451e-01   2.3066026e+00
   1.6890000e+03   8.8254204e-01   2.3021987e+00
   1.6900000e+03   8.6311134e-01   2.2980196e+00
   1.6910000e+03   8.4320063e-01   2.2944322e+00
   1.6920000e+03   8.2372801e-01   2.2908313e+00
   1.6930000e+03   8.0173963e-01   2.2866289e+00
   1.6940000e+03   7.8115201e-01   2.2860777e+00
   1.6950000e+03   7.5780174e-01   2.2866174e+00
   1.6960000e+03   7.3354970e-01   2.2891259e+00
   1.6970000e+03   7.0720453e-01   2.2924718e+00
   1.6980000e+03   6.8060550e-01   2.2968712e+00
   1.6990000e+03   6.5392384e-01   2.3019543e+00
   1.7000000e+03   6.2738655e-01   2.3059867e+00
   1.7010000e+03   6.0263097e-01   2.3096244e+00
   1.7020000e+03   5.7967413e-01   2.3138228e+00
   1.7030000e+03   5.5890863e-01   2.3178592e+00
   1.7040000e+03   5.4079277e-01   2.3213539e+00
   1.7050000e+03   5.2485159e-01   2.3245501e+00
   1.7060000e+03   5.1255029e-01   2.3269236e+00
   1.7070000e+03   5.0280056e-01   2.3282591e+00
   1.7080000e+03   4.9428550e-01   2.3292244e+00
   1.7090000e+03   4.8853091e-01   2.3300047e+00
   1.7100000e+03   4.8369578e-01   2.3300456e+00
   1.7110000e+03   4.7971573e-01   2.3305078e+00
   1.7120000e+03   4.7739627e-01   2.3312809e+00
   1.7130000e+03   4.7436176e-01   2.3313086e+00
   1.7140000e+03   4.7180068e-01   2.3319259e+00
   1.7150000e+03   4.6870389e-01   2.3324819e+00
   1.7160000e+03   4.6553061e-01   2.3332627e+00
   1.7170000e+03   4.6295031e-01   2.3348476e+00
   1.7180000e+03   4.6074070e-01   2.3344482e+00
   1.7190000e+03   4.5840515e-01   2.3353286e+00
   1.7200000e+03   4.5690859e-01   2.3354030e+00
   1.7210000e+03   4.5621249e-01   2.3359376e+00
   1.7220000e+03   4.5595664e-01   2.3363010e+00
   1.7230000e+03   4.5626728e-01   2.3362049e+00
   1.7240000e+03   4.5653701e-01   2.3360152e+00
   1.7250000e+03   4.5649796e-01   2.3344060e+00
   1.7260000e+03   4.5634104e-01   2.3326804e+00
   1.7270000e+03   4.5551829e-01   2.3298049e+00
   1.7280000e+03   4.5464800e-01   2.3255877e+00
   1.7290000e+03   4.5477859e-01   2.3208215e+00
   1.7300000e+03   4.5305526e-01   2.3161232e+00
   1.7310000e+03   4.5124104e-01   2.3120107e+00
   1.7320000e+03   4.4933836e-01   2.3081547e+00
   1.7330000e+03   4.4617828e-01   2.3046274e+00
   1.7340000e+03   4.4227761e-01   2.3010115e+00
   1.7350000e+03   4.3765434e-01   2.2971624e+00
   1.7360000e+03   4.3162028e-01   2.2927244e+00
   1.7370000e+03   4.2584677e-01   2.2886962e+00
   1.7380000e+03   4.1951027e-01   2.2850506e+00
   1.7390000e+03   4.1291415e-01   2.2819119e+00
   1.7400000e+03   4.0737536e-01   2.2786484e+00
   1.7410000e+03   4.0257005e-01   2.2756080e+00
   1.7420000e+03   3.9795881e-01   2.2720642e+00
   1.7430000e+03   3.9457518e-01   2.2674847e+00
   1.7440000e+03   3.9154785e-01   2.2608910e+00
   1.7450000e+03   3.8908961e-01   2.2535038e+00
   1.7460000e+03   3.8656055e-01   2.2436214e+00
   1.7470000e+03   3.8477244e-01   2.2316541e+00
   1.7480000e+03   3.8321424e-01   2.2199357e+00
   1.7490000e+03   3.8281181e-01   2.2063189e+00
   1.7500000e+03   3.8352480e-01   2.1923582e+00
   1.7510000e+03   3.8533443e-01   2.1788056e+00
   1.7520000e+03   3.8902126e-01   2.1656150e+00
   1.7530000e+03   3.9455284e-01   2.1520930e+00
   1.7540000e+03   4.0158150e-01   2.1386067e+00
   1.7550000e+03   4.0936262e-01   2.1264524e+00
   1.7560000e+03   4.1603576e-01   2.1152333e+00
   1.7570000e+03   4.2241984e-01   2.1039947e+00
   1.7580000e+03   4.2796015e-01   2.0927663e+00
   1.7590000e+03   4.3268092e-01   2.0816943e+00
   1.7600000e+03   4.3563711e-01   2.0709735e+00
   1.7610000e+03   4.3682478e-01   2.0612667e+00
   1.7620000e+03   4.3676066e-01   2.0522521e+00
   1.7630000e+03   4.3620282e-01   2.0454605e+00
   1.7640000e+03   4.3460406e-01   2.0392646e+00
   1.7650000e+03   4.3193168e-01   2.0341463e+00
   1.7660000e+03   4.3036663e-01   2.0282206e+00
   1.7670000e+03   4.2797565e-01   2.0221467e+00
   1.7680000e+03   4.2548357e-01   2.0156726e+00
   1.7690000e+03   4.2207499e-01   2.0087011e+00
   1.7700000e+03   4.1734645e-01   2.0016296e+00
   1.7710000e+03   4.1207661e-01   1.9935494e+00
   1.7720000e+03   4.0533682e-01   1.9858196e+00
   1.7730000e+03   3.9766654e-01   1.9781394e+00
   1.7740000e+03   3.8856068e-01   1.9696340e+00
   1.7750000e+03   3.7698657e-01   1.9609323e+00
   1.7760000e+03   3.6417698e-01   1.9518530e+00
   1.7770000e+03   3.4807567e-01   1.9409400e+00
   1.7780000e+03   3.3142438e-01   1.9305279e+00
   1.7790000e+03   3.1204410e-01   1.9200936e+00
   1.7800000e+03   2.9118627e-01   1.9119926e+00
   1.7810000e+03   2.7001537e-01   1.9038372e+00
   1.7820000e+03   2.4679577e-01   1.8951138e+00
   1.7830000e+03   2.2380113e-01   1.8878812e+00
   1.7840000e+03   2.0073705e-01   1.8799036e+00
   1.7850000e+03   1.7803070e-01   1.8711120e+00
   1.7860000e+03   1.5537064e-01   1.8629833e+00
   1.7870000e+03   1.3406832e-01   1.8550454e+00
   1.7880000e+03   1.1332308e-01   1.8483718e+00
   1.7890000e+03   9.2389939e-02   1.8424147e+00
   1.7900000e+03   7.5538700e-02   1.8360586e+00
   1.7910000e+03   5.9265834e-02   1.8293615e+00
   1.7920000e+03   4.5000024e-02   1.8231973e+00
   1.7930000e+03   3.3153084e-02   1.8177629e+00
   1.7940000e+03   2.5124958e-02   1.8139080e+00
   1.7950000e+03   1.8615945e-02   1.8110473e+00
   1.7960000e+03   1.3904185e-02   1.8090214e+00
   1.7970000e+03   8.7307783e-03   1.8069835e+00
   1.7980000e+03   4.0852446e-03   1.8040914e+00
   1.7990000e+03  -3.4220534e-04   1.8006504e+00
   1.8000000e+03  -4.5726596e-03   1.7954154e+00
   1.8010000e+03  -8.5023259e-03   1.7890887e+00
   1.8020000e+03  -1.2104125e-02   1.7820898e+00
   1.8030000e+03  -1.5353989e-02   1.7749692e+00
   1.8040000e+03  -1.7121078e-02   1.7668697e+00
   1.8050000e+03  -1.8340755e-02   1.7586335e+00
   1.8060000e+03  -1.8385954e-02   1.7486032e+00
   1.8070000e+03  -1.6825070e-02   1.7383144e+00
   1.8080000e+03  -1.4100212e-02   1.7274436e+00
   1.8090000e+03  -9.4639732e-03   1.7171713e+00
   1.8100000e+03  -4.1253854e-03   1.7063742e+00
   1.8110000e+03   3.1171419e-03   1.6954521e+00
   1.8120000e+03   1.0919252e-02   1.6839840e+00
   1.8130000e+03   1.9457000e-02   1.6703036e+00
   1.8140000e+03   2.6044420e-02   1.6578064e+00
   1.8150000e+03   3.2218465e-02   1.6455662e+00
   1.8160000e+03   3.5947282e-02   1.6339890e+00
   1.8170000e+03   3.7489403e-02   1.6239126e+00
   1.8180000e+03   3.6667390e-02   1.6137174e+00
   1.8190000e+03   3.3655562e-02   1.6049239e+00
   1.8200000e+03   2.8662988e-02   1.5969967e+00
   1.8210000e+03   2.1984507e-02   1.5891101e+00
   1.8220000e+03   1.3744965e-02   1.5811604e+00
   1.8230000e+03   3.2481604e-03   1.5714854e+00
   1.8240000e+03  -8.8487748e-03   1.5611786e+00
   1.8250000e+03  -2.2873670e-02   1.5488846e+00
   1.8260000e+03  -3.8064220e-02   1.5360952e+00
   1.8270000e+03  -5.4014488e-02   1.5228779e+00
   1.8280000e+03  -7.0541145e-02   1.5100284e+00
   1.8290000e+03  -8.6725380e-02   1.4976173e+00
   1.8300000e+03  -1.0190701e-01   1.4853918e+00
   1.8310000e+03  -1.1727876e-01   1.4735219e+00
   1.8320000e+03  -1.3328762e-01   1.4596679e+00
   1.8330000e+03  -1.4841912e-01   1.4450436e+00
   1.8340000e+03  -1.6219330e-01   1.4308455e+00
   1.8350000e+03  -1.7552897e-01   1.4182592e+00
   1.8360000e+03  -1.8772794e-01   1.4074675e+00
   1.8370000e+03  -1.9936624e-01   1.3981559e+00
   1.8380000e+03  -2.0889991e-01   1.3913472e+00
   1.8390000e+03  -2.1572151e-01   1.3843189e+00
   1.8400000e+03  -2.1932208e-01   1.3778105e+00
   1.8410000e+03  -2.1937678e-01   1.3706118e+00
   1.8420000e+03  -2.1751747e-01   1.3642443e+00
   1.8430000e+03  -2.1561002e-01   1.3578586e+00
   1.8440000e+03  -2.1380927e-01   1.3518716e+00
   1.8450000e+03  -2.1200980e-01   1.3466146e+00
   1.8460000e+03  -2.1173407e-01   1.3427813e+00
   1.8470000e+03  -2.1123857e-01   1.3393169e+00
   1.8480000e+03  -2.1241888e-01   1.3369888e+00
   1.8490000e+03  -2.1496833e-01   1.3350020e+00
   1.8500000e+03  -2.1695450e-01   1.3348613e+00
   1.8510000e+03  -2.1935882e-01   1.3352084e+00
   1.8520000e+03  -2.2101693e-01   1.3352832e+00
   1.8530000e+03  -2.2338648e-01   1.3362220e+00
   1.8540000e+03  -2.2604317e-01   1.3379241e+00
   1.8550000e+03  -2.2739700e-01   1.3390800e+00
   1.8560000e+03  -2.2845457e-01   1.3397241e+00
   1.8570000e+03  -2.2914501e-01   1.3403608e+00
   1.8580000e+03  -2.2852654e-01   1.3404980e+00
   1.8590000e+03  -2.2699485e-01   1.3403118e+00
   1.8600000e+03  -2.2547991e-01   1.3394962e+00
   1.8610000e+03  -2.2211792e-01   1.3366304e+00
   1.8620000e+03  -2.2026011e-01   1.3352322e+00
   1.8630000e+03  -2.1748346e-01   1.3322171e+00
   1.8640000e+03  -2.1585498e-01   1.3287814e+00
   1.8650000e+03  -2.1469277e-01   1.3259132e+00
   1.8660000e+03  -2.1360873e-01   1.3232588e+00
   1.8670000e+03  -2.1190494e-01   1.3200413e+00
   1.8680000e+03  -2.1046431e-01   1.3172709e+00
   1.8690000e+03  -2.0873166e-01   1.3148455e+00
   1.8700000e+03  -2.0682450e-01   1.3122965e+00
   1.8710000e+03  -2.0389111e-01   1.3098336e+00
   1.8720000e+03  -1.9934902e-01   1.3079781e+00
   1.8730000e+03  -1.9370591e-01   1.3047569e+00
   1.8740000e+03  -1.8558718e-01   1.3031793e+00
   1.8750000e+03  -1.7604059e-01   1.3017299e+00
   1.8760000e+03  -1.6422647e-01   1.3010549e+00
   1.8770000e+03  -1.5082081e-01   1.2996765e+00
   1.8780000e+03  -1.3614998e-01   1.2981865e+00
   1.8790000e+03  -1.2095865e-01   1.2971840e+00
   1.8800000e+03  -1.0637086e-01   1.2947004e+00
   1.8810000e+03  -9.1837194e-02   1.2921094e+00
   1.8820000e+03  -7.8403233e-02   1.2898643e+00
   1.8830000e+03  -6.5110557e-02   1.2865688e+00
   1.8840000e+03  -5.3000254e-02   1.2835697e+00
   1.8850000e+03  -4.1174000e-02   1.2793019e+00
   1.8860000e+03  -3.2987131e-02   1.2754663e+00
   1.8870000e+03  -2.5750965e-02   1.2714031e+00
   1.8880000e+03  -1.8636424e-02   1.2668832e+00
   1.8890000e+03  -1.2531394e-02   1.2628738e+00
   1.8900000e+03  -6.3072917e-03   1.2586593e+00
   1.8910000e+03  -4.6514361e-04   1.2540860e+00
   1.8920000e+03   7.3710028e-03   1.2495452e+00
   1.8930000e+03   1.5412013e-02   1.2452843e+00
   1.8940000e+03   2.2538531e-02   1.2403542e+00
   1.8950000e+03   2.8485586e-02   1.2351273e+00
   1.8960000e+03   3.3447476e-02   1.2288169e+00
   1.8970000e+03   3.8130976e-02   1.2231963e+00
   1.8980000e+03   4.1194883e-02   1.2189563e+00
   1.8990000e+03   4.4545209e-02   1.2135872e+00
   1.9000000e+03   4.6739145e-02   1.2101880e+00
   1.9010000e+03   4.8500964e-02   1.2074535e+00
   1.9020000e+03   4.9797744e-02   1.2047583e+00
   1.9030000e+03   5.1377238e-02   1.2028210e+00
   1.9040000e+03   5.2612358e-02   1.2001423e+00
   1.9050000e+03   5.4327616e-02   1.1975115e+00
   1.9060000e+03   5.6017247e-02   1.1950856e+00
   1.9070000e+03   5.7265642e-02   1.1933653e+00
   1.9080000e+03   5.8520453e-02   1.1906546e+00
   1.9090000e+03   5.9107241e-02   1.1873201e+00
   1.9100000e+03   5.6869512e-02   1.1822092e+00
   1.9110000e+03   5.3668789e-02   1.1761155e+00
   1.9120000e+03   4.9521268e-02   1.1698832e+00
   1.9130000e+03   4.6951105e-02   1.1637268e+00
   1.9140000e+03   4.3923702e-02   1.1564152e+00
   1.9150000e+03   4.1180876e-02   1.1486417e+00
   1.9160000e+03   3.8340228e-02   1.1405659e+00
   1.9170000e+03   3.5927200e-02   1.1319405e+00
   1.9180000e+03   3.3851213e-02   1.1235570e+00
   1.9190000e+03   3.1173404e-02   1.1139754e+00
   1.9200000e+03   2.7522992e-02   1.1042725e+00
   1.9210000e+03   2.2278640e-02   1.0928432e+00
   1.9220000e+03   1.7262448e-02   1.0826240e+00
   1.9230000e+03   1.2287937e-02   1.0730783e+00
   1.9240000e+03   7.5497064e-03   1.0629912e+00
   1.9250000e+03   2.6288063e-03   1.0536607e+00
   1.9260000e+03  -9.6445117e-04   1.0448587e+00
   1.9270000e+03  -4.4753195e-03   1.0369917e+00
   1.9280000e+03  -7.3026392e-03   1.0287857e+00
   1.9290000e+03  -8.9299910e-03   1.0207960e+00
   1.9300000e+03  -1.0762256e-02   1.0129567e+00
   1.9310000e+03  -1.1548211e-02   1.0060829e+00
   1.9320000e+03  -1.2265031e-02   9.9968576e-01
   1.9330000e+03  -1.3105149e-02   9.9236985e-01
   1.9340000e+03  -1.3776653e-02   9.8519072e-01
   1.9350000e+03  -1.5425542e-02   9.7760332e-01
   1.9360000e+03  -1.6321087e-02   9.6847853e-01
   1.9370000e+03  -1.7632365e-02   9.5925307e-01
   1.9380000e+03  -1.8821628e-02   9.4966686e-01
   1.9390000e+03  -2.0474826e-02   9.3970024e-01
   1.9400000e+03  -2.2031748e-02   9.2983511e-01
   1.9410000e+03  -2.4194383e-02   9.2002780e-01
   1.9420000e+03  -2.4966624e-02   9.1005564e-01
   1.9430000e+03  -2.6673008e-02   9.0016401e-01
   1.9440000e+03  -2.6942324e-02   8.9101485e-01
   1.9450000e+03  -2.7333708e-02   8.8197651e-01
   1.9460000e+03  -2.5787686e-02   8.7429810e-01
   1.9470000e+03  -2.3333142e-02   8.6757174e-01
   1.9480000e+03  -1.9589649e-02   8.5919976e-01
   1.9490000e+03  -1.4067568e-02   8.5059318e-01
   1.9500000e+03  -7.2408664e-03   8.4024151e-01
   1.9510000e+03   5.2513193e-04   8.3103808e-01
   1.9520000e+03   1.0094622e-02   8.2162645e-01
   1.9530000e+03   2.0499302e-02   8.1088627e-01
   1.9540000e+03   2.9731508e-02   7.9923722e-01
   1.9550000e+03   3.6658854e-02   7.8695072e-01
   1.9560000e+03   4.1068667e-02   7.7606895e-01
   1.9570000e+03   4.3308886e-02   7.6366829e-01
   1.9580000e+03   4.2857880e-02   7.5151538e-01
   1.9590000e+03   3.9353476e-02   7.3668808e-01
   1.9600000e+03   3.4925576e-02   7.2215195e-01
   1.9610000e+03   2.8066271e-02   7.0714056e-01
   1.9620000e+03   2.0241361e-02   6.9093803e-01
   1.9630000e+03   1.1320320e-02   6.7441124e-01
   1.9640000e+03   3.2395397e-04   6.5712602e-01
   1.9650000e+03  -9.6698788e-03   6.4060601e-01
   1.9660000e+03  -1.9337940e-02   6.2371767e-01
   1.9670000e+03  -2.7841132e-02   6.0584816e-01
   1.9680000e+03  -3.4505837e-02   5.8526548e-01
   1.9690000e+03  -3.7335307e-02   5.5697294e-01
   1.9700000e+03  -3.5631409e-02   5.2542977e-01
   1.9710000e+03  -3.0017099e-02   4.9333502e-01
   1.9720000e+03  -2.1937172e-02   4.5791595e-01
   1.9730000e+03  -1.3437146e-02   4.2161076e-01
   1.9740000e+03  -3.2213017e-03   3.8755608e-01
   1.9750000e+03   8.7543112e-03   3.5457700e-01
   1.9760000e+03   2.3728063e-02   3.2214208e-01
   1.9770000e+03   3.9855973e-02   2.9009948e-01
   1.9780000e+03   5.7322578e-02   2.4320692e-01
   1.9790000e+03   7.7986172e-02   1.9345693e-01
   1.9800000e+03   9.5741727e-02   1.3978680e-01
