   6.8100000e+02   2.7541571e+00   7.6558555e-01
   6.8200000e+02   2.7363676e+00   7.7627435e-01
   6.8300000e+02   2.7178901e+00   7.8480776e-01
   6.8400000e+02   2.6989014e+00   7.9270193e-01
   6.8500000e+02   2.6785134e+00   7.9906398e-01
   6.8600000e+02   2.6594504e+00   8.0304149e-01
   6.8700000e+02   2.6404714e+00   8.0448286e-01
   6.8800000e+02   2.6256408e+00   7.9984462e-01
   6.8900000e+02   2.6154156e+00   7.8811450e-01
   6.9000000e+02   2.6087812e+00   7.6912885e-01
   6.9100000e+02   2.6069846e+00   7.4829901e-01
   6.9200000e+02   2.6073819e+00   7.2713675e-01
   6.9300000e+02   2.6117376e+00   7.0916308e-01
   6.9400000e+02   2.6158602e+00   6.9419173e-01
   6.9500000e+02   2.6196290e+00   6.8371796e-01
   6.9600000e+02   2.6216087e+00   6.7696440e-01
   6.9700000e+02   2.6242536e+00   6.7309183e-01
   6.9800000e+02   2.6251882e+00   6.7349900e-01
   6.9900000e+02   2.6240574e+00   6.7837950e-01
   7.0000000e+02   2.6216227e+00   6.8717729e-01
   7.0100000e+02   2.6180831e+00   6.9959374e-01
   7.0200000e+02   2.6142317e+00   7.1389948e-01
   7.0300000e+02   2.6103200e+00   7.3090770e-01
   7.0400000e+02   2.6060302e+00   7.4667864e-01
   7.0500000e+02   2.6012158e+00   7.6164706e-01
   7.0600000e+02   2.5970587e+00   7.7439937e-01
   7.0700000e+02   2.5930229e+00   7.8576930e-01
   7.0800000e+02   2.5881226e+00   7.9550936e-01
   7.0900000e+02   2.5832287e+00   8.0279404e-01
   7.1000000e+02   2.5748605e+00   8.0687294e-01
   7.1100000e+02   2.5669309e+00   8.0827437e-01
   7.1200000e+02   2.5581928e+00   8.0651358e-01
   7.1300000e+02   2.5475720e+00   8.0268456e-01
   7.1400000e+02   2.5345918e+00   7.9724817e-01
   7.1500000e+02   2.5215279e+00   7.9100627e-01
   7.1600000e+02   2.5072908e+00   7.8304948e-01
   7.1700000e+02   2.4921625e+00   7.7684082e-01
   7.1800000e+02   2.4765426e+00   7.7193903e-01
   7.1900000e+02   2.4622133e+00   7.6800620e-01
   7.2000000e+02   2.4505389e+00   7.6364566e-01
   7.2100000e+02   2.4378174e+00   7.6114292e-01
   7.2200000e+02   2.4245205e+00   7.5780049e-01
   7.2300000e+02   2.4096202e+00   7.5422377e-01
   7.2400000e+02   2.3924171e+00   7.5362860e-01
   7.2500000e+02   2.3741565e+00   7.5462540e-01
   7.2600000e+02   2.3536166e+00   7.5721344e-01
   7.2700000e+02   2.3331931e+00   7.6268802e-01
   7.2800000e+02   2.3136059e+00   7.6899673e-01
   7.2900000e+02   2.2981579e+00   7.7509641e-01
   7.3000000e+02   2.2857237e+00   7.7941599e-01
   7.3100000e+02   2.2748500e+00   7.8468679e-01
   7.3200000e+02   2.2656708e+00   7.8933910e-01
   7.3300000e+02   2.2559037e+00   7.9332519e-01
   7.3400000e+02   2.2511878e+00   7.9514000e-01
   7.3500000e+02   2.2457853e+00   7.9590564e-01
   7.3600000e+02   2.2426019e+00   7.9629672e-01
   7.3700000e+02   2.2404517e+00   7.9677931e-01
   7.3800000e+02   2.2394208e+00   7.9792208e-01
   7.3900000e+02   2.2407436e+00   7.9722597e-01
   7.4000000e+02   2.2448230e+00   7.9357158e-01
   7.4100000e+02   2.2501222e+00   7.8761651e-01
   7.4200000e+02   2.2570129e+00   7.7861493e-01
   7.4300000e+02   2.2648864e+00   7.6799698e-01
   7.4400000e+02   2.2729002e+00   7.5663903e-01
   7.4500000e+02   2.2831665e+00   7.4287848e-01
   7.4600000e+02   2.2919277e+00   7.3200951e-01
   7.4700000e+02   2.3013504e+00   7.2229719e-01
   7.4800000e+02   2.3113961e+00   7.1369331e-01
   7.4900000e+02   2.3207821e+00   7.0781765e-01
   7.5000000e+02   2.3304295e+00   7.0462986e-01
   7.5100000e+02   2.3386074e+00   7.0243500e-01
   7.5200000e+02   2.3466389e+00   7.0164203e-01
   7.5300000e+02   2.3531814e+00   7.0269314e-01
   7.5400000e+02   2.3591218e+00   7.0453385e-01
   7.5500000e+02   2.3657615e+00   7.0831497e-01
   7.5600000e+02   2.3734342e+00   7.1280699e-01
   7.5700000e+02   2.3821762e+00   7.1721512e-01
   7.5800000e+02   2.3892700e+00   7.2396128e-01
   7.5900000e+02   2.3966013e+00   7.3007968e-01
   7.6000000e+02   2.4031115e+00   7.3604532e-01
   7.6100000e+02   2.4092290e+00   7.4380962e-01
   7.6200000e+02   2.4151325e+00   7.5163669e-01
   7.6300000e+02   2.4199906e+00   7.6124990e-01
   7.6400000e+02   2.4245911e+00   7.7008396e-01
   7.6500000e+02   2.4286363e+00   7.8033274e-01
   7.6600000e+02   2.4315119e+00   7.8944824e-01
   7.6700000e+02   2.4345829e+00   7.9845935e-01
   7.6800000e+02   2.4366013e+00   8.0747601e-01
   7.6900000e+02   2.4384499e+00   8.1581699e-01
   7.7000000e+02   2.4402998e+00   8.2277743e-01
   7.7100000e+02   2.4435348e+00   8.2730504e-01
   7.7200000e+02   2.4467370e+00   8.2927012e-01
   7.7300000e+02   2.4509040e+00   8.2860892e-01
   7.7400000e+02   2.4557738e+00   8.2558391e-01
   7.7500000e+02   2.4613096e+00   8.2043937e-01
   7.7600000e+02   2.4681681e+00   8.1263559e-01
   7.7700000e+02   2.4733796e+00   8.0384052e-01
   7.7800000e+02   2.4785912e+00   7.9458583e-01
   7.7900000e+02   2.4831387e+00   7.8399681e-01
   7.8000000e+02   2.4863575e+00   7.7262017e-01
   7.8100000e+02   2.4917280e+00   7.5943607e-01
   7.8200000e+02   2.4941164e+00   7.4867226e-01
   7.8300000e+02   2.4963692e+00   7.3836253e-01
   7.8400000e+02   2.4986032e+00   7.2948455e-01
   7.8500000e+02   2.5008527e+00   7.2121679e-01
   7.8600000e+02   2.5037497e+00   7.1326599e-01
   7.8700000e+02   2.5061670e+00   7.0544486e-01
   7.8800000e+02   2.5109915e+00   6.9959565e-01
   7.8900000e+02   2.5158413e+00   6.9376021e-01
   7.9000000e+02   2.5225402e+00   6.8992142e-01
   7.9100000e+02   2.5308414e+00   6.8740559e-01
   7.9200000e+02   2.5389615e+00   6.8669089e-01
   7.9300000e+02   2.5518035e+00   6.8699056e-01
   7.9400000e+02   2.5617752e+00   6.9122980e-01
   7.9500000e+02   2.5721476e+00   6.9745239e-01
   7.9600000e+02   2.5841895e+00   7.0648439e-01
   7.9700000e+02   2.5961883e+00   7.1708489e-01
   7.9800000e+02   2.6068515e+00   7.2969403e-01
   7.9900000e+02   2.6162913e+00   7.4351005e-01
   8.0000000e+02   2.6269356e+00   7.5819975e-01
   8.0100000e+02   2.6361464e+00   7.7372943e-01
   8.0200000e+02   2.6436419e+00   7.9134702e-01
   8.0300000e+02   2.6523135e+00   8.0871142e-01
   8.0400000e+02   2.6595257e+00   8.2652057e-01
   8.0500000e+02   2.6669475e+00   8.4394985e-01
   8.0600000e+02   2.6725300e+00   8.6226679e-01
   8.0700000e+02   2.6777043e+00   8.7937479e-01
   8.0800000e+02   2.6820171e+00   8.9655283e-01
   8.0900000e+02   2.6857295e+00   9.1092255e-01
   8.1000000e+02   2.6874114e+00   9.2495119e-01
   8.1100000e+02   2.6893500e+00   9.3769468e-01
   8.1200000e+02   2.6893688e+00   9.4822294e-01
   8.1300000e+02   2.6894444e+00   9.5734723e-01
   8.1400000e+02   2.6872779e+00   9.6412750e-01
   8.1500000e+02   2.6851095e+00   9.6952505e-01
   8.1600000e+02   2.6826991e+00   9.7388313e-01
   8.1700000e+02   2.6806300e+00   9.7560489e-01
   8.1800000e+02   2.6779850e+00   9.7611561e-01
   8.1900000e+02   2.6740146e+00   9.7420942e-01
   8.2000000e+02   2.6698944e+00   9.7204459e-01
   8.2100000e+02   2.6663534e+00   9.6841854e-01
   8.2200000e+02   2.6615134e+00   9.6388972e-01
   8.2300000e+02   2.6574866e+00   9.5842096e-01
   8.2400000e+02   2.6526251e+00   9.5106677e-01
   8.2500000e+02   2.6484025e+00   9.4313775e-01
   8.2600000e+02   2.6430519e+00   9.3500370e-01
   8.2700000e+02   2.6380052e+00   9.2649546e-01
   8.2800000e+02   2.6327857e+00   9.1749485e-01
   8.2900000e+02   2.6265135e+00   9.0822408e-01
   8.3000000e+02   2.6214789e+00   8.9941443e-01
   8.3100000e+02   2.6159392e+00   8.9119441e-01
   8.3200000e+02   2.6108295e+00   8.8366768e-01
   8.3300000e+02   2.6057522e+00   8.7594976e-01
   8.3400000e+02   2.5986587e+00   8.6982643e-01
   8.3500000e+02   2.5925213e+00   8.6296087e-01
   8.3600000e+02   2.5854695e+00   8.6050751e-01
   8.3700000e+02   2.5778275e+00   8.5688735e-01
   8.3800000e+02   2.5704583e+00   8.5498954e-01
   8.3900000e+02   2.5638114e+00   8.5426335e-01
   8.4000000e+02   2.5574621e+00   8.5538948e-01
   8.4100000e+02   2.5503033e+00   8.5971349e-01
   8.4200000e+02   2.5440455e+00   8.6365663e-01
   8.4300000e+02   2.5397182e+00   8.7066061e-01
   8.4400000e+02   2.5340823e+00   8.8049724e-01
   8.4500000e+02   2.5287703e+00   8.9326816e-01
   8.4600000e+02   2.5236043e+00   9.0724746e-01
   8.4700000e+02   2.5176234e+00   9.2509734e-01
   8.4800000e+02   2.5129424e+00   9.4481234e-01
   8.4900000e+02   2.5093085e+00   9.6509106e-01
   8.5000000e+02   2.5061646e+00   9.8616214e-01
   8.5100000e+02   2.5032569e+00   1.0070908e+00
   8.5200000e+02   2.5002806e+00   1.0275698e+00
   8.5300000e+02   2.4981880e+00   1.0477266e+00
   8.5400000e+02   2.4949324e+00   1.0663913e+00
   8.5500000e+02   2.4911567e+00   1.0837124e+00
   8.5600000e+02   2.4864951e+00   1.0994080e+00
   8.5700000e+02   2.4827295e+00   1.1135029e+00
   8.5800000e+02   2.4778998e+00   1.1256931e+00
   8.5900000e+02   2.4719011e+00   1.1361746e+00
   8.6000000e+02   2.4654977e+00   1.1451614e+00
   8.6100000e+02   2.4592845e+00   1.1521729e+00
   8.6200000e+02   2.4514627e+00   1.1569915e+00
   8.6300000e+02   2.4435498e+00   1.1606155e+00
   8.6400000e+02   2.4352156e+00   1.1621219e+00
   8.6500000e+02   2.4278172e+00   1.1613394e+00
   8.6600000e+02   2.4186386e+00   1.1602203e+00
   8.6700000e+02   2.4085852e+00   1.1563035e+00
   8.6800000e+02   2.3998139e+00   1.1519570e+00
   8.6900000e+02   2.3907387e+00   1.1457886e+00
   8.7000000e+02   2.3820497e+00   1.1373496e+00
   8.7100000e+02   2.3733419e+00   1.1274487e+00
   8.7200000e+02   2.3654849e+00   1.1162420e+00
   8.7300000e+02   2.3590149e+00   1.1042503e+00
   8.7400000e+02   2.3526983e+00   1.0919622e+00
   8.7500000e+02   2.3477007e+00   1.0796027e+00
   8.7600000e+02   2.3427292e+00   1.0674421e+00
   8.7700000e+02   2.3405273e+00   1.0544052e+00
   8.7800000e+02   2.3358823e+00   1.0438105e+00
   8.7900000e+02   2.3310013e+00   1.0332254e+00
   8.8000000e+02   2.3259228e+00   1.0252626e+00
   8.8100000e+02   2.3216066e+00   1.0188659e+00
   8.8200000e+02   2.3172047e+00   1.0137177e+00
   8.8300000e+02   2.3130944e+00   1.0102177e+00
   8.8400000e+02   2.3091331e+00   1.0087838e+00
   8.8500000e+02   2.3058951e+00   1.0094111e+00
   8.8600000e+02   2.3021849e+00   1.0118903e+00
   8.8700000e+02   2.2992635e+00   1.0165091e+00
   8.8800000e+02   2.2962068e+00   1.0237375e+00
   8.8900000e+02   2.2913654e+00   1.0325191e+00
   8.9000000e+02   2.2865078e+00   1.0436637e+00
   8.9100000e+02   2.2816003e+00   1.0558289e+00
   8.9200000e+02   2.2762782e+00   1.0695054e+00
   8.9300000e+02   2.2706689e+00   1.0827977e+00
   8.9400000e+02   2.2656968e+00   1.0962333e+00
   8.9500000e+02   2.2608713e+00   1.1081695e+00
   8.9600000e+02   2.2565210e+00   1.1188925e+00
   8.9700000e+02   2.2520288e+00   1.1280556e+00
   8.9800000e+02   2.2474841e+00   1.1356160e+00
   8.9900000e+02   2.2422456e+00   1.1418524e+00
   9.0000000e+02   2.2363456e+00   1.1455140e+00
   9.0100000e+02   2.2301242e+00   1.1475717e+00
   9.0200000e+02   2.2244939e+00   1.1478317e+00
   9.0300000e+02   2.2199971e+00   1.1462737e+00
   9.0400000e+02   2.2153033e+00   1.1433811e+00
   9.0500000e+02   2.2127178e+00   1.1386687e+00
   9.0600000e+02   2.2107881e+00   1.1332761e+00
   9.0700000e+02   2.2101038e+00   1.1259056e+00
   9.0800000e+02   2.2098070e+00   1.1183730e+00
   9.0900000e+02   2.2091419e+00   1.1094280e+00
   9.1000000e+02   2.2073454e+00   1.1003026e+00
   9.1100000e+02   2.2049254e+00   1.0910591e+00
   9.1200000e+02   2.2016445e+00   1.0825924e+00
   9.1300000e+02   2.1970742e+00   1.0749889e+00
   9.1400000e+02   2.1929335e+00   1.0691319e+00
   9.1500000e+02   2.1880860e+00   1.0653866e+00
   9.1600000e+02   2.1842683e+00   1.0632976e+00
   9.1700000e+02   2.1812063e+00   1.0639817e+00
   9.1800000e+02   2.1769902e+00   1.0670967e+00
   9.1900000e+02   2.1735097e+00   1.0715759e+00
   9.2000000e+02   2.1694162e+00   1.0772791e+00
   9.2100000e+02   2.1655623e+00   1.0839473e+00
   9.2200000e+02   2.1610453e+00   1.0911024e+00
   9.2300000e+02   2.1562603e+00   1.0983054e+00
   9.2400000e+02   2.1513576e+00   1.1055339e+00
   9.2500000e+02   2.1465674e+00   1.1110505e+00
   9.2600000e+02   2.1412554e+00   1.1179783e+00
   9.2700000e+02   2.1354915e+00   1.1255801e+00
   9.2800000e+02   2.1306435e+00   1.1324012e+00
   9.2900000e+02   2.1253844e+00   1.1375820e+00
   9.3000000e+02   2.1198226e+00   1.1407969e+00
   9.3100000e+02   2.1133300e+00   1.1426996e+00
   9.3200000e+02   2.1047777e+00   1.1428166e+00
   9.3300000e+02   2.0955834e+00   1.1407085e+00
   9.3400000e+02   2.0850098e+00   1.1374861e+00
   9.3500000e+02   2.0734741e+00   1.1334934e+00
   9.3600000e+02   2.0606809e+00   1.1287325e+00
   9.3700000e+02   2.0470860e+00   1.1233870e+00
   9.3800000e+02   2.0357700e+00   1.1154619e+00
   9.3900000e+02   2.0252661e+00   1.1079184e+00
   9.4000000e+02   2.0158881e+00   1.0998402e+00
   9.4100000e+02   2.0074217e+00   1.0941660e+00
   9.4200000e+02   1.9988789e+00   1.0899638e+00
   9.4300000e+02   1.9915686e+00   1.0881734e+00
   9.4400000e+02   1.9857399e+00   1.0886815e+00
   9.4500000e+02   1.9809612e+00   1.0900884e+00
   9.4600000e+02   1.9758139e+00   1.0931680e+00
   9.4700000e+02   1.9690779e+00   1.0971224e+00
   9.4800000e+02   1.9618975e+00   1.1031226e+00
   9.4900000e+02   1.9541204e+00   1.1101195e+00
   9.5000000e+02   1.9447544e+00   1.1177773e+00
   9.5100000e+02   1.9330652e+00   1.1253162e+00
   9.5200000e+02   1.9189917e+00   1.1322147e+00
   9.5300000e+02   1.9017741e+00   1.1367890e+00
   9.5400000e+02   1.8815956e+00   1.1389897e+00
   9.5500000e+02   1.8600389e+00   1.1385664e+00
   9.5600000e+02   1.8375669e+00   1.1367602e+00
   9.5700000e+02   1.8151783e+00   1.1350930e+00
   9.5800000e+02   1.7932960e+00   1.1345089e+00
   9.5900000e+02   1.7723031e+00   1.1317106e+00
   9.6000000e+02   1.7579886e+00   1.1269004e+00
   9.6100000e+02   1.7455559e+00   1.1191768e+00
   9.6200000e+02   1.7362095e+00   1.1117328e+00
   9.6300000e+02   1.7297894e+00   1.1041017e+00
   9.6400000e+02   1.7229937e+00   1.0990810e+00
   9.6500000e+02   1.7169516e+00   1.0952916e+00
   9.6600000e+02   1.7091143e+00   1.0933981e+00
   9.6700000e+02   1.7006554e+00   1.0947974e+00
   9.6800000e+02   1.6905750e+00   1.0990912e+00
   9.6900000e+02   1.6791946e+00   1.1054778e+00
   9.7000000e+02   1.6671152e+00   1.1132241e+00
   9.7100000e+02   1.6538637e+00   1.1203188e+00
   9.7200000e+02   1.6424326e+00   1.1261000e+00
   9.7300000e+02   1.6332474e+00   1.1318475e+00
   9.7400000e+02   1.6286790e+00   1.1386042e+00
   9.7500000e+02   1.6304758e+00   1.1466062e+00
   9.7600000e+02   1.6370724e+00   1.1554297e+00
   9.7700000e+02   1.6479008e+00   1.1627229e+00
   9.7800000e+02   1.6590992e+00   1.1706030e+00
   9.7900000e+02   1.6680343e+00   1.1803598e+00
   9.8000000e+02   1.6712774e+00   1.1922420e+00
   9.8100000e+02   1.6694094e+00   1.2053075e+00
   9.8200000e+02   1.6641633e+00   1.2198285e+00
   9.8300000e+02   1.6555616e+00   1.2344661e+00
   9.8400000e+02   1.6494493e+00   1.2488261e+00
   9.8500000e+02   1.6514239e+00   1.2621667e+00
   9.8600000e+02   1.6554359e+00   1.2695567e+00
   9.8700000e+02   1.6667512e+00   1.2692590e+00
   9.8800000e+02   1.6833421e+00   1.2600521e+00
   9.8900000e+02   1.7024387e+00   1.2446481e+00
   9.9000000e+02   1.7223413e+00   1.2224158e+00
   9.9100000e+02   1.7401466e+00   1.1971765e+00
   9.9200000e+02   1.7557033e+00   1.1710889e+00
   9.9300000e+02   1.7677927e+00   1.1448177e+00
   9.9400000e+02   1.7784219e+00   1.1190904e+00
   9.9500000e+02   1.7871340e+00   1.0931666e+00
   9.9600000e+02   1.7947727e+00   1.0663109e+00
   9.9700000e+02   1.8028734e+00   1.0381074e+00
   9.9800000e+02   1.8099713e+00   1.0161439e+00
   9.9900000e+02   1.8169610e+00   9.9706008e-01
   1.0000000e+03   1.8241792e+00   9.8196921e-01
   1.0010000e+03   1.8337558e+00   9.6980405e-01
   1.0020000e+03   1.8438494e+00   9.5998005e-01
   1.0030000e+03   1.8531041e+00   9.5249680e-01
   1.0040000e+03   1.8646290e+00   9.4542069e-01
   1.0050000e+03   1.8755214e+00   9.4193865e-01
   1.0060000e+03   1.8898656e+00   9.4255111e-01
   1.0070000e+03   1.9023235e+00   9.4932784e-01
   1.0080000e+03   1.9140554e+00   9.6075669e-01
   1.0090000e+03   1.9237001e+00   9.7667076e-01
   1.0100000e+03   1.9297978e+00   9.9331689e-01
   1.0110000e+03   1.9328498e+00   1.0137676e+00
   1.0120000e+03   1.9381344e+00   1.0389744e+00
   1.0130000e+03   1.9440532e+00   1.0640538e+00
   1.0140000e+03   1.9465855e+00   1.0899330e+00
   1.0150000e+03   1.9504518e+00   1.1133010e+00
   1.0160000e+03   1.9526460e+00   1.1354488e+00
   1.0170000e+03   1.9517061e+00   1.1558590e+00
   1.0180000e+03   1.9506956e+00   1.1732056e+00
   1.0190000e+03   1.9481909e+00   1.1901005e+00
   1.0200000e+03   1.9446229e+00   1.2051728e+00
   1.0210000e+03   1.9396197e+00   1.2195415e+00
   1.0220000e+03   1.9337928e+00   1.2301465e+00
   1.0230000e+03   1.9258511e+00   1.2384409e+00
   1.0240000e+03   1.9173827e+00   1.2442953e+00
   1.0250000e+03   1.9105438e+00   1.2486316e+00
   1.0260000e+03   1.9050540e+00   1.2501078e+00
   1.0270000e+03   1.9006051e+00   1.2490624e+00
   1.0280000e+03   1.8967375e+00   1.2460659e+00
   1.0290000e+03   1.8937529e+00   1.2394515e+00
   1.0300000e+03   1.8912668e+00   1.2286575e+00
   1.0310000e+03   1.8898999e+00   1.2141928e+00
   1.0320000e+03   1.8905419e+00   1.1987537e+00
   1.0330000e+03   1.8925266e+00   1.1817548e+00
   1.0340000e+03   1.8945177e+00   1.1650131e+00
   1.0350000e+03   1.8944741e+00   1.1464918e+00
   1.0360000e+03   1.8943198e+00   1.1283719e+00
   1.0370000e+03   1.8925691e+00   1.1118942e+00
   1.0380000e+03   1.8891107e+00   1.0968489e+00
   1.0390000e+03   1.8845113e+00   1.0822230e+00
   1.0400000e+03   1.8790251e+00   1.0687545e+00
   1.0410000e+03   1.8721590e+00   1.0566287e+00
   1.0420000e+03   1.8628947e+00   1.0460043e+00
   1.0430000e+03   1.8524529e+00   1.0361064e+00
   1.0440000e+03   1.8414311e+00   1.0265456e+00
   1.0450000e+03   1.8283035e+00   1.0155262e+00
   1.0460000e+03   1.8179385e+00   1.0058143e+00
   1.0470000e+03   1.8054810e+00   9.9637400e-01
   1.0480000e+03   1.7948657e+00   9.8949433e-01
   1.0490000e+03   1.7866683e+00   9.8469823e-01
   1.0500000e+03   1.7806245e+00   9.8257417e-01
   1.0510000e+03   1.7776884e+00   9.8177524e-01
   1.0520000e+03   1.7772867e+00   9.8275211e-01
   1.0530000e+03   1.7769466e+00   9.8461559e-01
   1.0540000e+03   1.7755731e+00   9.8816139e-01
   1.0550000e+03   1.7714547e+00   9.9456550e-01
   1.0560000e+03   1.7638726e+00   1.0044652e+00
   1.0570000e+03   1.7550312e+00   1.0175879e+00
   1.0580000e+03   1.7410109e+00   1.0326578e+00
   1.0590000e+03   1.7256632e+00   1.0511027e+00
   1.0600000e+03   1.7067305e+00   1.0691216e+00
   1.0610000e+03   1.6909293e+00   1.0844400e+00
   1.0620000e+03   1.6780210e+00   1.0974649e+00
   1.0630000e+03   1.6671392e+00   1.1052453e+00
   1.0640000e+03   1.6586852e+00   1.1092161e+00
   1.0650000e+03   1.6519753e+00   1.1101857e+00
   1.0660000e+03   1.6469723e+00   1.1093181e+00
   1.0670000e+03   1.6432721e+00   1.1073745e+00
   1.0680000e+03   1.6401068e+00   1.1049171e+00
   1.0690000e+03   1.6378877e+00   1.1006028e+00
   1.0700000e+03   1.6357601e+00   1.0967591e+00
   1.0710000e+03   1.6342257e+00   1.0913583e+00
   1.0720000e+03   1.6309001e+00   1.0858809e+00
   1.0730000e+03   1.6265725e+00   1.0808441e+00
   1.0740000e+03   1.6214214e+00   1.0745015e+00
   1.0750000e+03   1.6148670e+00   1.0688545e+00
   1.0760000e+03   1.6075568e+00   1.0633656e+00
   1.0770000e+03   1.6002358e+00   1.0578360e+00
   1.0780000e+03   1.5940802e+00   1.0515197e+00
   1.0790000e+03   1.5902013e+00   1.0455929e+00
   1.0800000e+03   1.5880325e+00   1.0417755e+00
   1.0810000e+03   1.5894884e+00   1.0385294e+00
   1.0820000e+03   1.5917752e+00   1.0398964e+00
   1.0830000e+03   1.5932365e+00   1.0400807e+00
   1.0840000e+03   1.5935916e+00   1.0416722e+00
   1.0850000e+03   1.5901353e+00   1.0417538e+00
   1.0860000e+03   1.5836585e+00   1.0422594e+00
   1.0870000e+03   1.5749423e+00   1.0435595e+00
   1.0880000e+03   1.5625861e+00   1.0455374e+00
   1.0890000e+03   1.5501747e+00   1.0494997e+00
   1.0900000e+03   1.5363492e+00   1.0542086e+00
   1.0910000e+03   1.5266391e+00   1.0611672e+00
   1.0920000e+03   1.5187661e+00   1.0687609e+00
   1.0930000e+03   1.5137392e+00   1.0765621e+00
   1.0940000e+03   1.5084553e+00   1.0858458e+00
   1.0950000e+03   1.5004324e+00   1.0941960e+00
   1.0960000e+03   1.4898952e+00   1.1035987e+00
   1.0970000e+03   1.4791964e+00   1.1114510e+00
   1.0980000e+03   1.4674167e+00   1.1193246e+00
   1.0990000e+03   1.4564471e+00   1.1258516e+00
   1.1000000e+03   1.4457686e+00   1.1319110e+00
   1.1010000e+03   1.4360592e+00   1.1383055e+00
   1.1020000e+03   1.4249074e+00   1.1444168e+00
   1.1030000e+03   1.4118186e+00   1.1497404e+00
   1.1040000e+03   1.3975327e+00   1.1525727e+00
   1.1050000e+03   1.3821876e+00   1.1533857e+00
   1.1060000e+03   1.3679960e+00   1.1517547e+00
   1.1070000e+03   1.3554906e+00   1.1469579e+00
   1.1080000e+03   1.3433446e+00   1.1394840e+00
   1.1090000e+03   1.3319742e+00   1.1309685e+00
   1.1100000e+03   1.3202120e+00   1.1224914e+00
   1.1110000e+03   1.3110750e+00   1.1152295e+00
   1.1120000e+03   1.3014888e+00   1.1093221e+00
   1.1130000e+03   1.2912053e+00   1.1036273e+00
   1.1140000e+03   1.2797898e+00   1.0980394e+00
   1.1150000e+03   1.2684528e+00   1.0928848e+00
   1.1160000e+03   1.2602012e+00   1.0891687e+00
   1.1170000e+03   1.2538167e+00   1.0857944e+00
   1.1180000e+03   1.2507561e+00   1.0842818e+00
   1.1190000e+03   1.2508118e+00   1.0837782e+00
   1.1200000e+03   1.2544800e+00   1.0853306e+00
   1.1210000e+03   1.2609775e+00   1.0867200e+00
   1.1220000e+03   1.2698073e+00   1.0879759e+00
   1.1230000e+03   1.2806126e+00   1.0895577e+00
   1.1240000e+03   1.2925482e+00   1.0927474e+00
   1.1250000e+03   1.3050016e+00   1.0973100e+00
   1.1260000e+03   1.3186544e+00   1.1043888e+00
   1.1270000e+03   1.3324144e+00   1.1132402e+00
   1.1280000e+03   1.3465848e+00   1.1235777e+00
   1.1290000e+03   1.3635182e+00   1.1357048e+00
   1.1300000e+03   1.3796374e+00   1.1471814e+00
   1.1310000e+03   1.3959051e+00   1.1565624e+00
   1.1320000e+03   1.4128561e+00   1.1628276e+00
   1.1330000e+03   1.4290498e+00   1.1668005e+00
   1.1340000e+03   1.4428784e+00   1.1679384e+00
   1.1350000e+03   1.4526075e+00   1.1661121e+00
   1.1360000e+03   1.4596538e+00   1.1622327e+00
   1.1370000e+03   1.4641263e+00   1.1579487e+00
   1.1380000e+03   1.4665538e+00   1.1528969e+00
   1.1390000e+03   1.4661905e+00   1.1479973e+00
   1.1400000e+03   1.4635245e+00   1.1441253e+00
   1.1410000e+03   1.4568797e+00   1.1397152e+00
   1.1420000e+03   1.4498213e+00   1.1363923e+00
   1.1430000e+03   1.4400228e+00   1.1343191e+00
   1.1440000e+03   1.4294920e+00   1.1345586e+00
   1.1450000e+03   1.4178037e+00   1.1357983e+00
   1.1460000e+03   1.4058458e+00   1.1367672e+00
   1.1470000e+03   1.3956706e+00   1.1371478e+00
   1.1480000e+03   1.3897020e+00   1.1356600e+00
   1.1490000e+03   1.3864082e+00   1.1333667e+00
   1.1500000e+03   1.3863352e+00   1.1309540e+00
   1.1510000e+03   1.3881145e+00   1.1276802e+00
   1.1520000e+03   1.3909808e+00   1.1238595e+00
   1.1530000e+03   1.3934396e+00   1.1191652e+00
   1.1540000e+03   1.3957306e+00   1.1153785e+00
   1.1550000e+03   1.3970146e+00   1.1111442e+00
   1.1560000e+03   1.3985266e+00   1.1067052e+00
   1.1570000e+03   1.3997271e+00   1.1024176e+00
   1.1580000e+03   1.4005197e+00   1.0982578e+00
   1.1590000e+03   1.4019362e+00   1.0940567e+00
   1.1600000e+03   1.4034676e+00   1.0904997e+00
   1.1610000e+03   1.4060518e+00   1.0863210e+00
   1.1620000e+03   1.4092754e+00   1.0827504e+00
   1.1630000e+03   1.4125819e+00   1.0801018e+00
   1.1640000e+03   1.4145686e+00   1.0790732e+00
   1.1650000e+03   1.4160093e+00   1.0802270e+00
   1.1660000e+03   1.4149097e+00   1.0836689e+00
   1.1670000e+03   1.4117713e+00   1.0872848e+00
   1.1680000e+03   1.4071031e+00   1.0914300e+00
   1.1690000e+03   1.4022302e+00   1.0959232e+00
   1.1700000e+03   1.3980273e+00   1.0985993e+00
   1.1710000e+03   1.3950505e+00   1.1012190e+00
   1.1720000e+03   1.3933210e+00   1.1037779e+00
   1.1730000e+03   1.3927651e+00   1.1065904e+00
   1.1740000e+03   1.3919270e+00   1.1091872e+00
   1.1750000e+03   1.3910661e+00   1.1136773e+00
   1.1760000e+03   1.3899953e+00   1.1195046e+00
   1.1770000e+03   1.3885014e+00   1.1264695e+00
   1.1780000e+03   1.3904510e+00   1.1346100e+00
   1.1790000e+03   1.3936829e+00   1.1440851e+00
   1.1800000e+03   1.3995658e+00   1.1530686e+00
   1.1810000e+03   1.4063493e+00   1.1599341e+00
   1.1820000e+03   1.4135356e+00   1.1670786e+00
   1.1830000e+03   1.4207822e+00   1.1723334e+00
   1.1840000e+03   1.4268446e+00   1.1750093e+00
   1.1850000e+03   1.4329687e+00   1.1763959e+00
   1.1860000e+03   1.4384452e+00   1.1771089e+00
   1.1870000e+03   1.4441617e+00   1.1767546e+00
   1.1880000e+03   1.4486802e+00   1.1746626e+00
   1.1890000e+03   1.4534976e+00   1.1710186e+00
   1.1900000e+03   1.4534084e+00   1.1656959e+00
   1.1910000e+03   1.4522576e+00   1.1611757e+00
   1.1920000e+03   1.4499686e+00   1.1554667e+00
   1.1930000e+03   1.4464142e+00   1.1492810e+00
   1.1940000e+03   1.4430246e+00   1.1430171e+00
   1.1950000e+03   1.4396713e+00   1.1353510e+00
   1.1960000e+03   1.4371475e+00   1.1271649e+00
   1.1970000e+03   1.4372768e+00   1.1192053e+00
   1.1980000e+03   1.4359105e+00   1.1105787e+00
   1.1990000e+03   1.4350194e+00   1.1033014e+00
   1.2000000e+03   1.4346319e+00   1.0986803e+00
   1.2010000e+03   1.4327690e+00   1.0927065e+00
   1.2020000e+03   1.4316794e+00   1.0899282e+00
   1.2030000e+03   1.4296128e+00   1.0857706e+00
   1.2040000e+03   1.4253331e+00   1.0836796e+00
   1.2050000e+03   1.4168625e+00   1.0826861e+00
   1.2060000e+03   1.4052134e+00   1.0830851e+00
   1.2070000e+03   1.3901815e+00   1.0849117e+00
   1.2080000e+03   1.3738799e+00   1.0882455e+00
   1.2090000e+03   1.3556234e+00   1.0917826e+00
   1.2100000e+03   1.3355453e+00   1.0956674e+00
   1.2110000e+03   1.3144953e+00   1.0998772e+00
   1.2120000e+03   1.2949116e+00   1.1034968e+00
   1.2130000e+03   1.2782633e+00   1.1075602e+00
   1.2140000e+03   1.2656502e+00   1.1112311e+00
   1.2150000e+03   1.2554076e+00   1.1148693e+00
   1.2160000e+03   1.2501409e+00   1.1196474e+00
   1.2170000e+03   1.2483621e+00   1.1236115e+00
   1.2180000e+03   1.2488165e+00   1.1262462e+00
   1.2190000e+03   1.2505569e+00   1.1276616e+00
   1.2200000e+03   1.2537310e+00   1.1287043e+00
   1.2210000e+03   1.2576863e+00   1.1299362e+00
   1.2220000e+03   1.2613963e+00   1.1311039e+00
   1.2230000e+03   1.2634826e+00   1.1331681e+00
   1.2240000e+03   1.2644747e+00   1.1347095e+00
   1.2250000e+03   1.2669883e+00   1.1350701e+00
   1.2260000e+03   1.2675606e+00   1.1373119e+00
   1.2270000e+03   1.2698323e+00   1.1385843e+00
   1.2280000e+03   1.2735860e+00   1.1393867e+00
   1.2290000e+03   1.2786362e+00   1.1385456e+00
   1.2300000e+03   1.2856402e+00   1.1371594e+00
   1.2310000e+03   1.2941476e+00   1.1349981e+00
   1.2320000e+03   1.3027692e+00   1.1319536e+00
   1.2330000e+03   1.3107536e+00   1.1278986e+00
   1.2340000e+03   1.3182921e+00   1.1227411e+00
   1.2350000e+03   1.3248666e+00   1.1164104e+00
   1.2360000e+03   1.3308421e+00   1.1096369e+00
   1.2370000e+03   1.3365287e+00   1.1031215e+00
   1.2380000e+03   1.3386218e+00   1.0987939e+00
   1.2390000e+03   1.3390391e+00   1.0950169e+00
   1.2400000e+03   1.3360071e+00   1.0918644e+00
   1.2410000e+03   1.3313238e+00   1.0898952e+00
   1.2420000e+03   1.3237800e+00   1.0894594e+00
   1.2430000e+03   1.3146907e+00   1.0898556e+00
   1.2440000e+03   1.3051061e+00   1.0919659e+00
   1.2450000e+03   1.2940660e+00   1.0939988e+00
   1.2460000e+03   1.2818790e+00   1.0952221e+00
   1.2470000e+03   1.2671006e+00   1.0963549e+00
   1.2480000e+03   1.2486756e+00   1.0966480e+00
   1.2490000e+03   1.2267774e+00   1.0943728e+00
   1.2500000e+03   1.1994048e+00   1.0940007e+00
   1.2510000e+03   1.1674389e+00   1.0951455e+00
   1.2520000e+03   1.1381727e+00   1.0997120e+00
   1.2530000e+03   1.1134407e+00   1.1094329e+00
   1.2540000e+03   1.0976492e+00   1.1189641e+00
   1.2550000e+03   1.0888365e+00   1.1272155e+00
   1.2560000e+03   1.0854117e+00   1.1339864e+00
   1.2570000e+03   1.0852654e+00   1.1381793e+00
   1.2580000e+03   1.0862099e+00   1.1416250e+00
   1.2590000e+03   1.0871963e+00   1.1444166e+00
   1.2600000e+03   1.0862697e+00   1.1477721e+00
   1.2610000e+03   1.0835259e+00   1.1508479e+00
   1.2620000e+03   1.0801590e+00   1.1533597e+00
   1.2630000e+03   1.0764841e+00   1.1566124e+00
   1.2640000e+03   1.0711661e+00   1.1595754e+00
   1.2650000e+03   1.0648645e+00   1.1613251e+00
   1.2660000e+03   1.0569450e+00   1.1610226e+00
   1.2670000e+03   1.0487717e+00   1.1592745e+00
   1.2680000e+03   1.0397819e+00   1.1574081e+00
   1.2690000e+03   1.0311379e+00   1.1552939e+00
   1.2700000e+03   1.0252845e+00   1.1544000e+00
   1.2710000e+03   1.0210037e+00   1.1533359e+00
   1.2720000e+03   1.0169965e+00   1.1527837e+00
   1.2730000e+03   1.0138298e+00   1.1518172e+00
   1.2740000e+03   1.0101272e+00   1.1538988e+00
   1.2750000e+03   1.0062624e+00   1.1560004e+00
   1.2760000e+03   1.0031076e+00   1.1598570e+00
   1.2770000e+03   1.0013772e+00   1.1654055e+00
   1.2780000e+03   1.0015376e+00   1.1712273e+00
   1.2790000e+03   1.0048120e+00   1.1762933e+00
   1.2800000e+03   1.0110113e+00   1.1794598e+00
   1.2810000e+03   1.0189127e+00   1.1823259e+00
   1.2820000e+03   1.0285919e+00   1.1851138e+00
   1.2830000e+03   1.0390886e+00   1.1889971e+00
   1.2840000e+03   1.0502144e+00   1.1944512e+00
   1.2850000e+03   1.0630917e+00   1.1997470e+00
   1.2860000e+03   1.0759865e+00   1.2084974e+00
   1.2870000e+03   1.0899257e+00   1.2183958e+00
   1.2880000e+03   1.1042530e+00   1.2294095e+00
   1.2890000e+03   1.1180975e+00   1.2417198e+00
   1.2900000e+03   1.1296486e+00   1.2540029e+00
   1.2910000e+03   1.1402576e+00   1.2645438e+00
   1.2920000e+03   1.1498284e+00   1.2746859e+00
   1.2930000e+03   1.1590606e+00   1.2846433e+00
   1.2940000e+03   1.1678285e+00   1.2935785e+00
   1.2950000e+03   1.1781883e+00   1.3011136e+00
   1.2960000e+03   1.1882029e+00   1.3053969e+00
   1.2970000e+03   1.1997977e+00   1.3073332e+00
   1.2980000e+03   1.2097175e+00   1.3052778e+00
   1.2990000e+03   1.2213944e+00   1.2986663e+00
   1.3000000e+03   1.2379390e+00   1.2863340e+00
   1.3010000e+03   1.2588035e+00   1.2743117e+00
   1.3020000e+03   1.2823205e+00   1.2642913e+00
   1.3030000e+03   1.3098052e+00   1.2583978e+00
   1.3040000e+03   1.3385752e+00   1.2550110e+00
   1.3050000e+03   1.3653322e+00   1.2541700e+00
   1.3060000e+03   1.3866514e+00   1.2533258e+00
   1.3070000e+03   1.4040060e+00   1.2491293e+00
   1.3080000e+03   1.4160562e+00   1.2431823e+00
   1.3090000e+03   1.4239599e+00   1.2336907e+00
   1.3100000e+03   1.4284848e+00   1.2240468e+00
   1.3110000e+03   1.4322533e+00   1.2157220e+00
   1.3120000e+03   1.4355410e+00   1.2100986e+00
   1.3130000e+03   1.4382644e+00   1.2061207e+00
   1.3140000e+03   1.4418459e+00   1.2048213e+00
   1.3150000e+03   1.4460648e+00   1.2033297e+00
   1.3160000e+03   1.4513540e+00   1.2019288e+00
   1.3170000e+03   1.4573785e+00   1.1991020e+00
   1.3180000e+03   1.4618145e+00   1.1957037e+00
   1.3190000e+03   1.4626257e+00   1.1891037e+00
   1.3200000e+03   1.4580733e+00   1.1805898e+00
   1.3210000e+03   1.4515775e+00   1.1714156e+00
   1.3220000e+03   1.4428288e+00   1.1596683e+00
   1.3230000e+03   1.4349805e+00   1.1473087e+00
   1.3240000e+03   1.4276255e+00   1.1348071e+00
   1.3250000e+03   1.4212107e+00   1.1225452e+00
   1.3260000e+03   1.4150769e+00   1.1123876e+00
   1.3270000e+03   1.4100326e+00   1.1033854e+00
   1.3280000e+03   1.4051925e+00   1.0944927e+00
   1.3290000e+03   1.4013453e+00   1.0854371e+00
   1.3300000e+03   1.3991942e+00   1.0767717e+00
   1.3310000e+03   1.3987628e+00   1.0680316e+00
   1.3320000e+03   1.4005547e+00   1.0584747e+00
   1.3330000e+03   1.4040463e+00   1.0450087e+00
   1.3340000e+03   1.4087078e+00   1.0320560e+00
   1.3350000e+03   1.4114239e+00   1.0165871e+00
   1.3360000e+03   1.4135062e+00   1.0013873e+00
   1.3370000e+03   1.4157071e+00   9.8672752e-01
   1.3380000e+03   1.4192133e+00   9.7381980e-01
   1.3390000e+03   1.4248821e+00   9.6092357e-01
   1.3400000e+03   1.4323102e+00   9.5014457e-01
   1.3410000e+03   1.4414063e+00   9.4192339e-01
   1.3420000e+03   1.4521065e+00   9.3482260e-01
   1.3430000e+03   1.4639199e+00   9.2895652e-01
   1.3440000e+03   1.4753069e+00   9.2480411e-01
   1.3450000e+03   1.4863730e+00   9.2004070e-01
   1.3460000e+03   1.4962105e+00   9.2072226e-01
   1.3470000e+03   1.5047774e+00   9.2397909e-01
   1.3480000e+03   1.5106719e+00   9.2905542e-01
   1.3490000e+03   1.5150196e+00   9.3595725e-01
   1.3500000e+03   1.5171926e+00   9.4221445e-01
   1.3510000e+03   1.5182791e+00   9.4780908e-01
   1.3520000e+03   1.5181927e+00   9.5206016e-01
   1.3530000e+03   1.5180913e+00   9.5462259e-01
   1.3540000e+03   1.5182710e+00   9.5651988e-01
   1.3550000e+03   1.5198749e+00   9.5663576e-01
   1.3560000e+03   1.5224247e+00   9.5502346e-01
   1.3570000e+03   1.5261089e+00   9.5205116e-01
   1.3580000e+03   1.5314059e+00   9.4731363e-01
   1.3590000e+03   1.5354351e+00   9.4215461e-01
   1.3600000e+03   1.5392718e+00   9.3693528e-01
   1.3610000e+03   1.5409092e+00   9.3181533e-01
   1.3620000e+03   1.5404549e+00   9.2785216e-01
   1.3630000e+03   1.5378163e+00   9.2688992e-01
   1.3640000e+03   1.5353549e+00   9.2791567e-01
   1.3650000e+03   1.5312054e+00   9.3187161e-01
   1.3660000e+03   1.5248933e+00   9.3905206e-01
   1.3670000e+03   1.5168711e+00   9.4758704e-01
   1.3680000e+03   1.5071307e+00   9.5778112e-01
   1.3690000e+03   1.4978729e+00   9.6976639e-01
   1.3700000e+03   1.4840444e+00   9.8104460e-01
   1.3710000e+03   1.4671090e+00   9.9095357e-01
   1.3720000e+03   1.4477694e+00   1.0003627e+00
   1.3730000e+03   1.4269473e+00   1.0092236e+00
   1.3740000e+03   1.4047692e+00   1.0174868e+00
   1.3750000e+03   1.3822344e+00   1.0242147e+00
   1.3760000e+03   1.3594335e+00   1.0304642e+00
   1.3770000e+03   1.3361034e+00   1.0348044e+00
   1.3780000e+03   1.3134021e+00   1.0386038e+00
   1.3790000e+03   1.2926787e+00   1.0408094e+00
   1.3800000e+03   1.2734902e+00   1.0413535e+00
   1.3810000e+03   1.2551424e+00   1.0408850e+00
   1.3820000e+03   1.2402924e+00   1.0393143e+00
   1.3830000e+03   1.2272536e+00   1.0381364e+00
   1.3840000e+03   1.2153304e+00   1.0367117e+00
   1.3850000e+03   1.2043552e+00   1.0360495e+00
   1.3860000e+03   1.1954044e+00   1.0355396e+00
   1.3870000e+03   1.1876656e+00   1.0351316e+00
   1.3880000e+03   1.1832582e+00   1.0344790e+00
   1.3890000e+03   1.1817667e+00   1.0344768e+00
   1.3900000e+03   1.1815271e+00   1.0345264e+00
   1.3910000e+03   1.1817685e+00   1.0331230e+00
   1.3920000e+03   1.1815785e+00   1.0300630e+00
   1.3930000e+03   1.1837713e+00   1.0274996e+00
   1.3940000e+03   1.1850996e+00   1.0252630e+00
   1.3950000e+03   1.1863566e+00   1.0239289e+00
   1.3960000e+03   1.1872747e+00   1.0229708e+00
   1.3970000e+03   1.1883149e+00   1.0216998e+00
   1.3980000e+03   1.1892528e+00   1.0191737e+00
   1.3990000e+03   1.1899848e+00   1.0144527e+00
   1.4000000e+03   1.1908141e+00   1.0073409e+00
   1.4010000e+03   1.1900100e+00   9.9929917e-01
   1.4020000e+03   1.1886446e+00   9.8982005e-01
   1.4030000e+03   1.1859194e+00   9.7994941e-01
   1.4040000e+03   1.1823116e+00   9.6920399e-01
   1.4050000e+03   1.1802458e+00   9.5801272e-01
   1.4060000e+03   1.1757130e+00   9.4766920e-01
   1.4070000e+03   1.1725148e+00   9.3773825e-01
   1.4080000e+03   1.1692115e+00   9.2930962e-01
   1.4090000e+03   1.1672530e+00   9.2363730e-01
   1.4100000e+03   1.1683497e+00   9.1963631e-01
   1.4110000e+03   1.1700223e+00   9.1326072e-01
   1.4120000e+03   1.1710982e+00   9.0476672e-01
   1.4130000e+03   1.1689879e+00   8.9274362e-01
   1.4140000e+03   1.1656466e+00   8.7813485e-01
   1.4150000e+03   1.1580822e+00   8.6282324e-01
   1.4160000e+03   1.1487722e+00   8.4662331e-01
   1.4170000e+03   1.1403820e+00   8.2993877e-01
   1.4180000e+03   1.1285984e+00   8.1498593e-01
   1.4190000e+03   1.1155053e+00   8.0015920e-01
   1.4200000e+03   1.1015380e+00   7.8646393e-01
   1.4210000e+03   1.0868352e+00   7.7703744e-01
   1.4220000e+03   1.0722036e+00   7.7210516e-01
   1.4230000e+03   1.0576732e+00   7.6999157e-01
   1.4240000e+03   1.0422745e+00   7.6882918e-01
   1.4250000e+03   1.0257867e+00   7.6849725e-01
   1.4260000e+03   1.0089856e+00   7.7033589e-01
   1.4270000e+03   9.9190670e-01   7.7246904e-01
   1.4280000e+03   9.7496748e-01   7.7677662e-01
   1.4290000e+03   9.5690581e-01   7.8340247e-01
   1.4300000e+03   9.4100071e-01   7.9138055e-01
   1.4310000e+03   9.2579967e-01   7.9916638e-01
   1.4320000e+03   9.1128564e-01   8.0698963e-01
   1.4330000e+03   8.9779291e-01   8.1437238e-01
   1.4340000e+03   8.8603337e-01   8.1985959e-01
   1.4350000e+03   8.7554576e-01   8.2470192e-01
   1.4360000e+03   8.6606054e-01   8.2823203e-01
   1.4370000e+03   8.5614854e-01   8.3188600e-01
   1.4380000e+03   8.4464088e-01   8.3411404e-01
   1.4390000e+03   8.3155264e-01   8.3611593e-01
   1.4400000e+03   8.1844648e-01   8.3763146e-01
   1.4410000e+03   8.0585181e-01   8.3967309e-01
   1.4420000e+03   7.9364024e-01   8.4023358e-01
   1.4430000e+03   7.8043810e-01   8.3963433e-01
   1.4440000e+03   7.6417284e-01   8.3850532e-01
   1.4450000e+03   7.4470300e-01   8.3667370e-01
   1.4460000e+03   7.2196521e-01   8.3383428e-01
   1.4470000e+03   6.9826765e-01   8.3294145e-01
   1.4480000e+03   6.7760957e-01   8.3655525e-01
   1.4490000e+03   6.6330966e-01   8.4193534e-01
   1.4500000e+03   6.5641260e-01   8.4711817e-01
   1.4510000e+03   6.5715294e-01   8.5141773e-01
   1.4520000e+03   6.6512093e-01   8.5592994e-01
   1.4530000e+03   6.7464877e-01   8.5950149e-01
   1.4540000e+03   6.8441260e-01   8.6121417e-01
   1.4550000e+03   6.9504097e-01   8.6194149e-01
   1.4560000e+03   6.9738702e-01   8.5879017e-01
   1.4570000e+03   6.9791568e-01   8.5579677e-01
   1.4580000e+03   6.9585839e-01   8.4734897e-01
   1.4590000e+03   6.9484591e-01   8.4763002e-01
   1.4600000e+03   6.9580285e-01   8.4846316e-01
   1.4610000e+03   6.9604516e-01   8.4803638e-01
   1.4620000e+03   6.9566855e-01   8.4792105e-01
   1.4630000e+03   6.9395457e-01   8.4583572e-01
   1.4640000e+03   6.9365013e-01   8.4006647e-01
   1.4650000e+03   6.9514061e-01   8.3050477e-01
   1.4660000e+03   7.0077327e-01   8.2221175e-01
   1.4670000e+03   7.0664498e-01   8.1625155e-01
   1.4680000e+03   7.1240770e-01   8.1520730e-01
   1.4690000e+03   7.1702258e-01   8.2200714e-01
   1.4700000e+03   7.1959243e-01   8.3045636e-01
   1.4710000e+03   7.1864913e-01   8.3194275e-01
   1.4720000e+03   7.2007984e-01   8.3331239e-01
   1.4730000e+03   7.2119039e-01   8.3800790e-01
   1.4740000e+03   7.2119940e-01   8.4561475e-01
   1.4750000e+03   7.1698852e-01   8.5459304e-01
   1.4760000e+03   7.1057192e-01   8.6363244e-01
   1.4770000e+03   7.0506683e-01   8.7011063e-01
   1.4780000e+03   7.0140968e-01   8.7703576e-01
   1.4790000e+03   6.9924258e-01   8.8533326e-01
   1.4800000e+03   6.9736672e-01   8.9448445e-01
   1.4810000e+03   6.9585403e-01   9.0383000e-01
   1.4820000e+03   6.9573032e-01   9.1529559e-01
   1.4830000e+03   6.9998542e-01   9.2473115e-01
   1.4840000e+03   7.0980259e-01   9.3457566e-01
   1.4850000e+03   7.2390307e-01   9.4236423e-01
   1.4860000e+03   7.4019464e-01   9.5030363e-01
   1.4870000e+03   7.5908050e-01   9.6042226e-01
   1.4880000e+03   7.7977873e-01   9.7060925e-01
   1.4890000e+03   8.0305547e-01   9.8018667e-01
   1.4900000e+03   8.2535551e-01   9.9081389e-01
   1.4910000e+03   8.4661743e-01   9.9956842e-01
   1.4920000e+03   8.6582403e-01   1.0070097e+00
   1.4930000e+03   8.8282953e-01   1.0148823e+00
   1.4940000e+03   8.9592747e-01   1.0226478e+00
   1.4950000e+03   9.0403625e-01   1.0313258e+00
   1.4960000e+03   9.0853197e-01   1.0401922e+00
   1.4970000e+03   9.0853424e-01   1.0479483e+00
   1.4980000e+03   9.0356752e-01   1.0544080e+00
   1.4990000e+03   8.9499961e-01   1.0601121e+00
   1.5000000e+03   8.8356365e-01   1.0649007e+00
   1.5010000e+03   8.6954836e-01   1.0676771e+00
   1.5020000e+03   8.5572294e-01   1.0667551e+00
   1.5030000e+03   8.4396072e-01   1.0624844e+00
   1.5040000e+03   8.3652295e-01   1.0518191e+00
   1.5050000e+03   8.3539363e-01   1.0360288e+00
   1.5060000e+03   8.3413936e-01   1.0181178e+00
   1.5070000e+03   8.3284947e-01   9.9656326e-01
   1.5080000e+03   8.3091997e-01   9.7551609e-01
   1.5090000e+03   8.2734616e-01   9.5679917e-01
   1.5100000e+03   8.2655604e-01   9.4319939e-01
   1.5110000e+03   8.2839299e-01   9.3389532e-01
   1.5120000e+03   8.3368489e-01   9.3042255e-01
   1.5130000e+03   8.4090689e-01   9.2954899e-01
   1.5140000e+03   8.4939822e-01   9.3161373e-01
   1.5150000e+03   8.6094168e-01   9.3392216e-01
   1.5160000e+03   8.7131364e-01   9.3559711e-01
   1.5170000e+03   8.8068418e-01   9.3500163e-01
   1.5180000e+03   8.8747038e-01   9.3137226e-01
   1.5190000e+03   8.9233650e-01   9.2689861e-01
   1.5200000e+03   8.9352442e-01   9.1977405e-01
   1.5210000e+03   8.9066002e-01   9.0976337e-01
   1.5220000e+03   8.8235882e-01   8.9914879e-01
   1.5230000e+03   8.6810543e-01   8.8882851e-01
   1.5240000e+03   8.4780974e-01   8.8038087e-01
   1.5250000e+03   8.2235937e-01   8.7452143e-01
   1.5260000e+03   7.9593969e-01   8.7045564e-01
   1.5270000e+03   7.6645978e-01   8.7036435e-01
   1.5280000e+03   7.3551181e-01   8.7225980e-01
   1.5290000e+03   7.1313427e-01   8.7610133e-01
   1.5300000e+03   6.9954229e-01   8.8062082e-01
   1.5310000e+03   6.9593281e-01   8.8628861e-01
   1.5320000e+03   6.9918979e-01   8.9656532e-01
   1.5330000e+03   7.0763702e-01   9.0852672e-01
   1.5340000e+03   7.1777635e-01   9.1997214e-01
   1.5350000e+03   7.2869719e-01   9.2942410e-01
   1.5360000e+03   7.3816453e-01   9.3646839e-01
   1.5370000e+03   7.4493181e-01   9.3930198e-01
   1.5380000e+03   7.4865730e-01   9.3721765e-01
   1.5390000e+03   7.5074742e-01   9.3250265e-01
   1.5400000e+03   7.5174681e-01   9.2322674e-01
   1.5410000e+03   7.5271379e-01   9.1090529e-01
   1.5420000e+03   7.5436842e-01   8.9719754e-01
   1.5430000e+03   7.5616574e-01   8.8129239e-01
   1.5440000e+03   7.5710428e-01   8.6330431e-01
   1.5450000e+03   7.5508438e-01   8.4352671e-01
   1.5460000e+03   7.5083842e-01   8.2369520e-01
   1.5470000e+03   7.4385977e-01   8.0497710e-01
   1.5480000e+03   7.3401131e-01   7.8751211e-01
   1.5490000e+03   7.1881128e-01   7.6983629e-01
   1.5500000e+03   6.9592277e-01   7.5069447e-01
   1.5510000e+03   6.7110413e-01   7.3292784e-01
   1.5520000e+03   6.4848359e-01   7.1865058e-01
   1.5530000e+03   6.3676431e-01   7.0837277e-01
   1.5540000e+03   6.4093113e-01   7.0034112e-01
   1.5550000e+03   6.5623105e-01   6.9517802e-01
   1.5560000e+03   6.7767480e-01   6.9184941e-01
   1.5570000e+03   6.9409902e-01   6.8907245e-01
   1.5580000e+03   7.0170587e-01   6.8955014e-01
   1.5590000e+03   7.0609062e-01   6.9436711e-01
   1.5600000e+03   7.0879691e-01   7.0359646e-01
   1.5610000e+03   7.1105864e-01   7.1689379e-01
   1.5620000e+03   7.1204295e-01   7.3317750e-01
   1.5630000e+03   7.1322855e-01   7.4754666e-01
   1.5640000e+03   7.1483738e-01   7.5789962e-01
   1.5650000e+03   7.1487812e-01   7.6570945e-01
   1.5660000e+03   7.0889296e-01   7.7036825e-01
   1.5670000e+03   7.0205998e-01   7.7320892e-01
   1.5680000e+03   6.9333725e-01   7.7419030e-01
   1.5690000e+03   6.7965293e-01   7.7629950e-01
   1.5700000e+03   6.5963708e-01   7.7458269e-01
   1.5710000e+03   6.3523711e-01   7.6388552e-01
   1.5720000e+03   6.0995407e-01   7.4541973e-01
   1.5730000e+03   5.9090207e-01   7.2670472e-01
   1.5740000e+03   5.8137532e-01   7.0880834e-01
   1.5750000e+03   5.8121985e-01   6.9030383e-01
   1.5760000e+03   5.8731264e-01   6.6802538e-01
   1.5770000e+03   5.9567920e-01   6.4167787e-01
   1.5780000e+03   6.0701621e-01   6.1396294e-01
   1.5790000e+03   6.2591577e-01   5.8811020e-01
   1.5800000e+03   6.4599243e-01   5.6173494e-01
   1.5810000e+03   6.6159250e-01   5.3621299e-01
   1.5820000e+03   6.7648774e-01   5.1396955e-01
   1.5830000e+03   6.9049346e-01   4.9930825e-01
   1.5840000e+03   7.0117729e-01   4.9386130e-01
   1.5850000e+03   7.0741415e-01   4.9313082e-01
   1.5860000e+03   7.1048843e-01   4.9253849e-01
   1.5870000e+03   7.1275395e-01   4.8729160e-01
   1.5880000e+03   7.1508996e-01   4.8313568e-01
   1.5890000e+03   7.1699790e-01   4.8077528e-01
   1.5900000e+03   7.1918244e-01   4.8124264e-01
   1.5910000e+03   7.2293816e-01   4.8424414e-01
   1.5920000e+03   7.2859088e-01   4.8645449e-01
   1.5930000e+03   7.3697698e-01   4.8767080e-01
   1.5940000e+03   7.4746127e-01   4.8538400e-01
   1.5950000e+03   7.5790191e-01   4.7922932e-01
   1.5960000e+03   7.6761253e-01   4.7287841e-01
   1.5970000e+03   7.7661974e-01   4.6587644e-01
   1.5980000e+03   7.8152125e-01   4.5990214e-01
   1.5990000e+03   7.8464453e-01   4.5496750e-01
   1.6000000e+03   7.8493880e-01   4.5166089e-01
   1.6010000e+03   7.8049351e-01   4.4981075e-01
   1.6020000e+03   7.7602014e-01   4.5074206e-01
   1.6030000e+03   7.6911570e-01   4.5316785e-01
   1.6040000e+03   7.6374331e-01   4.5904432e-01
   1.6050000e+03   7.6091612e-01   4.6998355e-01
   1.6060000e+03   7.6038543e-01   4.8484906e-01
   1.6070000e+03   7.6199429e-01   4.9793400e-01
   1.6080000e+03   7.6315026e-01   5.0811831e-01
   1.6090000e+03   7.6301080e-01   5.1562470e-01
   1.6100000e+03   7.5947791e-01   5.2127343e-01
   1.6110000e+03   7.5453842e-01   5.2748968e-01
   1.6120000e+03   7.4628278e-01   5.3441863e-01
   1.6130000e+03   7.3616448e-01   5.4213544e-01
   1.6140000e+03   7.2700417e-01   5.4902395e-01
   1.6150000e+03   7.1921521e-01   5.5358098e-01
   1.6160000e+03   7.1439570e-01   5.5482650e-01
   1.6170000e+03   7.0968580e-01   5.5236265e-01
   1.6180000e+03   7.0663218e-01   5.4624699e-01
   1.6190000e+03   7.0452816e-01   5.3951512e-01
   1.6200000e+03   7.0209150e-01   5.3441590e-01
   1.6210000e+03   6.9393938e-01   5.2686705e-01
   1.6220000e+03   6.8526215e-01   5.2253966e-01
   1.6230000e+03   6.7173586e-01   5.1878997e-01
   1.6240000e+03   6.5415289e-01   5.1522156e-01
   1.6250000e+03   6.3218172e-01   5.1155436e-01
   1.6260000e+03   6.1104432e-01   5.0781663e-01
   1.6270000e+03   5.9114968e-01   5.0735917e-01
   1.6280000e+03   5.7226887e-01   5.0706709e-01
   1.6290000e+03   5.5395066e-01   5.0897342e-01
   1.6300000e+03   5.4021537e-01   5.1322466e-01
   1.6310000e+03   5.3400528e-01   5.1858671e-01
   1.6320000e+03   5.3173766e-01   5.2384705e-01
   1.6330000e+03   5.3205600e-01   5.2997380e-01
   1.6340000e+03   5.3334983e-01   5.3600620e-01
   1.6350000e+03   5.3691856e-01   5.4299585e-01
   1.6360000e+03   5.4179760e-01   5.5175140e-01
   1.6370000e+03   5.4514356e-01   5.5838539e-01
   1.6380000e+03   5.4395855e-01   5.6179920e-01
   1.6390000e+03   5.3821712e-01   5.6278014e-01
   1.6400000e+03   5.2975978e-01   5.6192820e-01
   1.6410000e+03   5.1886813e-01   5.6136038e-01
   1.6420000e+03   5.0900780e-01   5.6214396e-01
   1.6430000e+03   5.0235853e-01   5.6536517e-01
   1.6440000e+03   4.9556277e-01   5.6229911e-01
   1.6450000e+03   4.8777925e-01   5.4847955e-01
   1.6460000e+03   4.8118350e-01   5.3420635e-01
   1.6470000e+03   4.7530696e-01   5.1977010e-01
   1.6480000e+03   4.7055459e-01   5.1176127e-01
   1.6490000e+03   4.6955068e-01   5.1191410e-01
   1.6500000e+03   4.6894569e-01   5.1739729e-01
   1.6510000e+03   4.6477550e-01   5.2336594e-01
   1.6520000e+03   4.5519147e-01   5.2464765e-01
   1.6530000e+03   4.4161946e-01   5.2164995e-01
   1.6540000e+03   4.2693102e-01   5.1756605e-01
   1.6550000e+03   4.0926565e-01   5.1287041e-01
   1.6560000e+03   3.9303408e-01   5.0764448e-01
   1.6570000e+03   3.8148224e-01   5.0359212e-01
   1.6580000e+03   3.7241886e-01   4.9429356e-01
   1.6590000e+03   3.7045840e-01   4.8261995e-01
   1.6600000e+03   3.7143451e-01   4.7125338e-01
   1.6610000e+03   3.6729547e-01   4.5320189e-01
   1.6620000e+03   3.5425678e-01   4.3446015e-01
   1.6630000e+03   3.3138346e-01   4.1675547e-01
   1.6640000e+03   2.9723974e-01   3.9709650e-01
   1.6650000e+03   2.6020814e-01   3.7369052e-01
   1.6660000e+03   2.1609513e-01   3.4318323e-01
   1.6670000e+03   1.9100053e-01   3.1740580e-01
   1.6680000e+03   1.8098902e-01   3.0274814e-01
   1.6690000e+03   1.8121386e-01   3.0539707e-01
   1.6700000e+03   1.8109724e-01   3.0075736e-01
   1.6710000e+03   1.6953689e-01   2.7849356e-01
   1.6720000e+03   1.5564034e-01   2.6641045e-01
   1.6730000e+03   1.4065154e-01   2.2267401e-01
   1.6740000e+03   1.3940862e-01   1.8490707e-01
   1.6750000e+03   1.4713332e-01   1.4729633e-01
   1.6760000e+03   1.7124063e-01   1.0621057e-01
