   1.0000000e+00   9.7298199e-01   2.2645858e+00
   2.0000000e+00   9.7739327e-01   2.2661292e+00
   3.0000000e+00   9.8168057e-01   2.2667427e+00
   4.0000000e+00   9.8557247e-01   2.2665959e+00
   5.0000000e+00   9.8883539e-01   2.2663037e+00
   6.0000000e+00   9.9223007e-01   2.2653481e+00
   7.0000000e+00   9.9510146e-01   2.2640869e+00
   8.0000000e+00   9.9819141e-01   2.2632135e+00
   9.0000000e+00   1.0012907e+00   2.2623628e+00
   1.0000000e+01   1.0043875e+00   2.2611629e+00
   1.1000000e+01   1.0077954e+00   2.2597764e+00
   1.2000000e+01   1.0113426e+00   2.2581998e+00
   1.3000000e+01   1.0148934e+00   2.2572053e+00
   1.4000000e+01   1.0180108e+00   2.2560719e+00
   1.5000000e+01   1.0211250e+00   2.2557687e+00
   1.6000000e+01   1.0239318e+00   2.2557790e+00
   1.7000000e+01   1.0265954e+00   2.2560974e+00
   1.8000000e+01   1.0295311e+00   2.2554428e+00
   1.9000000e+01   1.0329971e+00   2.2537344e+00
   2.0000000e+01   1.0374162e+00   2.2505591e+00
   2.1000000e+01   1.0411120e+00   2.2463955e+00
   2.2000000e+01   1.0443051e+00   2.2422713e+00
   2.3000000e+01   1.0473544e+00   2.2382978e+00
   2.4000000e+01   1.0500957e+00   2.2354529e+00
   2.5000000e+01   1.0532460e+00   2.2340276e+00
   2.6000000e+01   1.0545822e+00   2.2334586e+00
   2.7000000e+01   1.0562706e+00   2.2332189e+00
   2.8000000e+01   1.0578122e+00   2.2331481e+00
   2.9000000e+01   1.0598160e+00   2.2335414e+00
   3.0000000e+01   1.0612828e+00   2.2348343e+00
   3.1000000e+01   1.0625777e+00   2.2370190e+00
   3.2000000e+01   1.0633059e+00   2.2393502e+00
   3.3000000e+01   1.0634817e+00   2.2425266e+00
   3.4000000e+01   1.0634921e+00   2.2462410e+00
   3.5000000e+01   1.0625980e+00   2.2500509e+00
   3.6000000e+01   1.0605590e+00   2.2543547e+00
   3.7000000e+01   1.0585813e+00   2.2596919e+00
   3.8000000e+01   1.0561668e+00   2.2643834e+00
   3.9000000e+01   1.0534294e+00   2.2697758e+00
   4.0000000e+01   1.0509449e+00   2.2743265e+00
   4.1000000e+01   1.0493302e+00   2.2788939e+00
   4.2000000e+01   1.0475988e+00   2.2826108e+00
   4.3000000e+01   1.0457725e+00   2.2856664e+00
   4.4000000e+01   1.0439374e+00   2.2883362e+00
   4.5000000e+01   1.0417224e+00   2.2906266e+00
   4.6000000e+01   1.0398902e+00   2.2932223e+00
   4.7000000e+01   1.0383145e+00   2.2952199e+00
   4.8000000e+01   1.0364856e+00   2.2969655e+00
   4.9000000e+01   1.0342536e+00   2.2990561e+00
   5.0000000e+01   1.0325327e+00   2.3003603e+00
   5.1000000e+01   1.0314132e+00   2.3014760e+00
   5.2000000e+01   1.0296880e+00   2.3019345e+00
   5.3000000e+01   1.0286674e+00   2.3026420e+00
   5.4000000e+01   1.0278649e+00   2.3035212e+00
   5.5000000e+01   1.0271637e+00   2.3046988e+00
   5.6000000e+01   1.0269816e+00   2.3056619e+00
   5.7000000e+01   1.0271517e+00   2.3069650e+00
   5.8000000e+01   1.0275560e+00   2.3082539e+00
   5.9000000e+01   1.0288862e+00   2.3096095e+00
   6.0000000e+01   1.0300211e+00   2.3098691e+00
   6.1000000e+01   1.0303939e+00   2.3095542e+00
   6.2000000e+01   1.0308590e+00   2.3091035e+00
   6.3000000e+01   1.0315118e+00   2.3079847e+00
   6.4000000e+01   1.0313579e+00   2.3070234e+00
   6.5000000e+01   1.0314462e+00   2.3057332e+00
   6.6000000e+01   1.0315216e+00   2.3046972e+00
   6.7000000e+01   1.0312399e+00   2.3041213e+00
   6.8000000e+01   1.0311177e+00   2.3048123e+00
   6.9000000e+01   1.0310767e+00   2.3052569e+00
   7.0000000e+01   1.0319057e+00   2.3058619e+00
   7.1000000e+01   1.0329420e+00   2.3061802e+00
   7.2000000e+01   1.0337104e+00   2.3063720e+00
   7.3000000e+01   1.0346522e+00   2.3057338e+00
   7.4000000e+01   1.0348625e+00   2.3054531e+00
   7.5000000e+01   1.0345254e+00   2.3051236e+00
   7.6000000e+01   1.0342696e+00   2.3050168e+00
   7.7000000e+01   1.0339444e+00   2.3059083e+00
   7.8000000e+01   1.0335682e+00   2.3070160e+00
   7.9000000e+01   1.0332225e+00   2.3081359e+00
   8.0000000e+01   1.0329453e+00   2.3084254e+00
   8.1000000e+01   1.0327636e+00   2.3073143e+00
   8.2000000e+01   1.0324554e+00   2.3056974e+00
   8.3000000e+01   1.0323040e+00   2.3036711e+00
   8.4000000e+01   1.0317759e+00   2.3017283e+00
   8.5000000e+01   1.0324305e+00   2.2993615e+00
   8.6000000e+01   1.0318864e+00   2.2980753e+00
   8.7000000e+01   1.0319642e+00   2.2963782e+00
   8.8000000e+01   1.0315531e+00   2.2948580e+00
   8.9000000e+01   1.0307077e+00   2.2920960e+00
   9.0000000e+01   1.0299054e+00   2.2885597e+00
   9.1000000e+01   1.0292329e+00   2.2856638e+00
   9.2000000e+01   1.0290508e+00   2.2830056e+00
   9.3000000e+01   1.0290472e+00   2.2810030e+00
   9.4000000e+01   1.0288273e+00   2.2797923e+00
   9.5000000e+01   1.0288346e+00   2.2787789e+00
   9.6000000e+01   1.0294673e+00   2.2779824e+00
   9.7000000e+01   1.0303147e+00   2.2773106e+00
   9.8000000e+01   1.0318130e+00   2.2762614e+00
   9.9000000e+01   1.0329923e+00   2.2752912e+00
   1.0000000e+02   1.0348899e+00   2.2745276e+00
   1.0100000e+02   1.0373793e+00   2.2734543e+00
   1.0200000e+02   1.0399056e+00   2.2720121e+00
   1.0300000e+02   1.0424744e+00   2.2691529e+00
   1.0400000e+02   1.0454230e+00   2.2652134e+00
   1.0500000e+02   1.0477304e+00   2.2604084e+00
   1.0600000e+02   1.0497718e+00   2.2536984e+00
   1.0700000e+02   1.0515827e+00   2.2466009e+00
   1.0800000e+02   1.0523291e+00   2.2393596e+00
   1.0900000e+02   1.0538808e+00   2.2328063e+00
   1.1000000e+02   1.0559078e+00   2.2274854e+00
   1.1100000e+02   1.0588048e+00   2.2231939e+00
   1.1200000e+02   1.0609805e+00   2.2191694e+00
   1.1300000e+02   1.0630234e+00   2.2158870e+00
   1.1400000e+02   1.0640514e+00   2.2138942e+00
   1.1500000e+02   1.0656470e+00   2.2135649e+00
   1.1600000e+02   1.0662485e+00   2.2153327e+00
   1.1700000e+02   1.0662491e+00   2.2180544e+00
   1.1800000e+02   1.0651743e+00   2.2226221e+00
   1.1900000e+02   1.0633286e+00   2.2276866e+00
   1.2000000e+02   1.0606034e+00   2.2334743e+00
   1.2100000e+02   1.0565788e+00   2.2398584e+00
   1.2200000e+02   1.0516289e+00   2.2458328e+00
   1.2300000e+02   1.0464748e+00   2.2524690e+00
   1.2400000e+02   1.0401960e+00   2.2589851e+00
   1.2500000e+02   1.0333160e+00   2.2654978e+00
   1.2600000e+02   1.0257900e+00   2.2707940e+00
   1.2700000e+02   1.0182768e+00   2.2755381e+00
   1.2800000e+02   1.0124698e+00   2.2795028e+00
   1.2900000e+02   1.0075750e+00   2.2825479e+00
   1.3000000e+02   1.0055002e+00   2.2845889e+00
   1.3100000e+02   1.0052693e+00   2.2859931e+00
   1.3200000e+02   1.0067169e+00   2.2868070e+00
   1.3300000e+02   1.0101084e+00   2.2868559e+00
   1.3400000e+02   1.0126208e+00   2.2857011e+00
   1.3500000e+02   1.0142378e+00   2.2830007e+00
   1.3600000e+02   1.0149692e+00   2.2789695e+00
   1.3700000e+02   1.0146401e+00   2.2745146e+00
   1.3800000e+02   1.0143302e+00   2.2698119e+00
   1.3900000e+02   1.0148082e+00   2.2667663e+00
   1.4000000e+02   1.0165444e+00   2.2646744e+00
   1.4100000e+02   1.0196533e+00   2.2627381e+00
   1.4200000e+02   1.0230266e+00   2.2612215e+00
   1.4300000e+02   1.0266105e+00   2.2589282e+00
   1.4400000e+02   1.0304581e+00   2.2563787e+00
   1.4500000e+02   1.0342784e+00   2.2532590e+00
   1.4600000e+02   1.0372078e+00   2.2509833e+00
   1.4700000e+02   1.0404795e+00   2.2497173e+00
   1.4800000e+02   1.0426639e+00   2.2492297e+00
   1.4900000e+02   1.0442944e+00   2.2504371e+00
   1.5000000e+02   1.0450660e+00   2.2521318e+00
   1.5100000e+02   1.0442304e+00   2.2546940e+00
   1.5200000e+02   1.0425071e+00   2.2572443e+00
   1.5300000e+02   1.0401930e+00   2.2594842e+00
   1.5400000e+02   1.0368614e+00   2.2615106e+00
   1.5500000e+02   1.0326008e+00   2.2629034e+00
   1.5600000e+02   1.0286343e+00   2.2649368e+00
   1.5700000e+02   1.0245125e+00   2.2667641e+00
   1.5800000e+02   1.0200185e+00   2.2699799e+00
   1.5900000e+02   1.0166646e+00   2.2737105e+00
   1.6000000e+02   1.0144921e+00   2.2780681e+00
   1.6100000e+02   1.0143194e+00   2.2823914e+00
   1.6200000e+02   1.0162557e+00   2.2861759e+00
   1.6300000e+02   1.0196289e+00   2.2896870e+00
   1.6400000e+02   1.0252837e+00   2.2923061e+00
   1.6500000e+02   1.0329789e+00   2.2943833e+00
   1.6600000e+02   1.0428441e+00   2.2958345e+00
   1.6700000e+02   1.0536752e+00   2.2972714e+00
   1.6800000e+02   1.0651903e+00   2.2983783e+00
   1.6900000e+02   1.0775694e+00   2.2987489e+00
   1.7000000e+02   1.0863178e+00   2.2979009e+00
   1.7100000e+02   1.0961365e+00   2.2972188e+00
   1.7200000e+02   1.1046025e+00   2.2969952e+00
   1.7300000e+02   1.1123689e+00   2.2970052e+00
   1.7400000e+02   1.1185258e+00   2.2970883e+00
   1.7500000e+02   1.1235066e+00   2.2963740e+00
   1.7600000e+02   1.1263853e+00   2.2949663e+00
   1.7700000e+02   1.1296690e+00   2.2922342e+00
   1.7800000e+02   1.1323481e+00   2.2890564e+00
   1.7900000e+02   1.1338610e+00   2.2854929e+00
   1.8000000e+02   1.1338642e+00   2.2817893e+00
   1.8100000e+02   1.1340033e+00   2.2789853e+00
   1.8200000e+02   1.1323612e+00   2.2767576e+00
   1.8300000e+02   1.1295783e+00   2.2744186e+00
   1.8400000e+02   1.1243263e+00   2.2721679e+00
   1.8500000e+02   1.1173092e+00   2.2708358e+00
   1.8600000e+02   1.1106264e+00   2.2716841e+00
   1.8700000e+02   1.1043835e+00   2.2744647e+00
   1.8800000e+02   1.0976938e+00   2.2789762e+00
   1.8900000e+02   1.0900834e+00   2.2845557e+00
   1.9000000e+02   1.0816101e+00   2.2910415e+00
   1.9100000e+02   1.0725891e+00   2.2975661e+00
   1.9200000e+02   1.0626756e+00   2.3029405e+00
   1.9300000e+02   1.0518236e+00   2.3073628e+00
   1.9400000e+02   1.0426732e+00   2.3091599e+00
   1.9500000e+02   1.0337133e+00   2.3098275e+00
   1.9600000e+02   1.0260776e+00   2.3097420e+00
   1.9700000e+02   1.0206166e+00   2.3101785e+00
   1.9800000e+02   1.0168046e+00   2.3105057e+00
   1.9900000e+02   1.0154100e+00   2.3119850e+00
   2.0000000e+02   1.0154469e+00   2.3142847e+00
   2.0100000e+02   1.0171352e+00   2.3172921e+00
   2.0200000e+02   1.0191786e+00   2.3201043e+00
   2.0300000e+02   1.0221619e+00   2.3213312e+00
   2.0400000e+02   1.0255243e+00   2.3214006e+00
   2.0500000e+02   1.0288942e+00   2.3209404e+00
   2.0600000e+02   1.0332746e+00   2.3156132e+00
   2.0700000e+02   1.0375397e+00   2.3085110e+00
   2.0800000e+02   1.0420000e+00   2.3001493e+00
   2.0900000e+02   1.0462283e+00   2.2909218e+00
   2.1000000e+02   1.0504959e+00   2.2818945e+00
   2.1100000e+02   1.0545433e+00   2.2736669e+00
   2.1200000e+02   1.0597133e+00   2.2663146e+00
   2.1300000e+02   1.0647550e+00   2.2604699e+00
   2.1400000e+02   1.0696581e+00   2.2562568e+00
   2.1500000e+02   1.0742316e+00   2.2534221e+00
   2.1600000e+02   1.0783314e+00   2.2516930e+00
   2.1700000e+02   1.0817057e+00   2.2503911e+00
   2.1800000e+02   1.0835193e+00   2.2495439e+00
   2.1900000e+02   1.0851738e+00   2.2497974e+00
   2.2000000e+02   1.0863431e+00   2.2505303e+00
   2.2100000e+02   1.0874648e+00   2.2515702e+00
   2.2200000e+02   1.0876652e+00   2.2528279e+00
   2.2300000e+02   1.0867817e+00   2.2538733e+00
   2.2400000e+02   1.0836056e+00   2.2540367e+00
   2.2500000e+02   1.0793914e+00   2.2539336e+00
   2.2600000e+02   1.0728492e+00   2.2534932e+00
   2.2700000e+02   1.0647571e+00   2.2513374e+00
   2.2800000e+02   1.0539937e+00   2.2493519e+00
   2.2900000e+02   1.0409219e+00   2.2468274e+00
   2.3000000e+02   1.0283610e+00   2.2438488e+00
   2.3100000e+02   1.0142868e+00   2.2413731e+00
   2.3200000e+02   1.0006229e+00   2.2382525e+00
   2.3300000e+02   9.8763321e-01   2.2354282e+00
   2.3400000e+02   9.7709218e-01   2.2319242e+00
   2.3500000e+02   9.6989809e-01   2.2269539e+00
   2.3600000e+02   9.6523755e-01   2.2210258e+00
   2.3700000e+02   9.6158941e-01   2.2126229e+00
   2.3800000e+02   9.5673494e-01   2.2017640e+00
   2.3900000e+02   9.4999765e-01   2.1888080e+00
   2.4000000e+02   9.3835648e-01   2.1749313e+00
   2.4100000e+02   9.1914417e-01   2.1601645e+00
   2.4200000e+02   8.9398844e-01   2.1441428e+00
   2.4300000e+02   8.6560942e-01   2.1268390e+00
   2.4400000e+02   8.3902837e-01   2.1084622e+00
   2.4500000e+02   8.1969699e-01   2.0909242e+00
   2.4600000e+02   8.1018235e-01   2.0720975e+00
   2.4700000e+02   8.0461198e-01   2.0526761e+00
   2.4800000e+02   7.9859132e-01   2.0340413e+00
   2.4900000e+02   7.8751732e-01   2.0176296e+00
   2.5000000e+02   7.7172023e-01   2.0021890e+00
   2.5100000e+02   7.5146710e-01   1.9884411e+00
   2.5200000e+02   7.2287559e-01   1.9735186e+00
   2.5300000e+02   6.8384719e-01   1.9554544e+00
   2.5400000e+02   6.3768105e-01   1.9361038e+00
   2.5500000e+02   5.9196244e-01   1.9185457e+00
   2.5600000e+02   5.5790259e-01   1.9052455e+00
   2.5700000e+02   5.3950931e-01   1.8982237e+00
   2.5800000e+02   5.3360608e-01   1.8945631e+00
   2.5900000e+02   5.3160670e-01   1.8904968e+00
   2.6000000e+02   5.2644402e-01   1.8827178e+00
   2.6100000e+02   5.1574980e-01   1.8683562e+00
   2.6200000e+02   4.9937933e-01   1.8477664e+00
   2.6300000e+02   4.7725260e-01   1.8218377e+00
   2.6400000e+02   4.5336005e-01   1.7940714e+00
   2.6500000e+02   4.3115689e-01   1.7667858e+00
   2.6600000e+02   4.1686599e-01   1.7462397e+00
   2.6700000e+02   4.1305650e-01   1.7317052e+00
   2.6800000e+02   4.1666503e-01   1.7185718e+00
   2.6900000e+02   4.2207473e-01   1.7054727e+00
   2.7000000e+02   4.2215857e-01   1.6918771e+00
   2.7100000e+02   4.1828764e-01   1.6782126e+00
   2.7200000e+02   4.1276265e-01   1.6664881e+00
   2.7300000e+02   4.0760982e-01   1.6577372e+00
   2.7400000e+02   4.0300054e-01   1.6526234e+00
   2.7500000e+02   3.9810446e-01   1.6515244e+00
   2.7600000e+02   3.9200379e-01   1.6483867e+00
   2.7700000e+02   3.8629147e-01   1.6408025e+00
   2.7800000e+02   3.8339544e-01   1.6307366e+00
   2.7900000e+02   3.8281816e-01   1.6199929e+00
   2.8000000e+02   3.8515732e-01   1.6099976e+00
   2.8100000e+02   3.8760072e-01   1.6000621e+00
   2.8200000e+02   3.8848838e-01   1.5897792e+00
   2.8300000e+02   3.8658676e-01   1.5783699e+00
   2.8400000e+02   3.8219629e-01   1.5645294e+00
   2.8500000e+02   3.7928851e-01   1.5509665e+00
   2.8600000e+02   3.7823656e-01   1.5385236e+00
   2.8700000e+02   3.7680318e-01   1.5274351e+00
   2.8800000e+02   3.7483158e-01   1.5148008e+00
   2.8900000e+02   3.7225577e-01   1.5003330e+00
   2.9000000e+02   3.7321612e-01   1.4831184e+00
   2.9100000e+02   3.7741156e-01   1.4638576e+00
   2.9200000e+02   3.8507028e-01   1.4428474e+00
   2.9300000e+02   3.9524127e-01   1.4239796e+00
   2.9400000e+02   4.0678983e-01   1.4077161e+00
   2.9500000e+02   4.1734064e-01   1.3924162e+00
   2.9600000e+02   4.2500182e-01   1.3778323e+00
   2.9700000e+02   4.2811462e-01   1.3636953e+00
   2.9800000e+02   4.2788272e-01   1.3485284e+00
   2.9900000e+02   4.2428188e-01   1.3323074e+00
   3.0000000e+02   4.1920520e-01   1.3166548e+00
   3.0100000e+02   4.1352187e-01   1.3006987e+00
   3.0200000e+02   4.0653496e-01   1.2875368e+00
   3.0300000e+02   3.9833966e-01   1.2768955e+00
   3.0400000e+02   3.8878048e-01   1.2690240e+00
   3.0500000e+02   3.7810688e-01   1.2634519e+00
   3.0600000e+02   3.6727016e-01   1.2600819e+00
   3.0700000e+02   3.5616565e-01   1.2583232e+00
   3.0800000e+02   3.4473314e-01   1.2568239e+00
   3.0900000e+02   3.3122459e-01   1.2559398e+00
   3.1000000e+02   3.1461216e-01   1.2566198e+00
   3.1100000e+02   2.9398715e-01   1.2573028e+00
   3.1200000e+02   2.7138967e-01   1.2586329e+00
   3.1300000e+02   2.4840189e-01   1.2603115e+00
   3.1400000e+02   2.3570933e-01   1.2578429e+00
   3.1500000e+02   2.2718197e-01   1.2539347e+00
   3.1600000e+02   2.2099658e-01   1.2515872e+00
   3.1700000e+02   2.1431379e-01   1.2480706e+00
   3.1800000e+02   2.0873868e-01   1.2433445e+00
   3.1900000e+02   2.0338222e-01   1.2382217e+00
   3.2000000e+02   1.9878072e-01   1.2322799e+00
   3.2100000e+02   1.9203432e-01   1.2254365e+00
   3.2200000e+02   1.8401021e-01   1.2177828e+00
   3.2300000e+02   1.7542037e-01   1.2117750e+00
   3.2400000e+02   1.6683528e-01   1.2077368e+00
   3.2500000e+02   1.5856159e-01   1.2065320e+00
   3.2600000e+02   1.5208251e-01   1.2055293e+00
   3.2700000e+02   1.4601460e-01   1.2068836e+00
   3.2800000e+02   1.4087373e-01   1.2090286e+00
   3.2900000e+02   1.3655937e-01   1.2087840e+00
   3.3000000e+02   1.3263553e-01   1.2075684e+00
   3.3100000e+02   1.2961472e-01   1.2041065e+00
   3.3200000e+02   1.2787565e-01   1.1994815e+00
   3.3300000e+02   1.2637266e-01   1.1926826e+00
   3.3400000e+02   1.2410787e-01   1.1859711e+00
   3.3500000e+02   1.2078989e-01   1.1781458e+00
   3.3600000e+02   1.1814897e-01   1.1709030e+00
   3.3700000e+02   1.1628341e-01   1.1635492e+00
   3.3800000e+02   1.1344811e-01   1.1564655e+00
   3.3900000e+02   1.1158987e-01   1.1493777e+00
   3.4000000e+02   1.0959495e-01   1.1416772e+00
   3.4100000e+02   1.0837489e-01   1.1348324e+00
   3.4200000e+02   1.0673819e-01   1.1272619e+00
   3.4300000e+02   1.0331812e-01   1.1182469e+00
   3.4400000e+02   9.8981061e-02   1.1090973e+00
   3.4500000e+02   9.2926021e-02   1.0996491e+00
   3.4600000e+02   8.5827254e-02   1.0902775e+00
   3.4700000e+02   7.7957726e-02   1.0800785e+00
   3.4800000e+02   6.9866613e-02   1.0696957e+00
   3.4900000e+02   6.2476894e-02   1.0592042e+00
   3.5000000e+02   5.5071683e-02   1.0488623e+00
   3.5100000e+02   4.7746842e-02   1.0397873e+00
   3.5200000e+02   4.0913700e-02   1.0316274e+00
   3.5300000e+02   3.3275438e-02   1.0251067e+00
   3.5400000e+02   2.5672691e-02   1.0195698e+00
   3.5500000e+02   1.9774914e-02   1.0169808e+00
   3.5600000e+02   1.8108914e-02   1.0182528e+00
   3.5700000e+02   1.9973687e-02   1.0212494e+00
   3.5800000e+02   2.4512525e-02   1.0252520e+00
   3.5900000e+02   2.9697487e-02   1.0287407e+00
   3.6000000e+02   3.4654417e-02   1.0298922e+00
   3.6100000e+02   3.9984939e-02   1.0307400e+00
   3.6200000e+02   4.1510225e-02   1.0277047e+00
   3.6300000e+02   4.1414270e-02   1.0232567e+00
   3.6400000e+02   3.8920821e-02   1.0188034e+00
   3.6500000e+02   3.4023231e-02   1.0156360e+00
   3.6600000e+02   2.9777163e-02   1.0137154e+00
   3.6700000e+02   2.6914002e-02   1.0106239e+00
   3.6800000e+02   2.5851355e-02   1.0051953e+00
   3.6900000e+02   2.6652987e-02   9.9638096e-01
   3.7000000e+02   2.8049324e-02   9.8461082e-01
   3.7100000e+02   3.1443342e-02   9.7231843e-01
   3.7200000e+02   3.5882846e-02   9.6078366e-01
   3.7300000e+02   4.1767084e-02   9.5015919e-01
   3.7400000e+02   4.7536417e-02   9.4163249e-01
   3.7500000e+02   5.2627300e-02   9.3224191e-01
   3.7600000e+02   5.5264330e-02   9.2303886e-01
   3.7700000e+02   5.7206489e-02   9.1221269e-01
   3.7800000e+02   5.8486814e-02   9.0247713e-01
   3.7900000e+02   5.9676328e-02   8.9371580e-01
   3.8000000e+02   6.0044700e-02   8.8752218e-01
   3.8100000e+02   6.1243870e-02   8.8306399e-01
   3.8200000e+02   6.1374373e-02   8.8158005e-01
   3.8300000e+02   6.0377413e-02   8.8057476e-01
   3.8400000e+02   5.7462911e-02   8.7829090e-01
   3.8500000e+02   5.2963053e-02   8.7346492e-01
   3.8600000e+02   4.8619885e-02   8.6844331e-01
   3.8700000e+02   4.3319550e-02   8.6357613e-01
   3.8800000e+02   3.7826070e-02   8.5885236e-01
   3.8900000e+02   3.3875979e-02   8.5337383e-01
   3.9000000e+02   3.3012291e-02   8.4767840e-01
   3.9100000e+02   3.4670447e-02   8.4398045e-01
   3.9200000e+02   3.9850698e-02   8.3496638e-01
   3.9300000e+02   4.7006319e-02   8.2541544e-01
   3.9400000e+02   5.4902134e-02   8.1704935e-01
   3.9500000e+02   6.0994459e-02   8.1083619e-01
   3.9600000e+02   6.3357445e-02   8.0956270e-01
   3.9700000e+02   6.6882693e-02   8.1487788e-01
   3.9800000e+02   7.3342584e-02   8.2243567e-01
   3.9900000e+02   8.2610002e-02   8.3042181e-01
   4.0000000e+02   9.1961029e-02   8.3885013e-01
   4.0100000e+02   1.0170928e-01   8.4756890e-01
   4.0200000e+02   1.1034086e-01   8.5374501e-01
   4.0300000e+02   1.1842918e-01   8.5699736e-01
   4.0400000e+02   1.2682304e-01   8.5747081e-01
   4.0500000e+02   1.3853752e-01   8.5528186e-01
   4.0600000e+02   1.5157349e-01   8.5289551e-01
   4.0700000e+02   1.6282146e-01   8.5133805e-01
   4.0800000e+02   1.7060300e-01   8.5326331e-01
   4.0900000e+02   1.7413313e-01   8.5775837e-01
   4.1000000e+02   1.7324266e-01   8.5991732e-01
   4.1100000e+02   1.6896712e-01   8.5733153e-01
   4.1200000e+02   1.6337222e-01   8.5224699e-01
   4.1300000e+02   1.5801079e-01   8.4585862e-01
   4.1400000e+02   1.5340497e-01   8.4183459e-01
   4.1500000e+02   1.5050123e-01   8.3913289e-01
   4.1600000e+02   1.4800878e-01   8.3667735e-01
   4.1700000e+02   1.4547671e-01   8.3172403e-01
   4.1800000e+02   1.4158147e-01   8.2407698e-01
   4.1900000e+02   1.3742467e-01   8.1550875e-01
   4.2000000e+02   1.3421486e-01   8.0807116e-01
   4.2100000e+02   1.3041558e-01   8.0489039e-01
   4.2200000e+02   1.2474483e-01   8.0199903e-01
   4.2300000e+02   1.1665299e-01   8.0188877e-01
   4.2400000e+02   1.0899064e-01   8.0220485e-01
   4.2500000e+02   1.0144406e-01   8.0312325e-01
   4.2600000e+02   9.6257987e-02   8.0297022e-01
   4.2700000e+02   9.2752471e-02   8.0156934e-01
   4.2800000e+02   9.1374826e-02   7.9753753e-01
   4.2900000e+02   9.1265839e-02   7.9259113e-01
   4.3000000e+02   9.0704450e-02   7.8777349e-01
   4.3100000e+02   9.0519058e-02   7.8588932e-01
   4.3200000e+02   9.1135554e-02   7.8607966e-01
   4.3300000e+02   9.3392011e-02   7.8678666e-01
   4.3400000e+02   9.6693409e-02   7.8914375e-01
   4.3500000e+02   9.9099469e-02   7.9117283e-01
   4.3600000e+02   1.0132422e-01   7.9189335e-01
   4.3700000e+02   1.0455890e-01   7.9119222e-01
   4.3800000e+02   1.1057290e-01   7.8836485e-01
   4.3900000e+02   1.1670937e-01   7.8393131e-01
   4.4000000e+02   1.2215656e-01   7.7856320e-01
   4.4100000e+02   1.2600144e-01   7.7148552e-01
   4.4200000e+02   1.2904547e-01   7.6484267e-01
   4.4300000e+02   1.3109588e-01   7.5684679e-01
   4.4400000e+02   1.3338972e-01   7.4714744e-01
   4.4500000e+02   1.3509142e-01   7.3448949e-01
   4.4600000e+02   1.3590934e-01   7.1805864e-01
   4.4700000e+02   1.3480775e-01   6.9727968e-01
   4.4800000e+02   1.3184879e-01   6.7542441e-01
   4.4900000e+02   1.2923706e-01   6.5843959e-01
   4.5000000e+02   1.2982013e-01   6.4760130e-01
   4.5100000e+02   1.3107246e-01   6.4265777e-01
   4.5200000e+02   1.3190911e-01   6.3961844e-01
   4.5300000e+02   1.3147213e-01   6.3403539e-01
   4.5400000e+02   1.3074924e-01   6.2525207e-01
   4.5500000e+02   1.3048132e-01   6.1468495e-01
   4.5600000e+02   1.2950116e-01   6.0277963e-01
   4.5700000e+02   1.2775939e-01   5.9153988e-01
   4.5800000e+02   1.2815730e-01   5.8344617e-01
   4.5900000e+02   1.2769102e-01   5.6868436e-01
   4.6000000e+02   1.3036806e-01   5.5541703e-01
   4.6100000e+02   1.3407172e-01   5.4393071e-01
   4.6200000e+02   1.3569749e-01   5.3862573e-01
   4.6300000e+02   1.3499790e-01   5.3894765e-01
   4.6400000e+02   1.3172586e-01   5.4109232e-01
   4.6500000e+02   1.2805133e-01   5.4162494e-01
   4.6600000e+02   1.2360403e-01   5.4073159e-01
   4.6700000e+02   1.2253999e-01   5.3669863e-01
   4.6800000e+02   1.2451948e-01   5.3084036e-01
   4.6900000e+02   1.3010234e-01   5.2387651e-01
   4.7000000e+02   1.3148271e-01   5.1355517e-01
   4.7100000e+02   1.3087760e-01   5.0296344e-01
   4.7200000e+02   1.2984738e-01   4.9401449e-01
   4.7300000e+02   1.2953581e-01   4.8643352e-01
   4.7400000e+02   1.2902810e-01   4.7870091e-01
   4.7500000e+02   1.2968537e-01   4.6969662e-01
   4.7600000e+02   1.2974874e-01   4.6313222e-01
   4.7700000e+02   1.2845444e-01   4.5837742e-01
   4.7800000e+02   1.2862058e-01   4.5731215e-01
   4.7900000e+02   1.2858588e-01   4.5617096e-01
   4.8000000e+02   1.2760715e-01   4.5484514e-01
   4.8100000e+02   1.2522024e-01   4.5131776e-01
   4.8200000e+02   1.1787530e-01   4.4716427e-01
   4.8300000e+02   1.0927291e-01   4.4313059e-01
   4.8400000e+02   1.0266305e-01   4.3917449e-01
   4.8500000e+02   9.2716391e-02   4.3036805e-01
   4.8600000e+02   8.2831478e-02   4.1399002e-01
   4.8700000e+02   7.6828424e-02   3.8928413e-01
   4.8800000e+02   7.7035813e-02   3.5822739e-01
   4.8900000e+02   8.7553883e-02   3.2275094e-01
   4.9000000e+02   1.0297447e-01   2.8208919e-01
   4.9100000e+02   1.2031250e-01   2.4007627e-01
   4.9200000e+02   1.3436357e-01   1.9777081e-01
   4.9300000e+02   1.4247580e-01   1.5600246e-01
   4.9400000e+02   1.4788889e-01   1.2132746e-01
