   2.5500000e+02   2.7558211e+00   1.9595253e+00
   2.5600000e+02   2.7498448e+00   1.9515724e+00
   2.5700000e+02   2.7437514e+00   1.9411558e+00
   2.5800000e+02   2.7353456e+00   1.9295908e+00
   2.5900000e+02   2.7254364e+00   1.9183504e+00
   2.6000000e+02   2.7137020e+00   1.9076953e+00
   2.6100000e+02   2.7017435e+00   1.8989342e+00
   2.6200000e+02   2.6888339e+00   1.8923483e+00
   2.6300000e+02   2.6770082e+00   1.8881176e+00
   2.6400000e+02   2.6660292e+00   1.8858459e+00
   2.6500000e+02   2.6557407e+00   1.8853264e+00
   2.6600000e+02   2.6450806e+00   1.8861803e+00
   2.6700000e+02   2.6329298e+00   1.8886758e+00
   2.6800000e+02   2.6179679e+00   1.8910570e+00
   2.6900000e+02   2.6044184e+00   1.8928321e+00
   2.7000000e+02   2.5883562e+00   1.8944203e+00
   2.7100000e+02   2.5711116e+00   1.8952806e+00
   2.7200000e+02   2.5529297e+00   1.8947280e+00
   2.7300000e+02   2.5355418e+00   1.8920432e+00
   2.7400000e+02   2.5194834e+00   1.8863499e+00
   2.7500000e+02   2.5030789e+00   1.8767435e+00
   2.7600000e+02   2.4855468e+00   1.8629867e+00
   2.7700000e+02   2.4668338e+00   1.8444086e+00
   2.7800000e+02   2.4483505e+00   1.8234671e+00
   2.7900000e+02   2.4300641e+00   1.8005825e+00
   2.8000000e+02   2.4127820e+00   1.7782250e+00
   2.8100000e+02   2.3971844e+00   1.7597004e+00
   2.8200000e+02   2.3804705e+00   1.7427720e+00
   2.8300000e+02   2.3640179e+00   1.7290754e+00
   2.8400000e+02   2.3469036e+00   1.7165009e+00
   2.8500000e+02   2.3290909e+00   1.7031699e+00
   2.8600000e+02   2.3129828e+00   1.6911125e+00
   2.8700000e+02   2.2988304e+00   1.6803027e+00
   2.8800000e+02   2.2880663e+00   1.6702099e+00
   2.8900000e+02   2.2777285e+00   1.6618528e+00
   2.9000000e+02   2.2675496e+00   1.6529330e+00
   2.9100000e+02   2.2588692e+00   1.6440062e+00
   2.9200000e+02   2.2515841e+00   1.6334351e+00
   2.9300000e+02   2.2478911e+00   1.6228857e+00
   2.9400000e+02   2.2438512e+00   1.6126899e+00
   2.9500000e+02   2.2384235e+00   1.6057978e+00
   2.9600000e+02   2.2314628e+00   1.6027647e+00
   2.9700000e+02   2.2241315e+00   1.6035256e+00
   2.9800000e+02   2.2169535e+00   1.6068436e+00
   2.9900000e+02   2.2103295e+00   1.6108937e+00
   3.0000000e+02   2.2053701e+00   1.6153450e+00
   3.0100000e+02   2.2029880e+00   1.6187619e+00
   3.0200000e+02   2.1997909e+00   1.6216536e+00
   3.0300000e+02   2.1994132e+00   1.6231253e+00
   3.0400000e+02   2.1988535e+00   1.6223621e+00
   3.0500000e+02   2.1995720e+00   1.6213657e+00
   3.0600000e+02   2.1992892e+00   1.6195944e+00
   3.0700000e+02   2.1966931e+00   1.6180928e+00
   3.0800000e+02   2.1916727e+00   1.6171965e+00
   3.0900000e+02   2.1859196e+00   1.6170299e+00
   3.1000000e+02   2.1795366e+00   1.6171141e+00
   3.1100000e+02   2.1745870e+00   1.6157927e+00
   3.1200000e+02   2.1701456e+00   1.6141080e+00
   3.1300000e+02   2.1653615e+00   1.6118371e+00
   3.1400000e+02   2.1574824e+00   1.6090052e+00
   3.1500000e+02   2.1479980e+00   1.6074544e+00
   3.1600000e+02   2.1367781e+00   1.6052877e+00
   3.1700000e+02   2.1259287e+00   1.6025420e+00
   3.1800000e+02   2.1155356e+00   1.5981314e+00
   3.1900000e+02   2.1065832e+00   1.5942390e+00
   3.2000000e+02   2.0962517e+00   1.5907559e+00
   3.2100000e+02   2.0860207e+00   1.5881643e+00
   3.2200000e+02   2.0763978e+00   1.5878760e+00
   3.2300000e+02   2.0684255e+00   1.5889873e+00
   3.2400000e+02   2.0607599e+00   1.5896671e+00
   3.2500000e+02   2.0534716e+00   1.5884435e+00
   3.2600000e+02   2.0423750e+00   1.5865560e+00
   3.2700000e+02   2.0285249e+00   1.5822489e+00
   3.2800000e+02   2.0131353e+00   1.5770689e+00
   3.2900000e+02   1.9989634e+00   1.5702697e+00
   3.3000000e+02   1.9876599e+00   1.5625866e+00
   3.3100000e+02   1.9799023e+00   1.5543997e+00
   3.3200000e+02   1.9736328e+00   1.5440892e+00
   3.3300000e+02   1.9682933e+00   1.5346997e+00
   3.3400000e+02   1.9638953e+00   1.5255127e+00
   3.3500000e+02   1.9600793e+00   1.5173380e+00
   3.3600000e+02   1.9572425e+00   1.5115266e+00
   3.3700000e+02   1.9544869e+00   1.5077868e+00
   3.3800000e+02   1.9534788e+00   1.5076537e+00
   3.3900000e+02   1.9527762e+00   1.5098165e+00
   3.4000000e+02   1.9535427e+00   1.5129570e+00
   3.4100000e+02   1.9537115e+00   1.5180348e+00
   3.4200000e+02   1.9531065e+00   1.5232724e+00
   3.4300000e+02   1.9523383e+00   1.5286669e+00
   3.4400000e+02   1.9524403e+00   1.5349140e+00
   3.4500000e+02   1.9529500e+00   1.5402448e+00
   3.4600000e+02   1.9555383e+00   1.5450957e+00
   3.4700000e+02   1.9589566e+00   1.5492197e+00
   3.4800000e+02   1.9638593e+00   1.5527026e+00
   3.4900000e+02   1.9701336e+00   1.5555034e+00
   3.5000000e+02   1.9758792e+00   1.5556238e+00
   3.5100000e+02   1.9806803e+00   1.5540910e+00
   3.5200000e+02   1.9835157e+00   1.5513173e+00
   3.5300000e+02   1.9844296e+00   1.5491326e+00
   3.5400000e+02   1.9817754e+00   1.5465668e+00
   3.5500000e+02   1.9780438e+00   1.5455988e+00
   3.5600000e+02   1.9739620e+00   1.5466653e+00
   3.5700000e+02   1.9714697e+00   1.5476054e+00
   3.5800000e+02   1.9702153e+00   1.5492246e+00
   3.5900000e+02   1.9694584e+00   1.5499683e+00
   3.6000000e+02   1.9687560e+00   1.5490509e+00
   3.6100000e+02   1.9679686e+00   1.5470675e+00
   3.6200000e+02   1.9641587e+00   1.5432450e+00
   3.6300000e+02   1.9592018e+00   1.5374875e+00
   3.6400000e+02   1.9523982e+00   1.5312095e+00
   3.6500000e+02   1.9442906e+00   1.5232318e+00
   3.6600000e+02   1.9358392e+00   1.5159859e+00
   3.6700000e+02   1.9262094e+00   1.5085597e+00
   3.6800000e+02   1.9169382e+00   1.5011673e+00
   3.6900000e+02   1.9076483e+00   1.4963818e+00
   3.7000000e+02   1.9001124e+00   1.4928697e+00
   3.7100000e+02   1.8949508e+00   1.4913924e+00
   3.7200000e+02   1.8910367e+00   1.4925433e+00
   3.7300000e+02   1.8901918e+00   1.4949819e+00
   3.7400000e+02   1.8899972e+00   1.5005424e+00
   3.7500000e+02   1.8914636e+00   1.5075186e+00
   3.7600000e+02   1.8939178e+00   1.5161921e+00
   3.7700000e+02   1.8974161e+00   1.5237632e+00
   3.7800000e+02   1.8997380e+00   1.5320179e+00
   3.7900000e+02   1.9029627e+00   1.5384137e+00
   3.8000000e+02   1.9070093e+00   1.5437108e+00
   3.8100000e+02   1.9121014e+00   1.5470470e+00
   3.8200000e+02   1.9194138e+00   1.5495828e+00
   3.8300000e+02   1.9280539e+00   1.5519540e+00
   3.8400000e+02   1.9392616e+00   1.5552240e+00
   3.8500000e+02   1.9506467e+00   1.5588001e+00
   3.8600000e+02   1.9600522e+00   1.5602025e+00
   3.8700000e+02   1.9698440e+00   1.5635406e+00
   3.8800000e+02   1.9782711e+00   1.5665622e+00
   3.8900000e+02   1.9857019e+00   1.5697045e+00
   3.9000000e+02   1.9926216e+00   1.5726017e+00
   3.9100000e+02   1.9977925e+00   1.5754731e+00
   3.9200000e+02   2.0020617e+00   1.5794250e+00
   3.9300000e+02   2.0043857e+00   1.5848422e+00
   3.9400000e+02   2.0053174e+00   1.5902662e+00
   3.9500000e+02   2.0040547e+00   1.5950208e+00
   3.9600000e+02   2.0021223e+00   1.6004440e+00
   3.9700000e+02   1.9990375e+00   1.6058000e+00
   3.9800000e+02   1.9931424e+00   1.6111407e+00
   3.9900000e+02   1.9857729e+00   1.6177829e+00
   4.0000000e+02   1.9772593e+00   1.6263719e+00
   4.0100000e+02   1.9686832e+00   1.6351842e+00
   4.0200000e+02   1.9596536e+00   1.6456587e+00
   4.0300000e+02   1.9513850e+00   1.6553581e+00
   4.0400000e+02   1.9456562e+00   1.6643183e+00
   4.0500000e+02   1.9410041e+00   1.6703367e+00
   4.0600000e+02   1.9373776e+00   1.6739567e+00
   4.0700000e+02   1.9325093e+00   1.6752179e+00
   4.0800000e+02   1.9260914e+00   1.6727497e+00
   4.0900000e+02   1.9199057e+00   1.6683197e+00
   4.1000000e+02   1.9116328e+00   1.6593322e+00
   4.1100000e+02   1.9029461e+00   1.6476249e+00
   4.1200000e+02   1.8940532e+00   1.6316680e+00
   4.1300000e+02   1.8863665e+00   1.6118484e+00
   4.1400000e+02   1.8794756e+00   1.5891006e+00
   4.1500000e+02   1.8737449e+00   1.5650600e+00
   4.1600000e+02   1.8720170e+00   1.5406243e+00
   4.1700000e+02   1.8732321e+00   1.5191432e+00
   4.1800000e+02   1.8754720e+00   1.5010027e+00
   4.1900000e+02   1.8782675e+00   1.4871767e+00
   4.2000000e+02   1.8805703e+00   1.4776930e+00
   4.2100000e+02   1.8820610e+00   1.4714390e+00
   4.2200000e+02   1.8836378e+00   1.4696824e+00
   4.2300000e+02   1.8852788e+00   1.4712149e+00
   4.2400000e+02   1.8855923e+00   1.4764673e+00
   4.2500000e+02   1.8853880e+00   1.4860696e+00
   4.2600000e+02   1.8847728e+00   1.4980587e+00
   4.2700000e+02   1.8832345e+00   1.5123912e+00
   4.2800000e+02   1.8813341e+00   1.5289921e+00
   4.2900000e+02   1.8799239e+00   1.5445756e+00
   4.3000000e+02   1.8769655e+00   1.5596774e+00
   4.3100000e+02   1.8711380e+00   1.5698943e+00
   4.3200000e+02   1.8645568e+00   1.5757962e+00
   4.3300000e+02   1.8583049e+00   1.5761399e+00
   4.3400000e+02   1.8529020e+00   1.5700520e+00
   4.3500000e+02   1.8495303e+00   1.5623406e+00
   4.3600000e+02   1.8480899e+00   1.5516094e+00
   4.3700000e+02   1.8473825e+00   1.5412262e+00
   4.3800000e+02   1.8501564e+00   1.5284965e+00
   4.3900000e+02   1.8541683e+00   1.5186816e+00
   4.4000000e+02   1.8598561e+00   1.5104725e+00
   4.4100000e+02   1.8666251e+00   1.5031684e+00
   4.4200000e+02   1.8737427e+00   1.4968335e+00
   4.4300000e+02   1.8815118e+00   1.4924398e+00
   4.4400000e+02   1.8881374e+00   1.4897382e+00
   4.4500000e+02   1.8963562e+00   1.4875659e+00
   4.4600000e+02   1.9011056e+00   1.4864309e+00
   4.4700000e+02   1.9052642e+00   1.4872766e+00
   4.4800000e+02   1.9081521e+00   1.4883337e+00
   4.4900000e+02   1.9089959e+00   1.4903309e+00
   4.5000000e+02   1.9090745e+00   1.4930596e+00
   4.5100000e+02   1.9080614e+00   1.4949198e+00
   4.5200000e+02   1.9056950e+00   1.4982988e+00
   4.5300000e+02   1.9036346e+00   1.4983295e+00
   4.5400000e+02   1.9007604e+00   1.4955680e+00
   4.5500000e+02   1.8985959e+00   1.4900930e+00
   4.5600000e+02   1.8952447e+00   1.4823911e+00
   4.5700000e+02   1.8924948e+00   1.4710715e+00
   4.5800000e+02   1.8871377e+00   1.4581811e+00
   4.5900000e+02   1.8812092e+00   1.4443187e+00
   4.6000000e+02   1.8727356e+00   1.4308158e+00
   4.6100000e+02   1.8640002e+00   1.4179368e+00
   4.6200000e+02   1.8542048e+00   1.4067498e+00
   4.6300000e+02   1.8452871e+00   1.3977622e+00
   4.6400000e+02   1.8375247e+00   1.3918769e+00
   4.6500000e+02   1.8321747e+00   1.3892168e+00
   4.6600000e+02   1.8286643e+00   1.3893821e+00
   4.6700000e+02   1.8270198e+00   1.3908662e+00
   4.6800000e+02   1.8266542e+00   1.3941789e+00
   4.6900000e+02   1.8265185e+00   1.3986578e+00
   4.7000000e+02   1.8285500e+00   1.4032497e+00
   4.7100000e+02   1.8296210e+00   1.4076213e+00
   4.7200000e+02   1.8326254e+00   1.4136555e+00
   4.7300000e+02   1.8357246e+00   1.4212654e+00
   4.7400000e+02   1.8394695e+00   1.4312183e+00
   4.7500000e+02   1.8435541e+00   1.4425002e+00
   4.7600000e+02   1.8494329e+00   1.4569565e+00
   4.7700000e+02   1.8556709e+00   1.4720737e+00
   4.7800000e+02   1.8613058e+00   1.4867678e+00
   4.7900000e+02   1.8659385e+00   1.4998938e+00
   4.8000000e+02   1.8694637e+00   1.5144663e+00
   4.8100000e+02   1.8758995e+00   1.5266355e+00
   4.8200000e+02   1.8776474e+00   1.5377661e+00
   4.8300000e+02   1.8783556e+00   1.5484929e+00
   4.8400000e+02   1.8780573e+00   1.5584463e+00
   4.8500000e+02   1.8764833e+00   1.5671600e+00
   4.8600000e+02   1.8741916e+00   1.5755112e+00
   4.8700000e+02   1.8718027e+00   1.5830993e+00
   4.8800000e+02   1.8688199e+00   1.5892840e+00
   4.8900000e+02   1.8656527e+00   1.5948577e+00
   4.9000000e+02   1.8627716e+00   1.5989342e+00
   4.9100000e+02   1.8607013e+00   1.6017062e+00
   4.9200000e+02   1.8583790e+00   1.6029835e+00
   4.9300000e+02   1.8557461e+00   1.6001569e+00
   4.9400000e+02   1.8534328e+00   1.5982884e+00
   4.9500000e+02   1.8488906e+00   1.5943723e+00
   4.9600000e+02   1.8435563e+00   1.5905214e+00
   4.9700000e+02   1.8366970e+00   1.5873777e+00
   4.9800000e+02   1.8286812e+00   1.5843423e+00
   4.9900000e+02   1.8194768e+00   1.5817054e+00
   5.0000000e+02   1.8095241e+00   1.5794480e+00
   5.0100000e+02   1.7981956e+00   1.5777896e+00
   5.0200000e+02   1.7832258e+00   1.5770369e+00
   5.0300000e+02   1.7671698e+00   1.5764665e+00
   5.0400000e+02   1.7499821e+00   1.5754394e+00
   5.0500000e+02   1.7303014e+00   1.5729246e+00
   5.0600000e+02   1.7119692e+00   1.5702203e+00
   5.0700000e+02   1.6939295e+00   1.5710245e+00
   5.0800000e+02   1.6750817e+00   1.5752519e+00
   5.0900000e+02   1.6595452e+00   1.5850074e+00
   5.1000000e+02   1.6425916e+00   1.5991833e+00
   5.1100000e+02   1.6265879e+00   1.6165604e+00
   5.1200000e+02   1.6102493e+00   1.6361916e+00
   5.1300000e+02   1.5953540e+00   1.6566732e+00
   5.1400000e+02   1.5826773e+00   1.6740271e+00
   5.1500000e+02   1.5735662e+00   1.6839608e+00
   5.1600000e+02   1.5686343e+00   1.6897504e+00
   5.1700000e+02   1.5668600e+00   1.6929713e+00
   5.1800000e+02   1.5640164e+00   1.6967572e+00
   5.1900000e+02   1.5600905e+00   1.6982001e+00
   5.2000000e+02   1.5556046e+00   1.6981390e+00
   5.2100000e+02   1.5500413e+00   1.6969272e+00
   5.2200000e+02   1.5443947e+00   1.6942950e+00
   5.2300000e+02   1.5389626e+00   1.6909694e+00
   5.2400000e+02   1.5342902e+00   1.6864717e+00
   5.2500000e+02   1.5295796e+00   1.6833691e+00
   5.2600000e+02   1.5245340e+00   1.6829999e+00
   5.2700000e+02   1.5195153e+00   1.6863221e+00
   5.2800000e+02   1.5123727e+00   1.6929982e+00
   5.2900000e+02   1.5052818e+00   1.7023289e+00
   5.3000000e+02   1.4959549e+00   1.7125458e+00
   5.3100000e+02   1.4857860e+00   1.7220299e+00
   5.3200000e+02   1.4751681e+00   1.7285414e+00
   5.3300000e+02   1.4649730e+00   1.7323775e+00
   5.3400000e+02   1.4564229e+00   1.7316007e+00
   5.3500000e+02   1.4502646e+00   1.7268216e+00
   5.3600000e+02   1.4463931e+00   1.7188289e+00
   5.3700000e+02   1.4467617e+00   1.7091279e+00
   5.3800000e+02   1.4487585e+00   1.6971642e+00
   5.3900000e+02   1.4521480e+00   1.6850921e+00
   5.4000000e+02   1.4565725e+00   1.6712241e+00
   5.4100000e+02   1.4614232e+00   1.6554553e+00
   5.4200000e+02   1.4678341e+00   1.6415182e+00
   5.4300000e+02   1.4759937e+00   1.6278656e+00
   5.4400000e+02   1.4844092e+00   1.6164586e+00
   5.4500000e+02   1.4930598e+00   1.6074128e+00
   5.4600000e+02   1.5005382e+00   1.6009754e+00
   5.4700000e+02   1.5062549e+00   1.5950553e+00
   5.4800000e+02   1.5113946e+00   1.5914823e+00
   5.4900000e+02   1.5137919e+00   1.5885722e+00
   5.5000000e+02   1.5144932e+00   1.5872676e+00
   5.5100000e+02   1.5124984e+00   1.5871004e+00
   5.5200000e+02   1.5074488e+00   1.5868443e+00
   5.5300000e+02   1.5000732e+00   1.5872752e+00
   5.5400000e+02   1.4900131e+00   1.5879544e+00
   5.5500000e+02   1.4787555e+00   1.5881201e+00
   5.5600000e+02   1.4688565e+00   1.5892755e+00
   5.5700000e+02   1.4601474e+00   1.5893064e+00
   5.5800000e+02   1.4520414e+00   1.5901190e+00
   5.5900000e+02   1.4443707e+00   1.5907842e+00
   5.6000000e+02   1.4395699e+00   1.5920242e+00
   5.6100000e+02   1.4359783e+00   1.5944599e+00
   5.6200000e+02   1.4359202e+00   1.6002678e+00
   5.6300000e+02   1.4377013e+00   1.6100839e+00
   5.6400000e+02   1.4412522e+00   1.6200909e+00
   5.6500000e+02   1.4476688e+00   1.6306332e+00
   5.6600000e+02   1.4530213e+00   1.6401875e+00
   5.6700000e+02   1.4589945e+00   1.6496543e+00
   5.6800000e+02   1.4651555e+00   1.6576673e+00
   5.6900000e+02   1.4722386e+00   1.6636934e+00
   5.7000000e+02   1.4794426e+00   1.6703649e+00
   5.7100000e+02   1.4874911e+00   1.6746678e+00
   5.7200000e+02   1.4969763e+00   1.6769558e+00
   5.7300000e+02   1.5076890e+00   1.6769757e+00
   5.7400000e+02   1.5181703e+00   1.6757042e+00
   5.7500000e+02   1.5281582e+00   1.6716191e+00
   5.7600000e+02   1.5369569e+00   1.6653881e+00
   5.7700000e+02   1.5475595e+00   1.6589461e+00
   5.7800000e+02   1.5557112e+00   1.6513259e+00
   5.7900000e+02   1.5633387e+00   1.6430052e+00
   5.8000000e+02   1.5703602e+00   1.6359607e+00
   5.8100000e+02   1.5770421e+00   1.6292337e+00
   5.8200000e+02   1.5830369e+00   1.6240533e+00
   5.8300000e+02   1.5888657e+00   1.6201528e+00
   5.8400000e+02   1.5946642e+00   1.6168549e+00
   5.8500000e+02   1.6005496e+00   1.6153309e+00
   5.8600000e+02   1.6066675e+00   1.6145430e+00
   5.8700000e+02   1.6124650e+00   1.6151314e+00
   5.8800000e+02   1.6179328e+00   1.6170386e+00
   5.8900000e+02   1.6230917e+00   1.6177884e+00
   5.9000000e+02   1.6264796e+00   1.6236446e+00
   5.9100000e+02   1.6313948e+00   1.6314854e+00
   5.9200000e+02   1.6361166e+00   1.6400847e+00
   5.9300000e+02   1.6412697e+00   1.6502304e+00
   5.9400000e+02   1.6482848e+00   1.6598742e+00
   5.9500000e+02   1.6559952e+00   1.6695020e+00
   5.9600000e+02   1.6637602e+00   1.6761308e+00
   5.9700000e+02   1.6697335e+00   1.6794060e+00
   5.9800000e+02   1.6768525e+00   1.6798670e+00
   5.9900000e+02   1.6834454e+00   1.6776080e+00
   6.0000000e+02   1.6897347e+00   1.6712620e+00
   6.0100000e+02   1.6996683e+00   1.6638001e+00
   6.0200000e+02   1.7086783e+00   1.6514733e+00
   6.0300000e+02   1.7193143e+00   1.6385284e+00
   6.0400000e+02   1.7315141e+00   1.6254412e+00
   6.0500000e+02   1.7445679e+00   1.6134407e+00
   6.0600000e+02   1.7598056e+00   1.6044010e+00
   6.0700000e+02   1.7754674e+00   1.5946688e+00
   6.0800000e+02   1.7925674e+00   1.5907988e+00
   6.0900000e+02   1.8102329e+00   1.5879741e+00
   6.1000000e+02   1.8279470e+00   1.5891908e+00
   6.1100000e+02   1.8460472e+00   1.5932673e+00
   6.1200000e+02   1.8630721e+00   1.5978218e+00
   6.1300000e+02   1.8807744e+00   1.6031290e+00
   6.1400000e+02   1.8954939e+00   1.6064614e+00
   6.1500000e+02   1.9091674e+00   1.6091242e+00
   6.1600000e+02   1.9219500e+00   1.6125334e+00
   6.1700000e+02   1.9335888e+00   1.6159615e+00
   6.1800000e+02   1.9481616e+00   1.6205000e+00
   6.1900000e+02   1.9637115e+00   1.6258401e+00
   6.2000000e+02   1.9832598e+00   1.6321087e+00
   6.2100000e+02   2.0053510e+00   1.6395197e+00
   6.2200000e+02   2.0326853e+00   1.6478091e+00
   6.2300000e+02   2.0603429e+00   1.6568579e+00
   6.2400000e+02   2.0871224e+00   1.6663053e+00
   6.2500000e+02   2.1134195e+00   1.6770515e+00
   6.2600000e+02   2.1341165e+00   1.6875197e+00
   6.2700000e+02   2.1520814e+00   1.6990998e+00
   6.2800000e+02   2.1673299e+00   1.7126082e+00
   6.2900000e+02   2.1808137e+00   1.7284503e+00
   6.3000000e+02   2.1913820e+00   1.7449232e+00
   6.3100000e+02   2.2016156e+00   1.7604503e+00
   6.3200000e+02   2.2125862e+00   1.7739750e+00
   6.3300000e+02   2.2229100e+00   1.7839086e+00
   6.3400000e+02   2.2356705e+00   1.7917541e+00
   6.3500000e+02   2.2487436e+00   1.7981043e+00
   6.3600000e+02   2.2610284e+00   1.8038349e+00
   6.3700000e+02   2.2732140e+00   1.8083403e+00
   6.3800000e+02   2.2834727e+00   1.8094875e+00
   6.3900000e+02   2.2938103e+00   1.8088967e+00
   6.4000000e+02   2.3047867e+00   1.8068089e+00
   6.4100000e+02   2.3166384e+00   1.8046574e+00
   6.4200000e+02   2.3272226e+00   1.8041394e+00
   6.4300000e+02   2.3365953e+00   1.8045776e+00
   6.4400000e+02   2.3447846e+00   1.8067880e+00
   6.4500000e+02   2.3532281e+00   1.8088967e+00
   6.4600000e+02   2.3619259e+00   1.8134778e+00
   6.4700000e+02   2.3707457e+00   1.8187415e+00
   6.4800000e+02   2.3775794e+00   1.8248825e+00
   6.4900000e+02   2.3861746e+00   1.8322281e+00
   6.5000000e+02   2.3953287e+00   1.8429216e+00
   6.5100000e+02   2.4082676e+00   1.8575570e+00
   6.5200000e+02   2.4236152e+00   1.8739024e+00
   6.5300000e+02   2.4433817e+00   1.8876764e+00
   6.5400000e+02   2.4653341e+00   1.8950117e+00
   6.5500000e+02   2.4920461e+00   1.8960069e+00
   6.5600000e+02   2.5169146e+00   1.8944947e+00
   6.5700000e+02   2.5374847e+00   1.8938191e+00
   6.5800000e+02   2.5485586e+00   1.8948989e+00
   6.5900000e+02   2.5514121e+00   1.8962991e+00
   6.6000000e+02   2.5484176e+00   1.8990138e+00
   6.6100000e+02   2.5456998e+00   1.9012419e+00
   6.6200000e+02   2.5421351e+00   1.9064756e+00
   6.6300000e+02   2.5383600e+00   1.9109320e+00
   6.6400000e+02   2.5345604e+00   1.9148382e+00
   6.6500000e+02   2.5306223e+00   1.9200422e+00
   6.6600000e+02   2.5244007e+00   1.9243119e+00
   6.6700000e+02   2.5167355e+00   1.9255106e+00
   6.6800000e+02   2.5056298e+00   1.9237916e+00
   6.6900000e+02   2.4918322e+00   1.9173678e+00
   6.7000000e+02   2.4702829e+00   1.9095740e+00
   6.7100000e+02   2.4403963e+00   1.9039058e+00
   6.7200000e+02   2.4068716e+00   1.9016301e+00
   6.7300000e+02   2.3711642e+00   1.9004540e+00
   6.7400000e+02   2.3328349e+00   1.9024588e+00
   6.7500000e+02   2.2932005e+00   1.9059240e+00
   6.7600000e+02   2.2572144e+00   1.9085970e+00
   6.7700000e+02   2.2250934e+00   1.9099884e+00
   6.7800000e+02   2.1967073e+00   1.9089356e+00
   6.7900000e+02   2.1701758e+00   1.9070177e+00
   6.8000000e+02   2.1442946e+00   1.9012199e+00
   6.8100000e+02   2.1187207e+00   1.8930348e+00
   6.8200000e+02   2.0923847e+00   1.8823075e+00
   6.8300000e+02   2.0647410e+00   1.8694034e+00
   6.8400000e+02   2.0335383e+00   1.8551181e+00
   6.8500000e+02   1.9985084e+00   1.8388732e+00
   6.8600000e+02   1.9616390e+00   1.8228588e+00
   6.8700000e+02   1.9243634e+00   1.8103047e+00
   6.8800000e+02   1.8900290e+00   1.8021166e+00
   6.8900000e+02   1.8587723e+00   1.7968744e+00
   6.9000000e+02   1.8254791e+00   1.7941142e+00
   6.9100000e+02   1.7907899e+00   1.7936381e+00
   6.9200000e+02   1.7546832e+00   1.7927112e+00
   6.9300000e+02   1.7170896e+00   1.7900036e+00
   6.9400000e+02   1.6814221e+00   1.7823549e+00
   6.9500000e+02   1.6472559e+00   1.7712243e+00
   6.9600000e+02   1.6146646e+00   1.7571451e+00
   6.9700000e+02   1.5831960e+00   1.7421928e+00
   6.9800000e+02   1.5534755e+00   1.7251149e+00
   6.9900000e+02   1.5226042e+00   1.7096419e+00
   7.0000000e+02   1.4884657e+00   1.6952312e+00
   7.0100000e+02   1.4549370e+00   1.6841454e+00
   7.0200000e+02   1.4278455e+00   1.6783944e+00
   7.0300000e+02   1.4022196e+00   1.6756387e+00
   7.0400000e+02   1.3792679e+00   1.6716245e+00
   7.0500000e+02   1.3572966e+00   1.6666389e+00
   7.0600000e+02   1.3390839e+00   1.6608456e+00
   7.0700000e+02   1.3251953e+00   1.6534187e+00
   7.0800000e+02   1.3124999e+00   1.6428271e+00
   7.0900000e+02   1.2975827e+00   1.6321874e+00
   7.1000000e+02   1.2821311e+00   1.6210075e+00
   7.1100000e+02   1.2672846e+00   1.6122519e+00
   7.1200000e+02   1.2520058e+00   1.6047585e+00
   7.1300000e+02   1.2404608e+00   1.6006040e+00
   7.1400000e+02   1.2322957e+00   1.5982783e+00
   7.1500000e+02   1.2244123e+00   1.5960945e+00
   7.1600000e+02   1.2164269e+00   1.5952753e+00
   7.1700000e+02   1.2079039e+00   1.5972015e+00
   7.1800000e+02   1.1991042e+00   1.6020370e+00
   7.1900000e+02   1.1909090e+00   1.6074483e+00
   7.2000000e+02   1.1846854e+00   1.6103351e+00
   7.2100000e+02   1.1810271e+00   1.6117577e+00
   7.2200000e+02   1.1766015e+00   1.6092766e+00
   7.2300000e+02   1.1711267e+00   1.6072707e+00
   7.2400000e+02   1.1647200e+00   1.6061159e+00
   7.2500000e+02   1.1555456e+00   1.6057894e+00
   7.2600000e+02   1.1429601e+00   1.6080234e+00
   7.2700000e+02   1.1275897e+00   1.6129737e+00
   7.2800000e+02   1.1116087e+00   1.6214604e+00
   7.2900000e+02   1.0976882e+00   1.6313915e+00
   7.3000000e+02   1.0879963e+00   1.6398014e+00
   7.3100000e+02   1.0819637e+00   1.6430436e+00
   7.3200000e+02   1.0786682e+00   1.6425985e+00
   7.3300000e+02   1.0753538e+00   1.6409325e+00
   7.3400000e+02   1.0754041e+00   1.6378325e+00
   7.3500000e+02   1.0768845e+00   1.6327152e+00
   7.3600000e+02   1.0793878e+00   1.6254766e+00
   7.3700000e+02   1.0818612e+00   1.6183071e+00
   7.3800000e+02   1.0859274e+00   1.6124841e+00
   7.3900000e+02   1.0922861e+00   1.6077806e+00
   7.4000000e+02   1.1005986e+00   1.6048172e+00
   7.4100000e+02   1.1108903e+00   1.6031955e+00
   7.4200000e+02   1.1224949e+00   1.6022731e+00
   7.4300000e+02   1.1344322e+00   1.6014996e+00
   7.4400000e+02   1.1460453e+00   1.5984430e+00
   7.4500000e+02   1.1597271e+00   1.5938315e+00
   7.4600000e+02   1.1718131e+00   1.5882313e+00
   7.4700000e+02   1.1846531e+00   1.5828829e+00
   7.4800000e+02   1.1976513e+00   1.5767312e+00
   7.4900000e+02   1.2113704e+00   1.5699942e+00
   7.5000000e+02   1.2255697e+00   1.5629711e+00
   7.5100000e+02   1.2410182e+00   1.5547359e+00
   7.5200000e+02   1.2550278e+00   1.5463598e+00
   7.5300000e+02   1.2669229e+00   1.5378378e+00
   7.5400000e+02   1.2764608e+00   1.5292327e+00
   7.5500000e+02   1.2835456e+00   1.5212995e+00
   7.5600000e+02   1.2901888e+00   1.5136516e+00
   7.5700000e+02   1.2964593e+00   1.5070996e+00
   7.5800000e+02   1.3044922e+00   1.5012318e+00
   7.5900000e+02   1.3116960e+00   1.4980352e+00
   7.6000000e+02   1.3196942e+00   1.4981896e+00
   7.6100000e+02   1.3220750e+00   1.4996888e+00
   7.6200000e+02   1.3243258e+00   1.5040753e+00
   7.6300000e+02   1.3253530e+00   1.5103347e+00
   7.6400000e+02   1.3280403e+00   1.5181884e+00
   7.6500000e+02   1.3328846e+00   1.5279913e+00
   7.6600000e+02   1.3402378e+00   1.5400597e+00
   7.6700000e+02   1.3486546e+00   1.5540890e+00
   7.6800000e+02   1.3559922e+00   1.5689859e+00
   7.6900000e+02   1.3652267e+00   1.5843946e+00
   7.7000000e+02   1.3699644e+00   1.5975344e+00
   7.7100000e+02   1.3749173e+00   1.6080641e+00
   7.7200000e+02   1.3792427e+00   1.6152235e+00
   7.7300000e+02   1.3843128e+00   1.6200685e+00
   7.7400000e+02   1.3905204e+00   1.6248524e+00
   7.7500000e+02   1.4001161e+00   1.6290458e+00
   7.7600000e+02   1.4117170e+00   1.6344546e+00
   7.7700000e+02   1.4258967e+00   1.6398701e+00
   7.7800000e+02   1.4420715e+00   1.6447376e+00
   7.7900000e+02   1.4564427e+00   1.6476370e+00
   7.8000000e+02   1.4685933e+00   1.6454589e+00
   7.8100000e+02   1.4789838e+00   1.6395352e+00
   7.8200000e+02   1.4876052e+00   1.6307341e+00
   7.8300000e+02   1.4944194e+00   1.6198060e+00
   7.8400000e+02   1.4986369e+00   1.6091923e+00
   7.8500000e+02   1.5017447e+00   1.6003882e+00
   7.8600000e+02   1.5045207e+00   1.5969256e+00
   7.8700000e+02   1.5076559e+00   1.5977671e+00
   7.8800000e+02   1.5100772e+00   1.6020784e+00
   7.8900000e+02   1.5111903e+00   1.6090757e+00
   7.9000000e+02   1.5121337e+00   1.6174828e+00
   7.9100000e+02   1.5133687e+00   1.6265333e+00
   7.9200000e+02   1.5148149e+00   1.6353595e+00
   7.9300000e+02   1.5163726e+00   1.6459573e+00
   7.9400000e+02   1.5159663e+00   1.6575799e+00
   7.9500000e+02   1.5138876e+00   1.6710775e+00
   7.9600000e+02   1.5107596e+00   1.6842553e+00
   7.9700000e+02   1.5066025e+00   1.6966605e+00
   7.9800000e+02   1.5028001e+00   1.7084046e+00
   7.9900000e+02   1.5013508e+00   1.7220583e+00
   8.0000000e+02   1.5022578e+00   1.7354379e+00
   8.0100000e+02   1.5044781e+00   1.7485364e+00
   8.0200000e+02   1.5072174e+00   1.7627938e+00
   8.0300000e+02   1.5112186e+00   1.7774144e+00
   8.0400000e+02   1.5178349e+00   1.7909581e+00
   8.0500000e+02   1.5284520e+00   1.8033038e+00
   8.0600000e+02   1.5399109e+00   1.8126617e+00
   8.0700000e+02   1.5546123e+00   1.8203960e+00
   8.0800000e+02   1.5687316e+00   1.8267776e+00
   8.0900000e+02   1.5815307e+00   1.8325477e+00
   8.1000000e+02   1.5923870e+00   1.8359929e+00
   8.1100000e+02   1.6019440e+00   1.8382253e+00
   8.1200000e+02   1.6110698e+00   1.8406471e+00
   8.1300000e+02   1.6198911e+00   1.8454318e+00
   8.1400000e+02   1.6281968e+00   1.8534499e+00
   8.1500000e+02   1.6360225e+00   1.8646687e+00
   8.1600000e+02   1.6422882e+00   1.8768954e+00
   8.1700000e+02   1.6506930e+00   1.8884585e+00
   8.1800000e+02   1.6576010e+00   1.8964201e+00
   8.1900000e+02   1.6646249e+00   1.9024118e+00
   8.2000000e+02   1.6729240e+00   1.9079198e+00
   8.2100000e+02   1.6842790e+00   1.9150828e+00
   8.2200000e+02   1.6965232e+00   1.9230608e+00
   8.2300000e+02   1.7053531e+00   1.9305291e+00
   8.2400000e+02   1.7118292e+00   1.9368456e+00
   8.2500000e+02   1.7162597e+00   1.9418631e+00
   8.2600000e+02   1.7189004e+00   1.9451172e+00
   8.2700000e+02   1.7194601e+00   1.9485265e+00
   8.2800000e+02   1.7167018e+00   1.9516677e+00
   8.2900000e+02   1.7117349e+00   1.9557447e+00
   8.3000000e+02   1.7047052e+00   1.9599156e+00
   8.3100000e+02   1.6975081e+00   1.9617037e+00
   8.3200000e+02   1.6920206e+00   1.9626580e+00
   8.3300000e+02   1.6878638e+00   1.9620207e+00
   8.3400000e+02   1.6830964e+00   1.9610364e+00
   8.3500000e+02   1.6788660e+00   1.9608011e+00
   8.3600000e+02   1.6769753e+00   1.9603055e+00
   8.3700000e+02   1.6762796e+00   1.9614629e+00
   8.3800000e+02   1.6762894e+00   1.9651595e+00
   8.3900000e+02   1.6784616e+00   1.9694118e+00
   8.4000000e+02   1.6824114e+00   1.9736653e+00
   8.4100000e+02   1.6876549e+00   1.9757149e+00
   8.4200000e+02   1.6932001e+00   1.9804812e+00
   8.4300000e+02   1.7008628e+00   1.9853246e+00
   8.4400000e+02   1.7103113e+00   1.9915694e+00
   8.4500000e+02   1.7198040e+00   1.9970843e+00
   8.4600000e+02   1.7307662e+00   2.0026102e+00
   8.4700000e+02   1.7409779e+00   2.0072931e+00
   8.4800000e+02   1.7492752e+00   2.0121950e+00
   8.4900000e+02   1.7548908e+00   2.0163358e+00
   8.5000000e+02   1.7562309e+00   2.0187902e+00
   8.5100000e+02   1.7548342e+00   2.0197686e+00
   8.5200000e+02   1.7497034e+00   2.0199530e+00
   8.5300000e+02   1.7426978e+00   2.0193244e+00
   8.5400000e+02   1.7318607e+00   2.0188462e+00
   8.5500000e+02   1.7185974e+00   2.0159907e+00
   8.5600000e+02   1.7026638e+00   2.0123627e+00
   8.5700000e+02   1.6829972e+00   2.0081452e+00
   8.5800000e+02   1.6601861e+00   2.0039248e+00
   8.5900000e+02   1.6364144e+00   1.9995165e+00
   8.6000000e+02   1.6126835e+00   1.9966758e+00
   8.6100000e+02   1.5881433e+00   1.9918190e+00
   8.6200000e+02   1.5639524e+00   1.9861688e+00
   8.6300000e+02   1.5380515e+00   1.9807393e+00
   8.6400000e+02   1.5143221e+00   1.9749422e+00
   8.6500000e+02   1.4886217e+00   1.9679250e+00
   8.6600000e+02   1.4638588e+00   1.9566076e+00
   8.6700000e+02   1.4399841e+00   1.9443501e+00
   8.6800000e+02   1.4172512e+00   1.9308320e+00
   8.6900000e+02   1.3948316e+00   1.9147695e+00
   8.7000000e+02   1.3749114e+00   1.9016852e+00
   8.7100000e+02   1.3551760e+00   1.8906735e+00
   8.7200000e+02   1.3393199e+00   1.8831846e+00
   8.7300000e+02   1.3261604e+00   1.8809281e+00
   8.7400000e+02   1.3164793e+00   1.8821203e+00
   8.7500000e+02   1.3097515e+00   1.8876565e+00
   8.7600000e+02   1.3047629e+00   1.8920349e+00
   8.7700000e+02   1.3016493e+00   1.8969627e+00
   8.7800000e+02   1.2967753e+00   1.8982763e+00
   8.7900000e+02   1.2904917e+00   1.8999358e+00
   8.8000000e+02   1.2814240e+00   1.9010685e+00
   8.8100000e+02   1.2696971e+00   1.9025333e+00
   8.8200000e+02   1.2562586e+00   1.9042271e+00
   8.8300000e+02   1.2424660e+00   1.9051042e+00
   8.8400000e+02   1.2300819e+00   1.9049918e+00
   8.8500000e+02   1.2193144e+00   1.9029112e+00
   8.8600000e+02   1.2099115e+00   1.9005563e+00
   8.8700000e+02   1.2016756e+00   1.8977272e+00
   8.8800000e+02   1.1942966e+00   1.8940807e+00
   8.8900000e+02   1.1855585e+00   1.8918788e+00
   8.9000000e+02   1.1776116e+00   1.8902491e+00
   8.9100000e+02   1.1695025e+00   1.8908337e+00
   8.9200000e+02   1.1632225e+00   1.8932841e+00
   8.9300000e+02   1.1587624e+00   1.8969673e+00
   8.9400000e+02   1.1560229e+00   1.9004002e+00
   8.9500000e+02   1.1557847e+00   1.9036954e+00
   8.9600000e+02   1.1572883e+00   1.9056863e+00
   8.9700000e+02   1.1607381e+00   1.9079576e+00
   8.9800000e+02   1.1658291e+00   1.9085453e+00
   8.9900000e+02   1.1725822e+00   1.9092182e+00
   9.0000000e+02   1.1804418e+00   1.9084032e+00
   9.0100000e+02   1.1879442e+00   1.9085107e+00
   9.0200000e+02   1.1961096e+00   1.9066461e+00
   9.0300000e+02   1.2022922e+00   1.9035309e+00
   9.0400000e+02   1.2079633e+00   1.8989690e+00
   9.0500000e+02   1.2124422e+00   1.8947258e+00
   9.0600000e+02   1.2141140e+00   1.8893430e+00
   9.0700000e+02   1.2134264e+00   1.8823832e+00
   9.0800000e+02   1.2091903e+00   1.8732309e+00
   9.0900000e+02   1.2040542e+00   1.8636479e+00
   9.1000000e+02   1.1958402e+00   1.8525631e+00
   9.1100000e+02   1.1878018e+00   1.8409302e+00
   9.1200000e+02   1.1804925e+00   1.8296135e+00
   9.1300000e+02   1.1738324e+00   1.8182336e+00
   9.1400000e+02   1.1692710e+00   1.8041590e+00
   9.1500000e+02   1.1701323e+00   1.7905832e+00
   9.1600000e+02   1.1759244e+00   1.7770575e+00
   9.1700000e+02   1.1865818e+00   1.7635004e+00
   9.1800000e+02   1.1989919e+00   1.7501684e+00
   9.1900000e+02   1.2109643e+00   1.7365094e+00
   9.2000000e+02   1.2204044e+00   1.7263377e+00
   9.2100000e+02   1.2251255e+00   1.7192891e+00
   9.2200000e+02   1.2264704e+00   1.7140213e+00
   9.2300000e+02   1.2258169e+00   1.7087053e+00
   9.2400000e+02   1.2227947e+00   1.7029260e+00
   9.2500000e+02   1.2192366e+00   1.6962346e+00
   9.2600000e+02   1.2140011e+00   1.6892568e+00
   9.2700000e+02   1.2091581e+00   1.6824472e+00
   9.2800000e+02   1.2039485e+00   1.6759205e+00
   9.2900000e+02   1.1980298e+00   1.6693310e+00
   9.3000000e+02   1.1901850e+00   1.6625284e+00
   9.3100000e+02   1.1834272e+00   1.6568481e+00
   9.3200000e+02   1.1766965e+00   1.6512211e+00
   9.3300000e+02   1.1701627e+00   1.6437385e+00
   9.3400000e+02   1.1649368e+00   1.6358116e+00
   9.3500000e+02   1.1596706e+00   1.6280061e+00
   9.3600000e+02   1.1532740e+00   1.6184154e+00
   9.3700000e+02   1.1450147e+00   1.6101615e+00
   9.3800000e+02   1.1386162e+00   1.6007563e+00
   9.3900000e+02   1.1322631e+00   1.5931515e+00
   9.4000000e+02   1.1272159e+00   1.5845751e+00
   9.4100000e+02   1.1224895e+00   1.5772082e+00
   9.4200000e+02   1.1156282e+00   1.5696022e+00
   9.4300000e+02   1.1075330e+00   1.5619964e+00
   9.4400000e+02   1.0986572e+00   1.5548253e+00
   9.4500000e+02   1.0903839e+00   1.5488015e+00
   9.4600000e+02   1.0839263e+00   1.5449998e+00
   9.4700000e+02   1.0779290e+00   1.5435709e+00
   9.4800000e+02   1.0718308e+00   1.5445167e+00
   9.4900000e+02   1.0650045e+00   1.5462420e+00
   9.5000000e+02   1.0556235e+00   1.5504468e+00
   9.5100000e+02   1.0462417e+00   1.5556486e+00
   9.5200000e+02   1.0357154e+00   1.5618015e+00
   9.5300000e+02   1.0261720e+00   1.5669883e+00
   9.5400000e+02   1.0177875e+00   1.5705662e+00
   9.5500000e+02   1.0117626e+00   1.5720474e+00
   9.5600000e+02   1.0070108e+00   1.5715477e+00
   9.5700000e+02   1.0031891e+00   1.5687960e+00
   9.5800000e+02   9.9898176e-01   1.5646944e+00
   9.5900000e+02   9.9386272e-01   1.5588573e+00
   9.6000000e+02   9.8626345e-01   1.5523680e+00
   9.6100000e+02   9.7582821e-01   1.5453344e+00
   9.6200000e+02   9.6246001e-01   1.5390602e+00
   9.6300000e+02   9.4630492e-01   1.5334051e+00
   9.6400000e+02   9.2820715e-01   1.5264012e+00
   9.6500000e+02   9.0863186e-01   1.5169610e+00
   9.6600000e+02   8.9227121e-01   1.5058609e+00
   9.6700000e+02   8.7773309e-01   1.4934748e+00
   9.6800000e+02   8.6643849e-01   1.4813512e+00
   9.6900000e+02   8.5630754e-01   1.4695586e+00
   9.7000000e+02   8.4650004e-01   1.4596918e+00
   9.7100000e+02   8.3701438e-01   1.4526677e+00
   9.7200000e+02   8.2775358e-01   1.4483008e+00
   9.7300000e+02   8.1709478e-01   1.4476064e+00
   9.7400000e+02   8.0653526e-01   1.4531981e+00
   9.7500000e+02   7.9489486e-01   1.4617996e+00
   9.7600000e+02   7.8484053e-01   1.4735291e+00
   9.7700000e+02   7.7976077e-01   1.4872607e+00
   9.7800000e+02   7.7933028e-01   1.5007012e+00
   9.7900000e+02   7.8391282e-01   1.5128111e+00
   9.8000000e+02   7.9245935e-01   1.5214338e+00
   9.8100000e+02   8.0371185e-01   1.5264502e+00
   9.8200000e+02   8.1690458e-01   1.5272622e+00
   9.8300000e+02   8.3124456e-01   1.5263378e+00
   9.8400000e+02   8.4316278e-01   1.5228162e+00
   9.8500000e+02   8.5468679e-01   1.5175317e+00
   9.8600000e+02   8.6242026e-01   1.5106883e+00
   9.8700000e+02   8.6892267e-01   1.5031337e+00
   9.8800000e+02   8.7588329e-01   1.4946368e+00
   9.8900000e+02   8.8301125e-01   1.4866213e+00
   9.9000000e+02   8.9043044e-01   1.4793799e+00
   9.9100000e+02   9.0005082e-01   1.4727486e+00
   9.9200000e+02   9.1165209e-01   1.4688909e+00
   9.9300000e+02   9.2542326e-01   1.4666285e+00
   9.9400000e+02   9.4060832e-01   1.4663341e+00
   9.9500000e+02   9.5426634e-01   1.4671852e+00
   9.9600000e+02   9.6625028e-01   1.4694088e+00
   9.9700000e+02   9.7799630e-01   1.4751535e+00
   9.9800000e+02   9.8712285e-01   1.4801538e+00
   9.9900000e+02   9.9507178e-01   1.4848255e+00
   1.0000000e+03   1.0037177e+00   1.4902436e+00
   1.0010000e+03   1.0134595e+00   1.4947384e+00
   1.0020000e+03   1.0240254e+00   1.4986740e+00
   1.0030000e+03   1.0349596e+00   1.5001837e+00
   1.0040000e+03   1.0464879e+00   1.4998255e+00
   1.0050000e+03   1.0595565e+00   1.4984791e+00
   1.0060000e+03   1.0723882e+00   1.4959309e+00
   1.0070000e+03   1.0835475e+00   1.4923789e+00
   1.0080000e+03   1.0946627e+00   1.4884215e+00
   1.0090000e+03   1.1069810e+00   1.4852046e+00
   1.0100000e+03   1.1166517e+00   1.4841281e+00
   1.0110000e+03   1.1325452e+00   1.4859990e+00
   1.0120000e+03   1.1430408e+00   1.4870294e+00
   1.0130000e+03   1.1490379e+00   1.4912556e+00
   1.0140000e+03   1.1576505e+00   1.4941835e+00
   1.0150000e+03   1.1624621e+00   1.4991583e+00
   1.0160000e+03   1.1650155e+00   1.5023389e+00
   1.0170000e+03   1.1699391e+00   1.5062775e+00
   1.0180000e+03   1.1702951e+00   1.5096578e+00
   1.0190000e+03   1.1720827e+00   1.5109831e+00
   1.0200000e+03   1.1781495e+00   1.5096873e+00
   1.0210000e+03   1.1862403e+00   1.5041836e+00
   1.0220000e+03   1.1980255e+00   1.4962106e+00
   1.0230000e+03   1.2123548e+00   1.4847998e+00
   1.0240000e+03   1.2270782e+00   1.4717377e+00
   1.0250000e+03   1.2428503e+00   1.4583451e+00
   1.0260000e+03   1.2571395e+00   1.4460686e+00
   1.0270000e+03   1.2713946e+00   1.4339536e+00
   1.0280000e+03   1.2834690e+00   1.4226960e+00
   1.0290000e+03   1.2934287e+00   1.4112664e+00
   1.0300000e+03   1.3021451e+00   1.4012730e+00
   1.0310000e+03   1.3094262e+00   1.3939363e+00
   1.0320000e+03   1.3152812e+00   1.3887324e+00
   1.0330000e+03   1.3197668e+00   1.3840609e+00
   1.0340000e+03   1.3211829e+00   1.3824261e+00
   1.0350000e+03   1.3208686e+00   1.3828294e+00
   1.0360000e+03   1.3176622e+00   1.3848939e+00
   1.0370000e+03   1.3113201e+00   1.3891871e+00
   1.0380000e+03   1.3037945e+00   1.3944432e+00
   1.0390000e+03   1.2955194e+00   1.3995869e+00
   1.0400000e+03   1.2869822e+00   1.4039710e+00
   1.0410000e+03   1.2806143e+00   1.4078321e+00
   1.0420000e+03   1.2758125e+00   1.4101390e+00
   1.0430000e+03   1.2727270e+00   1.4110761e+00
   1.0440000e+03   1.2708705e+00   1.4106448e+00
   1.0450000e+03   1.2705090e+00   1.4091967e+00
   1.0460000e+03   1.2695985e+00   1.4068864e+00
   1.0470000e+03   1.2682177e+00   1.4040615e+00
   1.0480000e+03   1.2670205e+00   1.4017428e+00
   1.0490000e+03   1.2649653e+00   1.4002064e+00
   1.0500000e+03   1.2624234e+00   1.3999704e+00
   1.0510000e+03   1.2589369e+00   1.4004276e+00
   1.0520000e+03   1.2540802e+00   1.4017152e+00
   1.0530000e+03   1.2494947e+00   1.4039955e+00
   1.0540000e+03   1.2445036e+00   1.4064776e+00
   1.0550000e+03   1.2395643e+00   1.4098968e+00
   1.0560000e+03   1.2345317e+00   1.4130951e+00
   1.0570000e+03   1.2295187e+00   1.4166439e+00
   1.0580000e+03   1.2239546e+00   1.4194012e+00
   1.0590000e+03   1.2179821e+00   1.4224328e+00
   1.0600000e+03   1.2111988e+00   1.4250651e+00
   1.0610000e+03   1.2024729e+00   1.4293576e+00
   1.0620000e+03   1.1918292e+00   1.4342381e+00
   1.0630000e+03   1.1782175e+00   1.4399363e+00
   1.0640000e+03   1.1633395e+00   1.4458469e+00
   1.0650000e+03   1.1488390e+00   1.4502852e+00
   1.0660000e+03   1.1356071e+00   1.4516308e+00
   1.0670000e+03   1.1258130e+00   1.4495605e+00
   1.0680000e+03   1.1169970e+00   1.4452531e+00
   1.0690000e+03   1.1103124e+00   1.4383894e+00
   1.0700000e+03   1.1037588e+00   1.4327311e+00
   1.0710000e+03   1.0973431e+00   1.4278415e+00
   1.0720000e+03   1.0903485e+00   1.4239427e+00
   1.0730000e+03   1.0831216e+00   1.4211213e+00
   1.0740000e+03   1.0763579e+00   1.4190771e+00
   1.0750000e+03   1.0689429e+00   1.4177923e+00
   1.0760000e+03   1.0621474e+00   1.4165758e+00
   1.0770000e+03   1.0555991e+00   1.4152728e+00
   1.0780000e+03   1.0499272e+00   1.4130243e+00
   1.0790000e+03   1.0468667e+00   1.4090328e+00
   1.0800000e+03   1.0449734e+00   1.4019751e+00
   1.0810000e+03   1.0455695e+00   1.3933371e+00
   1.0820000e+03   1.0473644e+00   1.3821074e+00
   1.0830000e+03   1.0493473e+00   1.3686833e+00
   1.0840000e+03   1.0513023e+00   1.3547411e+00
   1.0850000e+03   1.0493920e+00   1.3420634e+00
   1.0860000e+03   1.0468025e+00   1.3329401e+00
   1.0870000e+03   1.0429722e+00   1.3268123e+00
   1.0880000e+03   1.0350255e+00   1.3226828e+00
   1.0890000e+03   1.0277180e+00   1.3210733e+00
   1.0900000e+03   1.0189585e+00   1.3203676e+00
   1.0910000e+03   1.0097682e+00   1.3212429e+00
   1.0920000e+03   1.0010609e+00   1.3220820e+00
   1.0930000e+03   9.9184675e-01   1.3227243e+00
   1.0940000e+03   9.8231096e-01   1.3252518e+00
   1.0950000e+03   9.7217597e-01   1.3276956e+00
   1.0960000e+03   9.6107224e-01   1.3319109e+00
   1.0970000e+03   9.4829747e-01   1.3374816e+00
   1.0980000e+03   9.3393842e-01   1.3463546e+00
   1.0990000e+03   9.1938770e-01   1.3561540e+00
   1.1000000e+03   9.0420593e-01   1.3668984e+00
   1.1010000e+03   8.9226135e-01   1.3788247e+00
   1.1020000e+03   8.8276193e-01   1.3905768e+00
   1.1030000e+03   8.7727311e-01   1.4012851e+00
   1.1040000e+03   8.7345260e-01   1.4098925e+00
   1.1050000e+03   8.7185175e-01   1.4170203e+00
   1.1060000e+03   8.7004921e-01   1.4186554e+00
   1.1070000e+03   8.6520049e-01   1.4151828e+00
   1.1080000e+03   8.5792972e-01   1.4080091e+00
   1.1090000e+03   8.4949342e-01   1.3981145e+00
   1.1100000e+03   8.3858862e-01   1.3862073e+00
   1.1110000e+03   8.2832661e-01   1.3741409e+00
   1.1120000e+03   8.1823592e-01   1.3638228e+00
   1.1130000e+03   8.0915638e-01   1.3544672e+00
   1.1140000e+03   7.9910411e-01   1.3454845e+00
   1.1150000e+03   7.8851632e-01   1.3354861e+00
   1.1160000e+03   7.8075320e-01   1.3284080e+00
   1.1170000e+03   7.7059634e-01   1.3192404e+00
   1.1180000e+03   7.6288410e-01   1.3134749e+00
   1.1190000e+03   7.5472808e-01   1.3067748e+00
   1.1200000e+03   7.4708706e-01   1.3001719e+00
   1.1210000e+03   7.3969916e-01   1.2936938e+00
   1.1220000e+03   7.3327406e-01   1.2895102e+00
   1.1230000e+03   7.2764276e-01   1.2849162e+00
   1.1240000e+03   7.2299009e-01   1.2828128e+00
   1.1250000e+03   7.2089005e-01   1.2824940e+00
   1.1260000e+03   7.2104033e-01   1.2837882e+00
   1.1270000e+03   7.2232280e-01   1.2869586e+00
   1.1280000e+03   7.2410183e-01   1.2906833e+00
   1.1290000e+03   7.2752741e-01   1.2946899e+00
   1.1300000e+03   7.3292387e-01   1.2995347e+00
   1.1310000e+03   7.3993782e-01   1.3042981e+00
   1.1320000e+03   7.4738204e-01   1.3082249e+00
   1.1330000e+03   7.5638890e-01   1.3118078e+00
   1.1340000e+03   7.6555015e-01   1.3142876e+00
   1.1350000e+03   7.7488765e-01   1.3161620e+00
   1.1360000e+03   7.8361295e-01   1.3190304e+00
   1.1370000e+03   7.9075854e-01   1.3221431e+00
   1.1380000e+03   7.9541331e-01   1.3259985e+00
   1.1390000e+03   7.9853260e-01   1.3310984e+00
   1.1400000e+03   7.9947579e-01   1.3359172e+00
   1.1410000e+03   8.0011315e-01   1.3408209e+00
   1.1420000e+03   8.0034237e-01   1.3446299e+00
   1.1430000e+03   7.9981901e-01   1.3494675e+00
   1.1440000e+03   7.9715035e-01   1.3528953e+00
   1.1450000e+03   7.9346056e-01   1.3552596e+00
   1.1460000e+03   7.8872462e-01   1.3562136e+00
   1.1470000e+03   7.8373617e-01   1.3554785e+00
   1.1480000e+03   7.7878542e-01   1.3532546e+00
   1.1490000e+03   7.7354247e-01   1.3504277e+00
   1.1500000e+03   7.6827506e-01   1.3479539e+00
   1.1510000e+03   7.6274528e-01   1.3451714e+00
   1.1520000e+03   7.5730881e-01   1.3420267e+00
   1.1530000e+03   7.5155855e-01   1.3359895e+00
   1.1540000e+03   7.4780465e-01   1.3295717e+00
   1.1550000e+03   7.4583357e-01   1.3194487e+00
   1.1560000e+03   7.4449683e-01   1.3060110e+00
   1.1570000e+03   7.4341816e-01   1.2901410e+00
   1.1580000e+03   7.4191154e-01   1.2709444e+00
   1.1590000e+03   7.3815624e-01   1.2506182e+00
   1.1600000e+03   7.3271102e-01   1.2283141e+00
   1.1610000e+03   7.2737297e-01   1.2056248e+00
   1.1620000e+03   7.2429989e-01   1.1836018e+00
   1.1630000e+03   7.2400915e-01   1.1628595e+00
   1.1640000e+03   7.2573342e-01   1.1435418e+00
   1.1650000e+03   7.3080592e-01   1.1256514e+00
   1.1660000e+03   7.3683863e-01   1.1088982e+00
   1.1670000e+03   7.4281220e-01   1.0919480e+00
   1.1680000e+03   7.4637461e-01   1.0788858e+00
   1.1690000e+03   7.4691171e-01   1.0690596e+00
   1.1700000e+03   7.4449036e-01   1.0600544e+00
   1.1710000e+03   7.4310696e-01   1.0492914e+00
   1.1720000e+03   7.4602883e-01   1.0392371e+00
   1.1730000e+03   7.4897773e-01   1.0270698e+00
   1.1740000e+03   7.5032997e-01   1.0135471e+00
   1.1750000e+03   7.5168216e-01   9.9940480e-01
   1.1760000e+03   7.5475072e-01   9.8495619e-01
   1.1770000e+03   7.6023925e-01   9.6879663e-01
   1.1780000e+03   7.6786965e-01   9.5505082e-01
   1.1790000e+03   7.7649141e-01   9.4228369e-01
   1.1800000e+03   7.8361023e-01   9.2769674e-01
   1.1810000e+03   7.8814102e-01   9.1202346e-01
   1.1820000e+03   7.8981304e-01   9.0004376e-01
   1.1830000e+03   7.8898361e-01   8.9307389e-01
   1.1840000e+03   7.8941495e-01   8.8817613e-01
   1.1850000e+03   7.9090892e-01   8.8406797e-01
   1.1860000e+03   7.9458716e-01   8.7964926e-01
   1.1870000e+03   7.9746095e-01   8.7368270e-01
   1.1880000e+03   7.9818412e-01   8.6652052e-01
   1.1890000e+03   7.9674360e-01   8.5835823e-01
   1.1900000e+03   7.9161477e-01   8.5017079e-01
   1.1910000e+03   7.8373405e-01   8.4140560e-01
   1.1920000e+03   7.7130885e-01   8.3467050e-01
   1.1930000e+03   7.5799535e-01   8.2760927e-01
   1.1940000e+03   7.4544635e-01   8.2191064e-01
   1.1950000e+03   7.3384182e-01   8.1914063e-01
   1.1960000e+03   7.2270295e-01   8.1931780e-01
   1.1970000e+03   7.1331906e-01   8.2557855e-01
   1.1980000e+03   7.0443586e-01   8.2966799e-01
   1.1990000e+03   6.9528130e-01   8.3298893e-01
   1.2000000e+03   6.8445932e-01   8.3556786e-01
   1.2010000e+03   6.7194397e-01   8.4016177e-01
   1.2020000e+03   6.5723253e-01   8.4504372e-01
   1.2030000e+03   6.4381691e-01   8.5074669e-01
   1.2040000e+03   6.3261695e-01   8.5574805e-01
   1.2050000e+03   6.2427093e-01   8.5925560e-01
   1.2060000e+03   6.1783022e-01   8.5722080e-01
   1.2070000e+03   6.0969935e-01   8.5689259e-01
   1.2080000e+03   6.0105432e-01   8.5438423e-01
   1.2090000e+03   5.9162060e-01   8.4992074e-01
   1.2100000e+03   5.8502550e-01   8.4415409e-01
   1.2110000e+03   5.7892361e-01   8.3838245e-01
   1.2120000e+03   5.7582037e-01   8.3217672e-01
   1.2130000e+03   5.7516952e-01   8.2420336e-01
   1.2140000e+03   5.7590451e-01   8.1752205e-01
   1.2150000e+03   5.7572918e-01   8.1087027e-01
   1.2160000e+03   5.7368360e-01   8.0549723e-01
   1.2170000e+03   5.7064625e-01   7.9909160e-01
   1.2180000e+03   5.6723952e-01   7.9234551e-01
   1.2190000e+03   5.6562957e-01   7.8511688e-01
   1.2200000e+03   5.6537000e-01   7.7659259e-01
   1.2210000e+03   5.6685065e-01   7.6788701e-01
   1.2220000e+03   5.6971505e-01   7.5894191e-01
   1.2230000e+03   5.7181430e-01   7.4964749e-01
   1.2240000e+03   5.7179826e-01   7.3840292e-01
   1.2250000e+03   5.6905679e-01   7.2747998e-01
   1.2260000e+03   5.6604576e-01   7.1928843e-01
   1.2270000e+03   5.6396421e-01   7.1269571e-01
   1.2280000e+03   5.6265909e-01   7.0732933e-01
   1.2290000e+03   5.6161137e-01   7.0278602e-01
   1.2300000e+03   5.5878226e-01   6.9799054e-01
   1.2310000e+03   5.5514281e-01   6.9302599e-01
   1.2320000e+03   5.4953241e-01   6.8795561e-01
   1.2330000e+03   5.4317839e-01   6.8270515e-01
   1.2340000e+03   5.3760499e-01   6.7660708e-01
   1.2350000e+03   5.3039613e-01   6.7012675e-01
   1.2360000e+03   5.2331101e-01   6.6553951e-01
   1.2370000e+03   5.1741071e-01   6.6401326e-01
   1.2380000e+03   5.1544638e-01   6.6564370e-01
   1.2390000e+03   5.1611017e-01   6.6931877e-01
   1.2400000e+03   5.1662599e-01   6.7427444e-01
   1.2410000e+03   5.1940362e-01   6.7907026e-01
   1.2420000e+03   5.2107669e-01   6.8036762e-01
   1.2430000e+03   5.1874815e-01   6.7742168e-01
   1.2440000e+03   5.1476491e-01   6.7085126e-01
   1.2450000e+03   5.1175991e-01   6.6303435e-01
   1.2460000e+03   5.1169723e-01   6.5333636e-01
   1.2470000e+03   5.1442569e-01   6.4324729e-01
   1.2480000e+03   5.1789838e-01   6.2644624e-01
   1.2490000e+03   5.2334493e-01   6.0697177e-01
   1.2500000e+03   5.2554003e-01   5.8879916e-01
   1.2510000e+03   5.2646366e-01   5.7064785e-01
   1.2520000e+03   5.2597469e-01   5.5369205e-01
   1.2530000e+03   5.2402981e-01   5.3681872e-01
   1.2540000e+03   5.1900825e-01   5.2330406e-01
   1.2550000e+03   5.1192040e-01   5.0889841e-01
   1.2560000e+03   5.1047575e-01   5.0145148e-01
   1.2570000e+03   5.1562500e-01   5.0030412e-01
   1.2580000e+03   5.2337452e-01   4.9722189e-01
   1.2590000e+03   5.3335270e-01   5.0248294e-01
   1.2600000e+03   5.4283648e-01   5.0274638e-01
   1.2610000e+03   5.4666551e-01   4.9375421e-01
   1.2620000e+03   5.6142040e-01   4.9165818e-01
   1.2630000e+03   5.8322901e-01   4.9424242e-01
   1.2640000e+03   5.8670579e-01   4.8710616e-01
   1.2650000e+03   6.0960864e-01   4.7867186e-01
   1.2660000e+03   6.1682135e-01   4.6419893e-01
   1.2670000e+03   6.2695503e-01   4.4860211e-01
   1.2680000e+03   6.3017578e-01   4.3824419e-01
   1.2690000e+03   6.2775255e-01   4.3162495e-01
   1.2700000e+03   6.2216103e-01   4.2316113e-01
   1.2710000e+03   6.1664191e-01   4.1571237e-01
   1.2720000e+03   6.1488794e-01   4.1242929e-01
   1.2730000e+03   6.1862091e-01   4.1510733e-01
   1.2740000e+03   6.2313450e-01   4.1383943e-01
   1.2750000e+03   6.4456262e-01   4.3705932e-01
   1.2760000e+03   6.7136306e-01   4.3962353e-01
   1.2770000e+03   6.7923924e-01   4.0976553e-01
   1.2780000e+03   6.8696108e-01   4.0419831e-01
   1.2790000e+03   7.0245069e-01   4.0040340e-01
   1.2800000e+03   7.0923509e-01   3.9753797e-01
   1.2810000e+03   7.1000830e-01   3.9829601e-01
   1.2820000e+03   7.0884161e-01   4.0252046e-01
   1.2830000e+03   7.0755000e-01   4.0629609e-01
   1.2840000e+03   7.0764278e-01   4.0681951e-01
   1.2850000e+03   7.0972872e-01   4.0189836e-01
   1.2860000e+03   7.1447203e-01   4.0028615e-01
   1.2870000e+03   7.1998166e-01   3.9668314e-01
   1.2880000e+03   7.2321099e-01   3.9386718e-01
   1.2890000e+03   7.2492378e-01   3.9204671e-01
   1.2900000e+03   7.2433519e-01   3.9005287e-01
   1.2910000e+03   7.2236594e-01   3.8727982e-01
   1.2920000e+03   7.2131195e-01   3.8674180e-01
   1.2930000e+03   7.1936984e-01   3.8534386e-01
   1.2940000e+03   7.1720504e-01   3.8492674e-01
   1.2950000e+03   7.1640845e-01   3.8479984e-01
   1.2960000e+03   7.1672888e-01   3.8292131e-01
   1.2970000e+03   7.1647646e-01   3.7761314e-01
   1.2980000e+03   7.1556416e-01   3.7351883e-01
   1.2990000e+03   7.1356248e-01   3.7137491e-01
   1.3000000e+03   7.1247362e-01   3.6895357e-01
   1.3010000e+03   7.1252677e-01   3.6601649e-01
   1.3020000e+03   7.1735306e-01   3.6372599e-01
   1.3030000e+03   7.2350213e-01   3.6287999e-01
   1.3040000e+03   7.2683784e-01   3.6185902e-01
   1.3050000e+03   7.2499431e-01   3.6044012e-01
   1.3060000e+03   7.1378593e-01   3.5803113e-01
   1.3070000e+03   7.0130635e-01   3.5718976e-01
   1.3080000e+03   6.9234561e-01   3.5657070e-01
   1.3090000e+03   6.9010553e-01   3.5608176e-01
   1.3100000e+03   6.9513954e-01   3.5308240e-01
   1.3110000e+03   7.0464452e-01   3.5183093e-01
   1.3120000e+03   7.1824742e-01   3.5086987e-01
   1.3130000e+03   7.2883216e-01   3.4866954e-01
   1.3140000e+03   7.3274990e-01   3.4465866e-01
   1.3150000e+03   7.3068301e-01   3.3807773e-01
   1.3160000e+03   7.2543495e-01   3.3141398e-01
   1.3170000e+03   7.1900891e-01   3.2586115e-01
   1.3180000e+03   7.1428516e-01   3.2305517e-01
   1.3190000e+03   7.0770572e-01   3.2117653e-01
   1.3200000e+03   7.0183820e-01   3.2023916e-01
   1.3210000e+03   6.9646704e-01   3.1494480e-01
   1.3220000e+03   6.9098566e-01   3.0954180e-01
   1.3230000e+03   6.8499194e-01   3.0316295e-01
   1.3240000e+03   6.8216498e-01   2.9736354e-01
   1.3250000e+03   6.7964933e-01   2.8576131e-01
   1.3260000e+03   6.8182988e-01   2.7255557e-01
   1.3270000e+03   6.8488653e-01   2.6532665e-01
   1.3280000e+03   6.8304901e-01   2.6413330e-01
   1.3290000e+03   6.7743646e-01   2.6207658e-01
   1.3300000e+03   6.6849772e-01   2.6070091e-01
   1.3310000e+03   6.5717418e-01   2.6079387e-01
   1.3320000e+03   6.4519621e-01   2.6412044e-01
   1.3330000e+03   6.4026315e-01   2.6859490e-01
   1.3340000e+03   6.3453940e-01   2.7200849e-01
   1.3350000e+03   6.3030695e-01   2.7409163e-01
   1.3360000e+03   6.2921939e-01   2.7557542e-01
   1.3370000e+03   6.2662362e-01   2.7604899e-01
   1.3380000e+03   6.2363489e-01   2.7536230e-01
   1.3390000e+03   6.2271943e-01   2.7734117e-01
   1.3400000e+03   6.2712003e-01   2.8085151e-01
   1.3410000e+03   6.3412547e-01   2.8361390e-01
   1.3420000e+03   6.4704972e-01   2.8450573e-01
   1.3430000e+03   6.6093290e-01   2.8532660e-01
   1.3440000e+03   6.7627658e-01   2.8531839e-01
   1.3450000e+03   6.9158695e-01   2.8628869e-01
   1.3460000e+03   7.0329977e-01   2.8503068e-01
   1.3470000e+03   7.1132849e-01   2.8313218e-01
   1.3480000e+03   7.1854159e-01   2.8106951e-01
   1.3490000e+03   7.2499166e-01   2.7791106e-01
   1.3500000e+03   7.3232329e-01   2.7491492e-01
   1.3510000e+03   7.3694667e-01   2.7290493e-01
   1.3520000e+03   7.4146182e-01   2.7367007e-01
   1.3530000e+03   7.4435564e-01   2.7455569e-01
   1.3540000e+03   7.4470455e-01   2.7685313e-01
   1.3550000e+03   7.4454109e-01   2.8085108e-01
   1.3560000e+03   7.4475139e-01   2.8586798e-01
   1.3570000e+03   7.4708549e-01   2.9333519e-01
   1.3580000e+03   7.4715619e-01   2.9980327e-01
   1.3590000e+03   7.4571379e-01   3.0491873e-01
   1.3600000e+03   7.4621898e-01   3.0704833e-01
   1.3610000e+03   7.4354492e-01   3.0586003e-01
   1.3620000e+03   7.4119108e-01   3.0525609e-01
   1.3630000e+03   7.3662434e-01   3.0687498e-01
   1.3640000e+03   7.3108933e-01   3.0933994e-01
   1.3650000e+03   7.2309071e-01   3.1272548e-01
   1.3660000e+03   7.1240020e-01   3.1573885e-01
   1.3670000e+03   7.0007731e-01   3.1871300e-01
   1.3680000e+03   6.9039553e-01   3.2001013e-01
   1.3690000e+03   6.8191581e-01   3.1898598e-01
   1.3700000e+03   6.7470229e-01   3.1841785e-01
   1.3710000e+03   6.6633236e-01   3.1920234e-01
   1.3720000e+03   6.5949082e-01   3.2247326e-01
   1.3730000e+03   6.5365653e-01   3.2774043e-01
   1.3740000e+03   6.4935296e-01   3.3279177e-01
   1.3750000e+03   6.4670059e-01   3.3487090e-01
   1.3760000e+03   6.4346841e-01   3.3383595e-01
   1.3770000e+03   6.3937911e-01   3.3445274e-01
   1.3780000e+03   6.3277398e-01   3.3472019e-01
   1.3790000e+03   6.1876297e-01   3.3162443e-01
   1.3800000e+03   5.9448563e-01   3.2505982e-01
   1.3810000e+03   5.5629345e-01   3.2230362e-01
   1.3820000e+03   5.3541471e-01   3.2373156e-01
   1.3830000e+03   5.2048142e-01   3.2764500e-01
   1.3840000e+03   5.1386704e-01   3.2839605e-01
   1.3850000e+03   5.0849982e-01   3.2444710e-01
   1.3860000e+03   5.0343947e-01   3.1613627e-01
   1.3870000e+03   4.9720369e-01   3.0616020e-01
   1.3880000e+03   4.8740030e-01   2.9768603e-01
   1.3890000e+03   4.7223184e-01   2.9295088e-01
   1.3900000e+03   4.5266571e-01   2.8984301e-01
   1.3910000e+03   4.2840380e-01   2.8810319e-01
   1.3920000e+03   3.9654969e-01   2.8943445e-01
   1.3930000e+03   3.6484979e-01   2.7663091e-01
   1.3940000e+03   3.3831330e-01   2.5695263e-01
   1.3950000e+03   3.1322775e-01   2.3441654e-01
   1.3960000e+03   2.8263720e-01   2.0595285e-01
   1.3970000e+03   2.6649405e-01   1.7914739e-01
   1.3980000e+03   2.5819414e-01   1.4984380e-01
   1.3990000e+03   2.6018762e-01   1.1178802e-01
   1.4000000e+03   2.5978132e-01   1.0596423e-01
