   2.4800000e+02  -1.6261247e+00   3.1523301e+00
   2.4900000e+02  -1.6145445e+00   3.1361790e+00
   2.5000000e+02  -1.6010112e+00   3.1207930e+00
   2.5100000e+02  -1.5828517e+00   3.1048788e+00
   2.5200000e+02  -1.5633938e+00   3.0897042e+00
   2.5300000e+02  -1.5401096e+00   3.0731356e+00
   2.5400000e+02  -1.5195937e+00   3.0537577e+00
   2.5500000e+02  -1.4969705e+00   3.0326832e+00
   2.5600000e+02  -1.4732638e+00   3.0077974e+00
   2.5700000e+02  -1.4475011e+00   2.9819375e+00
   2.5800000e+02  -1.4213953e+00   2.9550962e+00
   2.5900000e+02  -1.3953801e+00   2.9257095e+00
   2.6000000e+02  -1.3706774e+00   2.8948016e+00
   2.6100000e+02  -1.3464827e+00   2.8617389e+00
   2.6200000e+02  -1.3224049e+00   2.8272678e+00
   2.6300000e+02  -1.2986600e+00   2.7916070e+00
   2.6400000e+02  -1.2747237e+00   2.7538744e+00
   2.6500000e+02  -1.2545264e+00   2.7156641e+00
   2.6600000e+02  -1.2371129e+00   2.6760726e+00
   2.6700000e+02  -1.2236946e+00   2.6363048e+00
   2.6800000e+02  -1.2110461e+00   2.5964725e+00
   2.6900000e+02  -1.1975330e+00   2.5569212e+00
   2.7000000e+02  -1.1848508e+00   2.5185786e+00
   2.7100000e+02  -1.1739010e+00   2.4822059e+00
   2.7200000e+02  -1.1678446e+00   2.4485326e+00
   2.7300000e+02  -1.1666401e+00   2.4184145e+00
   2.7400000e+02  -1.1679289e+00   2.3930649e+00
   2.7500000e+02  -1.1698975e+00   2.3700087e+00
   2.7600000e+02  -1.1730759e+00   2.3498028e+00
   2.7700000e+02  -1.1765304e+00   2.3313340e+00
   2.7800000e+02  -1.1781059e+00   2.3119277e+00
   2.7900000e+02  -1.1805770e+00   2.2928483e+00
   2.8000000e+02  -1.1832405e+00   2.2734472e+00
   2.8100000e+02  -1.1842575e+00   2.2514167e+00
   2.8200000e+02  -1.1824466e+00   2.2247008e+00
   2.8300000e+02  -1.1766469e+00   2.1932988e+00
   2.8400000e+02  -1.1664857e+00   2.1604583e+00
   2.8500000e+02  -1.1546324e+00   2.1273567e+00
   2.8600000e+02  -1.1441834e+00   2.0976679e+00
   2.8700000e+02  -1.1433805e+00   2.0762442e+00
   2.8800000e+02  -1.1498739e+00   2.0598153e+00
   2.8900000e+02  -1.1610172e+00   2.0453689e+00
   2.9000000e+02  -1.1677789e+00   2.0313971e+00
   2.9100000e+02  -1.1739263e+00   2.0178151e+00
   2.9200000e+02  -1.1747542e+00   2.0054592e+00
   2.9300000e+02  -1.1734127e+00   1.9962056e+00
   2.9400000e+02  -1.1718600e+00   1.9893405e+00
   2.9500000e+02  -1.1710660e+00   1.9837825e+00
   2.9600000e+02  -1.1710771e+00   1.9791408e+00
   2.9700000e+02  -1.1720492e+00   1.9761594e+00
   2.9800000e+02  -1.1727758e+00   1.9734615e+00
   2.9900000e+02  -1.1729772e+00   1.9709712e+00
   3.0000000e+02  -1.1723097e+00   1.9684222e+00
   3.0100000e+02  -1.1713770e+00   1.9673190e+00
   3.0200000e+02  -1.1729221e+00   1.9686616e+00
   3.0300000e+02  -1.1747245e+00   1.9733572e+00
   3.0400000e+02  -1.1769289e+00   1.9795889e+00
   3.0500000e+02  -1.1791564e+00   1.9877201e+00
   3.0600000e+02  -1.1825773e+00   1.9959941e+00
   3.0700000e+02  -1.1871364e+00   2.0049244e+00
   3.0800000e+02  -1.1931978e+00   2.0138220e+00
   3.0900000e+02  -1.1995066e+00   2.0201434e+00
   3.1000000e+02  -1.2063588e+00   2.0254352e+00
   3.1100000e+02  -1.2124433e+00   2.0269461e+00
   3.1200000e+02  -1.2178851e+00   2.0258235e+00
   3.1300000e+02  -1.2224933e+00   2.0209433e+00
   3.1400000e+02  -1.2244859e+00   2.0139741e+00
   3.1500000e+02  -1.2233758e+00   2.0044519e+00
   3.1600000e+02  -1.2206368e+00   1.9968710e+00
   3.1700000e+02  -1.2193932e+00   1.9923583e+00
   3.1800000e+02  -1.2205866e+00   1.9923467e+00
   3.1900000e+02  -1.2251547e+00   1.9911025e+00
   3.2000000e+02  -1.2301895e+00   1.9859115e+00
   3.2100000e+02  -1.2365456e+00   1.9773791e+00
   3.2200000e+02  -1.2441592e+00   1.9660123e+00
   3.2300000e+02  -1.2509904e+00   1.9552434e+00
   3.2400000e+02  -1.2560221e+00   1.9434582e+00
   3.2500000e+02  -1.2583763e+00   1.9307420e+00
   3.2600000e+02  -1.2577490e+00   1.9221159e+00
   3.2700000e+02  -1.2560875e+00   1.9144538e+00
   3.2800000e+02  -1.2553209e+00   1.9107580e+00
   3.2900000e+02  -1.2550885e+00   1.9058400e+00
   3.3000000e+02  -1.2558250e+00   1.9007993e+00
   3.3100000e+02  -1.2569843e+00   1.8955462e+00
   3.3200000e+02  -1.2595940e+00   1.8921049e+00
   3.3300000e+02  -1.2638309e+00   1.8908185e+00
   3.3400000e+02  -1.2687286e+00   1.8910653e+00
   3.3500000e+02  -1.2724947e+00   1.8940366e+00
   3.3600000e+02  -1.2743611e+00   1.8975993e+00
   3.3700000e+02  -1.2742156e+00   1.9021308e+00
   3.3800000e+02  -1.2728690e+00   1.9047236e+00
   3.3900000e+02  -1.2723312e+00   1.9055157e+00
   3.4000000e+02  -1.2714904e+00   1.9060312e+00
   3.4100000e+02  -1.2696678e+00   1.9074998e+00
   3.4200000e+02  -1.2654753e+00   1.9081472e+00
   3.4300000e+02  -1.2600313e+00   1.9101294e+00
   3.4400000e+02  -1.2542634e+00   1.9104804e+00
   3.4500000e+02  -1.2485218e+00   1.9106533e+00
   3.4600000e+02  -1.2433108e+00   1.9102229e+00
   3.4700000e+02  -1.2381164e+00   1.9105505e+00
   3.4800000e+02  -1.2337400e+00   1.9116898e+00
   3.4900000e+02  -1.2303718e+00   1.9126581e+00
   3.5000000e+02  -1.2283333e+00   1.9141926e+00
   3.5100000e+02  -1.2266035e+00   1.9157893e+00
   3.5200000e+02  -1.2264142e+00   1.9176686e+00
   3.5300000e+02  -1.2272200e+00   1.9189196e+00
   3.5400000e+02  -1.2285344e+00   1.9195628e+00
   3.5500000e+02  -1.2284612e+00   1.9193800e+00
   3.5600000e+02  -1.2267283e+00   1.9196482e+00
   3.5700000e+02  -1.2254369e+00   1.9190775e+00
   3.5800000e+02  -1.2229859e+00   1.9188073e+00
   3.5900000e+02  -1.2218703e+00   1.9177718e+00
   3.6000000e+02  -1.2201882e+00   1.9158300e+00
   3.6100000e+02  -1.2190623e+00   1.9136669e+00
   3.6200000e+02  -1.2170875e+00   1.9121656e+00
   3.6300000e+02  -1.2141081e+00   1.9106843e+00
   3.6400000e+02  -1.2103424e+00   1.9112234e+00
   3.6500000e+02  -1.2067083e+00   1.9123800e+00
   3.6600000e+02  -1.2027955e+00   1.9140661e+00
   3.6700000e+02  -1.1989108e+00   1.9161355e+00
   3.6800000e+02  -1.1943707e+00   1.9175476e+00
   3.6900000e+02  -1.1897011e+00   1.9182500e+00
   3.7000000e+02  -1.1846918e+00   1.9179227e+00
   3.7100000e+02  -1.1804902e+00   1.9168161e+00
   3.7200000e+02  -1.1783416e+00   1.9148727e+00
   3.7300000e+02  -1.1776330e+00   1.9129326e+00
   3.7400000e+02  -1.1785375e+00   1.9108267e+00
   3.7500000e+02  -1.1806100e+00   1.9085954e+00
   3.7600000e+02  -1.1828999e+00   1.9064563e+00
   3.7700000e+02  -1.1844121e+00   1.9043058e+00
   3.7800000e+02  -1.1861190e+00   1.9023607e+00
   3.7900000e+02  -1.1871273e+00   1.9004812e+00
   3.8000000e+02  -1.1877289e+00   1.8976475e+00
   3.8100000e+02  -1.1861809e+00   1.8932571e+00
   3.8200000e+02  -1.1840415e+00   1.8882656e+00
   3.8300000e+02  -1.1809371e+00   1.8825385e+00
   3.8400000e+02  -1.1785102e+00   1.8765195e+00
   3.8500000e+02  -1.1767665e+00   1.8714037e+00
   3.8600000e+02  -1.1766951e+00   1.8661221e+00
   3.8700000e+02  -1.1776657e+00   1.8643996e+00
   3.8800000e+02  -1.1795272e+00   1.8636089e+00
   3.8900000e+02  -1.1804086e+00   1.8640443e+00
   3.9000000e+02  -1.1802322e+00   1.8655713e+00
   3.9100000e+02  -1.1788372e+00   1.8667079e+00
   3.9200000e+02  -1.1749804e+00   1.8680431e+00
   3.9300000e+02  -1.1715659e+00   1.8694345e+00
   3.9400000e+02  -1.1690655e+00   1.8705143e+00
   3.9500000e+02  -1.1682270e+00   1.8703295e+00
   3.9600000e+02  -1.1683824e+00   1.8690787e+00
   3.9700000e+02  -1.1672503e+00   1.8682674e+00
   3.9800000e+02  -1.1661706e+00   1.8665448e+00
   3.9900000e+02  -1.1642078e+00   1.8636838e+00
   4.0000000e+02  -1.1612728e+00   1.8583461e+00
   4.0100000e+02  -1.1593339e+00   1.8526397e+00
   4.0200000e+02  -1.1579681e+00   1.8474770e+00
   4.0300000e+02  -1.1575571e+00   1.8438979e+00
   4.0400000e+02  -1.1589330e+00   1.8420929e+00
   4.0500000e+02  -1.1615526e+00   1.8427284e+00
   4.0600000e+02  -1.1635629e+00   1.8445298e+00
   4.0700000e+02  -1.1618707e+00   1.8458865e+00
   4.0800000e+02  -1.1574303e+00   1.8449525e+00
   4.0900000e+02  -1.1487445e+00   1.8405455e+00
   4.1000000e+02  -1.1383774e+00   1.8345314e+00
   4.1100000e+02  -1.1277312e+00   1.8276203e+00
   4.1200000e+02  -1.1180132e+00   1.8186021e+00
   4.1300000e+02  -1.1108373e+00   1.8104943e+00
   4.1400000e+02  -1.1063019e+00   1.8016719e+00
   4.1500000e+02  -1.1054975e+00   1.7933251e+00
   4.1600000e+02  -1.1082676e+00   1.7851214e+00
   4.1700000e+02  -1.1141913e+00   1.7789275e+00
   4.1800000e+02  -1.1215790e+00   1.7744516e+00
   4.1900000e+02  -1.1294221e+00   1.7724024e+00
   4.2000000e+02  -1.1361576e+00   1.7729729e+00
   4.2100000e+02  -1.1422460e+00   1.7748285e+00
   4.2200000e+02  -1.1460130e+00   1.7780081e+00
   4.2300000e+02  -1.1480285e+00   1.7815599e+00
   4.2400000e+02  -1.1482781e+00   1.7834215e+00
   4.2500000e+02  -1.1471231e+00   1.7839204e+00
   4.2600000e+02  -1.1447667e+00   1.7826012e+00
   4.2700000e+02  -1.1430535e+00   1.7797601e+00
   4.2800000e+02  -1.1413308e+00   1.7751647e+00
   4.2900000e+02  -1.1405188e+00   1.7697626e+00
   4.3000000e+02  -1.1405262e+00   1.7624043e+00
   4.3100000e+02  -1.1409587e+00   1.7546357e+00
   4.3200000e+02  -1.1404527e+00   1.7510259e+00
   4.3300000e+02  -1.1408956e+00   1.7489126e+00
   4.3400000e+02  -1.1390562e+00   1.7502624e+00
   4.3500000e+02  -1.1372716e+00   1.7524735e+00
   4.3600000e+02  -1.1368531e+00   1.7546773e+00
   4.3700000e+02  -1.1383090e+00   1.7564726e+00
   4.3800000e+02  -1.1403061e+00   1.7550052e+00
   4.3900000e+02  -1.1431747e+00   1.7536088e+00
   4.4000000e+02  -1.1462662e+00   1.7506663e+00
   4.4100000e+02  -1.1495050e+00   1.7455890e+00
   4.4200000e+02  -1.1514765e+00   1.7404964e+00
   4.4300000e+02  -1.1514625e+00   1.7361080e+00
   4.4400000e+02  -1.1498425e+00   1.7326579e+00
   4.4500000e+02  -1.1474104e+00   1.7297388e+00
   4.4600000e+02  -1.1425165e+00   1.7277038e+00
   4.4700000e+02  -1.1374667e+00   1.7255104e+00
   4.4800000e+02  -1.1327513e+00   1.7217847e+00
   4.4900000e+02  -1.1293703e+00   1.7173577e+00
   4.5000000e+02  -1.1262992e+00   1.7107258e+00
   4.5100000e+02  -1.1232879e+00   1.7032931e+00
   4.5200000e+02  -1.1193016e+00   1.6949769e+00
   4.5300000e+02  -1.1164461e+00   1.6873653e+00
   4.5400000e+02  -1.1140400e+00   1.6799618e+00
   4.5500000e+02  -1.1126402e+00   1.6727935e+00
   4.5600000e+02  -1.1125178e+00   1.6662372e+00
   4.5700000e+02  -1.1136079e+00   1.6597075e+00
   4.5800000e+02  -1.1127549e+00   1.6527940e+00
   4.5900000e+02  -1.1112533e+00   1.6483904e+00
   4.6000000e+02  -1.1096234e+00   1.6428830e+00
   4.6100000e+02  -1.1078083e+00   1.6379322e+00
   4.6200000e+02  -1.1061467e+00   1.6301353e+00
   4.6300000e+02  -1.1040443e+00   1.6216419e+00
   4.6400000e+02  -1.1007471e+00   1.6132474e+00
   4.6500000e+02  -1.0956797e+00   1.6058874e+00
   4.6600000e+02  -1.0910101e+00   1.5987596e+00
   4.6700000e+02  -1.0873902e+00   1.5881790e+00
   4.6800000e+02  -1.0857084e+00   1.5747268e+00
   4.6900000e+02  -1.0843210e+00   1.5605170e+00
   4.7000000e+02  -1.0845669e+00   1.5473958e+00
   4.7100000e+02  -1.0842195e+00   1.5354648e+00
   4.7200000e+02  -1.0836608e+00   1.5234221e+00
   4.7300000e+02  -1.0828592e+00   1.5122270e+00
   4.7400000e+02  -1.0802280e+00   1.5008361e+00
   4.7500000e+02  -1.0776235e+00   1.4906068e+00
   4.7600000e+02  -1.0752625e+00   1.4789332e+00
   4.7700000e+02  -1.0739679e+00   1.4665231e+00
   4.7800000e+02  -1.0735953e+00   1.4546740e+00
   4.7900000e+02  -1.0730212e+00   1.4431535e+00
   4.8000000e+02  -1.0731452e+00   1.4318125e+00
   4.8100000e+02  -1.0754161e+00   1.4220488e+00
   4.8200000e+02  -1.0798552e+00   1.4157169e+00
   4.8300000e+02  -1.0869697e+00   1.4108000e+00
   4.8400000e+02  -1.0952350e+00   1.4068192e+00
   4.8500000e+02  -1.1055274e+00   1.4044328e+00
   4.8600000e+02  -1.1176781e+00   1.4035368e+00
   4.8700000e+02  -1.1311888e+00   1.4065283e+00
   4.8800000e+02  -1.1448417e+00   1.4098201e+00
   4.8900000e+02  -1.1592086e+00   1.4122532e+00
   4.9000000e+02  -1.1722244e+00   1.4111903e+00
   4.9100000e+02  -1.1848486e+00   1.4075515e+00
   4.9200000e+02  -1.1959260e+00   1.4021963e+00
   4.9300000e+02  -1.2041908e+00   1.3984556e+00
   4.9400000e+02  -1.2071316e+00   1.3956510e+00
   4.9500000e+02  -1.2081034e+00   1.3931901e+00
   4.9600000e+02  -1.2061386e+00   1.3899196e+00
   4.9700000e+02  -1.2029224e+00   1.3854614e+00
   4.9800000e+02  -1.1988703e+00   1.3789524e+00
   4.9900000e+02  -1.1940107e+00   1.3721552e+00
   5.0000000e+02  -1.1891214e+00   1.3639684e+00
   5.0100000e+02  -1.1822195e+00   1.3543542e+00
   5.0200000e+02  -1.1734490e+00   1.3445390e+00
   5.0300000e+02  -1.1643256e+00   1.3362580e+00
   5.0400000e+02  -1.1561049e+00   1.3303770e+00
   5.0500000e+02  -1.1531457e+00   1.3267133e+00
   5.0600000e+02  -1.1501743e+00   1.3243956e+00
   5.0700000e+02  -1.1491106e+00   1.3233694e+00
   5.0800000e+02  -1.1479937e+00   1.3236756e+00
   5.0900000e+02  -1.1457454e+00   1.3252638e+00
   5.1000000e+02  -1.1420583e+00   1.3266015e+00
   5.1100000e+02  -1.1380918e+00   1.3273976e+00
   5.1200000e+02  -1.1333414e+00   1.3265324e+00
   5.1300000e+02  -1.1280826e+00   1.3244119e+00
   5.1400000e+02  -1.1212608e+00   1.3216244e+00
   5.1500000e+02  -1.1128661e+00   1.3186865e+00
   5.1600000e+02  -1.1023958e+00   1.3173709e+00
   5.1700000e+02  -1.0913676e+00   1.3166649e+00
   5.1800000e+02  -1.0813887e+00   1.3157043e+00
   5.1900000e+02  -1.0726886e+00   1.3119820e+00
   5.2000000e+02  -1.0656822e+00   1.3049175e+00
   5.2100000e+02  -1.0600559e+00   1.2987907e+00
   5.2200000e+02  -1.0537062e+00   1.2943084e+00
   5.2300000e+02  -1.0458995e+00   1.2900198e+00
   5.2400000e+02  -1.0379789e+00   1.2888874e+00
   5.2500000e+02  -1.0292539e+00   1.2912565e+00
   5.2600000e+02  -1.0218206e+00   1.2953842e+00
   5.2700000e+02  -1.0167132e+00   1.3001948e+00
   5.2800000e+02  -1.0149157e+00   1.3051275e+00
   5.2900000e+02  -1.0145377e+00   1.3104102e+00
   5.3000000e+02  -1.0131586e+00   1.3147228e+00
   5.3100000e+02  -1.0107232e+00   1.3192018e+00
   5.3200000e+02  -1.0079770e+00   1.3224149e+00
   5.3300000e+02  -1.0063921e+00   1.3246519e+00
   5.3400000e+02  -1.0051456e+00   1.3243948e+00
   5.3500000e+02  -1.0058122e+00   1.3229838e+00
   5.3600000e+02  -1.0060089e+00   1.3223464e+00
   5.3700000e+02  -1.0047970e+00   1.3207641e+00
   5.3800000e+02  -1.0031938e+00   1.3186377e+00
   5.3900000e+02  -1.0022723e+00   1.3151182e+00
   5.4000000e+02  -1.0029990e+00   1.3117523e+00
   5.4100000e+02  -1.0051276e+00   1.3097297e+00
   5.4200000e+02  -1.0099015e+00   1.3057300e+00
   5.4300000e+02  -1.0146489e+00   1.3016560e+00
   5.4400000e+02  -1.0193123e+00   1.2967561e+00
   5.4500000e+02  -1.0230510e+00   1.2934883e+00
   5.4600000e+02  -1.0277983e+00   1.2927953e+00
   5.4700000e+02  -1.0318196e+00   1.2935442e+00
   5.4800000e+02  -1.0367298e+00   1.2948211e+00
   5.4900000e+02  -1.0415117e+00   1.2947091e+00
   5.5000000e+02  -1.0455002e+00   1.2922555e+00
   5.5100000e+02  -1.0467927e+00   1.2873390e+00
   5.5200000e+02  -1.0451967e+00   1.2806049e+00
   5.5300000e+02  -1.0408193e+00   1.2742396e+00
   5.5400000e+02  -1.0354021e+00   1.2673195e+00
   5.5500000e+02  -1.0293522e+00   1.2608539e+00
   5.5600000e+02  -1.0255449e+00   1.2549764e+00
   5.5700000e+02  -1.0237041e+00   1.2496543e+00
   5.5800000e+02  -1.0243998e+00   1.2441476e+00
   5.5900000e+02  -1.0251589e+00   1.2388504e+00
   5.6000000e+02  -1.0257997e+00   1.2342405e+00
   5.6100000e+02  -1.0272243e+00   1.2284985e+00
   5.6200000e+02  -1.0295237e+00   1.2211012e+00
   5.6300000e+02  -1.0325294e+00   1.2116830e+00
   5.6400000e+02  -1.0354450e+00   1.2027627e+00
   5.6500000e+02  -1.0385575e+00   1.1953035e+00
   5.6600000e+02  -1.0375391e+00   1.1885624e+00
   5.6700000e+02  -1.0334461e+00   1.1811481e+00
   5.6800000e+02  -1.0274075e+00   1.1750222e+00
   5.6900000e+02  -1.0175094e+00   1.1705167e+00
   5.7000000e+02  -1.0051369e+00   1.1672694e+00
   5.7100000e+02  -9.9077254e-01   1.1649388e+00
   5.7200000e+02  -9.7410360e-01   1.1615171e+00
   5.7300000e+02  -9.5873990e-01   1.1557692e+00
   5.7400000e+02  -9.4593828e-01   1.1474123e+00
   5.7500000e+02  -9.3806647e-01   1.1395645e+00
   5.7600000e+02  -9.3173878e-01   1.1337990e+00
   5.7700000e+02  -9.2485395e-01   1.1303712e+00
   5.7800000e+02  -9.1718893e-01   1.1284173e+00
   5.7900000e+02  -9.0879659e-01   1.1280896e+00
   5.8000000e+02  -8.9963417e-01   1.1262815e+00
   5.8100000e+02  -8.9119420e-01   1.1218497e+00
   5.8200000e+02  -8.8319836e-01   1.1146334e+00
   5.8300000e+02  -8.7527425e-01   1.1074454e+00
   5.8400000e+02  -8.6684902e-01   1.1000440e+00
   5.8500000e+02  -8.5869883e-01   1.0930374e+00
   5.8600000e+02  -8.5089408e-01   1.0855340e+00
   5.8700000e+02  -8.4276738e-01   1.0820679e+00
   5.8800000e+02  -8.3304148e-01   1.0823932e+00
   5.8900000e+02  -8.2208899e-01   1.0831867e+00
   5.9000000e+02  -8.1205514e-01   1.0842857e+00
   5.9100000e+02  -7.9871716e-01   1.0836821e+00
   5.9200000e+02  -7.8629865e-01   1.0807413e+00
   5.9300000e+02  -7.7189858e-01   1.0759647e+00
   5.9400000e+02  -7.5667160e-01   1.0696077e+00
   5.9500000e+02  -7.4154784e-01   1.0614050e+00
   5.9600000e+02  -7.2791598e-01   1.0511912e+00
   5.9700000e+02  -7.1692041e-01   1.0396586e+00
   5.9800000e+02  -7.0682280e-01   1.0282135e+00
   5.9900000e+02  -6.9684053e-01   1.0161805e+00
   6.0000000e+02  -6.8736021e-01   1.0067134e+00
   6.0100000e+02  -6.7849566e-01   1.0008148e+00
   6.0200000e+02  -6.6787170e-01   1.0001855e+00
   6.0300000e+02  -6.5714261e-01   1.0050068e+00
   6.0400000e+02  -6.4666817e-01   1.0114437e+00
   6.0500000e+02  -6.4008260e-01   1.0173933e+00
   6.0600000e+02  -6.4468352e-01   1.0178622e+00
   6.0700000e+02  -6.5889041e-01   1.0166637e+00
   6.0800000e+02  -6.7239956e-01   1.0156957e+00
   6.0900000e+02  -6.7696424e-01   1.0096677e+00
   6.1000000e+02  -6.7407793e-01   1.0013529e+00
   6.1100000e+02  -6.6452862e-01   9.9796960e-01
   6.1200000e+02  -6.6365970e-01   9.9176885e-01
   6.1300000e+02  -6.5785796e-01   9.9022079e-01
   6.1400000e+02  -6.5466225e-01   9.9223894e-01
   6.1500000e+02  -6.5425205e-01   9.9983923e-01
   6.1600000e+02  -6.5507156e-01   1.0073045e+00
   6.1700000e+02  -6.5566529e-01   1.0151747e+00
   6.1800000e+02  -6.5362129e-01   1.0230320e+00
   6.1900000e+02  -6.6414128e-01   1.0346430e+00
   6.2000000e+02  -6.5627927e-01   1.0127687e+00
   6.2100000e+02  -6.5557716e-01   1.0027989e+00
   6.2200000e+02  -6.5002920e-01   9.9355431e-01
   6.2300000e+02  -6.3776588e-01   9.9118774e-01
   6.2400000e+02  -6.2425855e-01   9.9139328e-01
   6.2500000e+02  -6.1605507e-01   1.0096363e+00
   6.2600000e+02  -5.6727987e-01   9.9929752e-01
   6.2700000e+02  -5.6075563e-01   1.0014939e+00
   6.2800000e+02  -5.4094689e-01   1.0042151e+00
   6.2900000e+02  -5.2382199e-01   1.0069357e+00
   6.3000000e+02  -5.0931317e-01   1.0079944e+00
   6.3100000e+02  -4.9873792e-01   1.0097573e+00
   6.3200000e+02  -4.9180844e-01   1.0078425e+00
   6.3300000e+02  -4.8635158e-01   1.0037132e+00
   6.3400000e+02  -4.8519803e-01   9.9996040e-01
   6.3500000e+02  -4.8444008e-01   9.9591522e-01
   6.3600000e+02  -4.8136713e-01   9.9103954e-01
   6.3700000e+02  -4.7407022e-01   9.8523054e-01
   6.3800000e+02  -4.6542285e-01   9.7716391e-01
   6.3900000e+02  -4.5355656e-01   9.6881741e-01
   6.4000000e+02  -4.4305086e-01   9.6223778e-01
   6.4100000e+02  -4.3286457e-01   9.5893252e-01
   6.4200000e+02  -4.2431958e-01   9.5730374e-01
   6.4300000e+02  -4.1819079e-01   9.5524341e-01
   6.4400000e+02  -4.1527985e-01   9.5082165e-01
   6.4500000e+02  -4.1587931e-01   9.4397878e-01
   6.4600000e+02  -4.1647668e-01   9.3659857e-01
   6.4700000e+02  -4.1576361e-01   9.2738242e-01
   6.4800000e+02  -4.1284322e-01   9.1808836e-01
   6.4900000e+02  -4.1157193e-01   9.0614844e-01
   6.5000000e+02  -4.0851493e-01   8.9643915e-01
   6.5100000e+02  -4.0264472e-01   8.8520641e-01
   6.5200000e+02  -3.9387183e-01   8.7367073e-01
   6.5300000e+02  -3.8254310e-01   8.6175407e-01
   6.5400000e+02  -3.7258538e-01   8.5151942e-01
   6.5500000e+02  -3.6572579e-01   8.4274255e-01
   6.5600000e+02  -3.6349124e-01   8.3391867e-01
   6.5700000e+02  -3.6271652e-01   8.2615150e-01
   6.5800000e+02  -3.6345555e-01   8.1662170e-01
   6.5900000e+02  -3.6468646e-01   8.0918737e-01
   6.6000000e+02  -3.6601072e-01   8.0097050e-01
   6.6100000e+02  -3.6854762e-01   7.9600152e-01
   6.6200000e+02  -3.7388492e-01   7.8873270e-01
   6.6300000e+02  -3.8230687e-01   7.8021550e-01
   6.6400000e+02  -3.9432732e-01   7.7054496e-01
   6.6500000e+02  -4.0781849e-01   7.5979461e-01
   6.6600000e+02  -4.2348579e-01   7.4731776e-01
   6.6700000e+02  -4.3983869e-01   7.3047225e-01
   6.6800000e+02  -4.5648827e-01   7.1281808e-01
   6.6900000e+02  -4.7590071e-01   6.9523334e-01
   6.7000000e+02  -4.9812832e-01   6.7940459e-01
   6.7100000e+02  -5.1993054e-01   6.7053911e-01
   6.7200000e+02  -5.4149644e-01   6.7137523e-01
   6.7300000e+02  -5.6260260e-01   6.8168096e-01
   6.7400000e+02  -5.7994540e-01   6.9840423e-01
   6.7500000e+02  -5.9629114e-01   7.1657324e-01
   6.7600000e+02  -6.0914783e-01   7.3031432e-01
   6.7700000e+02  -6.1967158e-01   7.3918404e-01
   6.7800000e+02  -6.2677420e-01   7.4372598e-01
   6.7900000e+02  -6.3159155e-01   7.4776013e-01
   6.8000000e+02  -6.3425392e-01   7.5114065e-01
   6.8100000e+02  -6.3481810e-01   7.5611819e-01
   6.8200000e+02  -6.3399385e-01   7.6039580e-01
   6.8300000e+02  -6.3458549e-01   7.6274763e-01
   6.8400000e+02  -6.3910782e-01   7.6633731e-01
   6.8500000e+02  -6.4819143e-01   7.7013763e-01
   6.8600000e+02  -6.5839884e-01   7.7388861e-01
   6.8700000e+02  -6.6991522e-01   7.7203525e-01
   6.8800000e+02  -6.8047432e-01   7.6495649e-01
   6.8900000e+02  -6.8968324e-01   7.5560956e-01
   6.9000000e+02  -6.9664879e-01   7.4332137e-01
   6.9100000e+02  -7.0246566e-01   7.2996401e-01
   6.9200000e+02  -7.0739918e-01   7.1619177e-01
   6.9300000e+02  -7.1347081e-01   7.0664620e-01
   6.9400000e+02  -7.1951210e-01   7.0636965e-01
   6.9500000e+02  -7.2508617e-01   7.1243754e-01
   6.9600000e+02  -7.3428898e-01   7.2359664e-01
   6.9700000e+02  -7.4393219e-01   7.3313609e-01
   6.9800000e+02  -7.5570077e-01   7.3515582e-01
   6.9900000e+02  -7.6936807e-01   7.3129695e-01
   7.0000000e+02  -7.8092480e-01   7.2696790e-01
   7.0100000e+02  -7.9156047e-01   7.2289916e-01
   7.0200000e+02  -7.9977336e-01   7.2267562e-01
   7.0300000e+02  -8.1010154e-01   7.2620250e-01
   7.0400000e+02  -8.2249959e-01   7.3352814e-01
   7.0500000e+02  -8.3746856e-01   7.4369926e-01
   7.0600000e+02  -8.5526661e-01   7.5048748e-01
   7.0700000e+02  -8.7389085e-01   7.5322102e-01
   7.0800000e+02  -8.9172060e-01   7.5022721e-01
   7.0900000e+02  -9.0780732e-01   7.4782495e-01
   7.1000000e+02  -9.2066829e-01   7.4529269e-01
   7.1100000e+02  -9.3494236e-01   7.4412100e-01
   7.1200000e+02  -9.5071758e-01   7.4279530e-01
   7.1300000e+02  -9.6484467e-01   7.4292641e-01
   7.1400000e+02  -9.7588517e-01   7.4545444e-01
   7.1500000e+02  -9.8236911e-01   7.4891978e-01
   7.1600000e+02  -9.8841923e-01   7.5051737e-01
   7.1700000e+02  -9.9531339e-01   7.5189657e-01
   7.1800000e+02  -1.0030391e+00   7.5068487e-01
   7.1900000e+02  -1.0135729e+00   7.5143509e-01
   7.2000000e+02  -1.0246712e+00   7.5260429e-01
   7.2100000e+02  -1.0350412e+00   7.5394831e-01
   7.2200000e+02  -1.0421329e+00   7.5619417e-01
   7.2300000e+02  -1.0486494e+00   7.5785337e-01
   7.2400000e+02  -1.0547720e+00   7.5851030e-01
   7.2500000e+02  -1.0594720e+00   7.6169309e-01
   7.2600000e+02  -1.0624778e+00   7.6669362e-01
   7.2700000e+02  -1.0639024e+00   7.7219862e-01
   7.2800000e+02  -1.0638335e+00   7.7679496e-01
   7.2900000e+02  -1.0646142e+00   7.7835534e-01
   7.3000000e+02  -1.0660708e+00   7.7726204e-01
   7.3100000e+02  -1.0684392e+00   7.7589370e-01
   7.3200000e+02  -1.0716478e+00   7.7547635e-01
   7.3300000e+02  -1.0752842e+00   7.7553064e-01
   7.3400000e+02  -1.0796642e+00   7.7436892e-01
   7.3500000e+02  -1.0845462e+00   7.7437862e-01
   7.3600000e+02  -1.0889983e+00   7.7585630e-01
   7.3700000e+02  -1.0940169e+00   7.7955172e-01
   7.3800000e+02  -1.0995091e+00   7.8197320e-01
   7.3900000e+02  -1.1045019e+00   7.8430150e-01
   7.4000000e+02  -1.1076106e+00   7.8703601e-01
   7.4100000e+02  -1.1075389e+00   7.9176000e-01
   7.4200000e+02  -1.1058833e+00   7.9817602e-01
   7.4300000e+02  -1.1042881e+00   8.0446192e-01
   7.4400000e+02  -1.1015299e+00   8.0903882e-01
   7.4500000e+02  -1.0961934e+00   8.1344602e-01
   7.4600000e+02  -1.0913550e+00   8.1657488e-01
   7.4700000e+02  -1.0841524e+00   8.1943417e-01
   7.4800000e+02  -1.0754060e+00   8.2065354e-01
   7.4900000e+02  -1.0654101e+00   8.2103912e-01
   7.5000000e+02  -1.0515469e+00   8.1893542e-01
   7.5100000e+02  -1.0356525e+00   8.1505434e-01
   7.5200000e+02  -1.0174334e+00   8.1035011e-01
   7.5300000e+02  -9.9693848e-01   8.0444117e-01
   7.5400000e+02  -9.7635640e-01   7.9950405e-01
   7.5500000e+02  -9.5396520e-01   7.9530343e-01
   7.5600000e+02  -9.3068228e-01   7.9187116e-01
   7.5700000e+02  -9.0524988e-01   7.8894960e-01
   7.5800000e+02  -8.8095095e-01   7.8798098e-01
   7.5900000e+02  -8.5718759e-01   7.9021149e-01
   7.6000000e+02  -8.3582602e-01   7.9329402e-01
   7.6100000e+02  -8.1579250e-01   7.9436669e-01
   7.6200000e+02  -7.9595063e-01   7.9365758e-01
   7.6300000e+02  -7.7788253e-01   7.9079293e-01
   7.6400000e+02  -7.6077872e-01   7.8787653e-01
   7.6500000e+02  -7.4411600e-01   7.8641470e-01
   7.6600000e+02  -7.2933537e-01   7.8433269e-01
   7.6700000e+02  -7.1422968e-01   7.8329406e-01
   7.6800000e+02  -6.9928516e-01   7.8267538e-01
   7.6900000e+02  -6.8239082e-01   7.8254237e-01
   7.7000000e+02  -6.6581446e-01   7.8216590e-01
   7.7100000e+02  -6.4960157e-01   7.7986307e-01
   7.7200000e+02  -6.3301335e-01   7.7427316e-01
   7.7300000e+02  -6.1735941e-01   7.6699773e-01
   7.7400000e+02  -6.0115616e-01   7.5824089e-01
   7.7500000e+02  -5.8640329e-01   7.4932667e-01
   7.7600000e+02  -5.7386698e-01   7.3832536e-01
   7.7700000e+02  -5.6574039e-01   7.2693405e-01
   7.7800000e+02  -5.6036542e-01   7.1706433e-01
   7.7900000e+02  -5.5489382e-01   7.0826776e-01
   7.8000000e+02  -5.4827332e-01   7.0024856e-01
   7.8100000e+02  -5.5411566e-01   7.1572605e-01
   7.8200000e+02  -5.3611094e-01   6.8879285e-01
   7.8300000e+02  -5.2242005e-01   6.6712408e-01
   7.8400000e+02  -5.2184507e-01   6.7040210e-01
   7.8500000e+02  -5.1801818e-01   6.7102377e-01
   7.8600000e+02  -5.0450104e-01   6.5199827e-01
   7.8700000e+02  -4.9473814e-01   6.4303296e-01
   7.8800000e+02  -4.8354328e-01   6.3577095e-01
   7.8900000e+02  -4.7243805e-01   6.3148650e-01
   7.9000000e+02  -4.6060164e-01   6.2669699e-01
   7.9100000e+02  -4.5018967e-01   6.3143009e-01
   7.9200000e+02  -4.3830304e-01   6.2936312e-01
   7.9300000e+02  -4.3145779e-01   6.3390301e-01
   7.9400000e+02  -4.1286199e-01   6.3156603e-01
   7.9500000e+02  -3.9836140e-01   6.2675531e-01
   7.9600000e+02  -3.7882285e-01   6.3589026e-01
   7.9700000e+02  -3.7080320e-01   6.3924119e-01
   7.9800000e+02  -3.6812457e-01   6.3862781e-01
   7.9900000e+02  -3.6195013e-01   6.4214795e-01
   8.0000000e+02  -3.6926498e-01   6.4435388e-01
   8.0100000e+02  -3.5824729e-01   6.5746357e-01
   8.0200000e+02  -3.5925857e-01   6.5840009e-01
   8.0300000e+02  -3.3579108e-01   6.5537863e-01
   8.0400000e+02  -3.1415764e-01   6.3824285e-01
   8.0500000e+02  -3.0224088e-01   6.3444331e-01
   8.0600000e+02  -2.9468658e-01   6.3245037e-01
   8.0700000e+02  -2.9032166e-01   6.3843624e-01
   8.0800000e+02  -2.8463549e-01   6.3932116e-01
   8.0900000e+02  -2.7694016e-01   6.4078834e-01
   8.1000000e+02  -2.6547914e-01   6.4177509e-01
   8.1100000e+02  -2.5243967e-01   6.4334573e-01
   8.1200000e+02  -2.3556186e-01   6.4541245e-01
   8.1300000e+02  -2.1817456e-01   6.4827787e-01
   8.1400000e+02  -2.0164461e-01   6.5232318e-01
   8.1500000e+02  -1.8722537e-01   6.5365867e-01
   8.1600000e+02  -1.7527612e-01   6.5024776e-01
   8.1700000e+02  -1.6483537e-01   6.4388830e-01
   8.1800000e+02  -1.5467385e-01   6.3915659e-01
   8.1900000e+02  -1.4390430e-01   6.3707379e-01
   8.2000000e+02  -1.3368534e-01   6.3483668e-01
   8.2100000e+02  -1.2412153e-01   6.3578131e-01
   8.2200000e+02  -1.1258021e-01   6.3611244e-01
   8.2300000e+02  -1.0215940e-01   6.3102329e-01
   8.2400000e+02  -9.1201663e-02   6.1925371e-01
   8.2500000e+02  -7.7318223e-02   6.0711346e-01
   8.2600000e+02  -6.6082347e-02   5.8887147e-01
   8.2700000e+02  -5.8186754e-02   5.6921219e-01
   8.2800000e+02  -5.5818171e-02   5.4893312e-01
   8.2900000e+02  -5.4140876e-02   5.3314786e-01
   8.3000000e+02  -4.6720246e-02   5.1801128e-01
   8.3100000e+02  -3.5437721e-02   4.9842414e-01
   8.3200000e+02  -2.7149601e-02   4.7326156e-01
   8.3300000e+02  -2.4576610e-02   4.4654407e-01
   8.3400000e+02  -2.8384810e-02   4.1767176e-01
   8.3500000e+02  -3.5422117e-02   3.9482731e-01
   8.3600000e+02  -4.0505347e-02   3.7564303e-01
   8.3700000e+02  -4.5057936e-02   3.5667500e-01
   8.3800000e+02  -4.6430884e-02   3.3583650e-01
   8.3900000e+02  -4.3608902e-02   3.1602210e-01
   8.4000000e+02  -3.8077424e-02   2.9472283e-01
   8.4100000e+02  -2.7645493e-02   2.7367597e-01
   8.4200000e+02  -1.5485584e-02   2.4930693e-01
   8.4300000e+02  -5.2915127e-03   2.2092979e-01
   8.4400000e+02  -2.1447254e-03   1.9486307e-01
   8.4500000e+02   3.7891040e-04   1.6808859e-01
   8.4600000e+02   7.2499387e-03   1.4033601e-01
