   1.0000000e+00   4.2465540e-01   1.7284972e+00
   2.0000000e+00   4.2541789e-01   1.7316573e+00
   3.0000000e+00   4.2601618e-01   1.7350235e+00
   4.0000000e+00   4.2698670e-01   1.7384635e+00
   5.0000000e+00   4.2779001e-01   1.7420871e+00
   6.0000000e+00   4.2840193e-01   1.7447130e+00
   7.0000000e+00   4.2848795e-01   1.7469536e+00
   8.0000000e+00   4.2865079e-01   1.7485954e+00
   9.0000000e+00   4.2859960e-01   1.7491973e+00
   1.0000000e+01   4.2848359e-01   1.7494260e+00
   1.1000000e+01   4.2830427e-01   1.7495087e+00
   1.2000000e+01   4.2815962e-01   1.7495554e+00
   1.3000000e+01   4.2801494e-01   1.7493266e+00
   1.4000000e+01   4.2711844e-01   1.7503574e+00
   1.5000000e+01   4.2648562e-01   1.7511594e+00
   1.6000000e+01   4.2617833e-01   1.7526837e+00
   1.7000000e+01   4.2628848e-01   1.7545783e+00
   1.8000000e+01   4.2645588e-01   1.7562441e+00
   1.9000000e+01   4.2660971e-01   1.7576707e+00
   2.0000000e+01   4.2679060e-01   1.7584456e+00
   2.1000000e+01   4.2679198e-01   1.7570943e+00
   2.2000000e+01   4.2581234e-01   1.7548491e+00
   2.3000000e+01   4.2435649e-01   1.7514963e+00
   2.4000000e+01   4.2175691e-01   1.7461767e+00
   2.5000000e+01   4.1957631e-01   1.7398566e+00
   2.6000000e+01   4.1720752e-01   1.7340497e+00
   2.7000000e+01   4.1477860e-01   1.7281014e+00
   2.8000000e+01   4.1303988e-01   1.7215242e+00
   2.9000000e+01   4.1144142e-01   1.7151998e+00
   3.0000000e+01   4.0997113e-01   1.7090215e+00
   3.1000000e+01   4.0878118e-01   1.7031908e+00
   3.2000000e+01   4.0787159e-01   1.6969342e+00
   3.3000000e+01   4.0656589e-01   1.6904219e+00
   3.4000000e+01   4.0606918e-01   1.6856053e+00
   3.5000000e+01   4.0614186e-01   1.6822392e+00
   3.6000000e+01   4.0637568e-01   1.6796736e+00
   3.7000000e+01   4.0666219e-01   1.6775429e+00
   3.8000000e+01   4.0808908e-01   1.6765375e+00
   3.9000000e+01   4.0963473e-01   1.6778089e+00
   4.0000000e+01   4.1102969e-01   1.6794338e+00
   4.1000000e+01   4.1314775e-01   1.6821797e+00
   4.2000000e+01   4.1590618e-01   1.6853470e+00
   4.3000000e+01   4.1834210e-01   1.6899769e+00
   4.4000000e+01   4.2092428e-01   1.6945692e+00
   4.5000000e+01   4.2172874e-01   1.6966999e+00
   4.6000000e+01   4.2177985e-01   1.6982348e+00
   4.7000000e+01   4.2105052e-01   1.6989842e+00
   4.8000000e+01   4.1975171e-01   1.6985976e+00
   4.9000000e+01   4.1826315e-01   1.6971411e+00
   5.0000000e+01   4.1612985e-01   1.6942040e+00
   5.1000000e+01   4.1245845e-01   1.6894147e+00
   5.2000000e+01   4.0741043e-01   1.6821458e+00
   5.3000000e+01   4.0172107e-01   1.6739367e+00
   5.4000000e+01   3.9529384e-01   1.6662741e+00
   5.5000000e+01   3.8858079e-01   1.6588675e+00
   5.6000000e+01   3.8278530e-01   1.6528333e+00
   5.7000000e+01   3.7769018e-01   1.6487189e+00
   5.8000000e+01   3.7389488e-01   1.6460654e+00
   5.9000000e+01   3.7068232e-01   1.6448894e+00
   6.0000000e+01   3.6918205e-01   1.6453456e+00
   6.1000000e+01   3.6820113e-01   1.6473560e+00
   6.2000000e+01   3.6826365e-01   1.6513929e+00
   6.3000000e+01   3.6985482e-01   1.6565174e+00
   6.4000000e+01   3.7243111e-01   1.6618057e+00
   6.5000000e+01   3.7610270e-01   1.6660347e+00
   6.6000000e+01   3.7970235e-01   1.6686161e+00
   6.7000000e+01   3.8400310e-01   1.6673290e+00
   6.8000000e+01   3.8751796e-01   1.6640122e+00
   6.9000000e+01   3.9046374e-01   1.6593217e+00
   7.0000000e+01   3.9284791e-01   1.6537252e+00
   7.1000000e+01   3.9608330e-01   1.6485348e+00
   7.2000000e+01   4.0022138e-01   1.6428535e+00
   7.3000000e+01   4.0455554e-01   1.6372669e+00
   7.4000000e+01   4.0842961e-01   1.6288525e+00
   7.5000000e+01   4.1116212e-01   1.6198258e+00
   7.6000000e+01   4.1280893e-01   1.6096177e+00
   7.7000000e+01   4.1421984e-01   1.5983966e+00
   7.8000000e+01   4.1613790e-01   1.5858295e+00
   7.9000000e+01   4.1780143e-01   1.5704898e+00
   8.0000000e+01   4.1754181e-01   1.5509930e+00
   8.1000000e+01   4.1615346e-01   1.5278246e+00
   8.2000000e+01   4.1449470e-01   1.5005045e+00
   8.3000000e+01   4.1306035e-01   1.4717108e+00
   8.4000000e+01   4.1134317e-01   1.4430723e+00
   8.5000000e+01   4.1048208e-01   1.4149641e+00
   8.6000000e+01   4.0903007e-01   1.3892834e+00
   8.7000000e+01   4.0764332e-01   1.3632256e+00
   8.8000000e+01   4.0573209e-01   1.3372865e+00
   8.9000000e+01   4.0390964e-01   1.3129436e+00
   9.0000000e+01   4.0264577e-01   1.2930540e+00
   9.1000000e+01   4.0292696e-01   1.2791223e+00
   9.2000000e+01   4.0147151e-01   1.2657067e+00
   9.3000000e+01   3.9845107e-01   1.2515969e+00
   9.4000000e+01   3.9495346e-01   1.2336117e+00
   9.5000000e+01   3.9129428e-01   1.2127821e+00
   9.6000000e+01   3.8697430e-01   1.1906531e+00
   9.7000000e+01   3.8255495e-01   1.1711933e+00
   9.8000000e+01   3.7753621e-01   1.1570521e+00
   9.9000000e+01   3.7263371e-01   1.1472483e+00
   1.0000000e+02   3.6867433e-01   1.1400934e+00
   1.0100000e+02   3.6604118e-01   1.1343470e+00
   1.0200000e+02   3.6260667e-01   1.1281548e+00
   1.0300000e+02   3.5637587e-01   1.1207772e+00
   1.0400000e+02   3.4870066e-01   1.1125590e+00
   1.0500000e+02   3.4079819e-01   1.1041822e+00
   1.0600000e+02   3.3345977e-01   1.0967834e+00
   1.0700000e+02   3.2542798e-01   1.0905398e+00
   1.0800000e+02   3.1598650e-01   1.0857724e+00
   1.0900000e+02   3.0579429e-01   1.0836035e+00
   1.1000000e+02   2.9334792e-01   1.0837857e+00
   1.1100000e+02   2.8223471e-01   1.0863792e+00
   1.1200000e+02   2.7126024e-01   1.0896511e+00
   1.1300000e+02   2.5902214e-01   1.0906479e+00
   1.1400000e+02   2.4591198e-01   1.0908257e+00
   1.1500000e+02   2.3372658e-01   1.0921141e+00
   1.1600000e+02   2.2339811e-01   1.0933064e+00
   1.1700000e+02   2.1125892e-01   1.0936129e+00
   1.1800000e+02   1.9686409e-01   1.0938137e+00
   1.1900000e+02   1.7997176e-01   1.0953650e+00
   1.2000000e+02   1.6279743e-01   1.0990430e+00
   1.2100000e+02   1.4566518e-01   1.1029610e+00
   1.2200000e+02   1.3048326e-01   1.1043070e+00
   1.2300000e+02   1.1546809e-01   1.1029667e+00
   1.2400000e+02   1.0144347e-01   1.1004076e+00
   1.2500000e+02   8.7422801e-02   1.0967041e+00
   1.2600000e+02   7.4474865e-02   1.0919704e+00
   1.2700000e+02   6.2259972e-02   1.0876868e+00
   1.2800000e+02   4.9217175e-02   1.0864282e+00
   1.2900000e+02   3.4917983e-02   1.0877315e+00
   1.3000000e+02   2.0198385e-02   1.0916927e+00
   1.3100000e+02   4.1819676e-03   1.0950754e+00
   1.3200000e+02  -1.2563422e-02   1.0962153e+00
   1.3300000e+02  -2.7968253e-02   1.0951183e+00
   1.3400000e+02  -4.4268771e-02   1.0942739e+00
   1.3500000e+02  -6.1698398e-02   1.0956434e+00
   1.3600000e+02  -8.1917247e-02   1.0982715e+00
   1.3700000e+02  -1.0221565e-01   1.1001891e+00
   1.3800000e+02  -1.2181242e-01   1.1025111e+00
   1.3900000e+02  -1.3837558e-01   1.1058267e+00
   1.4000000e+02  -1.5249538e-01   1.1092248e+00
   1.4100000e+02  -1.6557092e-01   1.1108471e+00
   1.4200000e+02  -1.7934168e-01   1.1094336e+00
   1.4300000e+02  -1.9280290e-01   1.1077102e+00
   1.4400000e+02  -2.0691416e-01   1.1079274e+00
   1.4500000e+02  -2.2052145e-01   1.1111793e+00
   1.4600000e+02  -2.3638776e-01   1.1136630e+00
   1.4700000e+02  -2.5357165e-01   1.1166912e+00
   1.4800000e+02  -2.7273013e-01   1.1197246e+00
   1.4900000e+02  -2.9324558e-01   1.1236353e+00
   1.5000000e+02  -3.1268879e-01   1.1250173e+00
   1.5100000e+02  -3.3253791e-01   1.1252650e+00
   1.5200000e+02  -3.5185487e-01   1.1245434e+00
   1.5300000e+02  -3.7060022e-01   1.1233036e+00
   1.5400000e+02  -3.8788078e-01   1.1214259e+00
   1.5500000e+02  -4.0529827e-01   1.1185753e+00
   1.5600000e+02  -4.2225691e-01   1.1168119e+00
   1.5700000e+02  -4.3691098e-01   1.1157126e+00
   1.5800000e+02  -4.5005396e-01   1.1153176e+00
   1.5900000e+02  -4.6113430e-01   1.1164110e+00
   1.6000000e+02  -4.6873902e-01   1.1179915e+00
   1.6100000e+02  -4.7679839e-01   1.1179536e+00
   1.6200000e+02  -4.8613862e-01   1.1141532e+00
   1.6300000e+02  -4.9906331e-01   1.1071008e+00
   1.6400000e+02  -5.1123896e-01   1.1031211e+00
   1.6500000e+02  -5.2135691e-01   1.1026681e+00
   1.6600000e+02  -5.2895172e-01   1.1029402e+00
   1.6700000e+02  -5.3496403e-01   1.1009851e+00
   1.6800000e+02  -5.3872960e-01   1.0981353e+00
   1.6900000e+02  -5.4037223e-01   1.0932342e+00
   1.7000000e+02  -5.4163087e-01   1.0899140e+00
   1.7100000e+02  -5.4350040e-01   1.0875000e+00
   1.7200000e+02  -5.4698840e-01   1.0841366e+00
   1.7300000e+02  -5.5129338e-01   1.0785129e+00
   1.7400000e+02  -5.5403514e-01   1.0716758e+00
   1.7500000e+02  -5.5413734e-01   1.0631695e+00
   1.7600000e+02  -5.5136138e-01   1.0539199e+00
   1.7700000e+02  -5.4607371e-01   1.0448037e+00
   1.7800000e+02  -5.3927738e-01   1.0350083e+00
   1.7900000e+02  -5.3029678e-01   1.0236219e+00
   1.8000000e+02  -5.2044605e-01   1.0113520e+00
   1.8100000e+02  -5.1196678e-01   9.9979432e-01
   1.8200000e+02  -5.0414324e-01   9.8935848e-01
   1.8300000e+02  -4.9817419e-01   9.7847391e-01
   1.8400000e+02  -4.9375255e-01   9.6764431e-01
   1.8500000e+02  -4.8896245e-01   9.5706349e-01
   1.8600000e+02  -4.8422105e-01   9.4795392e-01
   1.8700000e+02  -4.7796075e-01   9.4231163e-01
   1.8800000e+02  -4.6986624e-01   9.3942400e-01
   1.8900000e+02  -4.6062089e-01   9.3764785e-01
   1.9000000e+02  -4.5214684e-01   9.3571587e-01
   1.9100000e+02  -4.4570285e-01   9.3383477e-01
   1.9200000e+02  -4.3994220e-01   9.3382131e-01
   1.9300000e+02  -4.3414753e-01   9.3641596e-01
   1.9400000e+02  -4.3119748e-01   9.4069929e-01
   1.9500000e+02  -4.2846973e-01   9.4468262e-01
   1.9600000e+02  -4.2672874e-01   9.4833162e-01
   1.9700000e+02  -4.2518009e-01   9.5146768e-01
   1.9800000e+02  -4.2365340e-01   9.5509784e-01
   1.9900000e+02  -4.1965526e-01   9.5800438e-01
   2.0000000e+02  -4.1375208e-01   9.6170391e-01
   2.0100000e+02  -4.0731569e-01   9.6645869e-01
   2.0200000e+02  -4.0280173e-01   9.7237395e-01
   2.0300000e+02  -3.9871041e-01   9.7814750e-01
   2.0400000e+02  -3.9316324e-01   9.8286773e-01
   2.0500000e+02  -3.8461997e-01   9.8892537e-01
   2.0600000e+02  -3.7329439e-01   9.9462892e-01
   2.0700000e+02  -3.6053978e-01   1.0017590e+00
   2.0800000e+02  -3.4623121e-01   1.0079573e+00
   2.0900000e+02  -3.2964393e-01   1.0104304e+00
   2.1000000e+02  -3.1376614e-01   1.0097874e+00
   2.1100000e+02  -2.9977213e-01   1.0077568e+00
   2.1200000e+02  -2.8769177e-01   1.0057994e+00
   2.1300000e+02  -2.7602508e-01   1.0050115e+00
   2.1400000e+02  -2.6546171e-01   1.0058127e+00
   2.1500000e+02  -2.5596657e-01   1.0068573e+00
   2.1600000e+02  -2.4460047e-01   1.0086897e+00
   2.1700000e+02  -2.2993553e-01   1.0119204e+00
   2.1800000e+02  -2.1450432e-01   1.0189678e+00
   2.1900000e+02  -2.0060886e-01   1.0265685e+00
   2.2000000e+02  -1.8838284e-01   1.0315052e+00
   2.2100000e+02  -1.7823647e-01   1.0343991e+00
   2.2200000e+02  -1.6992516e-01   1.0357565e+00
   2.2300000e+02  -1.6215377e-01   1.0352294e+00
   2.2400000e+02  -1.5535119e-01   1.0330471e+00
   2.2500000e+02  -1.4856811e-01   1.0309778e+00
   2.2600000e+02  -1.4018425e-01   1.0291020e+00
   2.2700000e+02  -1.2990737e-01   1.0280023e+00
   2.2800000e+02  -1.1844879e-01   1.0250725e+00
   2.2900000e+02  -1.0661663e-01   1.0219324e+00
   2.3000000e+02  -9.5619965e-02   1.0192279e+00
   2.3100000e+02  -8.3328088e-02   1.0168309e+00
   2.3200000e+02  -6.8679370e-02   1.0142626e+00
   2.3300000e+02  -5.1661522e-02   1.0103810e+00
   2.3400000e+02  -3.1474391e-02   1.0049859e+00
   2.3500000e+02  -9.3981990e-03   9.9582016e-01
   2.3600000e+02   1.4462437e-02   9.8496189e-01
   2.3700000e+02   3.8748363e-02   9.7280772e-01
   2.3800000e+02   6.2532710e-02   9.6157552e-01
   2.3900000e+02   8.6875560e-02   9.5179397e-01
   2.4000000e+02   1.1173663e-01   9.4290722e-01
   2.4100000e+02   1.3630173e-01   9.3392595e-01
   2.4200000e+02   1.6273789e-01   9.2519111e-01
   2.4300000e+02   1.8894318e-01   9.1429410e-01
   2.4400000e+02   2.1426140e-01   9.0473585e-01
   2.4500000e+02   2.3894632e-01   8.9897186e-01
   2.4600000e+02   2.5963112e-01   8.9478503e-01
   2.4700000e+02   2.7764610e-01   8.9092224e-01
   2.4800000e+02   2.9619018e-01   8.8964528e-01
   2.4900000e+02   3.1769620e-01   8.8837653e-01
   2.5000000e+02   3.4185912e-01   8.8640146e-01
   2.5100000e+02   3.6953100e-01   8.8339493e-01
   2.5200000e+02   3.9933131e-01   8.7904338e-01
   2.5300000e+02   4.2837607e-01   8.6997327e-01
   2.5400000e+02   4.5220974e-01   8.6384540e-01
   2.5500000e+02   4.6987546e-01   8.5685571e-01
   2.5600000e+02   4.8526790e-01   8.5181375e-01
   2.5700000e+02   5.0032982e-01   8.4716305e-01
   2.5800000e+02   5.1877200e-01   8.4203443e-01
   2.5900000e+02   5.3827665e-01   8.3583504e-01
   2.6000000e+02   5.5347091e-01   8.2731066e-01
   2.6100000e+02   5.6420141e-01   8.1707866e-01
   2.6200000e+02   5.7272158e-01   8.0743606e-01
   2.6300000e+02   5.7944261e-01   7.9952234e-01
   2.6400000e+02   5.8556659e-01   7.9503571e-01
   2.6500000e+02   5.9354323e-01   7.9270742e-01
   2.6600000e+02   6.0313869e-01   7.9153156e-01
   2.6700000e+02   6.1228087e-01   7.8961972e-01
   2.6800000e+02   6.2000459e-01   7.8688274e-01
   2.6900000e+02   6.2783895e-01   7.8393247e-01
   2.7000000e+02   6.3476033e-01   7.8091209e-01
   2.7100000e+02   6.4263178e-01   7.7742808e-01
   2.7200000e+02   6.4984563e-01   7.7152765e-01
   2.7300000e+02   6.5722521e-01   7.6495029e-01
   2.7400000e+02   6.6409468e-01   7.5827040e-01
   2.7500000e+02   6.6984185e-01   7.5193052e-01
   2.7600000e+02   6.7715597e-01   7.4789497e-01
   2.7700000e+02   6.8650194e-01   7.4812027e-01
   2.7800000e+02   6.9367797e-01   7.4763446e-01
   2.7900000e+02   6.9880758e-01   7.4947000e-01
   2.8000000e+02   7.0162246e-01   7.5206013e-01
   2.8100000e+02   7.0380008e-01   7.5266597e-01
   2.8200000e+02   7.0699866e-01   7.5184842e-01
   2.8300000e+02   7.1082357e-01   7.4872700e-01
   2.8400000e+02   7.1414459e-01   7.4625101e-01
   2.8500000e+02   7.1720862e-01   7.4368782e-01
   2.8600000e+02   7.1983864e-01   7.4204020e-01
   2.8700000e+02   7.2190965e-01   7.3930625e-01
   2.8800000e+02   7.2481084e-01   7.3739606e-01
   2.8900000e+02   7.2676810e-01   7.3546092e-01
   2.9000000e+02   7.2546018e-01   7.3403163e-01
   2.9100000e+02   7.2088840e-01   7.3175224e-01
   2.9200000e+02   7.1228509e-01   7.3000913e-01
   2.9300000e+02   7.0235949e-01   7.2870397e-01
   2.9400000e+02   6.8962823e-01   7.2654143e-01
   2.9500000e+02   6.7526086e-01   7.2036108e-01
   2.9600000e+02   6.5932238e-01   7.1398253e-01
   2.9700000e+02   6.4045244e-01   7.0693546e-01
   2.9800000e+02   6.2178960e-01   7.0031714e-01
   2.9900000e+02   6.0395974e-01   6.9228914e-01
   3.0000000e+02   5.8765874e-01   6.8274085e-01
   3.0100000e+02   5.7346602e-01   6.7643662e-01
   3.0200000e+02   5.5903393e-01   6.7181818e-01
   3.0300000e+02   5.4484583e-01   6.6878519e-01
   3.0400000e+02   5.3025249e-01   6.6746300e-01
   3.0500000e+02   5.1575130e-01   6.6673025e-01
   3.0600000e+02   5.0048854e-01   6.6405921e-01
   3.0700000e+02   4.8748479e-01   6.6435372e-01
   3.0800000e+02   4.7564606e-01   6.6877459e-01
   3.0900000e+02   4.6368201e-01   6.7475242e-01
   3.1000000e+02   4.5101249e-01   6.8131204e-01
   3.1100000e+02   4.3471976e-01   6.8623286e-01
   3.1200000e+02   4.1465251e-01   6.8947837e-01
   3.1300000e+02   3.8981871e-01   6.8899976e-01
   3.1400000e+02   3.6488105e-01   6.8773181e-01
   3.1500000e+02   3.4290908e-01   6.8389155e-01
   3.1600000e+02   3.2431316e-01   6.7936720e-01
   3.1700000e+02   3.0796774e-01   6.7591070e-01
   3.1800000e+02   2.9373619e-01   6.7224793e-01
   3.1900000e+02   2.7923891e-01   6.6814884e-01
   3.2000000e+02   2.6508041e-01   6.6402505e-01
   3.2100000e+02   2.5185201e-01   6.5927431e-01
   3.2200000e+02   2.3840412e-01   6.5330664e-01
   3.2300000e+02   2.2332703e-01   6.4580829e-01
   3.2400000e+02   2.0774700e-01   6.3929287e-01
   3.2500000e+02   1.9232083e-01   6.3379592e-01
   3.2600000e+02   1.7921283e-01   6.3163513e-01
   3.2700000e+02   1.6820073e-01   6.3337344e-01
   3.2800000e+02   1.5699029e-01   6.3832903e-01
   3.2900000e+02   1.4314958e-01   6.4287519e-01
   3.3000000e+02   1.2631086e-01   6.4309006e-01
   3.3100000e+02   1.0936254e-01   6.3943155e-01
   3.3200000e+02   9.5077141e-02   6.3784890e-01
   3.3300000e+02   8.3049071e-02   6.3990869e-01
   3.3400000e+02   7.0872504e-02   6.4711898e-01
   3.3500000e+02   5.6465627e-02   6.5687309e-01
   3.3600000e+02   3.8324716e-02   6.6593302e-01
   3.3700000e+02   1.9040915e-02   6.7313275e-01
   3.3800000e+02   1.8052779e-03   6.7856999e-01
   3.3900000e+02  -1.4740736e-02   6.8268179e-01
   3.4000000e+02  -3.1290299e-02   6.8702836e-01
   3.4100000e+02  -4.8309605e-02   6.9281569e-01
   3.4200000e+02  -6.2006986e-02   7.0051779e-01
   3.4300000e+02  -7.4756139e-02   7.0764613e-01
   3.4400000e+02  -8.8672955e-02   7.1487879e-01
   3.4500000e+02  -1.0438960e-01   7.1960598e-01
   3.4600000e+02  -1.2195366e-01   7.2099999e-01
   3.4700000e+02  -1.4332906e-01   7.2043343e-01
   3.4800000e+02  -1.6697764e-01   7.1706866e-01
   3.4900000e+02  -1.9883194e-01   7.3615237e-01
   3.5000000e+02  -2.1654164e-01   7.0585940e-01
   3.5100000e+02  -2.4268363e-01   6.9835276e-01
   3.5200000e+02  -2.6143524e-01   6.8733536e-01
   3.5300000e+02  -2.9307455e-01   7.0667513e-01
   3.5400000e+02  -3.1309642e-01   7.0763841e-01
   3.5500000e+02  -3.2443452e-01   6.9916023e-01
   3.5600000e+02  -3.4510574e-01   7.1494442e-01
   3.5700000e+02  -3.7307225e-01   7.2730870e-01
   3.5800000e+02  -4.0321957e-01   7.3890238e-01
   3.5900000e+02  -4.3099256e-01   7.5697686e-01
   3.6000000e+02  -4.6059853e-01   7.7088325e-01
   3.6100000e+02  -4.9063539e-01   7.7821646e-01
   3.6200000e+02  -5.1995823e-01   7.8195662e-01
   3.6300000e+02  -5.4391606e-01   7.8134080e-01
   3.6400000e+02  -5.6644952e-01   7.7538998e-01
   3.6500000e+02  -5.8672773e-01   7.7081945e-01
   3.6600000e+02  -6.0672135e-01   7.6857872e-01
   3.6700000e+02  -6.2820245e-01   7.6027628e-01
   3.6800000e+02  -6.5349048e-01   7.4700060e-01
   3.6900000e+02  -6.8150938e-01   7.3045599e-01
   3.7000000e+02  -7.0845164e-01   7.1590274e-01
   3.7100000e+02  -7.3175110e-01   7.0142577e-01
   3.7200000e+02  -7.5191805e-01   6.8732265e-01
   3.7300000e+02  -7.7105093e-01   6.7373870e-01
   3.7400000e+02  -7.8800309e-01   6.6007615e-01
   3.7500000e+02  -8.0459764e-01   6.4655757e-01
   3.7600000e+02  -8.2014752e-01   6.3497445e-01
   3.7700000e+02  -8.3606079e-01   6.2536791e-01
   3.7800000e+02  -8.5340634e-01   6.1766265e-01
   3.7900000e+02  -8.7059558e-01   6.1241004e-01
   3.8000000e+02  -8.8595139e-01   6.0991172e-01
   3.8100000e+02  -8.9983172e-01   6.0918578e-01
   3.8200000e+02  -9.1058326e-01   6.0984564e-01
   3.8300000e+02  -9.1760718e-01   6.1236683e-01
   3.8400000e+02  -9.2131926e-01   6.1535051e-01
   3.8500000e+02  -9.2417786e-01   6.1637078e-01
   3.8600000e+02  -9.2959900e-01   6.1491257e-01
   3.8700000e+02  -9.4087719e-01   6.1253639e-01
   3.8800000e+02  -9.5319850e-01   6.0940167e-01
   3.8900000e+02  -9.6416605e-01   6.0490271e-01
   3.9000000e+02  -9.7235713e-01   6.0000629e-01
   3.9100000e+02  -9.7652910e-01   5.9452783e-01
   3.9200000e+02  -9.8053709e-01   5.8860473e-01
   3.9300000e+02  -9.8555654e-01   5.8232621e-01
   3.9400000e+02  -9.9224768e-01   5.7669816e-01
   3.9500000e+02  -9.9991515e-01   5.7435100e-01
   3.9600000e+02  -1.0055348e+00   5.7334664e-01
   3.9700000e+02  -1.0096195e+00   5.7188778e-01
   3.9800000e+02  -1.0120605e+00   5.7111634e-01
   3.9900000e+02  -1.0139636e+00   5.6953738e-01
   4.0000000e+02  -1.0128821e+00   5.6809771e-01
   4.0100000e+02  -1.0100310e+00   5.6620665e-01
   4.0200000e+02  -1.0029970e+00   5.6698506e-01
   4.0300000e+02  -9.9392488e-01   5.6742590e-01
   4.0400000e+02  -9.7981109e-01   5.6790847e-01
   4.0500000e+02  -9.6359743e-01   5.6987755e-01
   4.0600000e+02  -9.4632131e-01   5.7167528e-01
   4.0700000e+02  -9.2935564e-01   5.7533788e-01
   4.0800000e+02  -9.1364839e-01   5.7812345e-01
   4.0900000e+02  -8.9892935e-01   5.7683198e-01
   4.1000000e+02  -8.8651849e-01   5.7446793e-01
   4.1100000e+02  -8.7449220e-01   5.7045970e-01
   4.1200000e+02  -8.6160270e-01   5.6612757e-01
   4.1300000e+02  -8.4797363e-01   5.6167784e-01
   4.1400000e+02  -8.3472281e-01   5.5616535e-01
   4.1500000e+02  -8.2297883e-01   5.5005219e-01
   4.1600000e+02  -8.1261329e-01   5.4407775e-01
   4.1700000e+02  -8.0124964e-01   5.3705760e-01
   4.1800000e+02  -7.8857076e-01   5.3171806e-01
   4.1900000e+02  -7.7578902e-01   5.2791499e-01
   4.2000000e+02  -7.6590472e-01   5.2444681e-01
   4.2100000e+02  -7.5819468e-01   5.2087541e-01
   4.2200000e+02  -7.5016135e-01   5.1715875e-01
   4.2300000e+02  -7.4355108e-01   5.1590049e-01
   4.2400000e+02  -7.3809403e-01   5.1924542e-01
   4.2500000e+02  -7.3285398e-01   5.2548758e-01
   4.2600000e+02  -7.2943231e-01   5.3215647e-01
   4.2700000e+02  -7.2568844e-01   5.3703637e-01
   4.2800000e+02  -7.2048016e-01   5.4123649e-01
   4.2900000e+02  -7.1471458e-01   5.4520377e-01
   4.3000000e+02  -7.0961222e-01   5.4973860e-01
   4.3100000e+02  -7.0421549e-01   5.5381876e-01
   4.3200000e+02  -6.9886678e-01   5.5816751e-01
   4.3300000e+02  -6.9469443e-01   5.6113665e-01
   4.3400000e+02  -6.9199406e-01   5.6252913e-01
   4.3500000e+02  -6.8934945e-01   5.6127622e-01
   4.3600000e+02  -6.8583106e-01   5.6048780e-01
   4.3700000e+02  -6.8050555e-01   5.6080355e-01
   4.3800000e+02  -6.7330990e-01   5.6137427e-01
   4.3900000e+02  -6.6713959e-01   5.6192863e-01
   4.4000000e+02  -6.6216720e-01   5.6199283e-01
   4.4100000e+02  -6.5815427e-01   5.6132136e-01
   4.4200000e+02  -6.5434396e-01   5.5866309e-01
   4.4300000e+02  -6.5011275e-01   5.5480845e-01
   4.4400000e+02  -6.4388677e-01   5.5265628e-01
   4.4500000e+02  -6.3579012e-01   5.5488003e-01
   4.4600000e+02  -6.2701266e-01   5.5861665e-01
   4.4700000e+02  -6.1962189e-01   5.6288469e-01
   4.4800000e+02  -6.1238436e-01   5.6729588e-01
   4.4900000e+02  -6.0713017e-01   5.7192169e-01
   4.5000000e+02  -6.0239680e-01   5.7566131e-01
   4.5100000e+02  -5.9728065e-01   5.7910661e-01
   4.5200000e+02  -5.9155102e-01   5.8204999e-01
   4.5300000e+02  -5.8521620e-01   5.8380099e-01
   4.5400000e+02  -5.7784289e-01   5.8654640e-01
   4.5500000e+02  -5.6940041e-01   5.9055966e-01
   4.5600000e+02  -5.6062885e-01   5.9627131e-01
   4.5700000e+02  -5.5258454e-01   6.0187310e-01
   4.5800000e+02  -5.4431776e-01   6.0689674e-01
   4.5900000e+02  -5.3650086e-01   6.0925820e-01
   4.6000000e+02  -5.2823493e-01   6.1026917e-01
   4.6100000e+02  -5.1815948e-01   6.0831779e-01
   4.6200000e+02  -5.0605086e-01   6.0563097e-01
   4.6300000e+02  -4.9355811e-01   6.0213565e-01
   4.6400000e+02  -4.8165052e-01   5.9992384e-01
   4.6500000e+02  -4.7390639e-01   6.0009807e-01
   4.6600000e+02  -4.7037176e-01   6.0159930e-01
   4.6700000e+02  -4.6958961e-01   6.0202677e-01
   4.6800000e+02  -4.6924115e-01   6.0179659e-01
   4.6900000e+02  -4.6842429e-01   6.0283970e-01
   4.7000000e+02  -4.6674079e-01   6.0491532e-01
   4.7100000e+02  -4.6336866e-01   6.0812707e-01
   4.7200000e+02  -4.5934402e-01   6.0943896e-01
   4.7300000e+02  -4.5591763e-01   6.0754582e-01
   4.7400000e+02  -4.5371141e-01   6.0389286e-01
   4.7500000e+02  -4.5200178e-01   5.9909553e-01
   4.7600000e+02  -4.4914091e-01   5.9561835e-01
   4.7700000e+02  -4.4398508e-01   5.9285913e-01
   4.7800000e+02  -4.3622420e-01   5.8903534e-01
   4.7900000e+02  -4.2628295e-01   5.8199583e-01
   4.8000000e+02  -4.1400305e-01   5.7068727e-01
   4.8100000e+02  -3.9901063e-01   5.5362915e-01
   4.8200000e+02  -3.8312191e-01   5.3753600e-01
   4.8300000e+02  -3.6382640e-01   5.2382387e-01
   4.8400000e+02  -3.4642387e-01   5.1353404e-01
   4.8500000e+02  -3.2714988e-01   5.0798736e-01
   4.8600000e+02  -3.1173507e-01   5.0373344e-01
   4.8700000e+02  -2.9730730e-01   4.9704946e-01
   4.8800000e+02  -2.8499956e-01   4.8633734e-01
   4.8900000e+02  -2.7110997e-01   4.7608129e-01
   4.9000000e+02  -2.5782739e-01   4.7111637e-01
   4.9100000e+02  -2.4326333e-01   4.7018812e-01
   4.9200000e+02  -2.3015089e-01   4.6681354e-01
   4.9300000e+02  -2.2035174e-01   4.6112170e-01
   4.9400000e+02  -2.1222555e-01   4.5414410e-01
   4.9500000e+02  -2.0455960e-01   4.4708547e-01
   4.9600000e+02  -1.9529468e-01   4.4008022e-01
   4.9700000e+02  -1.8185514e-01   4.2677628e-01
   4.9800000e+02  -1.6821442e-01   4.1075024e-01
   4.9900000e+02  -1.5300440e-01   3.9409010e-01
   5.0000000e+02  -1.3765630e-01   3.7501599e-01
   5.0100000e+02  -1.2052548e-01   3.5556368e-01
   5.0200000e+02  -1.1024543e-01   3.3632997e-01
   5.0300000e+02  -9.9763690e-02   3.1378662e-01
   5.0400000e+02  -9.1006317e-02   2.9534513e-01
   5.0500000e+02  -8.1896856e-02   2.8120524e-01
   5.0600000e+02  -7.0111482e-02   2.7066881e-01
   5.0700000e+02  -5.4266155e-02   2.6087947e-01
   5.0800000e+02  -3.4473658e-02   2.5220807e-01
   5.0900000e+02  -1.4065315e-02   2.4304775e-01
   5.1000000e+02  -1.3505976e-03   2.3535487e-01
   5.1100000e+02   8.4053321e-03   2.2705481e-01
   5.1200000e+02   2.1722406e-02   2.1365830e-01
   5.1300000e+02   3.5362855e-02   1.9931783e-01
   5.1400000e+02   4.4555764e-02   1.8616148e-01
   5.1500000e+02   5.2914002e-02   1.6695468e-01
   5.1600000e+02   6.7009948e-02   1.4458752e-01
   5.1700000e+02   8.4939802e-02   1.1948927e-01
