   1.0000000e+00  -1.4721419e-01   1.0477453e+00
   2.0000000e+00  -1.4765683e-01   1.0478644e+00
   3.0000000e+00  -1.4501026e-01   1.0461036e+00
   4.0000000e+00  -1.4126907e-01   1.0440335e+00
   5.0000000e+00  -1.3615750e-01   1.0424770e+00
   6.0000000e+00  -1.3168752e-01   1.0401503e+00
   7.0000000e+00  -1.2817844e-01   1.0363725e+00
   8.0000000e+00  -1.2544905e-01   1.0337387e+00
   9.0000000e+00  -1.2429336e-01   1.0299979e+00
   1.0000000e+01  -1.2453805e-01   1.0262309e+00
   1.1000000e+01  -1.2458832e-01   1.0233079e+00
   1.2000000e+01  -1.2562311e-01   1.0219035e+00
   1.3000000e+01  -1.2812492e-01   1.0190175e+00
   1.4000000e+01  -1.3001649e-01   1.0180492e+00
   1.5000000e+01  -1.3231614e-01   1.0171956e+00
   1.6000000e+01  -1.3534162e-01   1.0164489e+00
   1.7000000e+01  -1.3845487e-01   1.0141454e+00
   1.8000000e+01  -1.4164189e-01   1.0121543e+00
   1.9000000e+01  -1.4377172e-01   1.0104655e+00
   2.0000000e+01  -1.4604113e-01   1.0105615e+00
   2.1000000e+01  -1.4867820e-01   1.0099627e+00
   2.2000000e+01  -1.5044279e-01   1.0111687e+00
   2.3000000e+01  -1.5187417e-01   1.0136523e+00
   2.4000000e+01  -1.5323790e-01   1.0156678e+00
   2.5000000e+01  -1.5295515e-01   1.0193220e+00
   2.6000000e+01  -1.5318215e-01   1.0205888e+00
   2.7000000e+01  -1.5180779e-01   1.0238430e+00
   2.8000000e+01  -1.4847424e-01   1.0275220e+00
   2.9000000e+01  -1.4385458e-01   1.0322292e+00
   3.0000000e+01  -1.3754134e-01   1.0360458e+00
   3.1000000e+01  -1.3272477e-01   1.0410437e+00
   3.2000000e+01  -1.2882981e-01   1.0464335e+00
   3.3000000e+01  -1.2587443e-01   1.0525095e+00
   3.4000000e+01  -1.2352997e-01   1.0533356e+00
   3.5000000e+01  -1.2140941e-01   1.0566957e+00
   3.6000000e+01  -1.2062658e-01   1.0561389e+00
   3.7000000e+01  -1.2009352e-01   1.0565088e+00
   3.8000000e+01  -1.1875224e-01   1.0550994e+00
   3.9000000e+01  -1.1837459e-01   1.0535599e+00
   4.0000000e+01  -1.1834324e-01   1.0519856e+00
   4.1000000e+01  -1.1922750e-01   1.0494256e+00
   4.2000000e+01  -1.2002002e-01   1.0463975e+00
   4.3000000e+01  -1.2091999e-01   1.0404589e+00
   4.4000000e+01  -1.2105208e-01   1.0344974e+00
   4.5000000e+01  -1.2017995e-01   1.0278699e+00
   4.6000000e+01  -1.2188545e-01   1.0229279e+00
   4.7000000e+01  -1.2157012e-01   1.0182352e+00
   4.8000000e+01  -1.2190335e-01   1.0159158e+00
   4.9000000e+01  -1.2338477e-01   1.0101200e+00
   5.0000000e+01  -1.2376569e-01   1.0105080e+00
   5.1000000e+01  -1.2550299e-01   1.0129343e+00
   5.2000000e+01  -1.2763862e-01   1.0185933e+00
   5.3000000e+01  -1.3070145e-01   1.0256619e+00
   5.4000000e+01  -1.3305001e-01   1.0344360e+00
   5.5000000e+01  -1.3574950e-01   1.0422476e+00
   5.6000000e+01  -1.3880606e-01   1.0486667e+00
   5.7000000e+01  -1.4294988e-01   1.0539833e+00
   5.8000000e+01  -1.4742478e-01   1.0594080e+00
   5.9000000e+01  -1.5302423e-01   1.0649015e+00
   6.0000000e+01  -1.5892722e-01   1.0717798e+00
   6.1000000e+01  -1.6431587e-01   1.0762343e+00
   6.2000000e+01  -1.6881417e-01   1.0819562e+00
   6.3000000e+01  -1.7239668e-01   1.0884627e+00
   6.4000000e+01  -1.7447066e-01   1.0946404e+00
   6.5000000e+01  -1.7541225e-01   1.0970811e+00
   6.6000000e+01  -1.7604348e-01   1.0959162e+00
   6.7000000e+01  -1.7612027e-01   1.0916902e+00
   6.8000000e+01  -1.7791842e-01   1.0821160e+00
   6.9000000e+01  -1.8054108e-01   1.0706193e+00
   7.0000000e+01  -1.8173122e-01   1.0575566e+00
   7.1000000e+01  -1.8144332e-01   1.0433454e+00
   7.2000000e+01  -1.7896749e-01   1.0289985e+00
   7.3000000e+01  -1.7606231e-01   1.0109542e+00
   7.4000000e+01  -1.6909686e-01   9.9587272e-01
   7.5000000e+01  -1.6275058e-01   9.8275654e-01
   7.6000000e+01  -1.5689796e-01   9.7353287e-01
   7.7000000e+01  -1.4855230e-01   9.6392661e-01
   7.8000000e+01  -1.4093171e-01   9.5056053e-01
   7.9000000e+01  -1.3577615e-01   9.3227296e-01
   8.0000000e+01  -1.3266137e-01   9.0787215e-01
   8.1000000e+01  -1.2777946e-01   8.8065961e-01
   8.2000000e+01  -1.2386268e-01   8.5271182e-01
   8.3000000e+01  -1.2004626e-01   8.2395061e-01
   8.4000000e+01  -1.1656611e-01   7.9750788e-01
   8.5000000e+01  -1.1303095e-01   7.7102129e-01
   8.6000000e+01  -1.0716816e-01   7.4657335e-01
   8.7000000e+01  -9.9263884e-02   7.2150662e-01
   8.8000000e+01  -9.0108827e-02   6.9666615e-01
   8.9000000e+01  -8.2213628e-02   6.7445216e-01
   9.0000000e+01  -7.5111371e-02   6.5635506e-01
   9.1000000e+01  -7.1341682e-02   6.4190501e-01
   9.2000000e+01  -6.8911081e-02   6.2731155e-01
   9.3000000e+01  -6.7331098e-02   6.1467985e-01
   9.4000000e+01  -7.1638727e-02   5.9720626e-01
   9.5000000e+01  -7.6938583e-02   5.8642482e-01
   9.6000000e+01  -8.2776450e-02   5.9828774e-01
   9.7000000e+01  -9.2666410e-02   5.8511965e-01
   9.8000000e+01  -9.3014221e-02   5.7953267e-01
   9.9000000e+01  -9.5530574e-02   5.7539951e-01
   1.0000000e+02  -9.8388641e-02   5.6824531e-01
   1.0100000e+02  -1.0424024e-01   5.5978497e-01
   1.0200000e+02  -1.1032136e-01   5.4738874e-01
   1.0300000e+02  -1.1721920e-01   5.3841320e-01
   1.0400000e+02  -1.2520812e-01   5.2868386e-01
   1.0500000e+02  -1.2782275e-01   5.2898722e-01
   1.0600000e+02  -1.3077344e-01   5.3487960e-01
   1.0700000e+02  -1.3645288e-01   5.3423082e-01
   1.0800000e+02  -1.4266442e-01   5.3221245e-01
   1.0900000e+02  -1.2999953e-01   5.3754801e-01
   1.1000000e+02  -1.5692840e-01   5.2830452e-01
   1.1100000e+02  -1.6770949e-01   5.2815823e-01
   1.1200000e+02  -1.7800914e-01   5.3248586e-01
   1.1300000e+02  -1.8675082e-01   5.4239611e-01
   1.1400000e+02  -1.9983926e-01   5.5412855e-01
   1.1500000e+02  -2.1315834e-01   5.7138056e-01
   1.1600000e+02  -2.2912529e-01   5.8897631e-01
   1.1700000e+02  -2.4826630e-01   6.0410669e-01
   1.1800000e+02  -2.6849660e-01   6.1125781e-01
   1.1900000e+02  -2.8279943e-01   6.2190709e-01
   1.2000000e+02  -2.9442582e-01   6.2646079e-01
   1.2100000e+02  -3.0117982e-01   6.2889544e-01
   1.2200000e+02  -3.1207879e-01   6.3220322e-01
   1.2300000e+02  -3.2063705e-01   6.2298812e-01
   1.2400000e+02  -3.2815733e-01   6.2013922e-01
   1.2500000e+02  -3.3745147e-01   6.1949576e-01
   1.2600000e+02  -3.4847524e-01   6.1942313e-01
   1.2700000e+02  -3.5927630e-01   6.1836269e-01
   1.2800000e+02  -3.7476713e-01   6.1766523e-01
   1.2900000e+02  -3.8559542e-01   6.1102992e-01
   1.3000000e+02  -3.9239086e-01   6.0630486e-01
   1.3100000e+02  -3.9778266e-01   5.9841005e-01
   1.3200000e+02  -4.0369198e-01   5.9414401e-01
   1.3300000e+02  -4.0755629e-01   5.8934802e-01
   1.3400000e+02  -4.1534807e-01   5.8537168e-01
   1.3500000e+02  -4.2457852e-01   5.7941037e-01
   1.3600000e+02  -4.3859762e-01   5.7759854e-01
   1.3700000e+02  -4.5236296e-01   5.7895172e-01
   1.3800000e+02  -4.6840114e-01   5.8121353e-01
   1.3900000e+02  -4.8276557e-01   5.8609931e-01
   1.4000000e+02  -4.9582333e-01   5.8981948e-01
   1.4100000e+02  -5.1153038e-01   5.9325323e-01
   1.4200000e+02  -5.2697529e-01   5.9896202e-01
   1.4300000e+02  -5.4180112e-01   5.9833029e-01
   1.4400000e+02  -5.6051508e-01   6.0251556e-01
   1.4500000e+02  -5.7903140e-01   6.0716610e-01
   1.4600000e+02  -5.9732552e-01   6.1524919e-01
   1.4700000e+02  -6.3744314e-01   6.0461200e-01
   1.4800000e+02  -6.5175101e-01   6.0152717e-01
   1.4900000e+02  -6.4638156e-01   5.9842412e-01
   1.5000000e+02  -6.6049880e-01   5.9587385e-01
   1.5100000e+02  -6.6245478e-01   5.7185964e-01
   1.5200000e+02  -6.6844710e-01   5.6891450e-01
   1.5300000e+02  -6.7981632e-01   5.6012133e-01
   1.5400000e+02  -6.9657773e-01   5.6778292e-01
   1.5500000e+02  -6.8192827e-01   5.4905069e-01
   1.5600000e+02  -6.8939497e-01   5.4568459e-01
   1.5700000e+02  -6.9775055e-01   5.4483088e-01
   1.5800000e+02  -7.1707534e-01   5.4270925e-01
   1.5900000e+02  -7.2069561e-01   5.4813585e-01
   1.6000000e+02  -7.2513019e-01   5.5111671e-01
   1.6100000e+02  -7.2679287e-01   5.5671808e-01
   1.6200000e+02  -7.2893798e-01   5.6102312e-01
   1.6300000e+02  -7.2870594e-01   5.6997351e-01
   1.6400000e+02  -7.2512567e-01   5.8199284e-01
   1.6500000e+02  -7.1771355e-01   5.9419776e-01
   1.6600000e+02  -7.0957988e-01   5.9974345e-01
   1.6700000e+02  -7.0432886e-01   5.9721613e-01
   1.6800000e+02  -6.9929495e-01   5.9218103e-01
   1.6900000e+02  -6.9242434e-01   5.8807740e-01
   1.7000000e+02  -6.8806306e-01   5.8533147e-01
   1.7100000e+02  -6.8403763e-01   5.8345883e-01
   1.7200000e+02  -6.8748200e-01   5.8407558e-01
   1.7300000e+02  -6.9317377e-01   5.8407363e-01
   1.7400000e+02  -6.9430786e-01   5.8599219e-01
   1.7500000e+02  -6.9268604e-01   5.8852212e-01
   1.7600000e+02  -6.8878065e-01   5.8971587e-01
   1.7700000e+02  -6.8377160e-01   5.8658294e-01
   1.7800000e+02  -6.7672513e-01   5.8147366e-01
   1.7900000e+02  -6.6806189e-01   5.7279744e-01
   1.8000000e+02  -6.6078093e-01   5.6400820e-01
   1.8100000e+02  -6.5270741e-01   5.5382488e-01
   1.8200000e+02  -6.4732091e-01   5.4470300e-01
   1.8300000e+02  -6.4137561e-01   5.3646625e-01
   1.8400000e+02  -6.3510727e-01   5.2797060e-01
   1.8500000e+02  -6.2972339e-01   5.1845008e-01
   1.8600000e+02  -6.2529744e-01   5.0558404e-01
   1.8700000e+02  -6.2176506e-01   4.9296768e-01
   1.8800000e+02  -6.2161156e-01   4.8153679e-01
   1.8900000e+02  -6.1811870e-01   4.7343552e-01
   1.9000000e+02  -6.1607021e-01   4.6938859e-01
   1.9100000e+02  -6.1442936e-01   4.6687491e-01
   1.9200000e+02  -6.1232452e-01   4.6621956e-01
   1.9300000e+02  -6.1253523e-01   4.6448400e-01
   1.9400000e+02  -6.0803845e-01   4.6637550e-01
   1.9500000e+02  -5.9956346e-01   4.6930077e-01
   1.9600000e+02  -5.8660504e-01   4.6962250e-01
   1.9700000e+02  -5.7201351e-01   4.6821720e-01
   1.9800000e+02  -5.5895825e-01   4.6941169e-01
   1.9900000e+02  -5.4549182e-01   4.7098418e-01
   2.0000000e+02  -5.2917741e-01   4.7440648e-01
   2.0100000e+02  -5.1184120e-01   4.7648109e-01
   2.0200000e+02  -4.9550381e-01   4.7816358e-01
   2.0300000e+02  -4.7778111e-01   4.7794963e-01
   2.0400000e+02  -4.6252430e-01   4.8492658e-01
   2.0500000e+02  -4.4890599e-01   4.9499115e-01
   2.0600000e+02  -4.2029998e-01   5.0735577e-01
   2.0700000e+02  -4.2616519e-01   5.1598464e-01
   2.0800000e+02  -4.0308176e-01   5.5013268e-01
   2.0900000e+02  -4.0240720e-01   5.5774250e-01
   2.1000000e+02  -3.9984743e-01   5.4713963e-01
   2.1100000e+02  -3.9107581e-01   5.4135088e-01
   2.1200000e+02  -3.7773409e-01   5.3632037e-01
   2.1300000e+02  -3.6190835e-01   5.2756197e-01
   2.1400000e+02  -3.4429764e-01   5.1989075e-01
   2.1500000e+02  -3.2620318e-01   5.1043513e-01
   2.1600000e+02  -3.0731236e-01   5.0163955e-01
   2.1700000e+02  -2.8405327e-01   4.9323806e-01
   2.1800000e+02  -2.6072495e-01   4.8650562e-01
   2.1900000e+02  -2.3747146e-01   4.8141207e-01
   2.2000000e+02  -2.1524610e-01   4.7981029e-01
   2.2100000e+02  -1.9341694e-01   4.8028056e-01
   2.2200000e+02  -1.7350208e-01   4.8330460e-01
   2.2300000e+02  -1.5739601e-01   4.8848572e-01
   2.2400000e+02  -1.4711845e-01   4.9411689e-01
   2.2500000e+02  -1.4051444e-01   4.9551000e-01
   2.2600000e+02  -1.3513009e-01   4.9466287e-01
   2.2700000e+02  -1.2798577e-01   4.9184464e-01
   2.2800000e+02  -1.1777962e-01   4.8652222e-01
   2.2900000e+02  -1.0398162e-01   4.8186331e-01
   2.3000000e+02  -8.7662329e-02   4.7822484e-01
   2.3100000e+02  -6.8249559e-02   4.7748548e-01
   2.3200000e+02  -4.8340901e-02   4.7462200e-01
   2.3300000e+02  -2.8995241e-02   4.6866081e-01
   2.3400000e+02  -1.2305142e-02   4.6073377e-01
   2.3500000e+02   3.2135279e-03   4.4966520e-01
   2.3600000e+02   1.7364643e-02   4.3632523e-01
   2.3700000e+02   2.6528157e-02   4.2345011e-01
   2.3800000e+02   3.3079050e-02   4.0719171e-01
   2.3900000e+02   3.9577620e-02   3.8295354e-01
   2.4000000e+02   5.5677045e-02   3.5589039e-01
   2.4100000e+02   8.5904047e-02   3.4209307e-01
   2.4200000e+02   1.2257173e-01   3.3613636e-01
   2.4300000e+02   1.5484559e-01   3.3754103e-01
   2.4400000e+02   1.9744283e-01   3.4618533e-01
   2.4500000e+02   2.3021805e-01   3.4273962e-01
   2.4600000e+02   2.5902147e-01   3.3176582e-01
   2.4700000e+02   2.7773119e-01   3.1785928e-01
   2.4800000e+02   2.8266993e-01   3.0128427e-01
   2.4900000e+02   2.8733956e-01   2.8799512e-01
   2.5000000e+02   3.0109402e-01   2.8278865e-01
   2.5100000e+02   3.2366957e-01   2.7453855e-01
   2.5200000e+02   3.4921927e-01   2.6326934e-01
   2.5300000e+02   3.6573681e-01   2.4842283e-01
   2.5400000e+02   3.8182288e-01   2.3560984e-01
   2.5500000e+02   3.9665728e-01   2.2865366e-01
   2.5600000e+02   4.0715054e-01   2.2968602e-01
   2.5700000e+02   4.1638168e-01   2.3037013e-01
   2.5800000e+02   4.2895960e-01   2.4004164e-01
   2.5900000e+02   4.4389045e-01   2.5102998e-01
   2.6000000e+02   4.6137079e-01   2.5981134e-01
   2.6100000e+02   4.8151298e-01   2.6457114e-01
   2.6200000e+02   4.9585787e-01   2.6095395e-01
   2.6300000e+02   5.0881930e-01   2.5365452e-01
   2.6400000e+02   5.2267264e-01   2.4478213e-01
   2.6500000e+02   5.3133751e-01   2.3471720e-01
   2.6600000e+02   5.3391800e-01   2.3384655e-01
   2.6700000e+02   5.3072601e-01   2.2997720e-01
   2.6800000e+02   5.2367671e-01   2.2619197e-01
   2.6900000e+02   5.1216888e-01   2.2300359e-01
   2.7000000e+02   4.9741197e-01   2.2090972e-01
   2.7100000e+02   4.8332398e-01   2.2426276e-01
   2.7200000e+02   4.7077403e-01   2.3304038e-01
   2.7300000e+02   4.6226657e-01   2.4179410e-01
   2.7400000e+02   4.5393837e-01   2.5130391e-01
   2.7500000e+02   4.5000597e-01   2.5389605e-01
   2.7600000e+02   4.4875560e-01   2.5457806e-01
   2.7700000e+02   4.5171452e-01   2.5054898e-01
   2.7800000e+02   4.6010960e-01   2.5505445e-01
   2.7900000e+02   4.6783101e-01   2.5718852e-01
   2.8000000e+02   4.7503916e-01   2.6028135e-01
   2.8100000e+02   4.8304077e-01   2.6014245e-01
   2.8200000e+02   4.9366451e-01   2.5561010e-01
   2.8300000e+02   5.0388683e-01   2.4835916e-01
   2.8400000e+02   5.1294024e-01   2.4211623e-01
   2.8500000e+02   5.2340111e-01   2.3633512e-01
   2.8600000e+02   5.3339309e-01   2.3130675e-01
   2.8700000e+02   5.4244315e-01   2.2687145e-01
   2.8800000e+02   5.5214963e-01   2.2531940e-01
   2.8900000e+02   5.5654009e-01   2.1992279e-01
   2.9000000e+02   5.5831894e-01   2.1902303e-01
   2.9100000e+02   5.5562700e-01   2.1678308e-01
   2.9200000e+02   5.5439554e-01   2.1718795e-01
   2.9300000e+02   5.5156536e-01   2.1649244e-01
   2.9400000e+02   5.5255534e-01   2.1822904e-01
   2.9500000e+02   5.5597204e-01   2.1819025e-01
   2.9600000e+02   5.6401802e-01   2.2718898e-01
   2.9700000e+02   5.6842734e-01   2.2007031e-01
   2.9800000e+02   5.6477133e-01   2.2380822e-01
   2.9900000e+02   5.6161452e-01   2.0763069e-01
   3.0000000e+02   5.4334562e-01   2.1279281e-01
   3.0100000e+02   5.2594470e-01   2.0287826e-01
   3.0200000e+02   5.1296214e-01   1.9856744e-01
   3.0300000e+02   4.9813178e-01   1.9599840e-01
   3.0400000e+02   4.8014118e-01   1.9413371e-01
   3.0500000e+02   4.6533247e-01   1.9670279e-01
   3.0600000e+02   4.4554667e-01   2.0307957e-01
   3.0700000e+02   4.2510505e-01   2.0458256e-01
   3.0800000e+02   4.0473445e-01   2.0398922e-01
   3.0900000e+02   3.8975542e-01   2.0215818e-01
   3.1000000e+02   3.7732828e-01   1.9914014e-01
   3.1100000e+02   3.6264733e-01   1.9458961e-01
   3.1200000e+02   3.4256133e-01   1.8773738e-01
   3.1300000e+02   3.2310990e-01   1.8256298e-01
   3.1400000e+02   3.0116044e-01   1.7204033e-01
   3.1500000e+02   2.8814605e-01   1.6293636e-01
   3.1600000e+02   2.8559188e-01   1.5307852e-01
   3.1700000e+02   2.7828742e-01   1.4034236e-01
   3.1800000e+02   2.6804646e-01   1.3018546e-01
   3.1900000e+02   2.5736084e-01   1.2311636e-01
   3.2000000e+02   2.4898190e-01   1.1803693e-01
   3.2100000e+02   2.4506935e-01   1.1896914e-01
   3.2200000e+02   2.4594335e-01   1.2304687e-01
   3.2300000e+02   2.4940331e-01   1.2132210e-01
   3.2400000e+02   2.4927254e-01   1.1264224e-01
   3.2500000e+02   2.4547821e-01   1.0292908e-01
