   1.0310000e+03   2.7554918e+00   1.8899971e+00
   1.0320000e+03   2.7497256e+00   1.8986803e+00
   1.0330000e+03   2.7418123e+00   1.9055848e+00
   1.0340000e+03   2.7350778e+00   1.9124081e+00
   1.0350000e+03   2.7299063e+00   1.9175226e+00
   1.0360000e+03   2.7269653e+00   1.9202091e+00
   1.0370000e+03   2.7272212e+00   1.9203419e+00
   1.0380000e+03   2.7291520e+00   1.9191265e+00
   1.0390000e+03   2.7310484e+00   1.9169253e+00
   1.0400000e+03   2.7315970e+00   1.9143059e+00
   1.0410000e+03   2.7316602e+00   1.9111064e+00
   1.0420000e+03   2.7301111e+00   1.9076725e+00
   1.0430000e+03   2.7268289e+00   1.9040732e+00
   1.0440000e+03   2.7224508e+00   1.9019561e+00
   1.0450000e+03   2.7180540e+00   1.9009229e+00
   1.0460000e+03   2.7138176e+00   1.9005626e+00
   1.0470000e+03   2.7101656e+00   1.9006075e+00
   1.0480000e+03   2.7057952e+00   1.9022191e+00
   1.0490000e+03   2.7009541e+00   1.9035148e+00
   1.0500000e+03   2.6955410e+00   1.9053045e+00
   1.0510000e+03   2.6886632e+00   1.9063984e+00
   1.0520000e+03   2.6806262e+00   1.9079003e+00
   1.0530000e+03   2.6718980e+00   1.9098420e+00
   1.0540000e+03   2.6636495e+00   1.9118705e+00
   1.0550000e+03   2.6567398e+00   1.9144403e+00
   1.0560000e+03   2.6509920e+00   1.9161141e+00
   1.0570000e+03   2.6459638e+00   1.9178692e+00
   1.0580000e+03   2.6408195e+00   1.9193079e+00
   1.0590000e+03   2.6362401e+00   1.9209151e+00
   1.0600000e+03   2.6304774e+00   1.9218213e+00
   1.0610000e+03   2.6245924e+00   1.9217306e+00
   1.0620000e+03   2.6182856e+00   1.9210377e+00
   1.0630000e+03   2.6117975e+00   1.9191704e+00
   1.0640000e+03   2.6050407e+00   1.9166422e+00
   1.0650000e+03   2.5986261e+00   1.9123728e+00
   1.0660000e+03   2.5928323e+00   1.9072260e+00
   1.0670000e+03   2.5867529e+00   1.9008170e+00
   1.0680000e+03   2.5803233e+00   1.8938781e+00
   1.0690000e+03   2.5747178e+00   1.8852373e+00
   1.0700000e+03   2.5689802e+00   1.8760861e+00
   1.0710000e+03   2.5631674e+00   1.8653326e+00
   1.0720000e+03   2.5575036e+00   1.8546181e+00
   1.0730000e+03   2.5519354e+00   1.8433834e+00
   1.0740000e+03   2.5464265e+00   1.8316055e+00
   1.0750000e+03   2.5414653e+00   1.8204841e+00
   1.0760000e+03   2.5364702e+00   1.8106028e+00
   1.0770000e+03   2.5317847e+00   1.8019863e+00
   1.0780000e+03   2.5274870e+00   1.7943509e+00
   1.0790000e+03   2.5223614e+00   1.7877016e+00
   1.0800000e+03   2.5175603e+00   1.7828273e+00
   1.0810000e+03   2.5133686e+00   1.7778578e+00
   1.0820000e+03   2.5075267e+00   1.7759040e+00
   1.0830000e+03   2.5012665e+00   1.7738356e+00
   1.0840000e+03   2.4941947e+00   1.7723806e+00
   1.0850000e+03   2.4865875e+00   1.7717899e+00
   1.0860000e+03   2.4780905e+00   1.7740703e+00
   1.0870000e+03   2.4701448e+00   1.7784109e+00
   1.0880000e+03   2.4638160e+00   1.7850278e+00
   1.0890000e+03   2.4579510e+00   1.7936429e+00
   1.0900000e+03   2.4523180e+00   1.8045175e+00
   1.0910000e+03   2.4470101e+00   1.8167214e+00
   1.0920000e+03   2.4411836e+00   1.8298560e+00
   1.0930000e+03   2.4362601e+00   1.8446203e+00
   1.0940000e+03   2.4311675e+00   1.8589762e+00
   1.0950000e+03   2.4268404e+00   1.8738244e+00
   1.0960000e+03   2.4223161e+00   1.8885809e+00
   1.0970000e+03   2.4166196e+00   1.9027511e+00
   1.0980000e+03   2.4113429e+00   1.9160631e+00
   1.0990000e+03   2.4054032e+00   1.9286078e+00
   1.1000000e+03   2.4000011e+00   1.9404937e+00
   1.1010000e+03   2.3944576e+00   1.9516382e+00
   1.1020000e+03   2.3894646e+00   1.9624805e+00
   1.1030000e+03   2.3844093e+00   1.9718818e+00
   1.1040000e+03   2.3795175e+00   1.9814769e+00
   1.1050000e+03   2.3755429e+00   1.9905408e+00
   1.1060000e+03   2.3715444e+00   1.9976979e+00
   1.1070000e+03   2.3673946e+00   2.0063153e+00
   1.1080000e+03   2.3628728e+00   2.0131578e+00
   1.1090000e+03   2.3585463e+00   2.0201120e+00
   1.1100000e+03   2.3538334e+00   2.0253586e+00
   1.1110000e+03   2.3502478e+00   2.0294749e+00
   1.1120000e+03   2.3473019e+00   2.0331379e+00
   1.1130000e+03   2.3453967e+00   2.0351129e+00
   1.1140000e+03   2.3438153e+00   2.0365251e+00
   1.1150000e+03   2.3423541e+00   2.0364446e+00
   1.1160000e+03   2.3406801e+00   2.0358804e+00
   1.1170000e+03   2.3381245e+00   2.0340384e+00
   1.1180000e+03   2.3375277e+00   2.0319578e+00
   1.1190000e+03   2.3392116e+00   2.0294519e+00
   1.1200000e+03   2.3417405e+00   2.0247408e+00
   1.1210000e+03   2.3468504e+00   2.0200786e+00
   1.1220000e+03   2.3536745e+00   2.0140420e+00
   1.1230000e+03   2.3616548e+00   2.0065842e+00
   1.1240000e+03   2.3692441e+00   1.9982328e+00
   1.1250000e+03   2.3776649e+00   1.9879323e+00
   1.1260000e+03   2.3861941e+00   1.9763496e+00
   1.1270000e+03   2.3943770e+00   1.9631082e+00
   1.1280000e+03   2.4033869e+00   1.9501164e+00
   1.1290000e+03   2.4115157e+00   1.9362713e+00
   1.1300000e+03   2.4191527e+00   1.9245009e+00
   1.1310000e+03   2.4261399e+00   1.9127577e+00
   1.1320000e+03   2.4332351e+00   1.9011339e+00
   1.1330000e+03   2.4385788e+00   1.8902097e+00
   1.1340000e+03   2.4438614e+00   1.8790457e+00
   1.1350000e+03   2.4485570e+00   1.8677983e+00
   1.1360000e+03   2.4527824e+00   1.8564650e+00
   1.1370000e+03   2.4565176e+00   1.8445365e+00
   1.1380000e+03   2.4583216e+00   1.8322910e+00
   1.1390000e+03   2.4606969e+00   1.8201697e+00
   1.1400000e+03   2.4620635e+00   1.8088483e+00
   1.1410000e+03   2.4645353e+00   1.7975246e+00
   1.1420000e+03   2.4658254e+00   1.7888654e+00
   1.1430000e+03   2.4674760e+00   1.7809512e+00
   1.1440000e+03   2.4686395e+00   1.7738058e+00
   1.1450000e+03   2.4692560e+00   1.7683287e+00
   1.1460000e+03   2.4694541e+00   1.7633469e+00
   1.1470000e+03   2.4693697e+00   1.7588529e+00
   1.1480000e+03   2.4683040e+00   1.7552334e+00
   1.1490000e+03   2.4670111e+00   1.7521785e+00
   1.1500000e+03   2.4647874e+00   1.7500899e+00
   1.1510000e+03   2.4616351e+00   1.7497478e+00
   1.1520000e+03   2.4570878e+00   1.7503000e+00
   1.1530000e+03   2.4525161e+00   1.7510998e+00
   1.1540000e+03   2.4460660e+00   1.7542966e+00
   1.1550000e+03   2.4402325e+00   1.7587622e+00
   1.1560000e+03   2.4331272e+00   1.7650245e+00
   1.1570000e+03   2.4263663e+00   1.7732290e+00
   1.1580000e+03   2.4188110e+00   1.7835074e+00
   1.1590000e+03   2.4116771e+00   1.7954000e+00
   1.1600000e+03   2.4031670e+00   1.8076621e+00
   1.1610000e+03   2.3947799e+00   1.8200519e+00
   1.1620000e+03   2.3854912e+00   1.8338561e+00
   1.1630000e+03   2.3765790e+00   1.8471600e+00
   1.1640000e+03   2.3676495e+00   1.8611396e+00
   1.1650000e+03   2.3575914e+00   1.8768164e+00
   1.1660000e+03   2.3496036e+00   1.8916906e+00
   1.1670000e+03   2.3406512e+00   1.9065099e+00
   1.1680000e+03   2.3321207e+00   1.9211979e+00
   1.1690000e+03   2.3232698e+00   1.9352702e+00
   1.1700000e+03   2.3143562e+00   1.9487780e+00
   1.1710000e+03   2.3053036e+00   1.9614478e+00
   1.1720000e+03   2.2966983e+00   1.9734633e+00
   1.1730000e+03   2.2886549e+00   1.9845000e+00
   1.1740000e+03   2.2804821e+00   1.9952140e+00
   1.1750000e+03   2.2726613e+00   2.0058925e+00
   1.1760000e+03   2.2650012e+00   2.0149107e+00
   1.1770000e+03   2.2568005e+00   2.0229593e+00
   1.1780000e+03   2.2497565e+00   2.0302936e+00
   1.1790000e+03   2.2421506e+00   2.0357122e+00
   1.1800000e+03   2.2361572e+00   2.0373645e+00
   1.1810000e+03   2.2309450e+00   2.0366752e+00
   1.1820000e+03   2.2269396e+00   2.0331137e+00
   1.1830000e+03   2.2231634e+00   2.0281556e+00
   1.1840000e+03   2.2204952e+00   2.0229350e+00
   1.1850000e+03   2.2187652e+00   2.0182292e+00
   1.1860000e+03   2.2175952e+00   2.0140016e+00
   1.1870000e+03   2.2167772e+00   2.0095053e+00
   1.1880000e+03   2.2157856e+00   2.0045800e+00
   1.1890000e+03   2.2149411e+00   2.0004242e+00
   1.1900000e+03   2.2150597e+00   1.9983756e+00
   1.1910000e+03   2.2143536e+00   1.9957095e+00
   1.1920000e+03   2.2132657e+00   1.9936877e+00
   1.1930000e+03   2.2121754e+00   1.9923341e+00
   1.1940000e+03   2.2110214e+00   1.9906478e+00
   1.1950000e+03   2.2097743e+00   1.9892069e+00
   1.1960000e+03   2.2093147e+00   1.9865602e+00
   1.1970000e+03   2.2092608e+00   1.9838706e+00
   1.1980000e+03   2.2096852e+00   1.9802367e+00
   1.1990000e+03   2.2114728e+00   1.9766022e+00
   1.2000000e+03   2.2135090e+00   1.9716091e+00
   1.2010000e+03   2.2166892e+00   1.9648816e+00
   1.2020000e+03   2.2172526e+00   1.9585524e+00
   1.2030000e+03   2.2164689e+00   1.9517650e+00
   1.2040000e+03   2.2131250e+00   1.9448280e+00
   1.2050000e+03   2.2087942e+00   1.9363594e+00
   1.2060000e+03   2.2042281e+00   1.9270769e+00
   1.2070000e+03   2.2006433e+00   1.9167198e+00
   1.2080000e+03   2.1989725e+00   1.9078136e+00
   1.2090000e+03   2.1990665e+00   1.8975406e+00
   1.2100000e+03   2.2003833e+00   1.8880266e+00
   1.2110000e+03   2.2016071e+00   1.8792838e+00
   1.2120000e+03   2.2027903e+00   1.8701201e+00
   1.2130000e+03   2.2042813e+00   1.8607037e+00
   1.2140000e+03   2.2061185e+00   1.8526844e+00
   1.2150000e+03   2.2069909e+00   1.8452308e+00
   1.2160000e+03   2.2085564e+00   1.8389796e+00
   1.2170000e+03   2.2096949e+00   1.8340315e+00
   1.2180000e+03   2.2117388e+00   1.8298590e+00
   1.2190000e+03   2.2135635e+00   1.8268938e+00
   1.2200000e+03   2.2157669e+00   1.8245678e+00
   1.2210000e+03   2.2176284e+00   1.8232159e+00
   1.2220000e+03   2.2196084e+00   1.8224862e+00
   1.2230000e+03   2.2212080e+00   1.8220198e+00
   1.2240000e+03   2.2212392e+00   1.8219055e+00
   1.2250000e+03   2.2197514e+00   1.8228523e+00
   1.2260000e+03   2.2186440e+00   1.8233101e+00
   1.2270000e+03   2.2169604e+00   1.8241362e+00
   1.2280000e+03   2.2145786e+00   1.8253899e+00
   1.2290000e+03   2.2124566e+00   1.8275116e+00
   1.2300000e+03   2.2095590e+00   1.8306614e+00
   1.2310000e+03   2.2062285e+00   1.8342969e+00
   1.2320000e+03   2.2017493e+00   1.8393014e+00
   1.2330000e+03   2.1968492e+00   1.8450168e+00
   1.2340000e+03   2.1920564e+00   1.8514987e+00
   1.2350000e+03   2.1861283e+00   1.8589553e+00
   1.2360000e+03   2.1798740e+00   1.8677201e+00
   1.2370000e+03   2.1731265e+00   1.8768685e+00
   1.2380000e+03   2.1659983e+00   1.8868899e+00
   1.2390000e+03   2.1602445e+00   1.8968960e+00
   1.2400000e+03   2.1530350e+00   1.9074177e+00
   1.2410000e+03   2.1464620e+00   1.9167354e+00
   1.2420000e+03   2.1385171e+00   1.9265289e+00
   1.2430000e+03   2.1318257e+00   1.9352177e+00
   1.2440000e+03   2.1247551e+00   1.9437704e+00
   1.2450000e+03   2.1176692e+00   1.9521727e+00
   1.2460000e+03   2.1104722e+00   1.9601805e+00
   1.2470000e+03   2.1034930e+00   1.9681834e+00
   1.2480000e+03   2.0964589e+00   1.9758789e+00
   1.2490000e+03   2.0899497e+00   1.9824995e+00
   1.2500000e+03   2.0838383e+00   1.9890292e+00
   1.2510000e+03   2.0764794e+00   1.9946785e+00
   1.2520000e+03   2.0695653e+00   2.0007626e+00
   1.2530000e+03   2.0628920e+00   2.0060105e+00
   1.2540000e+03   2.0561079e+00   2.0106879e+00
   1.2550000e+03   2.0502792e+00   2.0148576e+00
   1.2560000e+03   2.0444253e+00   2.0190665e+00
   1.2570000e+03   2.0406137e+00   2.0237125e+00
   1.2580000e+03   2.0367373e+00   2.0288103e+00
   1.2590000e+03   2.0337588e+00   2.0338606e+00
   1.2600000e+03   2.0316723e+00   2.0395138e+00
   1.2610000e+03   2.0294833e+00   2.0477203e+00
   1.2620000e+03   2.0265615e+00   2.0533657e+00
   1.2630000e+03   2.0239588e+00   2.0588004e+00
   1.2640000e+03   2.0210899e+00   2.0637163e+00
   1.2650000e+03   2.0182248e+00   2.0687081e+00
   1.2660000e+03   2.0143179e+00   2.0718944e+00
   1.2670000e+03   2.0102000e+00   2.0751209e+00
   1.2680000e+03   2.0050134e+00   2.0763635e+00
   1.2690000e+03   1.9979673e+00   2.0766246e+00
   1.2700000e+03   1.9863335e+00   2.0752792e+00
   1.2710000e+03   1.9801846e+00   2.0756184e+00
   1.2720000e+03   1.9798895e+00   2.0745152e+00
   1.2730000e+03   1.9793128e+00   2.0700515e+00
   1.2740000e+03   1.9742406e+00   2.0609872e+00
   1.2750000e+03   1.9682082e+00   2.0489153e+00
   1.2760000e+03   1.9622618e+00   2.0347051e+00
   1.2770000e+03   1.9574076e+00   2.0188503e+00
   1.2780000e+03   1.9535739e+00   2.0026743e+00
   1.2790000e+03   1.9495201e+00   1.9849166e+00
   1.2800000e+03   1.9445070e+00   1.9670711e+00
   1.2810000e+03   1.9382424e+00   1.9494280e+00
   1.2820000e+03   1.9303597e+00   1.9350813e+00
   1.2830000e+03   1.9208846e+00   1.9224859e+00
   1.2840000e+03   1.9094061e+00   1.9113976e+00
   1.2850000e+03   1.8927472e+00   1.9004064e+00
   1.2860000e+03   1.8762865e+00   1.8916929e+00
   1.2870000e+03   1.8579606e+00   1.8821306e+00
   1.2880000e+03   1.8409779e+00   1.8718316e+00
   1.2890000e+03   1.8253486e+00   1.8616947e+00
   1.2900000e+03   1.8126060e+00   1.8523394e+00
   1.2910000e+03   1.8015622e+00   1.8425757e+00
   1.2920000e+03   1.7909894e+00   1.8323686e+00
   1.2930000e+03   1.7788634e+00   1.8225342e+00
   1.2940000e+03   1.7644855e+00   1.8127020e+00
   1.2950000e+03   1.7466002e+00   1.8030886e+00
   1.2960000e+03   1.7280394e+00   1.7929048e+00
   1.2970000e+03   1.7065541e+00   1.7855094e+00
   1.2980000e+03   1.6841315e+00   1.7819393e+00
   1.2990000e+03   1.6604293e+00   1.7819966e+00
   1.3000000e+03   1.6358253e+00   1.7832751e+00
   1.3010000e+03   1.6157470e+00   1.7819705e+00
   1.3020000e+03   1.6015071e+00   1.7756509e+00
   1.3030000e+03   1.5893608e+00   1.7654099e+00
   1.3040000e+03   1.5754916e+00   1.7546632e+00
   1.3050000e+03   1.5569530e+00   1.7412710e+00
   1.3060000e+03   1.5320792e+00   1.7277997e+00
   1.3070000e+03   1.5046109e+00   1.7183340e+00
   1.3080000e+03   1.4791272e+00   1.7131983e+00
   1.3090000e+03   1.4547866e+00   1.7142811e+00
   1.3100000e+03   1.4311983e+00   1.7185679e+00
   1.3110000e+03   1.4085264e+00   1.7258407e+00
   1.3120000e+03   1.3861272e+00   1.7349198e+00
   1.3130000e+03   1.3588755e+00   1.7474926e+00
   1.3140000e+03   1.3257580e+00   1.7593346e+00
   1.3150000e+03   1.2841393e+00   1.7732235e+00
   1.3160000e+03   1.2479611e+00   1.7869121e+00
   1.3170000e+03   1.2191511e+00   1.7993458e+00
   1.3180000e+03   1.1871362e+00   1.8126567e+00
   1.3190000e+03   1.1512211e+00   1.8208591e+00
   1.3200000e+03   1.1131509e+00   1.8183369e+00
   1.3210000e+03   1.0767127e+00   1.8086998e+00
   1.3220000e+03   1.0414043e+00   1.7990985e+00
   1.3230000e+03   1.0117509e+00   1.7878128e+00
   1.3240000e+03   9.8302377e-01   1.7744245e+00
   1.3250000e+03   9.5920894e-01   1.7645575e+00
   1.3260000e+03   9.3598932e-01   1.7619422e+00
   1.3270000e+03   9.1196398e-01   1.7638039e+00
   1.3280000e+03   8.8991481e-01   1.7669744e+00
   1.3290000e+03   8.7016388e-01   1.7718768e+00
   1.3300000e+03   8.4818044e-01   1.7748786e+00
   1.3310000e+03   8.2561545e-01   1.7720080e+00
   1.3320000e+03   8.0523891e-01   1.7707767e+00
   1.3330000e+03   7.8827257e-01   1.7708106e+00
   1.3340000e+03   7.7428488e-01   1.7677701e+00
   1.3350000e+03   7.6316927e-01   1.7667072e+00
   1.3360000e+03   7.5458692e-01   1.7665429e+00
   1.3370000e+03   7.4461606e-01   1.7666043e+00
   1.3380000e+03   7.3649564e-01   1.7674931e+00
   1.3390000e+03   7.3101626e-01   1.7640092e+00
   1.3400000e+03   7.2633589e-01   1.7525748e+00
   1.3410000e+03   7.2449021e-01   1.7338081e+00
   1.3420000e+03   7.2390063e-01   1.7172290e+00
   1.3430000e+03   7.2620825e-01   1.7031954e+00
   1.3440000e+03   7.2616514e-01   1.6965612e+00
   1.3450000e+03   7.2272864e-01   1.7020780e+00
   1.3460000e+03   7.2162764e-01   1.7091158e+00
   1.3470000e+03   7.1682854e-01   1.7102609e+00
   1.3480000e+03   7.1004259e-01   1.7072864e+00
   1.3490000e+03   6.9946732e-01   1.7038545e+00
   1.3500000e+03   6.8856395e-01   1.7021656e+00
   1.3510000e+03   6.7802141e-01   1.7025070e+00
   1.3520000e+03   6.6536421e-01   1.7007446e+00
   1.3530000e+03   6.5197525e-01   1.6963877e+00
   1.3540000e+03   6.3914482e-01   1.6870919e+00
   1.3550000e+03   6.2766423e-01   1.6731574e+00
   1.3560000e+03   6.1773220e-01   1.6571666e+00
   1.3570000e+03   6.1010095e-01   1.6418340e+00
   1.3580000e+03   6.0309606e-01   1.6264128e+00
   1.3590000e+03   5.9564206e-01   1.6088947e+00
   1.3600000e+03   5.8799215e-01   1.5940603e+00
   1.3610000e+03   5.8142636e-01   1.5865241e+00
   1.3620000e+03   5.7694120e-01   1.5837784e+00
   1.3630000e+03   5.7323508e-01   1.5807025e+00
   1.3640000e+03   5.7548048e-01   1.5778073e+00
   1.3650000e+03   5.8720959e-01   1.5747805e+00
   1.3660000e+03   6.0810292e-01   1.5692015e+00
   1.3670000e+03   6.3524486e-01   1.5642965e+00
   1.3680000e+03   6.6444255e-01   1.5592319e+00
   1.3690000e+03   6.9397616e-01   1.5578786e+00
   1.3700000e+03   7.2065441e-01   1.5568170e+00
   1.3710000e+03   7.4566673e-01   1.5533825e+00
   1.3720000e+03   7.7013704e-01   1.5461703e+00
   1.3730000e+03   7.9089646e-01   1.5359551e+00
   1.3740000e+03   8.1008699e-01   1.5244302e+00
   1.3750000e+03   8.2301628e-01   1.5144179e+00
   1.3760000e+03   8.3134241e-01   1.5076896e+00
   1.3770000e+03   8.3687392e-01   1.5044073e+00
   1.3780000e+03   8.4269140e-01   1.5032007e+00
   1.3790000e+03   8.5160185e-01   1.5061418e+00
   1.3800000e+03   8.6390090e-01   1.5127963e+00
   1.3810000e+03   8.7854524e-01   1.5231117e+00
   1.3820000e+03   8.9527623e-01   1.5355493e+00
   1.3830000e+03   9.1441915e-01   1.5496346e+00
   1.3840000e+03   9.3693169e-01   1.5571774e+00
   1.3850000e+03   9.6217773e-01   1.5607079e+00
   1.3860000e+03   9.8894304e-01   1.5641440e+00
   1.3870000e+03   1.0130017e+00   1.5701768e+00
   1.3880000e+03   1.0362604e+00   1.5767743e+00
   1.3890000e+03   1.0559636e+00   1.5853653e+00
   1.3900000e+03   1.0722067e+00   1.5943804e+00
   1.3910000e+03   1.0864088e+00   1.6069427e+00
   1.3920000e+03   1.0964963e+00   1.6211760e+00
   1.3930000e+03   1.1059301e+00   1.6377675e+00
   1.3940000e+03   1.1144496e+00   1.6585984e+00
   1.3950000e+03   1.1218227e+00   1.6804112e+00
   1.3960000e+03   1.1281117e+00   1.7044420e+00
   1.3970000e+03   1.1336489e+00   1.7270721e+00
   1.3980000e+03   1.1391545e+00   1.7465559e+00
   1.3990000e+03   1.1474369e+00   1.7616800e+00
   1.4000000e+03   1.1574436e+00   1.7715924e+00
   1.4010000e+03   1.1699304e+00   1.7768424e+00
   1.4020000e+03   1.1822023e+00   1.7770264e+00
   1.4030000e+03   1.1961253e+00   1.7717375e+00
   1.4040000e+03   1.2113282e+00   1.7614979e+00
   1.4050000e+03   1.2266791e+00   1.7470235e+00
   1.4060000e+03   1.2407369e+00   1.7306483e+00
   1.4070000e+03   1.2544057e+00   1.7142247e+00
   1.4080000e+03   1.2674273e+00   1.6983268e+00
   1.4090000e+03   1.2800032e+00   1.6854212e+00
   1.4100000e+03   1.2927602e+00   1.6744765e+00
   1.4110000e+03   1.3057743e+00   1.6656441e+00
   1.4120000e+03   1.3187805e+00   1.6596595e+00
   1.4130000e+03   1.3310021e+00   1.6543877e+00
   1.4140000e+03   1.3423506e+00   1.6505412e+00
   1.4150000e+03   1.3532814e+00   1.6474926e+00
   1.4160000e+03   1.3626223e+00   1.6457495e+00
   1.4170000e+03   1.3723941e+00   1.6455273e+00
   1.4180000e+03   1.3786479e+00   1.6436314e+00
   1.4190000e+03   1.3833444e+00   1.6429750e+00
   1.4200000e+03   1.3875562e+00   1.6427212e+00
   1.4210000e+03   1.3908524e+00   1.6442605e+00
   1.4220000e+03   1.3926011e+00   1.6469624e+00
   1.4230000e+03   1.3942310e+00   1.6514524e+00
   1.4240000e+03   1.3954745e+00   1.6578924e+00
   1.4250000e+03   1.3953956e+00   1.6656733e+00
   1.4260000e+03   1.3947305e+00   1.6751954e+00
   1.4270000e+03   1.3937381e+00   1.6866292e+00
   1.4280000e+03   1.3915972e+00   1.6997980e+00
   1.4290000e+03   1.3905487e+00   1.7136028e+00
   1.4300000e+03   1.3904794e+00   1.7281093e+00
   1.4310000e+03   1.3909764e+00   1.7427534e+00
   1.4320000e+03   1.3929454e+00   1.7573392e+00
   1.4330000e+03   1.3953279e+00   1.7722009e+00
   1.4340000e+03   1.3993476e+00   1.7857239e+00
   1.4350000e+03   1.4055565e+00   1.7970588e+00
   1.4360000e+03   1.4121031e+00   1.8068037e+00
   1.4370000e+03   1.4193558e+00   1.8166607e+00
   1.4380000e+03   1.4251896e+00   1.8264785e+00
   1.4390000e+03   1.4296385e+00   1.8374537e+00
   1.4400000e+03   1.4323668e+00   1.8492529e+00
   1.4410000e+03   1.4352873e+00   1.8619535e+00
   1.4420000e+03   1.4351509e+00   1.8750191e+00
   1.4430000e+03   1.4344294e+00   1.8869901e+00
   1.4440000e+03   1.4342901e+00   1.8983115e+00
   1.4450000e+03   1.4340413e+00   1.9083723e+00
   1.4460000e+03   1.4336500e+00   1.9169136e+00
   1.4470000e+03   1.4326402e+00   1.9252952e+00
   1.4480000e+03   1.4308609e+00   1.9320410e+00
   1.4490000e+03   1.4283572e+00   1.9368104e+00
   1.4500000e+03   1.4238740e+00   1.9391184e+00
   1.4510000e+03   1.4167654e+00   1.9405545e+00
   1.4520000e+03   1.4063222e+00   1.9410043e+00
   1.4530000e+03   1.3938358e+00   1.9398044e+00
   1.4540000e+03   1.3803915e+00   1.9354337e+00
   1.4550000e+03   1.3645934e+00   1.9290152e+00
   1.4560000e+03   1.3472473e+00   1.9209614e+00
   1.4570000e+03   1.3308977e+00   1.9130462e+00
   1.4580000e+03   1.3150347e+00   1.9053336e+00
   1.4590000e+03   1.2968973e+00   1.8969748e+00
   1.4600000e+03   1.2778116e+00   1.8878724e+00
   1.4610000e+03   1.2581219e+00   1.8792590e+00
   1.4620000e+03   1.2395904e+00   1.8700982e+00
   1.4630000e+03   1.2222779e+00   1.8614746e+00
   1.4640000e+03   1.2079221e+00   1.8523546e+00
   1.4650000e+03   1.1966441e+00   1.8409190e+00
   1.4660000e+03   1.1846938e+00   1.8301224e+00
   1.4670000e+03   1.1732616e+00   1.8187392e+00
   1.4680000e+03   1.1620745e+00   1.8061092e+00
   1.4690000e+03   1.1489134e+00   1.7926063e+00
   1.4700000e+03   1.1348942e+00   1.7791479e+00
   1.4710000e+03   1.1220345e+00   1.7648139e+00
   1.4720000e+03   1.1115450e+00   1.7533237e+00
   1.4730000e+03   1.1030739e+00   1.7453916e+00
   1.4740000e+03   1.0968872e+00   1.7405050e+00
   1.4750000e+03   1.0912931e+00   1.7389785e+00
   1.4760000e+03   1.0876673e+00   1.7414443e+00
   1.4770000e+03   1.0854821e+00   1.7492274e+00
   1.4780000e+03   1.0818101e+00   1.7616297e+00
   1.4790000e+03   1.0765026e+00   1.7798084e+00
   1.4800000e+03   1.0657470e+00   1.8000723e+00
   1.4810000e+03   1.0529838e+00   1.8220820e+00
   1.4820000e+03   1.0387836e+00   1.8427722e+00
   1.4830000e+03   1.0230789e+00   1.8587432e+00
   1.4840000e+03   1.0047898e+00   1.8676894e+00
   1.4850000e+03   9.8696568e-01   1.8666065e+00
   1.4860000e+03   9.6852165e-01   1.8573449e+00
   1.4870000e+03   9.5118939e-01   1.8406960e+00
   1.4880000e+03   9.3154396e-01   1.8179890e+00
   1.4890000e+03   9.0794685e-01   1.7890488e+00
   1.4900000e+03   8.7884987e-01   1.7568325e+00
   1.4910000e+03   8.4567421e-01   1.7252672e+00
   1.4920000e+03   8.1746538e-01   1.6981513e+00
   1.4930000e+03   7.9244156e-01   1.6753317e+00
   1.4940000e+03   7.7334180e-01   1.6604102e+00
   1.4950000e+03   7.5598722e-01   1.6536098e+00
   1.4960000e+03   7.4036811e-01   1.6509332e+00
   1.4970000e+03   7.2776867e-01   1.6507881e+00
   1.4980000e+03   7.1792971e-01   1.6507295e+00
   1.4990000e+03   7.1004431e-01   1.6516810e+00
   1.5000000e+03   7.0046736e-01   1.6521057e+00
   1.5010000e+03   6.8793261e-01   1.6542484e+00
   1.5020000e+03   6.7106721e-01   1.6514745e+00
   1.5030000e+03   6.5117811e-01   1.6455528e+00
   1.5040000e+03   6.3336622e-01   1.6415601e+00
   1.5050000e+03   6.2154150e-01   1.6358056e+00
   1.5060000e+03   6.1473698e-01   1.6324092e+00
   1.5070000e+03   6.1115588e-01   1.6333501e+00
   1.5080000e+03   6.0894012e-01   1.6370701e+00
   1.5090000e+03   6.0602447e-01   1.6395209e+00
   1.5100000e+03   6.0260767e-01   1.6376473e+00
   1.5110000e+03   6.0095782e-01   1.6288920e+00
   1.5120000e+03   6.0089604e-01   1.6165795e+00
   1.5130000e+03   6.0484887e-01   1.6033749e+00
   1.5140000e+03   6.1329406e-01   1.5894069e+00
   1.5150000e+03   6.2608722e-01   1.5738145e+00
   1.5160000e+03   6.4168814e-01   1.5554828e+00
   1.5170000e+03   6.5869878e-01   1.5408463e+00
   1.5180000e+03   6.7832392e-01   1.5331937e+00
   1.5190000e+03   6.9954533e-01   1.5314471e+00
   1.5200000e+03   7.2449738e-01   1.5351288e+00
   1.5210000e+03   7.4923427e-01   1.5434552e+00
   1.5220000e+03   7.7446420e-01   1.5583907e+00
   1.5230000e+03   8.0019336e-01   1.5800260e+00
   1.5240000e+03   8.2383117e-01   1.6059407e+00
   1.5250000e+03   8.4623165e-01   1.6357192e+00
   1.5260000e+03   8.6420962e-01   1.6722693e+00
   1.5270000e+03   8.7853278e-01   1.7087242e+00
   1.5280000e+03   8.8845499e-01   1.7436203e+00
   1.5290000e+03   8.9404220e-01   1.7728173e+00
   1.5300000e+03   8.9722768e-01   1.7933119e+00
   1.5310000e+03   8.9941630e-01   1.8057453e+00
   1.5320000e+03   9.0066714e-01   1.8105223e+00
   1.5330000e+03   9.0216603e-01   1.8106873e+00
   1.5340000e+03   9.0506566e-01   1.8082023e+00
   1.5350000e+03   9.1222839e-01   1.8041057e+00
   1.5360000e+03   9.2338455e-01   1.7987725e+00
   1.5370000e+03   9.3647740e-01   1.7927985e+00
   1.5380000e+03   9.5169879e-01   1.7845488e+00
   1.5390000e+03   9.6787997e-01   1.7758622e+00
   1.5400000e+03   9.8458653e-01   1.7676433e+00
   1.5410000e+03   1.0014608e+00   1.7603538e+00
   1.5420000e+03   1.0170588e+00   1.7533600e+00
   1.5430000e+03   1.0320599e+00   1.7467420e+00
   1.5440000e+03   1.0463027e+00   1.7409256e+00
   1.5450000e+03   1.0599173e+00   1.7356483e+00
   1.5460000e+03   1.0732527e+00   1.7317617e+00
   1.5470000e+03   1.0856520e+00   1.7281460e+00
   1.5480000e+03   1.0965915e+00   1.7255048e+00
   1.5490000e+03   1.1070039e+00   1.7234294e+00
   1.5500000e+03   1.1148020e+00   1.7242490e+00
   1.5510000e+03   1.1195740e+00   1.7272576e+00
   1.5520000e+03   1.1228068e+00   1.7315932e+00
   1.5530000e+03   1.1230810e+00   1.7369207e+00
   1.5540000e+03   1.1217475e+00   1.7439161e+00
   1.5550000e+03   1.1191586e+00   1.7551834e+00
   1.5560000e+03   1.1157481e+00   1.7681620e+00
   1.5570000e+03   1.1104309e+00   1.7833358e+00
   1.5580000e+03   1.1032280e+00   1.7977382e+00
   1.5590000e+03   1.0937683e+00   1.8133593e+00
   1.5600000e+03   1.0839071e+00   1.8261230e+00
   1.5610000e+03   1.0725710e+00   1.8386640e+00
   1.5620000e+03   1.0610418e+00   1.8489729e+00
   1.5630000e+03   1.0510416e+00   1.8581334e+00
   1.5640000e+03   1.0436440e+00   1.8651824e+00
   1.5650000e+03   1.0384010e+00   1.8697566e+00
   1.5660000e+03   1.0358344e+00   1.8720707e+00
   1.5670000e+03   1.0346529e+00   1.8723594e+00
   1.5680000e+03   1.0347759e+00   1.8706573e+00
   1.5690000e+03   1.0363265e+00   1.8668438e+00
   1.5700000e+03   1.0385115e+00   1.8603325e+00
   1.5710000e+03   1.0413677e+00   1.8512533e+00
   1.5720000e+03   1.0459416e+00   1.8405394e+00
   1.5730000e+03   1.0505853e+00   1.8255348e+00
   1.5740000e+03   1.0572841e+00   1.8119494e+00
   1.5750000e+03   1.0653810e+00   1.7971701e+00
   1.5760000e+03   1.0748635e+00   1.7825908e+00
   1.5770000e+03   1.0841510e+00   1.7669535e+00
   1.5780000e+03   1.0933262e+00   1.7519258e+00
   1.5790000e+03   1.1018762e+00   1.7370368e+00
   1.5800000e+03   1.1101355e+00   1.7222972e+00
   1.5810000e+03   1.1168701e+00   1.7083019e+00
   1.5820000e+03   1.1229085e+00   1.6946226e+00
   1.5830000e+03   1.1281168e+00   1.6801588e+00
   1.5840000e+03   1.1333681e+00   1.6657451e+00
   1.5850000e+03   1.1382027e+00   1.6516959e+00
   1.5860000e+03   1.1393748e+00   1.6367522e+00
   1.5870000e+03   1.1413714e+00   1.6224597e+00
   1.5880000e+03   1.1415840e+00   1.6083733e+00
   1.5890000e+03   1.1413634e+00   1.5968764e+00
   1.5900000e+03   1.1399460e+00   1.5853200e+00
   1.5910000e+03   1.1381055e+00   1.5762314e+00
   1.5920000e+03   1.1355045e+00   1.5673912e+00
   1.5930000e+03   1.1319409e+00   1.5597873e+00
   1.5940000e+03   1.1270164e+00   1.5533433e+00
   1.5950000e+03   1.1204323e+00   1.5484402e+00
   1.5960000e+03   1.1124991e+00   1.5443151e+00
   1.5970000e+03   1.1012809e+00   1.5410018e+00
   1.5980000e+03   1.0890975e+00   1.5381943e+00
   1.5990000e+03   1.0747523e+00   1.5365972e+00
   1.6000000e+03   1.0587417e+00   1.5367863e+00
   1.6010000e+03   1.0409787e+00   1.5377514e+00
   1.6020000e+03   1.0205408e+00   1.5415771e+00
   1.6030000e+03   9.9918283e-01   1.5470576e+00
   1.6040000e+03   9.7630181e-01   1.5527278e+00
   1.6050000e+03   9.5259379e-01   1.5589549e+00
   1.6060000e+03   9.2993025e-01   1.5644639e+00
   1.6070000e+03   9.0775040e-01   1.5692770e+00
   1.6080000e+03   8.8593333e-01   1.5739420e+00
   1.6090000e+03   8.6512878e-01   1.5777665e+00
   1.6100000e+03   8.4444917e-01   1.5815324e+00
   1.6110000e+03   8.2447061e-01   1.5857444e+00
   1.6120000e+03   8.0618098e-01   1.5875547e+00
   1.6130000e+03   7.9052896e-01   1.5867737e+00
   1.6140000e+03   7.7841967e-01   1.5821415e+00
   1.6150000e+03   7.7035653e-01   1.5738721e+00
   1.6160000e+03   7.6478712e-01   1.5634856e+00
   1.6170000e+03   7.6298837e-01   1.5501743e+00
   1.6180000e+03   7.6314180e-01   1.5348385e+00
   1.6190000e+03   7.6543717e-01   1.5173100e+00
   1.6200000e+03   7.6833418e-01   1.4973060e+00
   1.6210000e+03   7.7381468e-01   1.4755363e+00
   1.6220000e+03   7.7926057e-01   1.4535254e+00
   1.6230000e+03   7.8542968e-01   1.4293661e+00
   1.6240000e+03   7.9133391e-01   1.4077123e+00
   1.6250000e+03   7.9712802e-01   1.3868303e+00
   1.6260000e+03   8.0267463e-01   1.3672484e+00
   1.6270000e+03   8.0776857e-01   1.3491561e+00
   1.6280000e+03   8.1371662e-01   1.3329801e+00
   1.6290000e+03   8.1907116e-01   1.3186255e+00
   1.6300000e+03   8.2312699e-01   1.3055543e+00
   1.6310000e+03   8.2577115e-01   1.2931787e+00
   1.6320000e+03   8.2714081e-01   1.2830052e+00
   1.6330000e+03   8.2679718e-01   1.2718701e+00
   1.6340000e+03   8.2425783e-01   1.2621506e+00
   1.6350000e+03   8.2047864e-01   1.2537016e+00
   1.6360000e+03   8.1344657e-01   1.2460435e+00
   1.6370000e+03   8.0397406e-01   1.2391383e+00
   1.6380000e+03   7.9143749e-01   1.2332851e+00
   1.6390000e+03   7.7599310e-01   1.2289679e+00
   1.6400000e+03   7.5704969e-01   1.2247671e+00
   1.6410000e+03   7.3488620e-01   1.2215316e+00
   1.6420000e+03   7.1093474e-01   1.2198646e+00
   1.6430000e+03   6.8490872e-01   1.2188088e+00
   1.6440000e+03   6.5661526e-01   1.2189905e+00
   1.6450000e+03   6.2772305e-01   1.2180772e+00
   1.6460000e+03   6.0129454e-01   1.2163937e+00
   1.6470000e+03   5.7801556e-01   1.2123629e+00
   1.6480000e+03   5.5812069e-01   1.2074697e+00
   1.6490000e+03   5.4295217e-01   1.2003076e+00
   1.6500000e+03   5.3260254e-01   1.1877306e+00
   1.6510000e+03   5.2605487e-01   1.1698631e+00
   1.6520000e+03   5.2337215e-01   1.1471653e+00
   1.6530000e+03   5.2064784e-01   1.1201636e+00
   1.6540000e+03   5.1641101e-01   1.0880810e+00
   1.6550000e+03   5.1128553e-01   1.0512182e+00
   1.6560000e+03   5.0411658e-01   1.0139591e+00
   1.6570000e+03   4.9359607e-01   9.8021002e-01
   1.6580000e+03   4.7875746e-01   9.5930795e-01
   1.6590000e+03   4.5991886e-01   9.4760024e-01
   1.6600000e+03   4.3642442e-01   9.4169194e-01
   1.6610000e+03   4.1249663e-01   9.3828250e-01
   1.6620000e+03   3.8782239e-01   9.3201401e-01
   1.6630000e+03   3.6662526e-01   9.2303377e-01
   1.6640000e+03   3.4872797e-01   9.1231487e-01
   1.6650000e+03   3.3304087e-01   9.0027373e-01
   1.6660000e+03   3.2221329e-01   8.8555566e-01
   1.6670000e+03   3.1789906e-01   8.6865280e-01
   1.6680000e+03   3.1729363e-01   8.5078867e-01
   1.6690000e+03   3.1810986e-01   8.2988890e-01
   1.6700000e+03   3.1997596e-01   8.0977287e-01
   1.6710000e+03   3.1557325e-01   7.9153889e-01
   1.6720000e+03   3.0347542e-01   7.7534751e-01
   1.6730000e+03   2.8351209e-01   7.6188625e-01
   1.6740000e+03   2.5961819e-01   7.5581040e-01
   1.6750000e+03   2.3708508e-01   7.5360825e-01
   1.6760000e+03   2.1588557e-01   7.4784383e-01
   1.6770000e+03   2.0155602e-01   7.3671226e-01
   1.6780000e+03   1.9717573e-01   7.1949796e-01
   1.6790000e+03   1.9918359e-01   6.9853456e-01
   1.6800000e+03   2.0379553e-01   6.7589331e-01
   1.6810000e+03   2.1209103e-01   6.5326270e-01
   1.6820000e+03   2.2105679e-01   6.3253484e-01
   1.6830000e+03   2.2807713e-01   6.1309337e-01
   1.6840000e+03   2.2928130e-01   5.9860077e-01
   1.6850000e+03   2.2860624e-01   5.8876991e-01
   1.6860000e+03   2.2897455e-01   5.8152738e-01
   1.6870000e+03   2.3005594e-01   5.7181787e-01
   1.6880000e+03   2.3437630e-01   5.6038943e-01
   1.6890000e+03   2.4120147e-01   5.4932596e-01
   1.6900000e+03   2.4672305e-01   5.3439911e-01
   1.6910000e+03   2.5114268e-01   5.1539822e-01
   1.6920000e+03   2.4508776e-01   4.9164152e-01
   1.6930000e+03   2.3654633e-01   4.6907056e-01
   1.6940000e+03   2.2511494e-01   4.4944318e-01
   1.6950000e+03   2.1209366e-01   4.3943991e-01
   1.6960000e+03   1.9884304e-01   4.2875726e-01
   1.6970000e+03   1.8603956e-01   4.1349077e-01
   1.6980000e+03   1.7299692e-01   3.9221397e-01
   1.6990000e+03   1.6431613e-01   3.8175788e-01
   1.7000000e+03   1.5385837e-01   3.5913916e-01
   1.7010000e+03   1.4147178e-01   3.3639454e-01
   1.7020000e+03   1.2908267e-01   3.1326810e-01
   1.7030000e+03   1.1501818e-01   2.9060555e-01
   1.7040000e+03   1.0619233e-01   2.7846295e-01
   1.7050000e+03   1.1503807e-01   2.6848258e-01
   1.7060000e+03   1.2240002e-01   2.5633146e-01
   1.7070000e+03   1.2297985e-01   2.4135349e-01
   1.7080000e+03   1.2465217e-01   2.2575593e-01
   1.7090000e+03   1.2659708e-01   2.1709769e-01
   1.7100000e+03   1.3109787e-01   2.1460725e-01
   1.7110000e+03   1.3861109e-01   2.1119520e-01
   1.7120000e+03   1.3874101e-01   2.0247544e-01
   1.7130000e+03   1.3579099e-01   1.8534567e-01
   1.7140000e+03   1.2797006e-01   1.6877223e-01
   1.7150000e+03   1.1497611e-01   1.5127347e-01
   1.7160000e+03   9.4387705e-02   1.2809789e-01
