   1.0000000e+00  -1.3943888e+00   1.7982824e-01
   2.0000000e+00  -1.3954568e+00   1.7882212e-01
   3.0000000e+00  -1.3958321e+00   1.7774183e-01
   4.0000000e+00  -1.3964641e+00   1.7633846e-01
   5.0000000e+00  -1.3964882e+00   1.7481842e-01
   6.0000000e+00  -1.3959932e+00   1.7319154e-01
   7.0000000e+00  -1.3958836e+00   1.7167900e-01
   8.0000000e+00  -1.3949464e+00   1.7008298e-01
   9.0000000e+00  -1.3942750e+00   1.6844553e-01
   1.0000000e+01  -1.3937833e+00   1.6581117e-01
   1.1000000e+01  -1.3930762e+00   1.6407847e-01
   1.2000000e+01  -1.3920462e+00   1.6169615e-01
   1.3000000e+01  -1.3922634e+00   1.5906601e-01
   1.4000000e+01  -1.3918922e+00   1.5778076e-01
   1.5000000e+01  -1.3915633e+00   1.5626547e-01
   1.6000000e+01  -1.3918421e+00   1.5518409e-01
   1.7000000e+01  -1.3916324e+00   1.5443307e-01
   1.8000000e+01  -1.3917481e+00   1.5311001e-01
   1.9000000e+01  -1.3915851e+00   1.5313490e-01
   2.0000000e+01  -1.3914744e+00   1.5385555e-01
   2.1000000e+01  -1.3912083e+00   1.5447775e-01
   2.2000000e+01  -1.3915183e+00   1.5518763e-01
   2.3000000e+01  -1.3908225e+00   1.5552488e-01
   2.4000000e+01  -1.3909055e+00   1.5607392e-01
   2.5000000e+01  -1.3905075e+00   1.5598738e-01
   2.6000000e+01  -1.3906316e+00   1.5670849e-01
   2.7000000e+01  -1.3903990e+00   1.5664787e-01
   2.8000000e+01  -1.3909246e+00   1.5686243e-01
   2.9000000e+01  -1.3914350e+00   1.5706174e-01
   3.0000000e+01  -1.3916571e+00   1.5738589e-01
   3.1000000e+01  -1.3925338e+00   1.5790778e-01
   3.2000000e+01  -1.3934895e+00   1.5865678e-01
   3.3000000e+01  -1.3940047e+00   1.5911944e-01
   3.4000000e+01  -1.3948601e+00   1.5962767e-01
   3.5000000e+01  -1.3956325e+00   1.5973323e-01
   3.6000000e+01  -1.3965324e+00   1.6010850e-01
   3.7000000e+01  -1.3969666e+00   1.5884680e-01
   3.8000000e+01  -1.3977737e+00   1.5844208e-01
   3.9000000e+01  -1.3984032e+00   1.5800387e-01
   4.0000000e+01  -1.3984054e+00   1.5752014e-01
   4.1000000e+01  -1.3985554e+00   1.5769257e-01
   4.2000000e+01  -1.3984952e+00   1.5772558e-01
   4.3000000e+01  -1.3986715e+00   1.5774367e-01
   4.4000000e+01  -1.3986606e+00   1.5875125e-01
   4.5000000e+01  -1.3988170e+00   1.5960293e-01
   4.6000000e+01  -1.3988137e+00   1.6033004e-01
   4.7000000e+01  -1.3988610e+00   1.6105965e-01
   4.8000000e+01  -1.3995547e+00   1.6204713e-01
   4.9000000e+01  -1.3987333e+00   1.6306192e-01
   5.0000000e+01  -1.3990649e+00   1.6418423e-01
   5.1000000e+01  -1.3993257e+00   1.6532269e-01
   5.2000000e+01  -1.3999664e+00   1.6596413e-01
   5.3000000e+01  -1.4007206e+00   1.6661664e-01
   5.4000000e+01  -1.4016794e+00   1.6778747e-01
   5.5000000e+01  -1.4026631e+00   1.6878860e-01
   5.6000000e+01  -1.4036211e+00   1.6975611e-01
   5.7000000e+01  -1.4048068e+00   1.7095367e-01
   5.8000000e+01  -1.4060417e+00   1.7186114e-01
   5.9000000e+01  -1.4067005e+00   1.7211575e-01
   6.0000000e+01  -1.4074149e+00   1.7261924e-01
   6.1000000e+01  -1.4072397e+00   1.7306621e-01
   6.2000000e+01  -1.4066916e+00   1.7336017e-01
   6.3000000e+01  -1.4060066e+00   1.7368333e-01
   6.4000000e+01  -1.4044248e+00   1.7405013e-01
   6.5000000e+01  -1.4010330e+00   1.7489390e-01
   6.6000000e+01  -1.3954551e+00   1.7655415e-01
   6.7000000e+01  -1.3879508e+00   1.7880893e-01
   6.8000000e+01  -1.3795087e+00   1.8139003e-01
   6.9000000e+01  -1.3673928e+00   1.8494780e-01
   7.0000000e+01  -1.3547802e+00   1.8841334e-01
   7.1000000e+01  -1.3378095e+00   1.9220005e-01
   7.2000000e+01  -1.3202262e+00   1.9602036e-01
   7.3000000e+01  -1.2994771e+00   1.9999155e-01
   7.4000000e+01  -1.2786820e+00   2.0558376e-01
   7.5000000e+01  -1.2546949e+00   2.1214158e-01
   7.6000000e+01  -1.2307106e+00   2.1999828e-01
   7.7000000e+01  -1.2050291e+00   2.2877472e-01
   7.8000000e+01  -1.1777892e+00   2.3743261e-01
   7.9000000e+01  -1.1510495e+00   2.4671333e-01
   8.0000000e+01  -1.1268537e+00   2.5404643e-01
   8.1000000e+01  -1.1069528e+00   2.5752342e-01
   8.2000000e+01  -1.0899648e+00   2.5402219e-01
   8.3000000e+01  -1.0744070e+00   2.4672572e-01
   8.4000000e+01  -1.0628063e+00   2.3765762e-01
   8.5000000e+01  -1.0567055e+00   2.3092664e-01
   8.6000000e+01  -1.0575923e+00   2.2883994e-01
   8.7000000e+01  -1.0632884e+00   2.2806901e-01
   8.8000000e+01  -1.0713830e+00   2.2721266e-01
   8.9000000e+01  -1.0805537e+00   2.2505597e-01
   9.0000000e+01  -1.0883062e+00   2.2379267e-01
   9.1000000e+01  -1.0937895e+00   2.2181340e-01
   9.2000000e+01  -1.0980094e+00   2.1994545e-01
   9.3000000e+01  -1.1005791e+00   2.1840100e-01
   9.4000000e+01  -1.1026222e+00   2.1709727e-01
   9.5000000e+01  -1.1042869e+00   2.1598085e-01
   9.6000000e+01  -1.1060256e+00   2.1515555e-01
   9.7000000e+01  -1.1092666e+00   2.1462023e-01
   9.8000000e+01  -1.1127294e+00   2.1405992e-01
   9.9000000e+01  -1.1183651e+00   2.1337985e-01
   1.0000000e+02  -1.1271660e+00   2.1232398e-01
   1.0100000e+02  -1.1384713e+00   2.1118447e-01
   1.0200000e+02  -1.1515093e+00   2.0985362e-01
   1.0300000e+02  -1.1667456e+00   2.0660424e-01
   1.0400000e+02  -1.1814610e+00   2.0318021e-01
   1.0500000e+02  -1.1962113e+00   1.9809944e-01
   1.0600000e+02  -1.2086522e+00   1.9267405e-01
   1.0700000e+02  -1.2180936e+00   1.8806904e-01
   1.0800000e+02  -1.2272028e+00   1.8325632e-01
   1.0900000e+02  -1.2338934e+00   1.7999078e-01
   1.1000000e+02  -1.2391421e+00   1.7870406e-01
   1.1100000e+02  -1.2435306e+00   1.8024178e-01
   1.1200000e+02  -1.2480981e+00   1.8116545e-01
   1.1300000e+02  -1.2537146e+00   1.7996840e-01
   1.1400000e+02  -1.2595147e+00   1.7883996e-01
   1.1500000e+02  -1.2637659e+00   1.7953085e-01
   1.1600000e+02  -1.2662097e+00   1.8021775e-01
   1.1700000e+02  -1.2670612e+00   1.7922331e-01
   1.1800000e+02  -1.2692177e+00   1.7751603e-01
   1.1900000e+02  -1.2763539e+00   1.7679350e-01
   1.2000000e+02  -1.2852623e+00   1.8029031e-01
   1.2100000e+02  -1.2959520e+00   1.8573195e-01
   1.2200000e+02  -1.3042587e+00   1.9051503e-01
   1.2300000e+02  -1.3135588e+00   1.9423843e-01
   1.2400000e+02  -1.3220800e+00   1.9525402e-01
   1.2500000e+02  -1.3286497e+00   1.9709505e-01
   1.2600000e+02  -1.3348800e+00   2.0012378e-01
   1.2700000e+02  -1.3403164e+00   2.0397559e-01
   1.2800000e+02  -1.3465557e+00   2.0787580e-01
   1.2900000e+02  -1.3531152e+00   2.0928528e-01
   1.3000000e+02  -1.3605017e+00   2.0936160e-01
   1.3100000e+02  -1.3710624e+00   2.0937381e-01
   1.3200000e+02  -1.3863913e+00   2.0976899e-01
   1.3300000e+02  -1.4066283e+00   2.1022719e-01
   1.3400000e+02  -1.4278109e+00   2.0874860e-01
   1.3500000e+02  -1.4501639e+00   2.0775968e-01
   1.3600000e+02  -1.4688671e+00   2.0833603e-01
   1.3700000e+02  -1.4843878e+00   2.0841002e-01
   1.3800000e+02  -1.4950104e+00   2.0932151e-01
   1.3900000e+02  -1.5009260e+00   2.1086169e-01
   1.4000000e+02  -1.5049414e+00   2.1189064e-01
   1.4100000e+02  -1.5079060e+00   2.1258200e-01
   1.4200000e+02  -1.5094014e+00   2.1292520e-01
   1.4300000e+02  -1.5104870e+00   2.1240165e-01
   1.4400000e+02  -1.5112646e+00   2.1083152e-01
   1.4500000e+02  -1.5135741e+00   2.0725738e-01
   1.4600000e+02  -1.5150634e+00   2.0386780e-01
   1.4700000e+02  -1.5165876e+00   1.9881716e-01
   1.4800000e+02  -1.5165616e+00   1.9428751e-01
   1.4900000e+02  -1.5169750e+00   1.9193667e-01
   1.5000000e+02  -1.5159962e+00   1.9024737e-01
   1.5100000e+02  -1.5131959e+00   1.8805079e-01
   1.5200000e+02  -1.5125510e+00   1.8662248e-01
   1.5300000e+02  -1.5130218e+00   1.8688044e-01
   1.5400000e+02  -1.5155403e+00   1.8698823e-01
   1.5500000e+02  -1.5193245e+00   1.8621997e-01
   1.5600000e+02  -1.5240896e+00   1.8436458e-01
   1.5700000e+02  -1.5290860e+00   1.8383742e-01
   1.5800000e+02  -1.5359022e+00   1.8525627e-01
   1.5900000e+02  -1.5448530e+00   1.8743849e-01
   1.6000000e+02  -1.5552943e+00   1.9194160e-01
   1.6100000e+02  -1.5672989e+00   1.9427122e-01
   1.6200000e+02  -1.5780987e+00   1.9596430e-01
   1.6300000e+02  -1.5884678e+00   1.9627651e-01
   1.6400000e+02  -1.5973522e+00   1.9544557e-01
   1.6500000e+02  -1.6035703e+00   1.9336886e-01
   1.6600000e+02  -1.6079141e+00   1.8936620e-01
   1.6700000e+02  -1.6107017e+00   1.8460346e-01
   1.6800000e+02  -1.6127248e+00   1.8072989e-01
   1.6900000e+02  -1.6135868e+00   1.7862054e-01
   1.7000000e+02  -1.6140250e+00   1.7797513e-01
   1.7100000e+02  -1.6149998e+00   1.7708399e-01
   1.7200000e+02  -1.6158034e+00   1.7744098e-01
   1.7300000e+02  -1.6163106e+00   1.7818717e-01
   1.7400000e+02  -1.6176269e+00   1.7884924e-01
   1.7500000e+02  -1.6186768e+00   1.7850149e-01
   1.7600000e+02  -1.6196253e+00   1.7726057e-01
   1.7700000e+02  -1.6201346e+00   1.7378732e-01
   1.7800000e+02  -1.6196449e+00   1.7139210e-01
   1.7900000e+02  -1.6188448e+00   1.6927984e-01
   1.8000000e+02  -1.6178267e+00   1.6856461e-01
   1.8100000e+02  -1.6180115e+00   1.6675143e-01
   1.8200000e+02  -1.6162118e+00   1.6601671e-01
   1.8300000e+02  -1.6157384e+00   1.6576352e-01
   1.8400000e+02  -1.6156933e+00   1.6518102e-01
   1.8500000e+02  -1.6154484e+00   1.6479384e-01
   1.8600000e+02  -1.6151157e+00   1.6377839e-01
   1.8700000e+02  -1.6152319e+00   1.6238550e-01
   1.8800000e+02  -1.6149816e+00   1.6083829e-01
   1.8900000e+02  -1.6138434e+00   1.5974499e-01
   1.9000000e+02  -1.6125603e+00   1.5926133e-01
   1.9100000e+02  -1.6115511e+00   1.5858136e-01
   1.9200000e+02  -1.6112704e+00   1.5772559e-01
   1.9300000e+02  -1.6128531e+00   1.5768249e-01
   1.9400000e+02  -1.6132489e+00   1.5760344e-01
   1.9500000e+02  -1.6144168e+00   1.5768744e-01
   1.9600000e+02  -1.6152880e+00   1.5794179e-01
   1.9700000e+02  -1.6147921e+00   1.5739882e-01
   1.9800000e+02  -1.6145436e+00   1.5729088e-01
   1.9900000e+02  -1.6139549e+00   1.5750042e-01
   2.0000000e+02  -1.6125404e+00   1.5777746e-01
   2.0100000e+02  -1.6108832e+00   1.5822415e-01
   2.0200000e+02  -1.6075742e+00   1.5968968e-01
   2.0300000e+02  -1.6035211e+00   1.6089437e-01
   2.0400000e+02  -1.5995509e+00   1.6315283e-01
   2.0500000e+02  -1.5962232e+00   1.6423539e-01
   2.0600000e+02  -1.5920579e+00   1.6652186e-01
   2.0700000e+02  -1.5888222e+00   1.6870085e-01
   2.0800000e+02  -1.5847938e+00   1.7158935e-01
   2.0900000e+02  -1.5798987e+00   1.7509851e-01
   2.1000000e+02  -1.5746655e+00   1.7912439e-01
   2.1100000e+02  -1.5681190e+00   1.8281074e-01
   2.1200000e+02  -1.5604403e+00   1.8420718e-01
   2.1300000e+02  -1.5504171e+00   1.8415924e-01
   2.1400000e+02  -1.5397774e+00   1.8229793e-01
   2.1500000e+02  -1.5275601e+00   1.8011863e-01
   2.1600000e+02  -1.5141965e+00   1.7834637e-01
   2.1700000e+02  -1.5000574e+00   1.7731853e-01
   2.1800000e+02  -1.4850398e+00   1.7832076e-01
   2.1900000e+02  -1.4717214e+00   1.7874409e-01
   2.2000000e+02  -1.4590784e+00   1.7916453e-01
   2.2100000e+02  -1.4478336e+00   1.7932162e-01
   2.2200000e+02  -1.4368155e+00   1.8006042e-01
   2.2300000e+02  -1.4272016e+00   1.8040388e-01
   2.2400000e+02  -1.4166014e+00   1.8171205e-01
   2.2500000e+02  -1.4061256e+00   1.8267290e-01
   2.2600000e+02  -1.3957664e+00   1.8343137e-01
   2.2700000e+02  -1.3824341e+00   1.8398815e-01
   2.2800000e+02  -1.3678480e+00   1.8336379e-01
   2.2900000e+02  -1.3496476e+00   1.8411296e-01
   2.3000000e+02  -1.3321032e+00   1.8296449e-01
   2.3100000e+02  -1.3132569e+00   1.8129154e-01
   2.3200000e+02  -1.2968099e+00   1.8015070e-01
   2.3300000e+02  -1.2815626e+00   1.8097465e-01
   2.3400000e+02  -1.2693747e+00   1.8214517e-01
   2.3500000e+02  -1.2597967e+00   1.8276299e-01
   2.3600000e+02  -1.2525699e+00   1.8396032e-01
   2.3700000e+02  -1.2470410e+00   1.8515163e-01
   2.3800000e+02  -1.2418504e+00   1.8719444e-01
   2.3900000e+02  -1.2370019e+00   1.8889066e-01
   2.4000000e+02  -1.2331053e+00   1.9090200e-01
   2.4100000e+02  -1.2301484e+00   1.9339624e-01
   2.4200000e+02  -1.2286389e+00   1.9453898e-01
   2.4300000e+02  -1.2268285e+00   1.9499568e-01
   2.4400000e+02  -1.2233261e+00   1.9536053e-01
   2.4500000e+02  -1.2180069e+00   1.9776070e-01
   2.4600000e+02  -1.2089677e+00   2.0245112e-01
   2.4700000e+02  -1.1996338e+00   2.0669230e-01
   2.4800000e+02  -1.1893587e+00   2.0824819e-01
   2.4900000e+02  -1.1802922e+00   2.0471362e-01
   2.5000000e+02  -1.1717550e+00   1.9655387e-01
   2.5100000e+02  -1.1645143e+00   1.8765254e-01
   2.5200000e+02  -1.1559851e+00   1.8179596e-01
   2.5300000e+02  -1.1478628e+00   1.7942959e-01
   2.5400000e+02  -1.1335758e+00   1.8257867e-01
   2.5500000e+02  -1.1157841e+00   1.8762272e-01
   2.5600000e+02  -1.0946083e+00   1.9360212e-01
   2.5700000e+02  -1.0714852e+00   1.9916312e-01
   2.5800000e+02  -1.0486716e+00   2.0277122e-01
   2.5900000e+02  -1.0264390e+00   2.0298528e-01
   2.6000000e+02  -1.0032407e+00   1.9948987e-01
   2.6100000e+02  -9.8267867e-01   1.9386427e-01
   2.6200000e+02  -9.6159905e-01   1.8860792e-01
   2.6300000e+02  -9.4310607e-01   1.8488397e-01
   2.6400000e+02  -9.2941357e-01   1.8136326e-01
   2.6500000e+02  -9.2156643e-01   1.7762824e-01
   2.6600000e+02  -9.1748486e-01   1.7332566e-01
   2.6700000e+02  -9.1467419e-01   1.7035936e-01
   2.6800000e+02  -9.1119579e-01   1.6886295e-01
   2.6900000e+02  -9.0730809e-01   1.7045829e-01
   2.7000000e+02  -9.0537347e-01   1.7336846e-01
   2.7100000e+02  -9.0470787e-01   1.7544796e-01
   2.7200000e+02  -9.0395521e-01   1.7646369e-01
   2.7300000e+02  -9.0223544e-01   1.7736777e-01
   2.7400000e+02  -8.9927576e-01   1.7845534e-01
   2.7500000e+02  -8.9768060e-01   1.7851077e-01
   2.7600000e+02  -8.9728561e-01   1.7818791e-01
   2.7700000e+02  -8.9872603e-01   1.7783716e-01
   2.7800000e+02  -9.0192463e-01   1.7674794e-01
   2.7900000e+02  -9.0493175e-01   1.7653836e-01
   2.8000000e+02  -9.0944358e-01   1.7664540e-01
   2.8100000e+02  -9.1283297e-01   1.7755103e-01
   2.8200000e+02  -9.1612765e-01   1.7984246e-01
   2.8300000e+02  -9.1894536e-01   1.8266071e-01
   2.8400000e+02  -9.2141363e-01   1.8604629e-01
   2.8500000e+02  -9.2321581e-01   1.9000436e-01
   2.8600000e+02  -9.2390382e-01   1.9374264e-01
   2.8700000e+02  -9.2391731e-01   1.9730108e-01
   2.8800000e+02  -9.2257829e-01   2.0012720e-01
   2.8900000e+02  -9.2133911e-01   2.0172447e-01
   2.9000000e+02  -9.1846563e-01   2.0196840e-01
   2.9100000e+02  -9.1389988e-01   2.0178796e-01
   2.9200000e+02  -9.0618364e-01   2.0107012e-01
   2.9300000e+02  -8.9737000e-01   2.0143206e-01
   2.9400000e+02  -8.8970321e-01   2.0267585e-01
   2.9500000e+02  -8.8374072e-01   2.0280134e-01
   2.9600000e+02  -8.7867648e-01   2.0170367e-01
   2.9700000e+02  -8.7531686e-01   1.9930397e-01
   2.9800000e+02  -8.7374704e-01   1.9651022e-01
   2.9900000e+02  -8.7282438e-01   1.9477728e-01
   3.0000000e+02  -8.7345953e-01   1.9230495e-01
   3.0100000e+02  -8.7504039e-01   1.8990758e-01
   3.0200000e+02  -8.7647611e-01   1.8623216e-01
   3.0300000e+02  -8.7788686e-01   1.8244598e-01
   3.0400000e+02  -8.7987674e-01   1.7830236e-01
   3.0500000e+02  -8.8132255e-01   1.7662506e-01
   3.0600000e+02  -8.8213034e-01   1.7595165e-01
   3.0700000e+02  -8.8597655e-01   1.7574305e-01
   3.0800000e+02  -8.9065631e-01   1.7742215e-01
   3.0900000e+02  -8.9560560e-01   1.8022635e-01
   3.1000000e+02  -9.0068756e-01   1.8278215e-01
   3.1100000e+02  -9.0564550e-01   1.8547367e-01
   3.1200000e+02  -9.1022130e-01   1.8664598e-01
   3.1300000e+02  -9.1346929e-01   1.8683545e-01
   3.1400000e+02  -9.1575655e-01   1.8620850e-01
   3.1500000e+02  -9.1785221e-01   1.8512831e-01
   3.1600000e+02  -9.1924060e-01   1.8464877e-01
   3.1700000e+02  -9.1842748e-01   1.8601951e-01
   3.1800000e+02  -9.1632440e-01   1.8729320e-01
   3.1900000e+02  -9.1403464e-01   1.8828557e-01
   3.2000000e+02  -9.1194909e-01   1.8769503e-01
   3.2100000e+02  -9.1260709e-01   1.8494973e-01
   3.2200000e+02  -9.1697611e-01   1.7886750e-01
   3.2300000e+02  -9.2157891e-01   1.7343361e-01
   3.2400000e+02  -9.2731402e-01   1.7141467e-01
   3.2500000e+02  -9.3105447e-01   1.7360309e-01
   3.2600000e+02  -9.3654409e-01   1.7540254e-01
   3.2700000e+02  -9.4283725e-01   1.7559238e-01
   3.2800000e+02  -9.5051313e-01   1.7353221e-01
   3.2900000e+02  -9.5873561e-01   1.7143659e-01
   3.3000000e+02  -9.6780084e-01   1.7069823e-01
   3.3100000e+02  -9.7792283e-01   1.6979447e-01
   3.3200000e+02  -9.8813802e-01   1.6785801e-01
   3.3300000e+02  -9.9655468e-01   1.6619398e-01
   3.3400000e+02  -1.0032641e+00   1.6551217e-01
   3.3500000e+02  -1.0103723e+00   1.6519568e-01
   3.3600000e+02  -1.0175344e+00   1.6531329e-01
   3.3700000e+02  -1.0266202e+00   1.6478354e-01
   3.3800000e+02  -1.0366809e+00   1.6225773e-01
   3.3900000e+02  -1.0450964e+00   1.5915218e-01
   3.4000000e+02  -1.0540812e+00   1.5771372e-01
   3.4100000e+02  -1.0639165e+00   1.5728066e-01
   3.4200000e+02  -1.0736939e+00   1.5610457e-01
   3.4300000e+02  -1.0821917e+00   1.5559498e-01
   3.4400000e+02  -1.0892798e+00   1.5606096e-01
   3.4500000e+02  -1.0966248e+00   1.5566470e-01
   3.4600000e+02  -1.1032484e+00   1.5511269e-01
   3.4700000e+02  -1.1114091e+00   1.5486841e-01
   3.4800000e+02  -1.1222599e+00   1.5428934e-01
   3.4900000e+02  -1.1345979e+00   1.5486513e-01
   3.5000000e+02  -1.1475459e+00   1.5513586e-01
   3.5100000e+02  -1.1617350e+00   1.5618938e-01
   3.5200000e+02  -1.1755729e+00   1.5689540e-01
   3.5300000e+02  -1.1906147e+00   1.5818269e-01
   3.5400000e+02  -1.2058489e+00   1.5957424e-01
   3.5500000e+02  -1.2217700e+00   1.5988663e-01
   3.5600000e+02  -1.2375127e+00   1.6076662e-01
   3.5700000e+02  -1.2530528e+00   1.6340575e-01
   3.5800000e+02  -1.2677578e+00   1.6761043e-01
   3.5900000e+02  -1.2827680e+00   1.7239542e-01
   3.6000000e+02  -1.2996816e+00   1.7799694e-01
   3.6100000e+02  -1.3168163e+00   1.8214795e-01
   3.6200000e+02  -1.3318630e+00   1.8788497e-01
   3.6300000e+02  -1.3498113e+00   1.9663552e-01
   3.6400000e+02  -1.3665181e+00   2.0754884e-01
   3.6500000e+02  -1.3815652e+00   2.2017486e-01
   3.6600000e+02  -1.3966875e+00   2.3423642e-01
   3.6700000e+02  -1.4091072e+00   2.5029191e-01
   3.6800000e+02  -1.4188476e+00   2.6464652e-01
   3.6900000e+02  -1.4277399e+00   2.7553087e-01
   3.7000000e+02  -1.4383142e+00   2.8148716e-01
   3.7100000e+02  -1.4506343e+00   2.8358183e-01
   3.7200000e+02  -1.4658326e+00   2.8299763e-01
   3.7300000e+02  -1.4827427e+00   2.8240254e-01
   3.7400000e+02  -1.5022030e+00   2.8176836e-01
   3.7500000e+02  -1.5227544e+00   2.7985863e-01
   3.7600000e+02  -1.5434025e+00   2.7667094e-01
   3.7700000e+02  -1.5634657e+00   2.7267204e-01
   3.7800000e+02  -1.5853476e+00   2.6769540e-01
   3.7900000e+02  -1.6069797e+00   2.6501833e-01
   3.8000000e+02  -1.6277771e+00   2.6236994e-01
   3.8100000e+02  -1.6478201e+00   2.6002373e-01
   3.8200000e+02  -1.6665761e+00   2.5690117e-01
   3.8300000e+02  -1.6823058e+00   2.5535259e-01
   3.8400000e+02  -1.6934500e+00   2.5613238e-01
   3.8500000e+02  -1.6999284e+00   2.5705749e-01
   3.8600000e+02  -1.6998285e+00   2.6358429e-01
   3.8700000e+02  -1.6957435e+00   2.7025788e-01
   3.8800000e+02  -1.6878054e+00   2.7741888e-01
   3.8900000e+02  -1.6787942e+00   2.8460116e-01
   3.9000000e+02  -1.6688275e+00   2.9248918e-01
   3.9100000e+02  -1.6641474e+00   2.9959134e-01
   3.9200000e+02  -1.6633199e+00   3.0511429e-01
   3.9300000e+02  -1.6662068e+00   3.0788111e-01
   3.9400000e+02  -1.6735807e+00   3.0900432e-01
   3.9500000e+02  -1.6827207e+00   3.0783112e-01
   3.9600000e+02  -1.6932084e+00   3.0541785e-01
   3.9700000e+02  -1.7051760e+00   3.0293151e-01
   3.9800000e+02  -1.7126830e+00   3.0005794e-01
   3.9900000e+02  -1.7180023e+00   2.9801371e-01
   4.0000000e+02  -1.7207785e+00   2.9420252e-01
   4.0100000e+02  -1.7227032e+00   2.8896965e-01
   4.0200000e+02  -1.7222639e+00   2.8416718e-01
   4.0300000e+02  -1.7177621e+00   2.7935775e-01
   4.0400000e+02  -1.7114323e+00   2.7526822e-01
   4.0500000e+02  -1.7032994e+00   2.7380914e-01
   4.0600000e+02  -1.6939483e+00   2.7260493e-01
   4.0700000e+02  -1.6845461e+00   2.7207519e-01
   4.0800000e+02  -1.6754977e+00   2.7080321e-01
   4.0900000e+02  -1.6669425e+00   2.6922462e-01
   4.1000000e+02  -1.6564134e+00   2.6824523e-01
   4.1100000e+02  -1.6463304e+00   2.6640710e-01
   4.1200000e+02  -1.6357449e+00   2.6437128e-01
   4.1300000e+02  -1.6240850e+00   2.6253546e-01
   4.1400000e+02  -1.6116488e+00   2.6157921e-01
   4.1500000e+02  -1.5982318e+00   2.6074738e-01
   4.1600000e+02  -1.5841819e+00   2.6026800e-01
   4.1700000e+02  -1.5718741e+00   2.5982108e-01
   4.1800000e+02  -1.5594030e+00   2.6089660e-01
   4.1900000e+02  -1.5469177e+00   2.6220477e-01
   4.2000000e+02  -1.5331492e+00   2.6662969e-01
   4.2100000e+02  -1.5196917e+00   2.7218945e-01
   4.2200000e+02  -1.5061085e+00   2.7807189e-01
   4.2300000e+02  -1.4931632e+00   2.8529367e-01
   4.2400000e+02  -1.4805077e+00   2.9422189e-01
   4.2500000e+02  -1.4708733e+00   3.0331677e-01
   4.2600000e+02  -1.4622677e+00   3.1053298e-01
   4.2700000e+02  -1.4552606e+00   3.1586166e-01
   4.2800000e+02  -1.4504546e+00   3.1950986e-01
   4.2900000e+02  -1.4470336e+00   3.2089732e-01
   4.3000000e+02  -1.4435211e+00   3.2060301e-01
   4.3100000e+02  -1.4387140e+00   3.1862691e-01
   4.3200000e+02  -1.4334717e+00   3.1511834e-01
   4.3300000e+02  -1.4278093e+00   3.1164144e-01
   4.3400000e+02  -1.4244735e+00   3.1051753e-01
   4.3500000e+02  -1.4236405e+00   3.0854995e-01
   4.3600000e+02  -1.4232216e+00   3.0840986e-01
   4.3700000e+02  -1.4219890e+00   3.1017567e-01
   4.3800000e+02  -1.4204527e+00   3.1148078e-01
   4.3900000e+02  -1.4176318e+00   3.1305048e-01
   4.4000000e+02  -1.4145052e+00   3.1437746e-01
   4.4100000e+02  -1.4114464e+00   3.1616870e-01
   4.4200000e+02  -1.4096968e+00   3.1801579e-01
   4.4300000e+02  -1.4080305e+00   3.1935849e-01
   4.4400000e+02  -1.4062678e+00   3.2038281e-01
   4.4500000e+02  -1.4050640e+00   3.2133708e-01
   4.4600000e+02  -1.4031302e+00   3.2216500e-01
   4.4700000e+02  -1.4001316e+00   3.2090388e-01
   4.4800000e+02  -1.3958483e+00   3.2014799e-01
   4.4900000e+02  -1.3907235e+00   3.1910560e-01
   4.5000000e+02  -1.3834913e+00   3.1717820e-01
   4.5100000e+02  -1.3757946e+00   3.1567554e-01
   4.5200000e+02  -1.3684443e+00   3.1442856e-01
   4.5300000e+02  -1.3587833e+00   3.1479485e-01
   4.5400000e+02  -1.3475655e+00   3.1608208e-01
   4.5500000e+02  -1.3363070e+00   3.2003803e-01
   4.5600000e+02  -1.3238638e+00   3.2301999e-01
   4.5700000e+02  -1.3112211e+00   3.3013051e-01
   4.5800000e+02  -1.2980075e+00   3.3523434e-01
   4.5900000e+02  -1.2836435e+00   3.3899986e-01
   4.6000000e+02  -1.2699149e+00   3.3954771e-01
   4.6100000e+02  -1.2554296e+00   3.3594234e-01
   4.6200000e+02  -1.2401982e+00   3.2975480e-01
   4.6300000e+02  -1.2244221e+00   3.2313059e-01
   4.6400000e+02  -1.2079882e+00   3.1736895e-01
   4.6500000e+02  -1.1921703e+00   3.1123412e-01
   4.6600000e+02  -1.1766622e+00   3.0569001e-01
   4.6700000e+02  -1.1617376e+00   3.0103193e-01
   4.6800000e+02  -1.1503681e+00   2.9587574e-01
   4.6900000e+02  -1.1402058e+00   2.8974275e-01
   4.7000000e+02  -1.1367782e+00   2.8490501e-01
   4.7100000e+02  -1.1352345e+00   2.8165720e-01
   4.7200000e+02  -1.1361327e+00   2.7984931e-01
   4.7300000e+02  -1.1378431e+00   2.7856228e-01
   4.7400000e+02  -1.1394214e+00   2.7739742e-01
   4.7500000e+02  -1.1421314e+00   2.7539025e-01
   4.7600000e+02  -1.1437601e+00   2.7424627e-01
   4.7700000e+02  -1.1444379e+00   2.7366848e-01
   4.7800000e+02  -1.1442001e+00   2.7493291e-01
   4.7900000e+02  -1.1431574e+00   2.7664725e-01
   4.8000000e+02  -1.1410292e+00   2.7747468e-01
   4.8100000e+02  -1.1401363e+00   2.7675653e-01
   4.8200000e+02  -1.1357084e+00   2.7574685e-01
   4.8300000e+02  -1.1296787e+00   2.7397094e-01
   4.8400000e+02  -1.1217042e+00   2.6955694e-01
   4.8500000e+02  -1.1123856e+00   2.6314978e-01
   4.8600000e+02  -1.1021220e+00   2.5540678e-01
   4.8700000e+02  -1.0904266e+00   2.4715217e-01
   4.8800000e+02  -1.0776350e+00   2.4015848e-01
   4.8900000e+02  -1.0656021e+00   2.3654141e-01
   4.9000000e+02  -1.0523856e+00   2.3558144e-01
   4.9100000e+02  -1.0410429e+00   2.3725592e-01
   4.9200000e+02  -1.0299449e+00   2.4073317e-01
   4.9300000e+02  -1.0186362e+00   2.4502039e-01
   4.9400000e+02  -1.0089144e+00   2.4847958e-01
   4.9500000e+02  -9.9657055e-01   2.5107624e-01
   4.9600000e+02  -9.8369104e-01   2.5273662e-01
   4.9700000e+02  -9.7128687e-01   2.5625205e-01
   4.9800000e+02  -9.5806439e-01   2.6165697e-01
   4.9900000e+02  -9.4391525e-01   2.6805417e-01
   5.0000000e+02  -9.2922873e-01   2.7354911e-01
   5.0100000e+02  -9.1175511e-01   2.7913733e-01
   5.0200000e+02  -8.9153588e-01   2.8559382e-01
   5.0300000e+02  -8.6989292e-01   2.9271091e-01
   5.0400000e+02  -8.4657576e-01   2.9969271e-01
   5.0500000e+02  -8.2292099e-01   3.0651388e-01
   5.0600000e+02  -7.9828684e-01   3.1142881e-01
   5.0700000e+02  -7.7205124e-01   3.1460051e-01
   5.0800000e+02  -7.4489459e-01   3.1684083e-01
   5.0900000e+02  -7.1934748e-01   3.1775175e-01
   5.1000000e+02  -6.9678720e-01   3.1872153e-01
   5.1100000e+02  -6.7778436e-01   3.2181681e-01
   5.1200000e+02  -6.6083300e-01   3.2788913e-01
   5.1300000e+02  -6.4545110e-01   3.3693981e-01
   5.1400000e+02  -6.2838083e-01   3.4678020e-01
   5.1500000e+02  -6.1008628e-01   3.5340855e-01
   5.1600000e+02  -5.8984661e-01   3.5258614e-01
   5.1700000e+02  -5.8743277e-01   3.6045581e-01
   5.1800000e+02  -5.3593210e-01   3.4168654e-01
   5.1900000e+02  -5.1057149e-01   3.3613641e-01
   5.2000000e+02  -4.8764639e-01   3.3096354e-01
   5.2100000e+02  -4.7330644e-01   3.3513824e-01
   5.2200000e+02  -4.4819208e-01   3.3006487e-01
   5.2300000e+02  -4.2395933e-01   3.2540003e-01
   5.2400000e+02  -3.9972057e-01   3.2016368e-01
   5.2500000e+02  -3.7310373e-01   3.1331403e-01
   5.2600000e+02  -3.4892255e-01   3.0615678e-01
   5.2700000e+02  -3.2448282e-01   2.9816007e-01
   5.2800000e+02  -3.0188169e-01   2.8873236e-01
   5.2900000e+02  -2.8274435e-01   2.7516504e-01
   5.3000000e+02  -2.6712976e-01   2.5556418e-01
   5.3100000e+02  -2.4637869e-01   2.3163951e-01
   5.3200000e+02  -2.2670172e-01   2.1158553e-01
   5.3300000e+02  -2.0248533e-01   1.8129437e-01
   5.3400000e+02  -1.7460269e-01   1.5065033e-01
