   1.0000000e+02   1.2156231e+00   3.1508426e+00
   1.0100000e+02   1.2071205e+00   3.1212505e+00
   1.0200000e+02   1.1959249e+00   3.0894797e+00
   1.0300000e+02   1.1843993e+00   3.0565702e+00
   1.0400000e+02   1.1730979e+00   3.0229532e+00
   1.0500000e+02   1.1662406e+00   2.9919833e+00
   1.0600000e+02   1.1647133e+00   2.9654888e+00
   1.0700000e+02   1.1689259e+00   2.9457028e+00
   1.0800000e+02   1.1751798e+00   2.9303821e+00
   1.0900000e+02   1.1823411e+00   2.9179100e+00
   1.1000000e+02   1.1855630e+00   2.9070780e+00
   1.1100000e+02   1.1829405e+00   2.8953149e+00
   1.1200000e+02   1.1751654e+00   2.8810514e+00
   1.1300000e+02   1.1605542e+00   2.8610144e+00
   1.1400000e+02   1.1410101e+00   2.8341119e+00
   1.1500000e+02   1.1198223e+00   2.8048028e+00
   1.1600000e+02   1.0978906e+00   2.7747323e+00
   1.1700000e+02   1.0751863e+00   2.7449094e+00
   1.1800000e+02   1.0511725e+00   2.7145654e+00
   1.1900000e+02   1.0247369e+00   2.6831089e+00
   1.2000000e+02   9.9795175e-01   2.6539601e+00
   1.2100000e+02   9.7167080e-01   2.6264540e+00
   1.2200000e+02   9.5113613e-01   2.6013253e+00
   1.2300000e+02   9.3586992e-01   2.5785549e+00
   1.2400000e+02   9.2221493e-01   2.5583646e+00
   1.2500000e+02   9.0738192e-01   2.5413874e+00
   1.2600000e+02   8.9079074e-01   2.5276608e+00
   1.2700000e+02   8.7485263e-01   2.5156942e+00
   1.2800000e+02   8.5791066e-01   2.5033982e+00
   1.2900000e+02   8.4101302e-01   2.4898128e+00
   1.3000000e+02   8.2657225e-01   2.4758407e+00
   1.3100000e+02   8.1607343e-01   2.4645019e+00
   1.3200000e+02   8.0893006e-01   2.4545112e+00
   1.3300000e+02   8.0621476e-01   2.4449826e+00
   1.3400000e+02   8.0495105e-01   2.4338775e+00
   1.3500000e+02   8.0486298e-01   2.4211408e+00
   1.3600000e+02   8.0454990e-01   2.4088652e+00
   1.3700000e+02   8.0217698e-01   2.3965484e+00
   1.3800000e+02   7.9915947e-01   2.3875463e+00
   1.3900000e+02   7.9570587e-01   2.3818013e+00
   1.4000000e+02   7.9308693e-01   2.3769136e+00
   1.4100000e+02   7.8964400e-01   2.3709201e+00
   1.4200000e+02   7.8550413e-01   2.3641693e+00
   1.4300000e+02   7.8054700e-01   2.3568560e+00
   1.4400000e+02   7.7507435e-01   2.3484872e+00
   1.4500000e+02   7.6822358e-01   2.3390880e+00
   1.4600000e+02   7.6406336e-01   2.3331584e+00
   1.4700000e+02   7.5981150e-01   2.3272805e+00
   1.4800000e+02   7.5434934e-01   2.3214287e+00
   1.4900000e+02   7.4684725e-01   2.3165317e+00
   1.5000000e+02   7.3769743e-01   2.3107156e+00
   1.5100000e+02   7.2885962e-01   2.3050026e+00
   1.5200000e+02   7.2057092e-01   2.2980594e+00
   1.5300000e+02   7.1554978e-01   2.2880821e+00
   1.5400000e+02   7.1471926e-01   2.2779516e+00
   1.5500000e+02   7.1846963e-01   2.2639869e+00
   1.5600000e+02   7.2440153e-01   2.2498035e+00
   1.5700000e+02   7.3356636e-01   2.2372921e+00
   1.5800000e+02   7.3759378e-01   2.2224135e+00
   1.5900000e+02   7.3925759e-01   2.2111280e+00
   1.6000000e+02   7.3895926e-01   2.2031882e+00
   1.6100000e+02   7.3630057e-01   2.1985206e+00
   1.6200000e+02   7.3134209e-01   2.1949336e+00
   1.6300000e+02   7.2481580e-01   2.1906933e+00
   1.6400000e+02   7.1647623e-01   2.1853076e+00
   1.6500000e+02   7.0702697e-01   2.1786049e+00
   1.6600000e+02   6.9721909e-01   2.1716824e+00
   1.6700000e+02   6.8745407e-01   2.1641003e+00
   1.6800000e+02   6.7785940e-01   2.1552648e+00
   1.6900000e+02   6.6809664e-01   2.1451545e+00
   1.7000000e+02   6.5712665e-01   2.1338723e+00
   1.7100000e+02   6.4641737e-01   2.1234761e+00
   1.7200000e+02   6.3687643e-01   2.1110240e+00
   1.7300000e+02   6.3077518e-01   2.0963569e+00
   1.7400000e+02   6.2732065e-01   2.0809975e+00
   1.7500000e+02   6.2593688e-01   2.0636862e+00
   1.7600000e+02   6.2591419e-01   2.0456717e+00
   1.7700000e+02   6.2600684e-01   2.0283823e+00
   1.7800000e+02   6.2366570e-01   2.0160144e+00
   1.7900000e+02   6.1925560e-01   2.0083990e+00
   1.8000000e+02   6.1433295e-01   2.0039460e+00
   1.8100000e+02   6.1040801e-01   1.9988073e+00
   1.8200000e+02   6.0733891e-01   1.9931470e+00
   1.8300000e+02   6.0731075e-01   1.9860181e+00
   1.8400000e+02   6.0889076e-01   1.9805797e+00
   1.8500000e+02   6.0973384e-01   1.9764588e+00
   1.8600000e+02   6.1058754e-01   1.9755723e+00
   1.8700000e+02   6.1268532e-01   1.9778791e+00
   1.8800000e+02   6.1545248e-01   1.9821799e+00
   1.8900000e+02   6.1897432e-01   1.9875346e+00
   1.9000000e+02   6.2169779e-01   1.9915162e+00
   1.9100000e+02   6.2420732e-01   1.9943392e+00
   1.9200000e+02   6.2656320e-01   1.9959568e+00
   1.9300000e+02   6.3256268e-01   1.9999242e+00
   1.9400000e+02   6.4128450e-01   2.0026367e+00
   1.9500000e+02   6.5337950e-01   2.0072535e+00
   1.9600000e+02   6.6639769e-01   2.0102234e+00
   1.9700000e+02   6.7816030e-01   2.0114246e+00
   1.9800000e+02   6.8680145e-01   2.0092781e+00
   1.9900000e+02   6.9483613e-01   2.0060261e+00
   2.0000000e+02   6.9961886e-01   2.0014529e+00
   2.0100000e+02   7.0392233e-01   1.9965054e+00
   2.0200000e+02   7.0809854e-01   1.9923941e+00
   2.0300000e+02   7.1306598e-01   1.9886274e+00
   2.0400000e+02   7.1985238e-01   1.9861814e+00
   2.0500000e+02   7.2857201e-01   1.9854090e+00
   2.0600000e+02   7.3948386e-01   1.9847568e+00
   2.0700000e+02   7.5060904e-01   1.9841441e+00
   2.0800000e+02   7.6326418e-01   1.9839885e+00
   2.0900000e+02   7.7653451e-01   1.9840782e+00
   2.1000000e+02   7.8819420e-01   1.9829072e+00
   2.1100000e+02   7.9560793e-01   1.9806683e+00
   2.1200000e+02   8.0133278e-01   1.9766738e+00
   2.1300000e+02   8.0536881e-01   1.9725159e+00
   2.1400000e+02   8.1081264e-01   1.9682465e+00
   2.1500000e+02   8.1681410e-01   1.9640832e+00
   2.1600000e+02   8.2113637e-01   1.9604817e+00
   2.1700000e+02   8.2331132e-01   1.9560936e+00
   2.1800000e+02   8.2309237e-01   1.9538997e+00
   2.1900000e+02   8.2426640e-01   1.9518806e+00
   2.2000000e+02   8.2583621e-01   1.9490328e+00
   2.2100000e+02   8.3219368e-01   1.9450971e+00
   2.2200000e+02   8.4198187e-01   1.9414996e+00
   2.2300000e+02   8.5403508e-01   1.9387804e+00
   2.2400000e+02   8.6672995e-01   1.9362895e+00
   2.2500000e+02   8.8047847e-01   1.9349638e+00
   2.2600000e+02   8.9670388e-01   1.9342833e+00
   2.2700000e+02   9.1667112e-01   1.9330461e+00
   2.2800000e+02   9.3837978e-01   1.9306525e+00
   2.2900000e+02   9.6076936e-01   1.9306463e+00
   2.3000000e+02   9.8323139e-01   1.9334654e+00
   2.3100000e+02   1.0054954e+00   1.9408565e+00
   2.3200000e+02   1.0270972e+00   1.9492743e+00
   2.3300000e+02   1.0489389e+00   1.9586419e+00
   2.3400000e+02   1.0703749e+00   1.9677405e+00
   2.3500000e+02   1.0921665e+00   1.9755428e+00
   2.3600000e+02   1.1136826e+00   1.9837932e+00
   2.3700000e+02   1.1306950e+00   1.9941053e+00
   2.3800000e+02   1.1453151e+00   2.0045024e+00
   2.3900000e+02   1.1620516e+00   2.0144107e+00
   2.4000000e+02   1.1809125e+00   2.0198514e+00
   2.4100000e+02   1.2029294e+00   2.0184037e+00
   2.4200000e+02   1.2298367e+00   2.0100472e+00
   2.4300000e+02   1.2583367e+00   1.9986546e+00
   2.4400000e+02   1.2845990e+00   1.9888365e+00
   2.4500000e+02   1.3091415e+00   1.9800683e+00
   2.4600000e+02   1.3360661e+00   1.9721147e+00
   2.4700000e+02   1.3616754e+00   1.9660523e+00
   2.4800000e+02   1.3846122e+00   1.9613786e+00
   2.4900000e+02   1.4029331e+00   1.9596269e+00
   2.5000000e+02   1.4202053e+00   1.9603779e+00
   2.5100000e+02   1.4385571e+00   1.9612436e+00
   2.5200000e+02   1.4584428e+00   1.9633256e+00
   2.5300000e+02   1.4774298e+00   1.9673695e+00
   2.5400000e+02   1.4963523e+00   1.9728401e+00
   2.5500000e+02   1.5186404e+00   1.9780916e+00
   2.5600000e+02   1.5422234e+00   1.9823925e+00
   2.5700000e+02   1.5634116e+00   1.9862024e+00
   2.5800000e+02   1.5873653e+00   1.9918717e+00
   2.5900000e+02   1.6091775e+00   1.9962685e+00
   2.6000000e+02   1.6326176e+00   1.9982469e+00
   2.6100000e+02   1.6555569e+00   1.9961621e+00
   2.6200000e+02   1.6822371e+00   1.9920261e+00
   2.6300000e+02   1.7064734e+00   1.9861941e+00
   2.6400000e+02   1.7239547e+00   1.9790920e+00
   2.6500000e+02   1.7343891e+00   1.9694884e+00
   2.6600000e+02   1.7386076e+00   1.9604933e+00
   2.6700000e+02   1.7425294e+00   1.9522393e+00
   2.6800000e+02   1.7467406e+00   1.9452863e+00
   2.6900000e+02   1.7527797e+00   1.9382486e+00
   2.7000000e+02   1.7597607e+00   1.9310377e+00
   2.7100000e+02   1.7668989e+00   1.9234923e+00
   2.7200000e+02   1.7738752e+00   1.9151534e+00
   2.7300000e+02   1.7804646e+00   1.9072092e+00
   2.7400000e+02   1.7870974e+00   1.9000066e+00
   2.7500000e+02   1.7932128e+00   1.8940702e+00
   2.7600000e+02   1.7991138e+00   1.8885427e+00
   2.7700000e+02   1.8028916e+00   1.8844159e+00
   2.7800000e+02   1.8040968e+00   1.8836632e+00
   2.7900000e+02   1.8027143e+00   1.8857350e+00
   2.8000000e+02   1.7984759e+00   1.8889896e+00
   2.8100000e+02   1.7950305e+00   1.8908591e+00
   2.8200000e+02   1.7930536e+00   1.8894136e+00
   2.8300000e+02   1.7921403e+00   1.8869101e+00
   2.8400000e+02   1.7917761e+00   1.8844638e+00
   2.8500000e+02   1.7895947e+00   1.8826128e+00
   2.8600000e+02   1.7853902e+00   1.8819687e+00
   2.8700000e+02   1.7787588e+00   1.8837589e+00
   2.8800000e+02   1.7702114e+00   1.8867890e+00
   2.8900000e+02   1.7606039e+00   1.8901858e+00
   2.9000000e+02   1.7486952e+00   1.8937210e+00
   2.9100000e+02   1.7357299e+00   1.8971947e+00
   2.9200000e+02   1.7206328e+00   1.8992258e+00
   2.9300000e+02   1.7032417e+00   1.9008978e+00
   2.9400000e+02   1.6833446e+00   1.9024956e+00
   2.9500000e+02   1.6624584e+00   1.9040869e+00
   2.9600000e+02   1.6413189e+00   1.9064767e+00
   2.9700000e+02   1.6201859e+00   1.9102059e+00
   2.9800000e+02   1.5999464e+00   1.9150920e+00
   2.9900000e+02   1.5796161e+00   1.9208329e+00
   3.0000000e+02   1.5613121e+00   1.9254515e+00
   3.0100000e+02   1.5443008e+00   1.9284322e+00
   3.0200000e+02   1.5311169e+00   1.9298786e+00
   3.0300000e+02   1.5188054e+00   1.9300374e+00
   3.0400000e+02   1.5063500e+00   1.9299583e+00
   3.0500000e+02   1.4915961e+00   1.9298997e+00
   3.0600000e+02   1.4760947e+00   1.9315858e+00
   3.0700000e+02   1.4547874e+00   1.9332694e+00
   3.0800000e+02   1.4314002e+00   1.9348843e+00
   3.0900000e+02   1.4039208e+00   1.9366270e+00
   3.1000000e+02   1.3753422e+00   1.9392742e+00
   3.1100000e+02   1.3468480e+00   1.9410031e+00
   3.1200000e+02   1.3210414e+00   1.9421134e+00
   3.1300000e+02   1.2964078e+00   1.9389682e+00
   3.1400000e+02   1.2778574e+00   1.9348409e+00
   3.1500000e+02   1.2604213e+00   1.9310734e+00
   3.1600000e+02   1.2464538e+00   1.9270024e+00
   3.1700000e+02   1.2340226e+00   1.9235768e+00
   3.1800000e+02   1.2235843e+00   1.9202499e+00
   3.1900000e+02   1.2141255e+00   1.9169205e+00
   3.2000000e+02   1.2023165e+00   1.9153864e+00
   3.2100000e+02   1.1880262e+00   1.9154389e+00
   3.2200000e+02   1.1718935e+00   1.9173048e+00
   3.2300000e+02   1.1546790e+00   1.9203942e+00
   3.2400000e+02   1.1364888e+00   1.9236103e+00
   3.2500000e+02   1.1296715e+00   1.9319226e+00
   3.2600000e+02   1.1080654e+00   1.9324390e+00
   3.2700000e+02   1.0876243e+00   1.9228009e+00
   3.2800000e+02   1.0472538e+00   1.9240377e+00
   3.2900000e+02   1.0234505e+00   1.9239625e+00
   3.3000000e+02   1.0002617e+00   1.9229033e+00
   3.3100000e+02   9.8089394e-01   1.9228058e+00
   3.3200000e+02   9.6335872e-01   1.9209562e+00
   3.3300000e+02   9.4229791e-01   1.9176342e+00
   3.3400000e+02   9.1860242e-01   1.9131284e+00
   3.3500000e+02   8.8946577e-01   1.9073780e+00
   3.3600000e+02   8.5829091e-01   1.8951665e+00
   3.3700000e+02   8.3758925e-01   1.8831145e+00
   3.3800000e+02   7.8859678e-01   1.8505578e+00
   3.3900000e+02   7.4882606e-01   1.8282343e+00
   3.4000000e+02   7.2259070e-01   1.7969437e+00
   3.4100000e+02   7.1534563e-01   1.7851225e+00
   3.4200000e+02   7.0087201e-01   1.7724285e+00
   3.4300000e+02   6.7085444e-01   1.7669722e+00
   3.4400000e+02   6.4751308e-01   1.7574072e+00
   3.4500000e+02   6.2908296e-01   1.7535275e+00
   3.4600000e+02   6.1119307e-01   1.7533825e+00
   3.4700000e+02   5.9389847e-01   1.7540431e+00
   3.4800000e+02   5.7725298e-01   1.7547685e+00
   3.4900000e+02   5.6952121e-01   1.7542769e+00
   3.5000000e+02   5.4858995e-01   1.7391791e+00
   3.5100000e+02   5.2151018e-01   1.7502382e+00
   3.5200000e+02   5.0416819e-01   1.7504264e+00
   3.5300000e+02   4.9227976e-01   1.7561478e+00
   3.5400000e+02   4.8245686e-01   1.7644201e+00
   3.5500000e+02   4.7182257e-01   1.7731057e+00
   3.5600000e+02   4.5974670e-01   1.7800569e+00
   3.5700000e+02   4.4636061e-01   1.7847410e+00
   3.5800000e+02   4.3150639e-01   1.7870094e+00
   3.5900000e+02   4.1597778e-01   1.7910998e+00
   3.6000000e+02   3.9789655e-01   1.7980109e+00
   3.6100000e+02   3.8381932e-01   1.8003526e+00
   3.6200000e+02   3.6014521e-01   1.8122347e+00
   3.6300000e+02   3.5160322e-01   1.8141137e+00
   3.6400000e+02   3.1604124e-01   1.8281029e+00
   3.6500000e+02   2.9172475e-01   1.8340869e+00
   3.6600000e+02   2.6544259e-01   1.8314788e+00
   3.6700000e+02   2.3796581e-01   1.8339873e+00
   3.6800000e+02   2.1234586e-01   1.8313654e+00
   3.6900000e+02   1.9023174e-01   1.8277413e+00
   3.7000000e+02   1.6616805e-01   1.8206881e+00
   3.7100000e+02   1.3989434e-01   1.8170707e+00
   3.7200000e+02   1.1363780e-01   1.8090066e+00
   3.7300000e+02   9.3415106e-02   1.8006971e+00
   3.7400000e+02   4.9630874e-02   1.7990132e+00
   3.7500000e+02   1.9281648e-02   1.7980434e+00
   3.7600000e+02  -7.0101912e-03   1.8023631e+00
   3.7700000e+02  -2.9838147e-02   1.8046409e+00
   3.7800000e+02  -4.7799546e-02   1.8034451e+00
   3.7900000e+02  -6.3781815e-02   1.8021306e+00
   3.8000000e+02  -7.9526428e-02   1.7991380e+00
   3.8100000e+02  -9.6243952e-02   1.7927092e+00
   3.8200000e+02  -1.1265316e-01   1.7809556e+00
   3.8300000e+02  -1.2861132e-01   1.7687856e+00
   3.8400000e+02  -1.4187636e-01   1.7605525e+00
   3.8500000e+02  -1.5495816e-01   1.7554292e+00
   3.8600000e+02  -1.6731085e-01   1.7534910e+00
   3.8700000e+02  -1.8021270e-01   1.7515829e+00
   3.8800000e+02  -1.9112061e-01   1.7493408e+00
   3.8900000e+02  -2.0163167e-01   1.7450340e+00
   3.9000000e+02  -2.0944628e-01   1.7383691e+00
   3.9100000e+02  -2.1458389e-01   1.7289807e+00
   3.9200000e+02  -2.1611498e-01   1.7185245e+00
   3.9300000e+02  -2.1609853e-01   1.7084246e+00
   3.9400000e+02  -2.1342301e-01   1.7008753e+00
   3.9500000e+02  -2.1048879e-01   1.6962781e+00
   3.9600000e+02  -2.0753649e-01   1.6941653e+00
   3.9700000e+02  -2.0070239e-01   1.6948692e+00
   3.9800000e+02  -1.9402474e-01   1.6990786e+00
   3.9900000e+02  -1.8384152e-01   1.7068791e+00
   4.0000000e+02  -1.7056055e-01   1.7131516e+00
   4.0100000e+02  -1.5654001e-01   1.7187187e+00
   4.0200000e+02  -1.4405817e-01   1.7208225e+00
   4.0300000e+02  -1.3130885e-01   1.7180736e+00
   4.0400000e+02  -1.1685591e-01   1.7109368e+00
   4.0500000e+02  -1.0225276e-01   1.6997142e+00
   4.0600000e+02  -8.6736910e-02   1.6864434e+00
   4.0700000e+02  -7.0395475e-02   1.6718838e+00
   4.0800000e+02  -5.4641868e-02   1.6569194e+00
   4.0900000e+02  -3.9415842e-02   1.6430028e+00
   4.1000000e+02  -2.6300806e-02   1.6279473e+00
   4.1100000e+02  -1.6062190e-02   1.6113679e+00
   4.1200000e+02  -8.8189673e-03   1.5960228e+00
   4.1300000e+02  -2.6988757e-03   1.5808094e+00
   4.1400000e+02   4.2560699e-03   1.5672348e+00
   4.1500000e+02   1.1110438e-02   1.5551187e+00
   4.1600000e+02   1.8897328e-02   1.5456959e+00
   4.1700000e+02   2.7466449e-02   1.5376716e+00
   4.1800000e+02   3.3698575e-02   1.5295103e+00
   4.1900000e+02   3.8395406e-02   1.5200643e+00
   4.2000000e+02   4.0681531e-02   1.5092040e+00
   4.2100000e+02   4.1903087e-02   1.4968209e+00
   4.2200000e+02   4.6218694e-02   1.4854493e+00
   4.2300000e+02   5.1697508e-02   1.4728868e+00
   4.2400000e+02   5.9549876e-02   1.4630841e+00
   4.2500000e+02   6.9249410e-02   1.4559047e+00
   4.2600000e+02   8.0602189e-02   1.4509425e+00
   4.2700000e+02   9.2350471e-02   1.4486645e+00
   4.2800000e+02   1.0296766e-01   1.4471102e+00
   4.2900000e+02   1.1234223e-01   1.4465358e+00
   4.3000000e+02   1.2065182e-01   1.4461452e+00
   4.3100000e+02   1.2889724e-01   1.4447582e+00
   4.3200000e+02   1.3567785e-01   1.4420291e+00
   4.3300000e+02   1.4264589e-01   1.4374653e+00
   4.3400000e+02   1.5078857e-01   1.4395228e+00
   4.3500000e+02   1.5547579e-01   1.4437622e+00
   4.3600000e+02   1.6446293e-01   1.4500331e+00
   4.3700000e+02   1.7545693e-01   1.4542474e+00
   4.3800000e+02   1.8658822e-01   1.4585277e+00
   4.3900000e+02   1.9458118e-01   1.4614006e+00
   4.4000000e+02   2.0397028e-01   1.4660787e+00
   4.4100000e+02   2.0977683e-01   1.4691991e+00
   4.4200000e+02   2.1790212e-01   1.4740235e+00
   4.4300000e+02   2.2480321e-01   1.4770666e+00
   4.4400000e+02   2.3392883e-01   1.4808161e+00
   4.4500000e+02   2.4419169e-01   1.4835131e+00
   4.4600000e+02   2.5183449e-01   1.4857718e+00
   4.4700000e+02   2.6089704e-01   1.4882179e+00
   4.4800000e+02   2.6881552e-01   1.4914575e+00
   4.4900000e+02   2.7623957e-01   1.4968117e+00
   4.5000000e+02   2.8102650e-01   1.5015275e+00
   4.5100000e+02   2.8627874e-01   1.5063153e+00
   4.5200000e+02   2.9249486e-01   1.5107129e+00
   4.5300000e+02   2.9872654e-01   1.5144288e+00
   4.5400000e+02   3.0453525e-01   1.5183495e+00
   4.5500000e+02   3.0948767e-01   1.5215859e+00
   4.5600000e+02   3.1344349e-01   1.5246391e+00
   4.5700000e+02   3.1676727e-01   1.5269733e+00
   4.5800000e+02   3.1841197e-01   1.5296738e+00
   4.5900000e+02   3.2161799e-01   1.5329832e+00
   4.6000000e+02   3.2522053e-01   1.5352976e+00
   4.6100000e+02   3.2901162e-01   1.5370267e+00
   4.6200000e+02   3.3314790e-01   1.5381912e+00
   4.6300000e+02   3.3689867e-01   1.5395696e+00
   4.6400000e+02   3.4123883e-01   1.5398583e+00
   4.6500000e+02   3.4507020e-01   1.5398356e+00
   4.6600000e+02   3.4941664e-01   1.5400790e+00
   4.6700000e+02   3.5390022e-01   1.5404443e+00
   4.6800000e+02   3.5900739e-01   1.5410681e+00
   4.6900000e+02   3.6441077e-01   1.5433052e+00
   4.7000000e+02   3.7141969e-01   1.5464430e+00
   4.7100000e+02   3.7863770e-01   1.5510767e+00
   4.7200000e+02   3.8629692e-01   1.5570361e+00
   4.7300000e+02   3.9421163e-01   1.5619360e+00
   4.7400000e+02   4.0200370e-01   1.5658021e+00
   4.7500000e+02   4.0856318e-01   1.5673375e+00
   4.7600000e+02   4.1506273e-01   1.5688248e+00
   4.7700000e+02   4.2048152e-01   1.5683289e+00
   4.7800000e+02   4.2583129e-01   1.5676884e+00
   4.7900000e+02   4.3088887e-01   1.5671986e+00
   4.8000000e+02   4.3588952e-01   1.5664424e+00
   4.8100000e+02   4.4014590e-01   1.5656307e+00
   4.8200000e+02   4.4327221e-01   1.5612056e+00
   4.8300000e+02   4.4773199e-01   1.5548379e+00
   4.8400000e+02   4.5139693e-01   1.5471713e+00
   4.8500000e+02   4.5759367e-01   1.5383786e+00
   4.8600000e+02   4.6512522e-01   1.5295543e+00
   4.8700000e+02   4.7506343e-01   1.5213527e+00
   4.8800000e+02   4.8822586e-01   1.5119692e+00
   4.8900000e+02   5.0425368e-01   1.5012364e+00
   4.9000000e+02   5.2339218e-01   1.4901515e+00
   4.9100000e+02   5.4407227e-01   1.4758008e+00
   4.9200000e+02   5.6550385e-01   1.4595933e+00
   4.9300000e+02   5.8622765e-01   1.4424076e+00
   4.9400000e+02   6.0683408e-01   1.4310003e+00
   4.9500000e+02   6.2664013e-01   1.4220894e+00
   4.9600000e+02   6.4468030e-01   1.4151525e+00
   4.9700000e+02   6.6182508e-01   1.4088887e+00
   4.9800000e+02   6.7581777e-01   1.4021587e+00
   4.9900000e+02   6.8906951e-01   1.3945074e+00
   5.0000000e+02   7.0081658e-01   1.3849932e+00
   5.0100000e+02   7.1380085e-01   1.3738260e+00
   5.0200000e+02   7.2818443e-01   1.3615052e+00
   5.0300000e+02   7.4290537e-01   1.3470453e+00
   5.0400000e+02   7.6060225e-01   1.3343430e+00
   5.0500000e+02   7.8134164e-01   1.3260986e+00
   5.0600000e+02   8.0294692e-01   1.3278477e+00
   5.0700000e+02   8.3248649e-01   1.3265565e+00
   5.0800000e+02   8.5163127e-01   1.3279479e+00
   5.0900000e+02   8.7154819e-01   1.3271230e+00
   5.1000000e+02   8.9158673e-01   1.3204095e+00
   5.1100000e+02   9.1040889e-01   1.3094641e+00
   5.1200000e+02   9.3657246e-01   1.3038287e+00
   5.1300000e+02   9.5390544e-01   1.3018675e+00
   5.1400000e+02   9.7288491e-01   1.2879378e+00
   5.1500000e+02   9.9369209e-01   1.2875475e+00
   5.1600000e+02   1.0117054e+00   1.2884370e+00
   5.1700000e+02   1.0367735e+00   1.2957539e+00
   5.1800000e+02   1.0345372e+00   1.3160667e+00
   5.1900000e+02   1.0653599e+00   1.3124815e+00
   5.2000000e+02   1.0801144e+00   1.3201165e+00
   5.2100000e+02   1.1000099e+00   1.3176281e+00
   5.2200000e+02   1.1180278e+00   1.3173592e+00
   5.2300000e+02   1.1354163e+00   1.3225411e+00
   5.2400000e+02   1.1515682e+00   1.3276101e+00
   5.2500000e+02   1.1697535e+00   1.3334438e+00
   5.2600000e+02   1.1861533e+00   1.3380776e+00
   5.2700000e+02   1.2007231e+00   1.3420934e+00
   5.2800000e+02   1.2138356e+00   1.3459229e+00
   5.2900000e+02   1.2267297e+00   1.3494083e+00
   5.3000000e+02   1.2404295e+00   1.3500348e+00
   5.3100000e+02   1.2557319e+00   1.3468840e+00
   5.3200000e+02   1.2712077e+00   1.3436529e+00
   5.3300000e+02   1.2840662e+00   1.3417988e+00
   5.3400000e+02   1.2940281e+00   1.3426123e+00
   5.3500000e+02   1.3014525e+00   1.3470267e+00
   5.3600000e+02   1.3078384e+00   1.3522463e+00
   5.3700000e+02   1.3120565e+00   1.3555821e+00
   5.3800000e+02   1.3158744e+00   1.3551176e+00
   5.3900000e+02   1.3214831e+00   1.3553958e+00
   5.4000000e+02   1.3299012e+00   1.3579832e+00
   5.4100000e+02   1.3413594e+00   1.3641208e+00
   5.4200000e+02   1.3516920e+00   1.3686167e+00
   5.4300000e+02   1.3596898e+00   1.3714951e+00
   5.4400000e+02   1.3676890e+00   1.3754939e+00
   5.4500000e+02   1.3774587e+00   1.3810671e+00
   5.4600000e+02   1.3888628e+00   1.3875207e+00
   5.4700000e+02   1.4006777e+00   1.3943145e+00
   5.4800000e+02   1.4109090e+00   1.4002001e+00
   5.4900000e+02   1.4175048e+00   1.4052326e+00
   5.5000000e+02   1.4204129e+00   1.4088530e+00
   5.5100000e+02   1.4202964e+00   1.4107141e+00
   5.5200000e+02   1.4187885e+00   1.4117201e+00
   5.5300000e+02   1.4173761e+00   1.4118871e+00
   5.5400000e+02   1.4166857e+00   1.4118026e+00
   5.5500000e+02   1.4173994e+00   1.4111573e+00
   5.5600000e+02   1.4184260e+00   1.4103190e+00
   5.5700000e+02   1.4200849e+00   1.4089704e+00
   5.5800000e+02   1.4234763e+00   1.4080943e+00
   5.5900000e+02   1.4292986e+00   1.4073224e+00
   5.6000000e+02   1.4362429e+00   1.4084329e+00
   5.6100000e+02   1.4434207e+00   1.4109602e+00
   5.6200000e+02   1.4492918e+00   1.4143633e+00
   5.6300000e+02   1.4523853e+00   1.4194923e+00
   5.6400000e+02   1.4519083e+00   1.4251663e+00
   5.6500000e+02   1.4485830e+00   1.4307438e+00
   5.6600000e+02   1.4414675e+00   1.4343977e+00
   5.6700000e+02   1.4303097e+00   1.4379317e+00
   5.6800000e+02   1.4165933e+00   1.4400900e+00
   5.6900000e+02   1.3995314e+00   1.4412999e+00
   5.7000000e+02   1.3794431e+00   1.4408086e+00
   5.7100000e+02   1.3565715e+00   1.4404531e+00
   5.7200000e+02   1.3327904e+00   1.4385694e+00
   5.7300000e+02   1.3088522e+00   1.4360038e+00
   5.7400000e+02   1.2865506e+00   1.4321810e+00
   5.7500000e+02   1.2664137e+00   1.4265515e+00
   5.7600000e+02   1.2489387e+00   1.4206933e+00
   5.7700000e+02   1.2337031e+00   1.4132920e+00
   5.7800000e+02   1.2208640e+00   1.4068206e+00
   5.7900000e+02   1.2106820e+00   1.3998163e+00
   5.8000000e+02   1.2036148e+00   1.3946393e+00
   5.8100000e+02   1.1966841e+00   1.3896074e+00
   5.8200000e+02   1.1882131e+00   1.3862391e+00
   5.8300000e+02   1.1779438e+00   1.3836974e+00
   5.8400000e+02   1.1655075e+00   1.3779549e+00
   5.8500000e+02   1.1541954e+00   1.3701155e+00
   5.8600000e+02   1.1434684e+00   1.3599672e+00
   5.8700000e+02   1.1330674e+00   1.3507544e+00
   5.8800000e+02   1.1216900e+00   1.3421672e+00
   5.8900000e+02   1.1079762e+00   1.3324845e+00
   5.9000000e+02   1.0939023e+00   1.3253229e+00
   5.9100000e+02   1.0777091e+00   1.3169143e+00
   5.9200000e+02   1.0610051e+00   1.3073697e+00
   5.9300000e+02   1.0453593e+00   1.2960975e+00
   5.9400000e+02   1.0334145e+00   1.2837932e+00
   5.9500000e+02   1.0262027e+00   1.2719283e+00
   5.9600000e+02   1.0228955e+00   1.2600527e+00
   5.9700000e+02   1.0210940e+00   1.2484684e+00
   5.9800000e+02   1.0193425e+00   1.2361409e+00
   5.9900000e+02   1.0156980e+00   1.2240192e+00
   6.0000000e+02   1.0114290e+00   1.2142676e+00
   6.0100000e+02   1.0067850e+00   1.2066288e+00
   6.0200000e+02   1.0028965e+00   1.2044786e+00
   6.0300000e+02   9.9997998e-01   1.2049500e+00
   6.0400000e+02   9.9675981e-01   1.2069552e+00
   6.0500000e+02   9.9241868e-01   1.2111102e+00
   6.0600000e+02   9.8512840e-01   1.2164825e+00
   6.0700000e+02   9.7534517e-01   1.2233106e+00
   6.0800000e+02   9.6269216e-01   1.2301346e+00
   6.0900000e+02   9.4890820e-01   1.2355366e+00
   6.1000000e+02   9.3403176e-01   1.2406409e+00
   6.1100000e+02   9.1891965e-01   1.2463861e+00
   6.1200000e+02   9.0339455e-01   1.2528360e+00
   6.1300000e+02   8.8785608e-01   1.2610298e+00
   6.1400000e+02   8.7063442e-01   1.2709766e+00
   6.1500000e+02   8.5248218e-01   1.2809615e+00
   6.1600000e+02   8.3359357e-01   1.2890504e+00
   6.1700000e+02   8.1489070e-01   1.2967497e+00
   6.1800000e+02   7.9735972e-01   1.3027887e+00
   6.1900000e+02   7.8014825e-01   1.3081794e+00
   6.2000000e+02   7.6411564e-01   1.3127288e+00
   6.2100000e+02   7.5218444e-01   1.3176223e+00
   6.2200000e+02   7.4314043e-01   1.3248418e+00
   6.2300000e+02   7.3527086e-01   1.3325258e+00
   6.2400000e+02   7.2736522e-01   1.3390656e+00
   6.2500000e+02   7.1917277e-01   1.3432810e+00
   6.2600000e+02   7.0914109e-01   1.3477055e+00
   6.2700000e+02   6.9854157e-01   1.3498802e+00
   6.2800000e+02   6.8876628e-01   1.3527273e+00
   6.2900000e+02   6.8250810e-01   1.3552881e+00
   6.3000000e+02   6.8001374e-01   1.3597307e+00
   6.3100000e+02   6.7928132e-01   1.3664758e+00
   6.3200000e+02   6.7778422e-01   1.3754770e+00
   6.3300000e+02   6.7345394e-01   1.3868181e+00
   6.3400000e+02   6.6588078e-01   1.3968479e+00
   6.3500000e+02   6.5701563e-01   1.4057990e+00
   6.3600000e+02   6.4979777e-01   1.4141486e+00
   6.3700000e+02   6.4455544e-01   1.4222824e+00
   6.3800000e+02   6.4189235e-01   1.4328071e+00
   6.3900000e+02   6.4068011e-01   1.4430627e+00
   6.4000000e+02   6.3903940e-01   1.4518868e+00
   6.4100000e+02   6.3609518e-01   1.4597550e+00
   6.4200000e+02   6.3433035e-01   1.4665986e+00
   6.4300000e+02   6.3372630e-01   1.4742498e+00
   6.4400000e+02   6.3291457e-01   1.4830036e+00
   6.4500000e+02   6.3125259e-01   1.4921842e+00
   6.4600000e+02   6.2775221e-01   1.5008493e+00
   6.4700000e+02   6.2094818e-01   1.5082241e+00
   6.4800000e+02   6.0932582e-01   1.5119284e+00
   6.4900000e+02   5.9682790e-01   1.5139444e+00
   6.5000000e+02   5.8391302e-01   1.5128503e+00
   6.5100000e+02   5.7240709e-01   1.5107912e+00
   6.5200000e+02   5.6503057e-01   1.5092772e+00
   6.5300000e+02   5.5937304e-01   1.5059998e+00
   6.5400000e+02   5.5577492e-01   1.5013490e+00
   6.5500000e+02   5.5243384e-01   1.4962161e+00
   6.5600000e+02   5.5085200e-01   1.4912671e+00
   6.5700000e+02   5.5117120e-01   1.4864776e+00
   6.5800000e+02   5.5197384e-01   1.4810339e+00
   6.5900000e+02   5.5286510e-01   1.4762091e+00
   6.6000000e+02   5.5364736e-01   1.4719219e+00
   6.6100000e+02   5.5417073e-01   1.4687013e+00
   6.6200000e+02   5.5280639e-01   1.4673439e+00
   6.6300000e+02   5.5159301e-01   1.4676417e+00
   6.6400000e+02   5.5063354e-01   1.4691954e+00
   6.6500000e+02   5.5059030e-01   1.4720737e+00
   6.6600000e+02   5.5102211e-01   1.4770420e+00
   6.6700000e+02   5.5227335e-01   1.4837552e+00
   6.6800000e+02   5.5306252e-01   1.4911132e+00
   6.6900000e+02   5.5441003e-01   1.4986092e+00
   6.7000000e+02   5.5509380e-01   1.5061491e+00
   6.7100000e+02   5.5549208e-01   1.5123248e+00
   6.7200000e+02   5.5581720e-01   1.5175923e+00
   6.7300000e+02   5.5711998e-01   1.5230668e+00
   6.7400000e+02   5.5651464e-01   1.5256996e+00
   6.7500000e+02   5.5493522e-01   1.5274791e+00
   6.7600000e+02   5.5373016e-01   1.5290369e+00
   6.7700000e+02   5.5315700e-01   1.5287843e+00
   6.7800000e+02   5.5529731e-01   1.5275029e+00
   6.7900000e+02   5.5932947e-01   1.5266524e+00
   6.8000000e+02   5.6475176e-01   1.5254770e+00
   6.8100000e+02   5.6972077e-01   1.5234345e+00
   6.8200000e+02   5.7509109e-01   1.5198690e+00
   6.8300000e+02   5.7955425e-01   1.5149847e+00
   6.8400000e+02   5.8270663e-01   1.5095453e+00
   6.8500000e+02   5.8456810e-01   1.5031082e+00
   6.8600000e+02   5.8545977e-01   1.4960722e+00
   6.8700000e+02   5.8469138e-01   1.4890223e+00
   6.8800000e+02   5.8459647e-01   1.4818014e+00
   6.8900000e+02   5.8487721e-01   1.4749837e+00
   6.9000000e+02   5.8659957e-01   1.4681961e+00
   6.9100000e+02   5.8986585e-01   1.4619084e+00
   6.9200000e+02   5.9578609e-01   1.4557729e+00
   6.9300000e+02   6.0285077e-01   1.4501690e+00
   6.9400000e+02   6.1104351e-01   1.4451210e+00
   6.9500000e+02   6.1901551e-01   1.4412253e+00
   6.9600000e+02   6.2624010e-01   1.4380338e+00
   6.9700000e+02   6.3329570e-01   1.4339726e+00
   6.9800000e+02   6.3957803e-01   1.4305072e+00
   6.9900000e+02   6.4505145e-01   1.4269294e+00
   7.0000000e+02   6.4959479e-01   1.4246364e+00
   7.0100000e+02   6.5472550e-01   1.4228189e+00
   7.0200000e+02   6.5963398e-01   1.4214204e+00
   7.0300000e+02   6.6450632e-01   1.4201862e+00
   7.0400000e+02   6.6880302e-01   1.4191801e+00
   7.0500000e+02   6.7170682e-01   1.4193861e+00
   7.0600000e+02   6.7330420e-01   1.4203939e+00
   7.0700000e+02   6.7377950e-01   1.4209359e+00
   7.0800000e+02   6.7331833e-01   1.4211882e+00
   7.0900000e+02   6.7157594e-01   1.4213621e+00
   7.1000000e+02   6.6854945e-01   1.4214111e+00
   7.1100000e+02   6.6462250e-01   1.4215470e+00
   7.1200000e+02   6.6032608e-01   1.4225273e+00
   7.1300000e+02   6.5554287e-01   1.4240055e+00
   7.1400000e+02   6.5125266e-01   1.4265484e+00
   7.1500000e+02   6.4602934e-01   1.4303069e+00
   7.1600000e+02   6.4156263e-01   1.4345359e+00
   7.1700000e+02   6.3764010e-01   1.4386661e+00
   7.1800000e+02   6.3424110e-01   1.4407990e+00
   7.1900000e+02   6.3200075e-01   1.4427904e+00
   7.2000000e+02   6.3068949e-01   1.4431580e+00
   7.2100000e+02   6.3238593e-01   1.4441130e+00
   7.2200000e+02   6.3300791e-01   1.4415477e+00
   7.2300000e+02   6.3371711e-01   1.4379924e+00
   7.2400000e+02   6.3537098e-01   1.4338377e+00
   7.2500000e+02   6.3672352e-01   1.4291407e+00
   7.2600000e+02   6.3649617e-01   1.4233031e+00
   7.2700000e+02   6.3554471e-01   1.4168589e+00
   7.2800000e+02   6.3260181e-01   1.4099844e+00
   7.2900000e+02   6.2777391e-01   1.4022139e+00
   7.3000000e+02   6.2313650e-01   1.3945698e+00
   7.3100000e+02   6.1712162e-01   1.3862008e+00
   7.3200000e+02   6.1088114e-01   1.3786761e+00
   7.3300000e+02   6.0404097e-01   1.3717037e+00
   7.3400000e+02   5.9788587e-01   1.3642738e+00
   7.3500000e+02   5.9213278e-01   1.3568643e+00
   7.3600000e+02   5.8759080e-01   1.3517352e+00
   7.3700000e+02   5.8275401e-01   1.3470902e+00
   7.3800000e+02   5.7805208e-01   1.3422476e+00
   7.3900000e+02   5.7301254e-01   1.3371884e+00
   7.4000000e+02   5.6877919e-01   1.3322109e+00
   7.4100000e+02   5.6575810e-01   1.3272287e+00
   7.4200000e+02   5.6416621e-01   1.3224886e+00
   7.4300000e+02   5.6445829e-01   1.3176704e+00
   7.4400000e+02   5.6647621e-01   1.3115108e+00
   7.4500000e+02   5.6866571e-01   1.3038083e+00
   7.4600000e+02   5.7050526e-01   1.2961450e+00
   7.4700000e+02   5.7254125e-01   1.2885533e+00
   7.4800000e+02   5.7374631e-01   1.2805763e+00
   7.4900000e+02   5.7502901e-01   1.2733180e+00
   7.5000000e+02   5.7557074e-01   1.2659940e+00
   7.5100000e+02   5.7626289e-01   1.2591445e+00
   7.5200000e+02   5.7582121e-01   1.2532617e+00
   7.5300000e+02   5.7436291e-01   1.2468269e+00
   7.5400000e+02   5.7271773e-01   1.2402684e+00
   7.5500000e+02   5.7105027e-01   1.2353162e+00
   7.5600000e+02   5.6883042e-01   1.2320286e+00
   7.5700000e+02   5.6674586e-01   1.2282429e+00
   7.5800000e+02   5.6336636e-01   1.2216219e+00
   7.5900000e+02   5.5979357e-01   1.2151111e+00
   7.6000000e+02   5.5608677e-01   1.2110443e+00
   7.6100000e+02   5.4899494e-01   1.2072565e+00
   7.6200000e+02   5.3977148e-01   1.2029473e+00
   7.6300000e+02   5.2724217e-01   1.1983601e+00
   7.6400000e+02   5.1132902e-01   1.1947227e+00
   7.6500000e+02   4.9247457e-01   1.1917430e+00
   7.6600000e+02   4.7210955e-01   1.1871266e+00
   7.6700000e+02   4.5419245e-01   1.1808190e+00
   7.6800000e+02   4.4418688e-01   1.1735074e+00
   7.6900000e+02   4.3688589e-01   1.1712211e+00
   7.7000000e+02   4.4095367e-01   1.1521003e+00
   7.7100000e+02   4.4578368e-01   1.1382201e+00
   7.7200000e+02   4.5128258e-01   1.1238143e+00
   7.7300000e+02   4.6011854e-01   1.1070117e+00
   7.7400000e+02   4.6823686e-01   1.0919987e+00
   7.7500000e+02   4.7336937e-01   1.0791840e+00
   7.7600000e+02   4.7409072e-01   1.0659952e+00
   7.7700000e+02   4.7552894e-01   1.0660392e+00
   7.7800000e+02   4.7497641e-01   1.0599972e+00
   7.7900000e+02   4.7482013e-01   1.0588949e+00
   7.8000000e+02   4.7586355e-01   1.0571270e+00
   7.8100000e+02   4.8058774e-01   1.0533926e+00
   7.8200000e+02   4.8522404e-01   1.0522215e+00
   7.8300000e+02   4.9685359e-01   1.0456968e+00
   7.8400000e+02   4.9064121e-01   1.0308080e+00
   7.8500000e+02   5.0352816e-01   1.0301939e+00
   7.8600000e+02   5.0496607e-01   1.0410895e+00
   7.8700000e+02   5.0696967e-01   1.0375602e+00
   7.8800000e+02   5.0686993e-01   1.0251832e+00
   7.8900000e+02   5.0585094e-01   1.0285266e+00
   7.9000000e+02   5.0262248e-01   1.0245685e+00
   7.9100000e+02   4.9744148e-01   1.0214819e+00
   7.9200000e+02   4.9474784e-01   1.0153416e+00
   7.9300000e+02   4.9244995e-01   1.0043604e+00
   7.9400000e+02   4.8323158e-01   1.0042522e+00
   7.9500000e+02   4.6779597e-01   9.8250385e-01
   7.9600000e+02   4.6736811e-01   9.9889362e-01
   7.9700000e+02   4.5587632e-01   1.0012621e+00
   7.9800000e+02   4.5037945e-01   9.9976816e-01
   7.9900000e+02   4.4801120e-01   9.9912618e-01
   8.0000000e+02   4.4687256e-01   1.0009225e+00
   8.0100000e+02   4.4640879e-01   1.0018741e+00
   8.0200000e+02   4.4581661e-01   1.0028894e+00
   8.0300000e+02   4.4705798e-01   1.0047230e+00
   8.0400000e+02   4.4742551e-01   1.0080470e+00
   8.0500000e+02   4.5677713e-01   1.0021156e+00
   8.0600000e+02   4.5678785e-01   1.0042194e+00
   8.0700000e+02   4.5175694e-01   1.0110334e+00
   8.0800000e+02   4.5163528e-01   1.0129679e+00
   8.0900000e+02   4.5106669e-01   1.0165051e+00
   8.1000000e+02   4.5059156e-01   1.0193680e+00
   8.1100000e+02   4.5007277e-01   1.0214436e+00
   8.1200000e+02   4.5203067e-01   1.0196945e+00
   8.1300000e+02   4.4663087e-01   1.0250224e+00
   8.1400000e+02   4.4377308e-01   1.0263515e+00
   8.1500000e+02   4.3705785e-01   1.0311101e+00
   8.1600000e+02   4.3143491e-01   1.0346862e+00
   8.1700000e+02   4.2906120e-01   1.0332555e+00
   8.1800000e+02   4.2615065e-01   1.0316793e+00
   8.1900000e+02   4.2153979e-01   1.0300912e+00
   8.2000000e+02   4.1567310e-01   1.0280732e+00
   8.2100000e+02   4.0942603e-01   1.0270952e+00
   8.2200000e+02   4.0532471e-01   1.0193524e+00
   8.2300000e+02   3.9840031e-01   1.0243763e+00
   8.2400000e+02   3.9682882e-01   1.0241721e+00
   8.2500000e+02   4.0483590e-01   1.0193593e+00
   8.2600000e+02   4.0296112e-01   1.0191331e+00
   8.2700000e+02   4.0387841e-01   1.0182748e+00
   8.2800000e+02   4.0530558e-01   1.0158125e+00
   8.2900000e+02   4.0716165e-01   1.0131437e+00
   8.3000000e+02   4.0785073e-01   1.0101190e+00
   8.3100000e+02   4.1043220e-01   1.0044990e+00
   8.3200000e+02   4.1258424e-01   9.9948683e-01
   8.3300000e+02   4.1566470e-01   9.9355968e-01
   8.3400000e+02   4.1969165e-01   9.8913400e-01
   8.3500000e+02   4.2317263e-01   1.0124319e+00
   8.3600000e+02   4.2153599e-01   9.7986015e-01
   8.3700000e+02   4.2443661e-01   9.7677508e-01
   8.3800000e+02   4.2739921e-01   9.7593460e-01
   8.3900000e+02   4.2976499e-01   9.7622001e-01
   8.4000000e+02   4.3272010e-01   9.8131433e-01
   8.4100000e+02   4.3354611e-01   9.8033763e-01
   8.4200000e+02   4.2949805e-01   9.9027676e-01
   8.4300000e+02   4.3208979e-01   9.7958025e-01
   8.4400000e+02   4.3279078e-01   9.7849041e-01
   8.4500000e+02   4.3540917e-01   9.7926807e-01
   8.4600000e+02   4.3912461e-01   9.7869650e-01
   8.4700000e+02   4.4592185e-01   9.8624814e-01
   8.4800000e+02   4.4849705e-01   9.7822783e-01
   8.4900000e+02   4.5300429e-01   9.7959847e-01
   8.5000000e+02   4.5773457e-01   9.8189827e-01
   8.5100000e+02   4.6230736e-01   9.8099648e-01
   8.5200000e+02   4.6559956e-01   9.8039065e-01
   8.5300000e+02   4.6886920e-01   9.7911357e-01
   8.5400000e+02   4.7217180e-01   9.7528427e-01
   8.5500000e+02   4.7578256e-01   9.7081893e-01
   8.5600000e+02   4.7923560e-01   9.6612977e-01
   8.5700000e+02   4.8057339e-01   9.6084321e-01
   8.5800000e+02   4.8282290e-01   9.5705586e-01
   8.5900000e+02   4.8602350e-01   9.5472849e-01
   8.6000000e+02   4.8989447e-01   9.5444111e-01
   8.6100000e+02   4.9603151e-01   9.5513738e-01
   8.6200000e+02   5.0247269e-01   9.5447311e-01
   8.6300000e+02   5.1151909e-01   9.5405485e-01
   8.6400000e+02   5.2020038e-01   9.5318035e-01
   8.6500000e+02   5.2912790e-01   9.5322299e-01
   8.6600000e+02   5.3883474e-01   9.5248430e-01
   8.6700000e+02   5.5093684e-01   9.5257089e-01
   8.6800000e+02   5.6496942e-01   9.5125692e-01
   8.6900000e+02   5.7819856e-01   9.5106071e-01
   8.7000000e+02   5.8880040e-01   9.5321003e-01
   8.7100000e+02   5.9745088e-01   9.5724497e-01
   8.7200000e+02   6.0501948e-01   9.6289990e-01
   8.7300000e+02   6.1542446e-01   9.6494608e-01
   8.7400000e+02   6.2845832e-01   9.6499039e-01
   8.7500000e+02   6.4466827e-01   9.6110289e-01
   8.7600000e+02   6.6105993e-01   9.5290939e-01
   8.7700000e+02   6.7584167e-01   9.4613315e-01
   8.7800000e+02   6.8890372e-01   9.4061963e-01
   8.7900000e+02   6.9987740e-01   9.3672512e-01
   8.8000000e+02   7.1103318e-01   9.3462754e-01
   8.8100000e+02   7.2190612e-01   9.3607754e-01
   8.8200000e+02   7.3252152e-01   9.3841071e-01
   8.8300000e+02   7.4087187e-01   9.4095730e-01
   8.8400000e+02   7.4892167e-01   9.4217693e-01
   8.8500000e+02   7.5630278e-01   9.4252659e-01
   8.8600000e+02   7.6228084e-01   9.4102316e-01
   8.8700000e+02   7.6973416e-01   9.3808472e-01
   8.8800000e+02   7.7700461e-01   9.3528574e-01
   8.8900000e+02   7.8475645e-01   9.3122593e-01
   8.9000000e+02   7.8903175e-01   9.2665276e-01
   8.9100000e+02   7.9008728e-01   9.1957517e-01
   8.9200000e+02   7.8716616e-01   9.1332238e-01
   8.9300000e+02   7.8296500e-01   9.0896017e-01
   8.9400000e+02   7.7962538e-01   9.0804867e-01
   8.9500000e+02   7.7790902e-01   9.0950792e-01
   8.9600000e+02   7.7682667e-01   9.1325364e-01
   8.9700000e+02   7.7537979e-01   9.1972240e-01
   8.9800000e+02   7.7365865e-01   9.2793171e-01
   8.9900000e+02   7.7085114e-01   9.3754919e-01
   9.0000000e+02   7.6704901e-01   9.4761843e-01
   9.0100000e+02   7.6361111e-01   9.5646001e-01
   9.0200000e+02   7.5922450e-01   9.6391549e-01
   9.0300000e+02   7.5367732e-01   9.7173557e-01
   9.0400000e+02   7.5061964e-01   9.7897862e-01
   9.0500000e+02   7.4658675e-01   9.8501190e-01
   9.0600000e+02   7.4400650e-01   9.8871710e-01
   9.0700000e+02   7.4189654e-01   9.9080754e-01
   9.0800000e+02   7.4046903e-01   9.9211947e-01
   9.0900000e+02   7.3900837e-01   9.9152047e-01
   9.1000000e+02   7.3674890e-01   9.8933682e-01
   9.1100000e+02   7.3403403e-01   9.8566567e-01
   9.1200000e+02   7.3122618e-01   9.8034381e-01
   9.1300000e+02   7.2704574e-01   9.7256098e-01
   9.1400000e+02   7.2158093e-01   9.6410531e-01
   9.1500000e+02   7.1456859e-01   9.5264658e-01
   9.1600000e+02   7.0612022e-01   9.4073125e-01
   9.1700000e+02   6.9650915e-01   9.2680187e-01
   9.1800000e+02   6.8696903e-01   9.1271600e-01
   9.1900000e+02   6.7930165e-01   8.9959116e-01
   9.2000000e+02   6.7269271e-01   8.8959177e-01
   9.2100000e+02   6.6855207e-01   8.8373795e-01
   9.2200000e+02   6.6444854e-01   8.8037396e-01
   9.2300000e+02   6.6209540e-01   8.7719935e-01
   9.2400000e+02   6.6154526e-01   8.7430181e-01
   9.2500000e+02   6.6673906e-01   8.7657162e-01
   9.2600000e+02   6.6751350e-01   8.7314836e-01
   9.2700000e+02   6.6773888e-01   8.6920867e-01
   9.2800000e+02   6.6933291e-01   8.6604280e-01
   9.2900000e+02   6.7277270e-01   8.6228696e-01
   9.3000000e+02   6.7905855e-01   8.5812828e-01
   9.3100000e+02   6.8941324e-01   8.2330507e-01
   9.3200000e+02   6.9655453e-01   8.5244032e-01
   9.3300000e+02   7.0620431e-01   8.5668191e-01
   9.3400000e+02   7.1620460e-01   8.6674257e-01
   9.3500000e+02   7.1740990e-01   8.6308906e-01
   9.3600000e+02   7.2345992e-01   8.7141799e-01
   9.3700000e+02   7.2548716e-01   8.7532145e-01
   9.3800000e+02   7.2814770e-01   8.8498138e-01
   9.3900000e+02   7.3272677e-01   8.9565432e-01
   9.4000000e+02   7.3422020e-01   9.0529957e-01
   9.4100000e+02   7.3380064e-01   9.1552447e-01
   9.4200000e+02   7.3283576e-01   9.2506692e-01
   9.4300000e+02   7.3055283e-01   9.3361488e-01
   9.4400000e+02   7.2893272e-01   9.3932231e-01
   9.4500000e+02   7.2667634e-01   9.4297251e-01
   9.4600000e+02   7.2259960e-01   9.4547203e-01
   9.4700000e+02   7.2173596e-01   9.4747163e-01
   9.4800000e+02   7.1807168e-01   9.4853441e-01
   9.4900000e+02   7.2018562e-01   9.5888678e-01
   9.5000000e+02   7.1847553e-01   9.5549141e-01
   9.5100000e+02   7.1781135e-01   9.4896971e-01
   9.5200000e+02   7.1086868e-01   9.4263045e-01
   9.5300000e+02   7.0955448e-01   9.3814932e-01
   9.5400000e+02   7.0370460e-01   9.4571189e-01
   9.5500000e+02   7.0197437e-01   9.4621556e-01
   9.5600000e+02   7.0102866e-01   9.4658799e-01
   9.5700000e+02   6.9120972e-01   9.3890314e-01
   9.5800000e+02   6.9873358e-01   9.4395562e-01
   9.5900000e+02   6.9919975e-01   9.4257359e-01
   9.6000000e+02   7.0028175e-01   9.3803779e-01
   9.6100000e+02   7.0013102e-01   9.3190253e-01
   9.6200000e+02   6.9510122e-01   9.2596779e-01
   9.6300000e+02   6.8920591e-01   9.1956775e-01
   9.6400000e+02   6.8199876e-01   9.1360172e-01
   9.6500000e+02   6.7311344e-01   9.0726234e-01
   9.6600000e+02   6.6307324e-01   9.0350822e-01
   9.6700000e+02   6.5022119e-01   9.0025654e-01
   9.6800000e+02   6.3376753e-01   8.9744733e-01
   9.6900000e+02   6.1413510e-01   8.9345838e-01
   9.7000000e+02   5.9353888e-01   9.0198153e-01
   9.7100000e+02   5.7397218e-01   8.7892098e-01
   9.7200000e+02   5.5799343e-01   8.8468225e-01
   9.7300000e+02   5.4581251e-01   8.8044884e-01
   9.7400000e+02   5.3509829e-01   8.8446236e-01
   9.7500000e+02   5.2448922e-01   8.9656713e-01
   9.7600000e+02   5.1263283e-01   8.9620365e-01
   9.7700000e+02   5.0069248e-01   8.8504416e-01
   9.7800000e+02   4.9071791e-01   8.9208900e-01
   9.7900000e+02   4.8270591e-01   8.9110428e-01
   9.8000000e+02   4.7617736e-01   9.0613215e-01
   9.8100000e+02   4.7812688e-01   9.0251512e-01
   9.8200000e+02   4.7426043e-01   8.9277364e-01
   9.8300000e+02   4.7570544e-01   8.9719094e-01
   9.8400000e+02   4.6948884e-01   8.8814638e-01
   9.8500000e+02   4.6024404e-01   9.0237387e-01
   9.8600000e+02   4.4816391e-01   9.0129166e-01
   9.8700000e+02   4.2985567e-01   9.0164840e-01
   9.8800000e+02   4.0839022e-01   9.0168059e-01
   9.8900000e+02   3.9405519e-01   9.0657673e-01
   9.9000000e+02   3.7345904e-01   9.0900889e-01
   9.9100000e+02   3.6323250e-01   9.0397013e-01
   9.9200000e+02   3.4359375e-01   9.1250137e-01
   9.9300000e+02   3.3512597e-01   9.0594586e-01
   9.9400000e+02   3.2246816e-01   9.0851131e-01
   9.9500000e+02   3.0231827e-01   9.2048506e-01
   9.9600000e+02   2.9229861e-01   9.1283965e-01
   9.9700000e+02   2.7928256e-01   9.2360824e-01
   9.9800000e+02   2.6418631e-01   9.2535480e-01
   9.9900000e+02   2.5032946e-01   9.2593874e-01
   1.0000000e+03   2.3923272e-01   9.2527669e-01
   1.0010000e+03   2.3101104e-01   9.2373334e-01
   1.0020000e+03   2.2239104e-01   9.0639950e-01
   1.0030000e+03   2.2280963e-01   9.1602168e-01
   1.0040000e+03   2.2108400e-01   9.1564890e-01
   1.0050000e+03   2.1756979e-01   8.9829599e-01
   1.0060000e+03   2.1452060e-01   8.9660288e-01
   1.0070000e+03   2.1335499e-01   8.9562121e-01
   1.0080000e+03   2.1022390e-01   8.9431382e-01
   1.0090000e+03   2.0675383e-01   8.9403085e-01
   1.0100000e+03   2.0136308e-01   8.9385307e-01
   1.0110000e+03   1.9797814e-01   8.9308734e-01
   1.0120000e+03   1.9363336e-01   8.9073597e-01
   1.0130000e+03   1.9154751e-01   8.8779937e-01
   1.0140000e+03   1.8826372e-01   8.8312743e-01
   1.0150000e+03   1.8522747e-01   8.7942614e-01
   1.0160000e+03   1.8126821e-01   8.7602380e-01
   1.0170000e+03   1.7643156e-01   8.7390678e-01
   1.0180000e+03   1.7222587e-01   8.7372551e-01
   1.0190000e+03   1.6645209e-01   8.7527366e-01
   1.0200000e+03   1.6018043e-01   8.7744392e-01
   1.0210000e+03   1.5454083e-01   8.7941053e-01
   1.0220000e+03   1.4740696e-01   8.8064323e-01
   1.0230000e+03   1.4229265e-01   8.7924904e-01
   1.0240000e+03   1.3773592e-01   8.7487087e-01
   1.0250000e+03   1.3323493e-01   8.6886136e-01
   1.0260000e+03   1.2911845e-01   8.6095046e-01
   1.0270000e+03   1.2518930e-01   8.5401003e-01
   1.0280000e+03   1.2125013e-01   8.4958722e-01
   1.0290000e+03   1.1677787e-01   8.4781156e-01
   1.0300000e+03   1.1243411e-01   8.4731905e-01
   1.0310000e+03   1.0785222e-01   8.4683120e-01
   1.0320000e+03   1.0340670e-01   8.4733744e-01
   1.0330000e+03   9.9905954e-02   8.4646410e-01
   1.0340000e+03   9.6377681e-02   8.4609166e-01
   1.0350000e+03   9.3679815e-02   8.4208469e-01
   1.0360000e+03   8.9923509e-02   8.3644514e-01
   1.0370000e+03   8.6445024e-02   8.2806799e-01
   1.0380000e+03   8.3567980e-02   8.1750465e-01
   1.0390000e+03   8.3639864e-02   8.0642104e-01
   1.0400000e+03   8.6839595e-02   7.9605097e-01
   1.0410000e+03   9.2442039e-02   7.8871872e-01
   1.0420000e+03   9.8245457e-02   7.8497083e-01
   1.0430000e+03   1.0306584e-01   7.8320787e-01
   1.0440000e+03   1.0682112e-01   7.8060949e-01
   1.0450000e+03   1.1154878e-01   7.7678134e-01
   1.0460000e+03   1.1696829e-01   7.7350667e-01
   1.0470000e+03   1.2373034e-01   7.7008785e-01
   1.0480000e+03   1.3035502e-01   7.6717783e-01
   1.0490000e+03   1.3576323e-01   7.6407175e-01
   1.0500000e+03   1.4000028e-01   7.6062718e-01
   1.0510000e+03   1.4211051e-01   7.5630270e-01
   1.0520000e+03   1.4283149e-01   7.4959686e-01
   1.0530000e+03   1.4238616e-01   7.4464696e-01
   1.0540000e+03   1.4205971e-01   7.3731650e-01
   1.0550000e+03   1.4361841e-01   7.2771629e-01
   1.0560000e+03   1.4769312e-01   7.1851490e-01
   1.0570000e+03   1.5267432e-01   7.0991447e-01
   1.0580000e+03   1.5881558e-01   7.0193454e-01
   1.0590000e+03   1.6278265e-01   6.9337961e-01
   1.0600000e+03   1.6622639e-01   6.8502732e-01
   1.0610000e+03   1.6995100e-01   6.7466407e-01
   1.0620000e+03   1.7489543e-01   6.6443674e-01
   1.0630000e+03   1.7973604e-01   6.5247374e-01
   1.0640000e+03   1.8421064e-01   6.3863010e-01
   1.0650000e+03   1.8852205e-01   6.2168739e-01
   1.0660000e+03   1.9280887e-01   6.0396132e-01
   1.0670000e+03   1.9767528e-01   5.8360467e-01
   1.0680000e+03   2.0426605e-01   5.6453260e-01
   1.0690000e+03   2.1413130e-01   5.4764523e-01
   1.0700000e+03   2.1901736e-01   5.3157339e-01
   1.0710000e+03   2.2036174e-01   5.1884090e-01
   1.0720000e+03   2.1696254e-01   5.0842679e-01
   1.0730000e+03   2.1202943e-01   4.9886157e-01
   1.0740000e+03   2.1011562e-01   4.8970612e-01
   1.0750000e+03   2.0766342e-01   4.8316059e-01
   1.0760000e+03   2.0503777e-01   4.7718728e-01
   1.0770000e+03   2.0428191e-01   4.7248634e-01
   1.0780000e+03   2.0726881e-01   4.6960451e-01
   1.0790000e+03   2.1356730e-01   4.6265408e-01
   1.0800000e+03   2.2002552e-01   4.5485770e-01
   1.0810000e+03   2.2648573e-01   4.4435566e-01
   1.0820000e+03   2.2917147e-01   4.3434980e-01
   1.0830000e+03   2.3063986e-01   4.2978338e-01
   1.0840000e+03   2.3278989e-01   4.3106413e-01
   1.0850000e+03   2.3620307e-01   4.3123976e-01
   1.0860000e+03   2.4553009e-01   4.3162639e-01
   1.0870000e+03   2.5349053e-01   4.3076679e-01
   1.0880000e+03   2.6073404e-01   4.2955005e-01
   1.0890000e+03   2.6318314e-01   4.2839458e-01
   1.0900000e+03   2.6711035e-01   4.2948012e-01
   1.0910000e+03   2.6745759e-01   4.3034387e-01
   1.0920000e+03   2.6815516e-01   4.3076000e-01
   1.0930000e+03   2.6616794e-01   4.2836922e-01
   1.0940000e+03   2.5923633e-01   4.2337308e-01
   1.0950000e+03   2.4749404e-01   4.1266756e-01
   1.0960000e+03   2.3316688e-01   3.9494940e-01
   1.0970000e+03   2.2076215e-01   3.7675578e-01
   1.0980000e+03   2.1226610e-01   3.5796923e-01
   1.0990000e+03   2.0431897e-01   3.4073042e-01
   1.1000000e+03   1.9748299e-01   3.2615843e-01
   1.1010000e+03   1.9016376e-01   3.1218178e-01
   1.1020000e+03   1.8309483e-01   2.9886828e-01
   1.1030000e+03   1.8270140e-01   2.7190983e-01
   1.1040000e+03   1.6151056e-01   2.7507738e-01
   1.1050000e+03   1.5248260e-01   2.4748229e-01
   1.1060000e+03   1.2522883e-01   2.5084653e-01
   1.1070000e+03   1.1650100e-01   2.3787292e-01
   1.1080000e+03   1.1443511e-01   2.2184041e-01
   1.1090000e+03   1.1764091e-01   2.0772422e-01
   1.1100000e+03   1.2190109e-01   1.9753698e-01
   1.1110000e+03   1.2909922e-01   1.8543368e-01
   1.1120000e+03   1.3670096e-01   1.7121090e-01
   1.1130000e+03   1.4585559e-01   1.5366289e-01
   1.1140000e+03   1.5826827e-01   1.3394177e-01
   1.1150000e+03   1.6584202e-01   1.1968280e-01
   1.1160000e+03   1.6829469e-01   1.0792019e-01
