   2.2700000e+02  -7.3632895e-01   3.1471941e+00
   2.2800000e+02  -7.2648588e-01   3.1311426e+00
   2.2900000e+02  -7.1566893e-01   3.1192517e+00
   2.3000000e+02  -7.0759186e-01   3.1091138e+00
   2.3100000e+02  -6.9922401e-01   3.1008807e+00
   2.3200000e+02  -6.8922497e-01   3.0935825e+00
   2.3300000e+02  -6.7599200e-01   3.0838903e+00
   2.3400000e+02  -6.6048008e-01   3.0722891e+00
   2.3500000e+02  -6.4280210e-01   3.0587746e+00
   2.3600000e+02  -6.2314821e-01   3.0433015e+00
   2.3700000e+02  -6.0299429e-01   3.0279320e+00
   2.3800000e+02  -5.8379202e-01   3.0151927e+00
   2.3900000e+02  -5.6624794e-01   3.0065375e+00
   2.4000000e+02  -5.5160190e-01   3.0006878e+00
   2.4100000e+02  -5.3549176e-01   2.9955084e+00
   2.4200000e+02  -5.2223403e-01   2.9935262e+00
   2.4300000e+02  -5.0906087e-01   2.9909482e+00
   2.4400000e+02  -4.9536364e-01   2.9880470e+00
   2.4500000e+02  -4.8097519e-01   2.9849977e+00
   2.4600000e+02  -4.6520314e-01   2.9800615e+00
   2.4700000e+02  -4.4827487e-01   2.9736242e+00
   2.4800000e+02  -4.2834543e-01   2.9630353e+00
   2.4900000e+02  -4.0812462e-01   2.9495262e+00
   2.5000000e+02  -3.8881763e-01   2.9336243e+00
   2.5100000e+02  -3.6831160e-01   2.9162220e+00
   2.5200000e+02  -3.4805032e-01   2.8991552e+00
   2.5300000e+02  -3.2728085e-01   2.8840582e+00
   2.5400000e+02  -3.0750422e-01   2.8758235e+00
   2.5500000e+02  -2.8885470e-01   2.8700721e+00
   2.5600000e+02  -2.7359217e-01   2.8703350e+00
   2.5700000e+02  -2.6040470e-01   2.8772220e+00
   2.5800000e+02  -2.4833544e-01   2.8883086e+00
   2.5900000e+02  -2.3598905e-01   2.9025934e+00
   2.6000000e+02  -2.2412224e-01   2.9180119e+00
   2.6100000e+02  -2.1251061e-01   2.9337510e+00
   2.6200000e+02  -2.0173487e-01   2.9508845e+00
   2.6300000e+02  -1.9312683e-01   2.9673225e+00
   2.6400000e+02  -1.8676856e-01   2.9809407e+00
   2.6500000e+02  -1.8306850e-01   2.9934649e+00
   2.6600000e+02  -1.8044571e-01   3.0008758e+00
   2.6700000e+02  -1.7964571e-01   3.0057715e+00
   2.6800000e+02  -1.8117579e-01   3.0095431e+00
   2.6900000e+02  -1.8576177e-01   3.0109275e+00
   2.7000000e+02  -1.9305310e-01   3.0117154e+00
   2.7100000e+02  -2.0106715e-01   3.0129600e+00
   2.7200000e+02  -2.0775185e-01   3.0140591e+00
   2.7300000e+02  -2.1130579e-01   3.0161828e+00
   2.7400000e+02  -2.1168570e-01   3.0200155e+00
   2.7500000e+02  -2.0949372e-01   3.0250504e+00
   2.7600000e+02  -2.0464372e-01   3.0315777e+00
   2.7700000e+02  -1.9754527e-01   3.0384623e+00
   2.7800000e+02  -1.8838742e-01   3.0444131e+00
   2.7900000e+02  -1.7708283e-01   3.0498479e+00
   2.8000000e+02  -1.6216377e-01   3.0540919e+00
   2.8100000e+02  -1.4511067e-01   3.0587684e+00
   2.8200000e+02  -1.2784181e-01   3.0624510e+00
   2.8300000e+02  -1.1186830e-01   3.0641788e+00
   2.8400000e+02  -9.8590201e-02   3.0647234e+00
   2.8500000e+02  -8.7681301e-02   3.0634294e+00
   2.8600000e+02  -7.9202474e-02   3.0624568e+00
   2.8700000e+02  -7.3937842e-02   3.0621545e+00
   2.8800000e+02  -7.1571477e-02   3.0639076e+00
   2.8900000e+02  -7.4312638e-02   3.0652305e+00
   2.9000000e+02  -8.5851884e-02   3.0687636e+00
   2.9100000e+02  -1.0465916e-01   3.0724078e+00
   2.9200000e+02  -1.2940388e-01   3.0760527e+00
   2.9300000e+02  -1.5555041e-01   3.0778793e+00
   2.9400000e+02  -1.8320458e-01   3.0767604e+00
   2.9500000e+02  -2.0914549e-01   3.0708883e+00
   2.9600000e+02  -2.3150721e-01   3.0615507e+00
   2.9700000e+02  -2.4904983e-01   3.0480276e+00
   2.9800000e+02  -2.6196652e-01   3.0328295e+00
   2.9900000e+02  -2.6984347e-01   3.0156283e+00
   3.0000000e+02  -2.7417100e-01   2.9970463e+00
   3.0100000e+02  -2.7400205e-01   2.9774003e+00
   3.0200000e+02  -2.7042344e-01   2.9581944e+00
   3.0300000e+02  -2.6459622e-01   2.9404605e+00
   3.0400000e+02  -2.5864399e-01   2.9252908e+00
   3.0500000e+02  -2.5598976e-01   2.9142539e+00
   3.0600000e+02  -2.5834654e-01   2.9076622e+00
   3.0700000e+02  -2.6500805e-01   2.9036912e+00
   3.0800000e+02  -2.7475304e-01   2.9000380e+00
   3.0900000e+02  -2.8683408e-01   2.8921381e+00
   3.1000000e+02  -3.0064367e-01   2.8781168e+00
   3.1100000e+02  -3.1379908e-01   2.8556196e+00
   3.1200000e+02  -3.2690803e-01   2.8259254e+00
   3.1300000e+02  -3.3720344e-01   2.7920403e+00
   3.1400000e+02  -3.4417679e-01   2.7610401e+00
   3.1500000e+02  -3.4850617e-01   2.7372828e+00
   3.1600000e+02  -3.5067884e-01   2.7172354e+00
   3.1700000e+02  -3.5219332e-01   2.6988365e+00
   3.1800000e+02  -3.5630083e-01   2.6781872e+00
   3.1900000e+02  -3.6596602e-01   2.6561605e+00
   3.2000000e+02  -3.8085889e-01   2.6297044e+00
   3.2100000e+02  -4.0109639e-01   2.6048591e+00
   3.2200000e+02  -4.2589698e-01   2.5830722e+00
   3.2300000e+02  -4.5485602e-01   2.5640627e+00
   3.2400000e+02  -4.8314751e-01   2.5457680e+00
   3.2500000e+02  -5.0868764e-01   2.5262350e+00
   3.2600000e+02  -5.3026909e-01   2.5071836e+00
   3.2700000e+02  -5.4885096e-01   2.4878179e+00
   3.2800000e+02  -5.6730536e-01   2.4700252e+00
   3.2900000e+02  -5.8581770e-01   2.4572268e+00
   3.3000000e+02  -6.0499606e-01   2.4532584e+00
   3.3100000e+02  -6.2645187e-01   2.4546591e+00
   3.3200000e+02  -6.4866430e-01   2.4587817e+00
   3.3300000e+02  -6.7041920e-01   2.4638479e+00
   3.3400000e+02  -6.9278044e-01   2.4681064e+00
   3.3500000e+02  -7.1316978e-01   2.4701622e+00
   3.3600000e+02  -7.3162435e-01   2.4704166e+00
   3.3700000e+02  -7.4813280e-01   2.4713219e+00
   3.3800000e+02  -7.6734928e-01   2.4770207e+00
   3.3900000e+02  -7.8864496e-01   2.4900331e+00
   3.4000000e+02  -8.1381789e-01   2.5055746e+00
   3.4100000e+02  -8.3997326e-01   2.5244241e+00
   3.4200000e+02  -8.6271061e-01   2.5481698e+00
   3.4300000e+02  -8.7922039e-01   2.5726174e+00
   3.4400000e+02  -8.8886962e-01   2.5968966e+00
   3.4500000e+02  -8.9338369e-01   2.6198013e+00
   3.4600000e+02  -8.9402632e-01   2.6438879e+00
   3.4700000e+02  -8.9664119e-01   2.6652420e+00
   3.4800000e+02  -8.9651271e-01   2.6850222e+00
   3.4900000e+02  -8.9224552e-01   2.7054478e+00
   3.5000000e+02  -8.8553290e-01   2.7290322e+00
   3.5100000e+02  -8.7877358e-01   2.7554443e+00
   3.5200000e+02  -8.7718327e-01   2.7875013e+00
   3.5300000e+02  -8.7897006e-01   2.8221988e+00
   3.5400000e+02  -8.8278113e-01   2.8595293e+00
   3.5500000e+02  -8.8940350e-01   2.8978926e+00
   3.5600000e+02  -8.9645319e-01   2.9336965e+00
   3.5700000e+02  -9.0343537e-01   2.9671535e+00
   3.5800000e+02  -9.1101857e-01   2.9942625e+00
   3.5900000e+02  -9.1732911e-01   3.0166910e+00
   3.6000000e+02  -9.2433233e-01   3.0357623e+00
   3.6100000e+02  -9.3279852e-01   3.0523008e+00
   3.6200000e+02  -9.4235338e-01   3.0655161e+00
   3.6300000e+02  -9.5401240e-01   3.0768709e+00
   3.6400000e+02  -9.7101191e-01   3.0854539e+00
   3.6500000e+02  -9.8978871e-01   3.0901112e+00
   3.6600000e+02  -1.0044401e+00   3.0932597e+00
   3.6700000e+02  -1.0148334e+00   3.0962370e+00
   3.6800000e+02  -1.0219031e+00   3.0984562e+00
   3.6900000e+02  -1.0248707e+00   3.1022129e+00
   3.7000000e+02  -1.0257855e+00   3.1091350e+00
   3.7100000e+02  -1.0289861e+00   3.1145327e+00
   3.7200000e+02  -1.0350473e+00   3.1169445e+00
   3.7300000e+02  -1.0454060e+00   3.1125865e+00
   3.7400000e+02  -1.0597629e+00   3.1027593e+00
   3.7500000e+02  -1.0761156e+00   3.0889158e+00
   3.7600000e+02  -1.0916464e+00   3.0720219e+00
   3.7700000e+02  -1.1076960e+00   3.0526864e+00
   3.7800000e+02  -1.1226704e+00   3.0317530e+00
   3.7900000e+02  -1.1382021e+00   3.0081897e+00
   3.8000000e+02  -1.1519677e+00   2.9846193e+00
   3.8100000e+02  -1.1644362e+00   2.9584750e+00
   3.8200000e+02  -1.1740447e+00   2.9315714e+00
   3.8300000e+02  -1.1831388e+00   2.9055195e+00
   3.8400000e+02  -1.1910198e+00   2.8886347e+00
   3.8500000e+02  -1.2008108e+00   2.8837961e+00
   3.8600000e+02  -1.2106230e+00   2.8902202e+00
   3.8700000e+02  -1.2207886e+00   2.9046434e+00
   3.8800000e+02  -1.2301901e+00   2.9238273e+00
   3.8900000e+02  -1.2362428e+00   2.9454407e+00
   3.9000000e+02  -1.2387091e+00   2.9689167e+00
   3.9100000e+02  -1.2374654e+00   2.9946147e+00
   3.9200000e+02  -1.2346176e+00   3.0201596e+00
   3.9300000e+02  -1.2292715e+00   3.0459079e+00
   3.9400000e+02  -1.2230898e+00   3.0692807e+00
   3.9500000e+02  -1.2158200e+00   3.0895819e+00
   3.9600000e+02  -1.2077321e+00   3.1052059e+00
   3.9700000e+02  -1.1986312e+00   3.1157241e+00
   3.9800000e+02  -1.1901196e+00   3.1209800e+00
   3.9900000e+02  -1.1819678e+00   3.1203364e+00
   4.0000000e+02  -1.1743286e+00   3.1165164e+00
   4.0100000e+02  -1.1646018e+00   3.1077708e+00
   4.0200000e+02  -1.1543180e+00   3.0966595e+00
   4.0300000e+02  -1.1424892e+00   3.0846330e+00
   4.0400000e+02  -1.1308507e+00   3.0722921e+00
   4.0500000e+02  -1.1226018e+00   3.0612308e+00
   4.0600000e+02  -1.1172258e+00   3.0514076e+00
   4.0700000e+02  -1.1142254e+00   3.0423632e+00
   4.0800000e+02  -1.1137517e+00   3.0354982e+00
   4.0900000e+02  -1.1146102e+00   3.0303333e+00
   4.1000000e+02  -1.1184288e+00   3.0262820e+00
   4.1100000e+02  -1.1229692e+00   3.0236137e+00
   4.1200000e+02  -1.1321549e+00   3.0221063e+00
   4.1300000e+02  -1.1432874e+00   3.0204211e+00
   4.1400000e+02  -1.1568097e+00   3.0199716e+00
   4.1500000e+02  -1.1704403e+00   3.0193222e+00
   4.1600000e+02  -1.1836306e+00   3.0177515e+00
   4.1700000e+02  -1.1916818e+00   3.0136145e+00
   4.1800000e+02  -1.1924528e+00   3.0085167e+00
   4.1900000e+02  -1.1852858e+00   3.0009176e+00
   4.2000000e+02  -1.1718096e+00   2.9887455e+00
   4.2100000e+02  -1.1566274e+00   2.9757359e+00
   4.2200000e+02  -1.1411144e+00   2.9635861e+00
   4.2300000e+02  -1.1309691e+00   2.9533121e+00
   4.2400000e+02  -1.1246689e+00   2.9443656e+00
   4.2500000e+02  -1.1218320e+00   2.9342242e+00
   4.2600000e+02  -1.1212509e+00   2.9241781e+00
   4.2700000e+02  -1.1212751e+00   2.9125668e+00
   4.2800000e+02  -1.1194753e+00   2.9001820e+00
   4.2900000e+02  -1.1166123e+00   2.8875432e+00
   4.3000000e+02  -1.1132208e+00   2.8758557e+00
   4.3100000e+02  -1.1108486e+00   2.8645585e+00
   4.3200000e+02  -1.1092481e+00   2.8557800e+00
   4.3300000e+02  -1.1088774e+00   2.8493249e+00
   4.3400000e+02  -1.1104402e+00   2.8434204e+00
   4.3500000e+02  -1.1122613e+00   2.8410903e+00
   4.3600000e+02  -1.1137056e+00   2.8417970e+00
   4.3700000e+02  -1.1152728e+00   2.8456079e+00
   4.3800000e+02  -1.1156917e+00   2.8507496e+00
   4.3900000e+02  -1.1172460e+00   2.8560545e+00
   4.4000000e+02  -1.1211714e+00   2.8604790e+00
   4.4100000e+02  -1.1285727e+00   2.8652573e+00
   4.4200000e+02  -1.1364120e+00   2.8708765e+00
   4.4300000e+02  -1.1429895e+00   2.8765985e+00
   4.4400000e+02  -1.1470754e+00   2.8819864e+00
   4.4500000e+02  -1.1489233e+00   2.8854221e+00
   4.4600000e+02  -1.1503548e+00   2.8855735e+00
   4.4700000e+02  -1.1529114e+00   2.8840245e+00
   4.4800000e+02  -1.1566985e+00   2.8810246e+00
   4.4900000e+02  -1.1635015e+00   2.8773986e+00
   4.5000000e+02  -1.1728686e+00   2.8740630e+00
   4.5100000e+02  -1.1837316e+00   2.8719915e+00
   4.5200000e+02  -1.1949096e+00   2.8698021e+00
   4.5300000e+02  -1.2088973e+00   2.8672562e+00
   4.5400000e+02  -1.2244963e+00   2.8652286e+00
   4.5500000e+02  -1.2406538e+00   2.8637126e+00
   4.5600000e+02  -1.2575671e+00   2.8669087e+00
   4.5700000e+02  -1.2737760e+00   2.8708573e+00
   4.5800000e+02  -1.2912781e+00   2.8809023e+00
   4.5900000e+02  -1.3077620e+00   2.8913422e+00
   4.6000000e+02  -1.3217635e+00   2.9020799e+00
   4.6100000e+02  -1.3319812e+00   2.9122305e+00
   4.6200000e+02  -1.3391545e+00   2.9211414e+00
   4.6300000e+02  -1.3442842e+00   2.9306509e+00
   4.6400000e+02  -1.3471113e+00   2.9395020e+00
   4.6500000e+02  -1.3497568e+00   2.9470115e+00
   4.6600000e+02  -1.3521964e+00   2.9530270e+00
   4.6700000e+02  -1.3556271e+00   2.9567677e+00
   4.6800000e+02  -1.3599378e+00   2.9588542e+00
   4.6900000e+02  -1.3633878e+00   2.9598849e+00
   4.7000000e+02  -1.3657652e+00   2.9603668e+00
   4.7100000e+02  -1.3656273e+00   2.9607021e+00
   4.7200000e+02  -1.3620242e+00   2.9602250e+00
   4.7300000e+02  -1.3574766e+00   2.9583794e+00
   4.7400000e+02  -1.3523710e+00   2.9552513e+00
   4.7500000e+02  -1.3468245e+00   2.9532620e+00
   4.7600000e+02  -1.3402401e+00   2.9525286e+00
   4.7700000e+02  -1.3356222e+00   2.9529903e+00
   4.7800000e+02  -1.3304158e+00   2.9534197e+00
   4.7900000e+02  -1.3244526e+00   2.9543520e+00
   4.8000000e+02  -1.3174255e+00   2.9535213e+00
   4.8100000e+02  -1.3100764e+00   2.9518798e+00
   4.8200000e+02  -1.3017858e+00   2.9489309e+00
   4.8300000e+02  -1.2922920e+00   2.9431697e+00
   4.8400000e+02  -1.2820274e+00   2.9367597e+00
   4.8500000e+02  -1.2714960e+00   2.9280361e+00
   4.8600000e+02  -1.2599243e+00   2.9179352e+00
   4.8700000e+02  -1.2476974e+00   2.9061211e+00
   4.8800000e+02  -1.2345969e+00   2.8938892e+00
   4.8900000e+02  -1.2209938e+00   2.8815664e+00
   4.9000000e+02  -1.2066279e+00   2.8676155e+00
   4.9100000e+02  -1.1919725e+00   2.8535280e+00
   4.9200000e+02  -1.1790353e+00   2.8377751e+00
   4.9300000e+02  -1.1683852e+00   2.8229784e+00
   4.9400000e+02  -1.1608939e+00   2.8112766e+00
   4.9500000e+02  -1.1563908e+00   2.8004148e+00
   4.9600000e+02  -1.1535100e+00   2.7916468e+00
   4.9700000e+02  -1.1519393e+00   2.7855889e+00
   4.9800000e+02  -1.1499512e+00   2.7811578e+00
   4.9900000e+02  -1.1477524e+00   2.7773621e+00
   5.0000000e+02  -1.1457804e+00   2.7757703e+00
   5.0100000e+02  -1.1420831e+00   2.7793474e+00
   5.0200000e+02  -1.1372633e+00   2.7855617e+00
   5.0300000e+02  -1.1325849e+00   2.7936984e+00
   5.0400000e+02  -1.1283622e+00   2.8011521e+00
   5.0500000e+02  -1.1264860e+00   2.8062304e+00
   5.0600000e+02  -1.1268763e+00   2.8112926e+00
   5.0700000e+02  -1.1292103e+00   2.8131007e+00
   5.0800000e+02  -1.1290923e+00   2.8114859e+00
   5.0900000e+02  -1.1274523e+00   2.8086740e+00
   5.1000000e+02  -1.1228532e+00   2.8052856e+00
   5.1100000e+02  -1.1166790e+00   2.8013005e+00
   5.1200000e+02  -1.1108489e+00   2.7974323e+00
   5.1300000e+02  -1.1035538e+00   2.7939534e+00
   5.1400000e+02  -1.0866614e+00   2.7911711e+00
   5.1500000e+02  -1.0595888e+00   2.7889296e+00
   5.1600000e+02  -1.0272653e+00   2.7870734e+00
   5.1700000e+02  -9.9367580e-01   2.7859425e+00
   5.1800000e+02  -9.6252409e-01   2.7862054e+00
   5.1900000e+02  -9.3424589e-01   2.7854234e+00
   5.2000000e+02  -9.0785294e-01   2.7838173e+00
   5.2100000e+02  -8.8388740e-01   2.7790300e+00
   5.2200000e+02  -8.6546165e-01   2.7707143e+00
   5.2300000e+02  -8.4875366e-01   2.7554957e+00
   5.2400000e+02  -8.3340846e-01   2.7339907e+00
   5.2500000e+02  -8.2065538e-01   2.7082965e+00
   5.2600000e+02  -8.0886803e-01   2.6816215e+00
   5.2700000e+02  -7.9758267e-01   2.6543649e+00
   5.2800000e+02  -7.8627139e-01   2.6301390e+00
   5.2900000e+02  -7.7377275e-01   2.6117894e+00
   5.3000000e+02  -7.6037252e-01   2.6011271e+00
   5.3100000e+02  -7.4725461e-01   2.5953139e+00
   5.3200000e+02  -7.3578221e-01   2.5930613e+00
   5.3300000e+02  -7.2719507e-01   2.5917970e+00
   5.3400000e+02  -7.2140045e-01   2.5926759e+00
   5.3500000e+02  -7.2065893e-01   2.5944490e+00
   5.3600000e+02  -7.2208248e-01   2.5981268e+00
   5.3700000e+02  -7.2462821e-01   2.6027932e+00
   5.3800000e+02  -7.2742193e-01   2.6054441e+00
   5.3900000e+02  -7.2694479e-01   2.6066410e+00
   5.4000000e+02  -7.2303922e-01   2.6053183e+00
   5.4100000e+02  -7.1875975e-01   2.6018281e+00
   5.4200000e+02  -7.1139113e-01   2.6006209e+00
   5.4300000e+02  -7.0420539e-01   2.5996857e+00
   5.4400000e+02  -6.9643827e-01   2.6013061e+00
   5.4500000e+02  -6.8920194e-01   2.6038629e+00
   5.4600000e+02  -6.8464399e-01   2.6062626e+00
   5.4700000e+02  -6.8040251e-01   2.6088164e+00
   5.4800000e+02  -6.7748607e-01   2.6106334e+00
   5.4900000e+02  -6.7456589e-01   2.6127109e+00
   5.5000000e+02  -6.7194073e-01   2.6122594e+00
   5.5100000e+02  -6.6858960e-01   2.6100229e+00
   5.5200000e+02  -6.6402143e-01   2.6054200e+00
   5.5300000e+02  -6.5881867e-01   2.6001403e+00
   5.5400000e+02  -6.5300591e-01   2.5948082e+00
   5.5500000e+02  -6.4676155e-01   2.5894105e+00
   5.5600000e+02  -6.3814835e-01   2.5871554e+00
   5.5700000e+02  -6.2964291e-01   2.5864955e+00
   5.5800000e+02  -6.2297879e-01   2.5878984e+00
   5.5900000e+02  -6.1958964e-01   2.5898536e+00
   5.6000000e+02  -6.2031457e-01   2.5927310e+00
   5.6100000e+02  -6.2536645e-01   2.5946537e+00
   5.6200000e+02  -6.3360825e-01   2.5955917e+00
   5.6300000e+02  -6.4347496e-01   2.5959801e+00
   5.6400000e+02  -6.5432446e-01   2.5962460e+00
   5.6500000e+02  -6.6410714e-01   2.5966776e+00
   5.6600000e+02  -6.7362450e-01   2.5970075e+00
   5.6700000e+02  -6.7954849e-01   2.5962717e+00
   5.6800000e+02  -6.8214569e-01   2.5927880e+00
   5.6900000e+02  -6.8133233e-01   2.5863703e+00
   5.7000000e+02  -6.7772031e-01   2.5756676e+00
   5.7100000e+02  -6.7196445e-01   2.5631472e+00
   5.7200000e+02  -6.6511814e-01   2.5496640e+00
   5.7300000e+02  -6.5982530e-01   2.5333098e+00
   5.7400000e+02  -6.5947692e-01   2.5103959e+00
   5.7500000e+02  -6.6364447e-01   2.4829734e+00
   5.7600000e+02  -6.7531343e-01   2.4514442e+00
   5.7700000e+02  -6.9222950e-01   2.4158975e+00
   5.7800000e+02  -7.1328296e-01   2.3811692e+00
   5.7900000e+02  -7.4012086e-01   2.3506425e+00
   5.8000000e+02  -7.7399189e-01   2.3268190e+00
   5.8100000e+02  -8.0975024e-01   2.3086450e+00
   5.8200000e+02  -8.3789319e-01   2.2989255e+00
   5.8300000e+02  -8.5725612e-01   2.2937920e+00
   5.8400000e+02  -8.6841749e-01   2.2869852e+00
   5.8500000e+02  -8.7618149e-01   2.2743666e+00
   5.8600000e+02  -8.8303353e-01   2.2570581e+00
   5.8700000e+02  -8.9323227e-01   2.2416750e+00
   5.8800000e+02  -9.0562740e-01   2.2298184e+00
   5.8900000e+02  -9.1945228e-01   2.2195052e+00
   5.9000000e+02  -9.3058017e-01   2.2150935e+00
   5.9100000e+02  -9.3936931e-01   2.2121636e+00
   5.9200000e+02  -9.4377709e-01   2.2096992e+00
   5.9300000e+02  -9.4787347e-01   2.2086653e+00
   5.9400000e+02  -9.5100459e-01   2.2105115e+00
   5.9500000e+02  -9.5155193e-01   2.2191902e+00
   5.9600000e+02  -9.5069283e-01   2.2334957e+00
   5.9700000e+02  -9.4909819e-01   2.2524421e+00
   5.9800000e+02  -9.4548848e-01   2.2733498e+00
   5.9900000e+02  -9.3783454e-01   2.2955130e+00
   6.0000000e+02  -9.2581109e-01   2.3182204e+00
   6.0100000e+02  -9.1003554e-01   2.3414627e+00
   6.0200000e+02  -8.9637066e-01   2.3636740e+00
   6.0300000e+02  -8.8947844e-01   2.3845837e+00
   6.0400000e+02  -8.9449129e-01   2.3999984e+00
   6.0500000e+02  -9.0603140e-01   2.4126961e+00
   6.0600000e+02  -9.1987301e-01   2.4282928e+00
   6.0700000e+02  -9.3061332e-01   2.4458652e+00
   6.0800000e+02  -9.3803112e-01   2.4627159e+00
   6.0900000e+02  -9.4271460e-01   2.4768745e+00
   6.1000000e+02  -9.4636729e-01   2.4875638e+00
   6.1100000e+02  -9.4999481e-01   2.4964832e+00
   6.1200000e+02  -9.5288797e-01   2.5058040e+00
   6.1300000e+02  -9.5468828e-01   2.5165610e+00
   6.1400000e+02  -9.5713810e-01   2.5261102e+00
   6.1500000e+02  -9.6042344e-01   2.5378368e+00
   6.1600000e+02  -9.6481677e-01   2.5514536e+00
   6.1700000e+02  -9.6987821e-01   2.5670877e+00
   6.1800000e+02  -9.7376945e-01   2.5823678e+00
   6.1900000e+02  -9.7833082e-01   2.5974787e+00
   6.2000000e+02  -9.8080418e-01   2.6134187e+00
   6.2100000e+02  -9.8230106e-01   2.6315128e+00
   6.2200000e+02  -9.8317736e-01   2.6535400e+00
   6.2300000e+02  -9.8404718e-01   2.6794719e+00
   6.2400000e+02  -9.8493462e-01   2.7064550e+00
   6.2500000e+02  -9.8407486e-01   2.7336326e+00
   6.2600000e+02  -9.8679394e-01   2.7578056e+00
   6.2700000e+02  -9.9258846e-01   2.7775414e+00
   6.2800000e+02  -1.0010287e+00   2.7939797e+00
   6.2900000e+02  -1.0118723e+00   2.8085550e+00
   6.3000000e+02  -1.0242489e+00   2.8198068e+00
   6.3100000e+02  -1.0369652e+00   2.8293171e+00
   6.3200000e+02  -1.0498540e+00   2.8345563e+00
   6.3300000e+02  -1.0621619e+00   2.8376575e+00
   6.3400000e+02  -1.0722320e+00   2.8384682e+00
   6.3500000e+02  -1.0818700e+00   2.8384667e+00
   6.3600000e+02  -1.0904487e+00   2.8369042e+00
   6.3700000e+02  -1.1012361e+00   2.8335705e+00
   6.3800000e+02  -1.1080967e+00   2.8279301e+00
   6.3900000e+02  -1.1147550e+00   2.8202558e+00
   6.4000000e+02  -1.1219341e+00   2.8100502e+00
   6.4100000e+02  -1.1290461e+00   2.7987372e+00
   6.4200000e+02  -1.1362756e+00   2.7855877e+00
   6.4300000e+02  -1.1430076e+00   2.7713629e+00
   6.4400000e+02  -1.1486316e+00   2.7570170e+00
   6.4500000e+02  -1.1531005e+00   2.7425756e+00
   6.4600000e+02  -1.1577922e+00   2.7288789e+00
   6.4700000e+02  -1.1604906e+00   2.7167697e+00
   6.4800000e+02  -1.1605733e+00   2.7068383e+00
   6.4900000e+02  -1.1568438e+00   2.6995987e+00
   6.5000000e+02  -1.1500946e+00   2.6964595e+00
   6.5100000e+02  -1.1404127e+00   2.6938442e+00
   6.5200000e+02  -1.1298630e+00   2.6924241e+00
   6.5300000e+02  -1.1196025e+00   2.6931794e+00
   6.5400000e+02  -1.1126778e+00   2.6976690e+00
   6.5500000e+02  -1.1121855e+00   2.7061014e+00
   6.5600000e+02  -1.1153926e+00   2.7153399e+00
   6.5700000e+02  -1.1223102e+00   2.7230639e+00
   6.5800000e+02  -1.1294990e+00   2.7297783e+00
   6.5900000e+02  -1.1360289e+00   2.7348906e+00
   6.6000000e+02  -1.1436406e+00   2.7366305e+00
   6.6100000e+02  -1.1531638e+00   2.7328944e+00
   6.6200000e+02  -1.1636884e+00   2.7234566e+00
   6.6300000e+02  -1.1743850e+00   2.7103788e+00
   6.6400000e+02  -1.1844948e+00   2.6956436e+00
   6.6500000e+02  -1.1928371e+00   2.6812485e+00
   6.6600000e+02  -1.1986036e+00   2.6681280e+00
   6.6700000e+02  -1.2034250e+00   2.6611555e+00
   6.6800000e+02  -1.2082282e+00   2.6610613e+00
   6.6900000e+02  -1.2142270e+00   2.6669516e+00
   6.7000000e+02  -1.2204109e+00   2.6756093e+00
   6.7100000e+02  -1.2253700e+00   2.6853411e+00
   6.7200000e+02  -1.2254071e+00   2.6966301e+00
   6.7300000e+02  -1.2210099e+00   2.7090699e+00
   6.7400000e+02  -1.2145394e+00   2.7187623e+00
   6.7500000e+02  -1.2055187e+00   2.7246232e+00
   6.7600000e+02  -1.1932121e+00   2.7267408e+00
   6.7700000e+02  -1.1799029e+00   2.7242777e+00
   6.7800000e+02  -1.1647364e+00   2.7157481e+00
   6.7900000e+02  -1.1463313e+00   2.7021417e+00
   6.8000000e+02  -1.1248694e+00   2.6819129e+00
   6.8100000e+02  -1.1016756e+00   2.6550802e+00
   6.8200000e+02  -1.0802545e+00   2.6270756e+00
   6.8300000e+02  -1.0654562e+00   2.6019635e+00
   6.8400000e+02  -1.0568528e+00   2.5814674e+00
   6.8500000e+02  -1.0546788e+00   2.5668061e+00
   6.8600000e+02  -1.0566671e+00   2.5563449e+00
   6.8700000e+02  -1.0609524e+00   2.5494850e+00
   6.8800000e+02  -1.0656850e+00   2.5496362e+00
   6.8900000e+02  -1.0689498e+00   2.5543206e+00
   6.9000000e+02  -1.0738497e+00   2.5604323e+00
   6.9100000e+02  -1.0802217e+00   2.5667138e+00
   6.9200000e+02  -1.0871028e+00   2.5711196e+00
   6.9300000e+02  -1.0934259e+00   2.5768220e+00
   6.9400000e+02  -1.0977648e+00   2.5830197e+00
   6.9500000e+02  -1.0990641e+00   2.5893903e+00
   6.9600000e+02  -1.0978032e+00   2.5958009e+00
   6.9700000e+02  -1.0961968e+00   2.6011481e+00
   6.9800000e+02  -1.0954112e+00   2.6096167e+00
   6.9900000e+02  -1.0963644e+00   2.6198737e+00
   7.0000000e+02  -1.1001246e+00   2.6302071e+00
   7.0100000e+02  -1.1040527e+00   2.6395458e+00
   7.0200000e+02  -1.1069073e+00   2.6468763e+00
   7.0300000e+02  -1.1082642e+00   2.6517337e+00
   7.0400000e+02  -1.1070148e+00   2.6520917e+00
   7.0500000e+02  -1.1030783e+00   2.6466957e+00
   7.0600000e+02  -1.0978933e+00   2.6353637e+00
   7.0700000e+02  -1.0938637e+00   2.6222140e+00
   7.0800000e+02  -1.0957204e+00   2.6097563e+00
   7.0900000e+02  -1.1024604e+00   2.6021724e+00
   7.1000000e+02  -1.1131590e+00   2.5994977e+00
   7.1100000e+02  -1.1244835e+00   2.6012654e+00
   7.1200000e+02  -1.1360880e+00   2.6065432e+00
   7.1300000e+02  -1.1510380e+00   2.6157174e+00
   7.1400000e+02  -1.1695625e+00   2.6306638e+00
   7.1500000e+02  -1.1910893e+00   2.6503903e+00
   7.1600000e+02  -1.2133740e+00   2.6737836e+00
   7.1700000e+02  -1.2354634e+00   2.6992869e+00
   7.1800000e+02  -1.2547514e+00   2.7244950e+00
   7.1900000e+02  -1.2731041e+00   2.7463535e+00
   7.2000000e+02  -1.2904182e+00   2.7638590e+00
   7.2100000e+02  -1.3100921e+00   2.7794642e+00
   7.2200000e+02  -1.3319323e+00   2.7935556e+00
   7.2300000e+02  -1.3533596e+00   2.8048851e+00
   7.2400000e+02  -1.3735207e+00   2.8141343e+00
   7.2500000e+02  -1.3906051e+00   2.8213416e+00
   7.2600000e+02  -1.4064271e+00   2.8269885e+00
   7.2700000e+02  -1.4193989e+00   2.8337863e+00
   7.2800000e+02  -1.4302435e+00   2.8418521e+00
   7.2900000e+02  -1.4391277e+00   2.8501752e+00
   7.3000000e+02  -1.4468887e+00   2.8586749e+00
   7.3100000e+02  -1.4527293e+00   2.8667960e+00
   7.3200000e+02  -1.4560721e+00   2.8730849e+00
   7.3300000e+02  -1.4599307e+00   2.8772298e+00
   7.3400000e+02  -1.4646035e+00   2.8775827e+00
   7.3500000e+02  -1.4693032e+00   2.8727692e+00
   7.3600000e+02  -1.4744516e+00   2.8667835e+00
   7.3700000e+02  -1.4787538e+00   2.8589383e+00
   7.3800000e+02  -1.4841628e+00   2.8515614e+00
   7.3900000e+02  -1.4904680e+00   2.8447605e+00
   7.4000000e+02  -1.4969844e+00   2.8403716e+00
   7.4100000e+02  -1.5055444e+00   2.8399399e+00
   7.4200000e+02  -1.5159487e+00   2.8422414e+00
   7.4300000e+02  -1.5270465e+00   2.8465051e+00
   7.4400000e+02  -1.5378889e+00   2.8513611e+00
   7.4500000e+02  -1.5483590e+00   2.8585094e+00
   7.4600000e+02  -1.5587362e+00   2.8668577e+00
   7.4700000e+02  -1.5695605e+00   2.8754518e+00
   7.4800000e+02  -1.5800110e+00   2.8861914e+00
   7.4900000e+02  -1.5900568e+00   2.8985026e+00
   7.5000000e+02  -1.5989284e+00   2.9119493e+00
   7.5100000e+02  -1.6055714e+00   2.9269888e+00
   7.5200000e+02  -1.6094742e+00   2.9403368e+00
   7.5300000e+02  -1.6077274e+00   2.9543512e+00
   7.5400000e+02  -1.6032299e+00   2.9683811e+00
   7.5500000e+02  -1.5966313e+00   2.9791201e+00
   7.5600000e+02  -1.5894213e+00   2.9873995e+00
   7.5700000e+02  -1.5815713e+00   2.9919036e+00
   7.5800000e+02  -1.5728064e+00   2.9923257e+00
   7.5900000e+02  -1.5621710e+00   2.9873507e+00
   7.6000000e+02  -1.5515606e+00   2.9787784e+00
   7.6100000e+02  -1.5391449e+00   2.9641535e+00
   7.6200000e+02  -1.5249953e+00   2.9439771e+00
   7.6300000e+02  -1.5096840e+00   2.9150306e+00
   7.6400000e+02  -1.4909006e+00   2.8791012e+00
   7.6500000e+02  -1.4708649e+00   2.8392527e+00
   7.6600000e+02  -1.4515666e+00   2.7989053e+00
   7.6700000e+02  -1.4306209e+00   2.7545606e+00
   7.6800000e+02  -1.4089391e+00   2.7115874e+00
   7.6900000e+02  -1.3836315e+00   2.6678886e+00
   7.7000000e+02  -1.3579799e+00   2.6255677e+00
   7.7100000e+02  -1.3299058e+00   2.5846994e+00
   7.7200000e+02  -1.2990952e+00   2.5447701e+00
   7.7300000e+02  -1.2699669e+00   2.5097734e+00
   7.7400000e+02  -1.2421329e+00   2.4795361e+00
   7.7500000e+02  -1.2139257e+00   2.4527861e+00
   7.7600000e+02  -1.1866667e+00   2.4282950e+00
   7.7700000e+02  -1.1613590e+00   2.4069424e+00
   7.7800000e+02  -1.1359773e+00   2.3834839e+00
   7.7900000e+02  -1.1110095e+00   2.3589733e+00
   7.8000000e+02  -1.0843727e+00   2.3306879e+00
   7.8100000e+02  -1.0575914e+00   2.2975674e+00
   7.8200000e+02  -1.0361016e+00   2.2696502e+00
   7.8300000e+02  -1.0234315e+00   2.2498762e+00
   7.8400000e+02  -1.0225759e+00   2.2417594e+00
   7.8500000e+02  -1.0336137e+00   2.2414188e+00
   7.8600000e+02  -1.0528444e+00   2.2464922e+00
   7.8700000e+02  -1.0765474e+00   2.2517212e+00
   7.8800000e+02  -1.1003434e+00   2.2557821e+00
   7.8900000e+02  -1.1230858e+00   2.2616522e+00
   7.9000000e+02  -1.1461042e+00   2.2695527e+00
   7.9100000e+02  -1.1690316e+00   2.2789422e+00
   7.9200000e+02  -1.1909337e+00   2.2920501e+00
   7.9300000e+02  -1.2130675e+00   2.3072231e+00
   7.9400000e+02  -1.2327020e+00   2.3242216e+00
   7.9500000e+02  -1.2512102e+00   2.3411889e+00
   7.9600000e+02  -1.2679145e+00   2.3577054e+00
   7.9700000e+02  -1.2831677e+00   2.3723248e+00
   7.9800000e+02  -1.2956491e+00   2.3828620e+00
   7.9900000e+02  -1.3075313e+00   2.3902525e+00
   8.0000000e+02  -1.3188128e+00   2.3937958e+00
   8.0100000e+02  -1.3302667e+00   2.3953645e+00
   8.0200000e+02  -1.3405919e+00   2.3960314e+00
   8.0300000e+02  -1.3481089e+00   2.3956262e+00
   8.0400000e+02  -1.3534652e+00   2.3939515e+00
   8.0500000e+02  -1.3573448e+00   2.3912224e+00
   8.0600000e+02  -1.3553912e+00   2.3867811e+00
   8.0700000e+02  -1.3516714e+00   2.3827140e+00
   8.0800000e+02  -1.3452237e+00   2.3801130e+00
   8.0900000e+02  -1.3374976e+00   2.3792828e+00
   8.1000000e+02  -1.3290401e+00   2.3793106e+00
   8.1100000e+02  -1.3199020e+00   2.3781854e+00
   8.1200000e+02  -1.3113321e+00   2.3748175e+00
   8.1300000e+02  -1.3019299e+00   2.3702939e+00
   8.1400000e+02  -1.2935625e+00   2.3642382e+00
   8.1500000e+02  -1.2852652e+00   2.3573539e+00
   8.1600000e+02  -1.2775032e+00   2.3471278e+00
   8.1700000e+02  -1.2703384e+00   2.3329058e+00
   8.1800000e+02  -1.2612699e+00   2.3174129e+00
   8.1900000e+02  -1.2527838e+00   2.3027437e+00
   8.2000000e+02  -1.2440077e+00   2.2923812e+00
   8.2100000e+02  -1.2366228e+00   2.2886928e+00
   8.2200000e+02  -1.2310617e+00   2.2914014e+00
   8.2300000e+02  -1.2282727e+00   2.2982056e+00
   8.2400000e+02  -1.2294023e+00   2.3072124e+00
   8.2500000e+02  -1.2362161e+00   2.3174021e+00
   8.2600000e+02  -1.2465678e+00   2.3264037e+00
   8.2700000e+02  -1.2591790e+00   2.3322914e+00
   8.2800000e+02  -1.2739493e+00   2.3333121e+00
   8.2900000e+02  -1.2878850e+00   2.3302523e+00
   8.3000000e+02  -1.2996718e+00   2.3242811e+00
   8.3100000e+02  -1.3099289e+00   2.3189109e+00
   8.3200000e+02  -1.3186094e+00   2.3148610e+00
   8.3300000e+02  -1.3261757e+00   2.3108989e+00
   8.3400000e+02  -1.3321189e+00   2.3072182e+00
   8.3500000e+02  -1.3362998e+00   2.3053492e+00
   8.3600000e+02  -1.3391089e+00   2.3043093e+00
   8.3700000e+02  -1.3398388e+00   2.3045756e+00
   8.3800000e+02  -1.3405973e+00   2.3058735e+00
   8.3900000e+02  -1.3399078e+00   2.3050621e+00
   8.4000000e+02  -1.3387080e+00   2.3024086e+00
   8.4100000e+02  -1.3345259e+00   2.2986049e+00
   8.4200000e+02  -1.3304863e+00   2.2967872e+00
   8.4300000e+02  -1.3237973e+00   2.2952246e+00
   8.4400000e+02  -1.3143057e+00   2.2962588e+00
   8.4500000e+02  -1.2991038e+00   2.2969127e+00
   8.4600000e+02  -1.2767913e+00   2.2944225e+00
   8.4700000e+02  -1.2494846e+00   2.2845225e+00
   8.4800000e+02  -1.2207807e+00   2.2732126e+00
   8.4900000e+02  -1.1945301e+00   2.2632415e+00
   8.5000000e+02  -1.1706514e+00   2.2553207e+00
   8.5100000e+02  -1.1439536e+00   2.2476919e+00
   8.5200000e+02  -1.1151899e+00   2.2417790e+00
   8.5300000e+02  -1.0839843e+00   2.2336392e+00
   8.5400000e+02  -1.0535169e+00   2.2221488e+00
   8.5500000e+02  -1.0228488e+00   2.2047461e+00
   8.5600000e+02  -9.9365805e-01   2.1819095e+00
   8.5700000e+02  -9.6086683e-01   2.1562901e+00
   8.5800000e+02  -9.2522008e-01   2.1253169e+00
   8.5900000e+02  -8.8464141e-01   2.0939746e+00
   8.6000000e+02  -8.3950201e-01   2.0585231e+00
   8.6100000e+02  -7.9539336e-01   2.0195053e+00
   8.6200000e+02  -7.5133516e-01   1.9830801e+00
   8.6300000e+02  -7.1516869e-01   1.9509239e+00
   8.6400000e+02  -6.8935318e-01   1.9258231e+00
   8.6500000e+02  -6.6722868e-01   1.9017990e+00
   8.6600000e+02  -6.4840888e-01   1.8728535e+00
   8.6700000e+02  -6.3442468e-01   1.8385282e+00
   8.6800000e+02  -6.2747061e-01   1.7994462e+00
   8.6900000e+02  -6.2654301e-01   1.7611496e+00
   8.7000000e+02  -6.2981700e-01   1.7267957e+00
   8.7100000e+02  -6.3191826e-01   1.6973974e+00
   8.7200000e+02  -6.2924812e-01   1.6735349e+00
   8.7300000e+02  -6.2188864e-01   1.6546477e+00
   8.7400000e+02  -6.1418272e-01   1.6403694e+00
   8.7500000e+02  -6.0488251e-01   1.6335720e+00
   8.7600000e+02  -6.0009490e-01   1.6354891e+00
   8.7700000e+02  -5.9957560e-01   1.6449482e+00
   8.7800000e+02  -6.0331623e-01   1.6611756e+00
   8.7900000e+02  -6.1065832e-01   1.6804216e+00
   8.8000000e+02  -6.1974291e-01   1.7013777e+00
   8.8100000e+02  -6.3161710e-01   1.7223061e+00
   8.8200000e+02  -6.4780172e-01   1.7418636e+00
   8.8300000e+02  -6.6638177e-01   1.7597813e+00
   8.8400000e+02  -6.8502112e-01   1.7714980e+00
   8.8500000e+02  -7.0281444e-01   1.7796648e+00
   8.8600000e+02  -7.1791230e-01   1.7830265e+00
   8.8700000e+02  -7.2804988e-01   1.7830798e+00
   8.8800000e+02  -7.3550311e-01   1.7806934e+00
   8.8900000e+02  -7.4011802e-01   1.7786888e+00
   8.9000000e+02  -7.4314899e-01   1.7800340e+00
   8.9100000e+02  -7.4341446e-01   1.7862298e+00
   8.9200000e+02  -7.4420030e-01   1.8018966e+00
   8.9300000e+02  -7.4699648e-01   1.8270116e+00
   8.9400000e+02  -7.5558814e-01   1.8599541e+00
   8.9500000e+02  -7.6649873e-01   1.8984345e+00
   8.9600000e+02  -7.8002778e-01   1.9365676e+00
   8.9700000e+02  -7.9230411e-01   1.9742642e+00
   8.9800000e+02  -8.0267735e-01   2.0100725e+00
   8.9900000e+02  -8.1118541e-01   2.0383135e+00
   9.0000000e+02  -8.2026585e-01   2.0594869e+00
   9.0100000e+02  -8.2794958e-01   2.0718322e+00
   9.0200000e+02  -8.3740042e-01   2.0790857e+00
   9.0300000e+02  -8.4564356e-01   2.0814034e+00
   9.0400000e+02  -8.5250209e-01   2.0792605e+00
   9.0500000e+02  -8.5857939e-01   2.0750267e+00
   9.0600000e+02  -8.6336169e-01   2.0700008e+00
   9.0700000e+02  -8.6844631e-01   2.0646978e+00
   9.0800000e+02  -8.7393328e-01   2.0623145e+00
   9.0900000e+02  -8.8207061e-01   2.0612500e+00
   9.1000000e+02  -8.9347477e-01   2.0624930e+00
   9.1100000e+02  -9.0786657e-01   2.0634348e+00
   9.1200000e+02  -9.2406878e-01   2.0648882e+00
   9.1300000e+02  -9.4089425e-01   2.0666450e+00
   9.1400000e+02  -9.5493576e-01   2.0696228e+00
   9.1500000e+02  -9.6832596e-01   2.0715836e+00
   9.1600000e+02  -9.7956768e-01   2.0722635e+00
   9.1700000e+02  -9.8985579e-01   2.0739559e+00
   9.1800000e+02  -9.9902954e-01   2.0750462e+00
   9.1900000e+02  -1.0059111e+00   2.0754507e+00
   9.2000000e+02  -1.0115237e+00   2.0750261e+00
   9.2100000e+02  -1.0162073e+00   2.0725690e+00
   9.2200000e+02  -1.0201111e+00   2.0685546e+00
   9.2300000e+02  -1.0236077e+00   2.0611416e+00
   9.2400000e+02  -1.0261903e+00   2.0508029e+00
   9.2500000e+02  -1.0271592e+00   2.0374203e+00
   9.2600000e+02  -1.0277226e+00   2.0239156e+00
   9.2700000e+02  -1.0266966e+00   2.0088707e+00
   9.2800000e+02  -1.0244820e+00   1.9925282e+00
   9.2900000e+02  -1.0195033e+00   1.9756512e+00
   9.3000000e+02  -1.0122720e+00   1.9584494e+00
   9.3100000e+02  -1.0024692e+00   1.9420162e+00
   9.3200000e+02  -9.9165827e-01   1.9258019e+00
   9.3300000e+02  -9.8121564e-01   1.9095695e+00
   9.3400000e+02  -9.7225292e-01   1.8941142e+00
   9.3500000e+02  -9.6372434e-01   1.8768178e+00
   9.3600000e+02  -9.5679593e-01   1.8582647e+00
   9.3700000e+02  -9.5132167e-01   1.8375427e+00
   9.3800000e+02  -9.4833041e-01   1.8136725e+00
   9.3900000e+02  -9.4677345e-01   1.7893959e+00
   9.4000000e+02  -9.4477642e-01   1.7672645e+00
   9.4100000e+02  -9.4231161e-01   1.7487865e+00
   9.4200000e+02  -9.3779998e-01   1.7336241e+00
   9.4300000e+02  -9.3154830e-01   1.7223454e+00
   9.4400000e+02  -9.2413425e-01   1.7149232e+00
   9.4500000e+02  -9.1752727e-01   1.7094617e+00
   9.4600000e+02  -9.1296894e-01   1.7037578e+00
   9.4700000e+02  -9.1134392e-01   1.6959624e+00
   9.4800000e+02  -9.1066357e-01   1.6847680e+00
   9.4900000e+02  -9.1138479e-01   1.6716431e+00
   9.5000000e+02  -9.1158252e-01   1.6568005e+00
   9.5100000e+02  -9.1309025e-01   1.6402062e+00
   9.5200000e+02  -9.1313867e-01   1.6225633e+00
   9.5300000e+02  -9.1273879e-01   1.6058378e+00
   9.5400000e+02  -9.1012438e-01   1.5914669e+00
   9.5500000e+02  -9.0654759e-01   1.5792574e+00
   9.5600000e+02  -9.0021561e-01   1.5698166e+00
   9.5700000e+02  -8.8930240e-01   1.5627346e+00
   9.5800000e+02  -8.7865218e-01   1.5580230e+00
   9.5900000e+02  -8.6956568e-01   1.5524969e+00
   9.6000000e+02  -8.6371204e-01   1.5470514e+00
   9.6100000e+02  -8.6013496e-01   1.5420353e+00
   9.6200000e+02  -8.5868394e-01   1.5362596e+00
   9.6300000e+02  -8.5811183e-01   1.5316404e+00
   9.6400000e+02  -8.5690387e-01   1.5283175e+00
   9.6500000e+02  -8.5477133e-01   1.5280797e+00
   9.6600000e+02  -8.5062591e-01   1.5293036e+00
   9.6700000e+02  -8.4381584e-01   1.5310977e+00
   9.6800000e+02  -8.3564757e-01   1.5332979e+00
   9.6900000e+02  -8.2621878e-01   1.5351856e+00
   9.7000000e+02  -8.1924263e-01   1.5377324e+00
   9.7100000e+02  -8.1588845e-01   1.5400775e+00
   9.7200000e+02  -8.1574222e-01   1.5416775e+00
   9.7300000e+02  -8.1628390e-01   1.5405578e+00
   9.7400000e+02  -8.1751433e-01   1.5376825e+00
   9.7500000e+02  -8.1931446e-01   1.5327700e+00
   9.7600000e+02  -8.2181268e-01   1.5279712e+00
   9.7700000e+02  -8.2330246e-01   1.5205757e+00
   9.7800000e+02  -8.2428750e-01   1.5118635e+00
   9.7900000e+02  -8.2150185e-01   1.5012063e+00
   9.8000000e+02  -8.1303125e-01   1.4891742e+00
   9.8100000e+02  -8.0001473e-01   1.4788990e+00
   9.8200000e+02  -7.8176044e-01   1.4677104e+00
   9.8300000e+02  -7.5971554e-01   1.4564554e+00
   9.8400000e+02  -7.3928112e-01   1.4460973e+00
   9.8500000e+02  -7.2081811e-01   1.4337942e+00
   9.8600000e+02  -7.0726462e-01   1.4228949e+00
   9.8700000e+02  -6.9425109e-01   1.4111123e+00
   9.8800000e+02  -6.8375200e-01   1.3987680e+00
   9.8900000e+02  -6.7537138e-01   1.3872575e+00
   9.9000000e+02  -6.7260574e-01   1.3780260e+00
   9.9100000e+02  -6.7488463e-01   1.3695975e+00
   9.9200000e+02  -6.8159550e-01   1.3623430e+00
   9.9300000e+02  -6.9048823e-01   1.3559049e+00
   9.9400000e+02  -7.0000614e-01   1.3489196e+00
   9.9500000e+02  -7.0953304e-01   1.3396182e+00
   9.9600000e+02  -7.1940398e-01   1.3283403e+00
   9.9700000e+02  -7.2821919e-01   1.3145459e+00
   9.9800000e+02  -7.3639599e-01   1.3038607e+00
   9.9900000e+02  -7.4473506e-01   1.2946620e+00
   1.0000000e+03  -7.5463177e-01   1.2869389e+00
   1.0010000e+03  -7.6637692e-01   1.2804602e+00
   1.0020000e+03  -7.7916929e-01   1.2732922e+00
   1.0030000e+03  -7.8948818e-01   1.2675224e+00
   1.0040000e+03  -7.9713865e-01   1.2616767e+00
   1.0050000e+03  -8.0273638e-01   1.2566291e+00
   1.0060000e+03  -8.0689619e-01   1.2530261e+00
   1.0070000e+03  -8.1028751e-01   1.2507490e+00
   1.0080000e+03  -8.1491490e-01   1.2510992e+00
   1.0090000e+03  -8.2030200e-01   1.2534682e+00
   1.0100000e+03  -8.2517213e-01   1.2567752e+00
   1.0110000e+03  -8.2896522e-01   1.2605731e+00
   1.0120000e+03  -8.3297880e-01   1.2653678e+00
   1.0130000e+03  -8.3937644e-01   1.2695439e+00
   1.0140000e+03  -8.4639625e-01   1.2735664e+00
   1.0150000e+03  -8.5387687e-01   1.2788750e+00
   1.0160000e+03  -8.6169896e-01   1.2862786e+00
   1.0170000e+03  -8.6818541e-01   1.2950152e+00
   1.0180000e+03  -8.7439066e-01   1.3056620e+00
   1.0190000e+03  -8.8065992e-01   1.3164322e+00
   1.0200000e+03  -8.8779650e-01   1.3289971e+00
   1.0210000e+03  -8.9499863e-01   1.3418466e+00
   1.0220000e+03  -9.0231550e-01   1.3554634e+00
   1.0230000e+03  -9.0818684e-01   1.3674262e+00
   1.0240000e+03  -9.1330431e-01   1.3782783e+00
   1.0250000e+03  -9.1866528e-01   1.3867260e+00
   1.0260000e+03  -9.2508887e-01   1.3933276e+00
   1.0270000e+03  -9.3109668e-01   1.4000929e+00
   1.0280000e+03  -9.3692871e-01   1.4063803e+00
   1.0290000e+03  -9.4262754e-01   1.4110077e+00
   1.0300000e+03  -9.4825960e-01   1.4150395e+00
   1.0310000e+03  -9.5053465e-01   1.4170676e+00
   1.0320000e+03  -9.5029508e-01   1.4194070e+00
   1.0330000e+03  -9.4828313e-01   1.4217052e+00
   1.0340000e+03  -9.4594457e-01   1.4249116e+00
   1.0350000e+03  -9.4227685e-01   1.4284500e+00
   1.0360000e+03  -9.3823780e-01   1.4326039e+00
   1.0370000e+03  -9.3342204e-01   1.4373180e+00
   1.0380000e+03  -9.2837306e-01   1.4414200e+00
   1.0390000e+03  -9.2376697e-01   1.4450687e+00
   1.0400000e+03  -9.1838332e-01   1.4477789e+00
   1.0410000e+03  -9.1310514e-01   1.4500093e+00
   1.0420000e+03  -9.0599655e-01   1.4514338e+00
   1.0430000e+03  -8.9910955e-01   1.4516096e+00
   1.0440000e+03  -8.9183774e-01   1.4503794e+00
   1.0450000e+03  -8.8458692e-01   1.4498516e+00
   1.0460000e+03  -8.7612720e-01   1.4467869e+00
   1.0470000e+03  -8.6708325e-01   1.4437470e+00
   1.0480000e+03  -8.5742240e-01   1.4403959e+00
   1.0490000e+03  -8.4793290e-01   1.4375346e+00
   1.0500000e+03  -8.3810081e-01   1.4351666e+00
   1.0510000e+03  -8.2765723e-01   1.4333148e+00
   1.0520000e+03  -8.1581913e-01   1.4324698e+00
   1.0530000e+03  -8.0315679e-01   1.4312369e+00
   1.0540000e+03  -7.9050709e-01   1.4298366e+00
   1.0550000e+03  -7.7779621e-01   1.4280610e+00
   1.0560000e+03  -7.6470149e-01   1.4254660e+00
   1.0570000e+03  -7.5073293e-01   1.4201762e+00
   1.0580000e+03  -7.3381860e-01   1.4144981e+00
   1.0590000e+03  -7.1506150e-01   1.4072702e+00
   1.0600000e+03  -6.9214502e-01   1.3996086e+00
   1.0610000e+03  -6.6624289e-01   1.3924066e+00
   1.0620000e+03  -6.4081790e-01   1.3904314e+00
   1.0630000e+03  -6.1559000e-01   1.3902190e+00
   1.0640000e+03  -5.8843205e-01   1.3868653e+00
   1.0650000e+03  -5.6533866e-01   1.3806196e+00
   1.0660000e+03  -5.4897575e-01   1.3769309e+00
   1.0670000e+03  -5.3866428e-01   1.3757924e+00
   1.0680000e+03  -5.3206542e-01   1.3775906e+00
   1.0690000e+03  -5.2873702e-01   1.3790454e+00
   1.0700000e+03  -5.2618836e-01   1.3868640e+00
   1.0710000e+03  -5.2536682e-01   1.3963855e+00
   1.0720000e+03  -5.2635321e-01   1.4083024e+00
   1.0730000e+03  -5.2771127e-01   1.4212904e+00
   1.0740000e+03  -5.2867311e-01   1.4347371e+00
   1.0750000e+03  -5.3040983e-01   1.4481344e+00
   1.0760000e+03  -5.3165857e-01   1.4618775e+00
   1.0770000e+03  -5.3351264e-01   1.4744529e+00
   1.0780000e+03  -5.3620227e-01   1.4862052e+00
   1.0790000e+03  -5.4162091e-01   1.4952521e+00
   1.0800000e+03  -5.4938071e-01   1.5028403e+00
   1.0810000e+03  -5.5871426e-01   1.5076670e+00
   1.0820000e+03  -5.6528811e-01   1.5117456e+00
   1.0830000e+03  -5.6902969e-01   1.5148008e+00
   1.0840000e+03  -5.7088639e-01   1.5173211e+00
   1.0850000e+03  -5.7002520e-01   1.5185379e+00
   1.0860000e+03  -5.6994881e-01   1.5203850e+00
   1.0870000e+03  -5.7083246e-01   1.5221216e+00
   1.0880000e+03  -5.7219257e-01   1.5234259e+00
   1.0890000e+03  -5.7369680e-01   1.5230382e+00
   1.0900000e+03  -5.7510874e-01   1.5206545e+00
   1.0910000e+03  -5.7663330e-01   1.5164147e+00
   1.0920000e+03  -5.7840835e-01   1.5118042e+00
   1.0930000e+03  -5.8092630e-01   1.5075710e+00
   1.0940000e+03  -5.8323348e-01   1.5031707e+00
   1.0950000e+03  -5.8634026e-01   1.5001293e+00
   1.0960000e+03  -5.8903563e-01   1.4995043e+00
   1.0970000e+03  -5.9098944e-01   1.4989505e+00
   1.0980000e+03  -5.9116162e-01   1.4984039e+00
   1.0990000e+03  -5.8941154e-01   1.4985722e+00
   1.1000000e+03  -5.8725691e-01   1.4997373e+00
   1.1010000e+03  -5.8312366e-01   1.5004339e+00
   1.1020000e+03  -5.7901836e-01   1.5000466e+00
   1.1030000e+03  -5.7490474e-01   1.4987153e+00
   1.1040000e+03  -5.6976980e-01   1.4968563e+00
   1.1050000e+03  -5.6269848e-01   1.4952017e+00
   1.1060000e+03  -5.5412280e-01   1.4950097e+00
   1.1070000e+03  -5.4319360e-01   1.4957946e+00
   1.1080000e+03  -5.3253477e-01   1.4970065e+00
   1.1090000e+03  -5.2210050e-01   1.4969673e+00
   1.1100000e+03  -5.1318439e-01   1.4961338e+00
   1.1110000e+03  -5.0613247e-01   1.4946897e+00
   1.1120000e+03  -5.0230031e-01   1.4949793e+00
   1.1130000e+03  -5.0057921e-01   1.4967353e+00
   1.1140000e+03  -5.0104644e-01   1.4990123e+00
   1.1150000e+03  -5.0267023e-01   1.4989196e+00
   1.1160000e+03  -5.0433054e-01   1.4953997e+00
   1.1170000e+03  -5.0583059e-01   1.4903549e+00
   1.1180000e+03  -5.0956065e-01   1.4818180e+00
   1.1190000e+03  -5.1577831e-01   1.4731151e+00
   1.1200000e+03  -5.2389422e-01   1.4630463e+00
   1.1210000e+03  -5.3381166e-01   1.4507066e+00
   1.1220000e+03  -5.4278357e-01   1.4352974e+00
   1.1230000e+03  -5.5130809e-01   1.4179772e+00
   1.1240000e+03  -5.5840793e-01   1.3980925e+00
   1.1250000e+03  -5.6229757e-01   1.3816873e+00
   1.1260000e+03  -5.6504473e-01   1.3694704e+00
   1.1270000e+03  -5.6605897e-01   1.3573159e+00
   1.1280000e+03  -5.6738345e-01   1.3444084e+00
   1.1290000e+03  -5.6711124e-01   1.3308868e+00
   1.1300000e+03  -5.6662993e-01   1.3215184e+00
   1.1310000e+03  -5.6329056e-01   1.3122657e+00
   1.1320000e+03  -5.5831863e-01   1.3045334e+00
   1.1330000e+03  -5.5111439e-01   1.2968771e+00
   1.1340000e+03  -5.4360271e-01   1.2881118e+00
   1.1350000e+03  -5.3725948e-01   1.2766757e+00
   1.1360000e+03  -5.3328416e-01   1.2615825e+00
   1.1370000e+03  -5.3281095e-01   1.2425582e+00
   1.1380000e+03  -5.3419757e-01   1.2220903e+00
   1.1390000e+03  -5.3558657e-01   1.2030228e+00
   1.1400000e+03  -5.3786042e-01   1.1859326e+00
   1.1410000e+03  -5.3903360e-01   1.1706348e+00
   1.1420000e+03  -5.3741246e-01   1.1550583e+00
   1.1430000e+03  -5.3242228e-01   1.1443279e+00
   1.1440000e+03  -5.2399647e-01   1.1395632e+00
   1.1450000e+03  -5.1472157e-01   1.1394845e+00
   1.1460000e+03  -5.0141865e-01   1.1377001e+00
   1.1470000e+03  -4.8518933e-01   1.1327582e+00
   1.1480000e+03  -4.6685300e-01   1.1264876e+00
   1.1490000e+03  -4.5197795e-01   1.1229260e+00
   1.1500000e+03  -4.3860479e-01   1.1206611e+00
   1.1510000e+03  -4.2717905e-01   1.1160804e+00
   1.1520000e+03  -4.1812680e-01   1.1129148e+00
   1.1530000e+03  -4.1180731e-01   1.1104098e+00
   1.1540000e+03  -4.0711374e-01   1.1065221e+00
   1.1550000e+03  -4.0250411e-01   1.1016955e+00
   1.1560000e+03  -3.9689495e-01   1.0974162e+00
   1.1570000e+03  -3.9218200e-01   1.0947669e+00
   1.1580000e+03  -3.8711398e-01   1.0930823e+00
   1.1590000e+03  -3.8021919e-01   1.0907838e+00
   1.1600000e+03  -3.7221597e-01   1.0882524e+00
   1.1610000e+03  -3.6249943e-01   1.0863428e+00
   1.1620000e+03  -3.5224179e-01   1.0881413e+00
   1.1630000e+03  -3.3998531e-01   1.0889453e+00
   1.1640000e+03  -3.2896480e-01   1.0896027e+00
   1.1650000e+03  -3.2031245e-01   1.0938897e+00
   1.1660000e+03  -3.1024032e-01   1.0928238e+00
   1.1670000e+03  -2.9999378e-01   1.0917879e+00
   1.1680000e+03  -2.9202202e-01   1.0942204e+00
   1.1690000e+03  -2.8442334e-01   1.0976949e+00
   1.1700000e+03  -2.7922411e-01   1.1030472e+00
   1.1710000e+03  -2.7329831e-01   1.1077644e+00
   1.1720000e+03  -2.6909174e-01   1.1158442e+00
   1.1730000e+03  -2.6234744e-01   1.1230725e+00
   1.1740000e+03  -2.5368757e-01   1.1293207e+00
   1.1750000e+03  -2.4170619e-01   1.1316563e+00
   1.1760000e+03  -2.2891329e-01   1.1322905e+00
   1.1770000e+03  -2.1284546e-01   1.1286047e+00
   1.1780000e+03  -1.9742395e-01   1.1242812e+00
   1.1790000e+03  -1.8261540e-01   1.1194166e+00
   1.1800000e+03  -1.6986876e-01   1.1159095e+00
   1.1810000e+03  -1.6059379e-01   1.1115667e+00
   1.1820000e+03  -1.5277271e-01   1.1079787e+00
   1.1830000e+03  -1.4685140e-01   1.1042452e+00
   1.1840000e+03  -1.4300582e-01   1.1011083e+00
   1.1850000e+03  -1.3975660e-01   1.0968186e+00
   1.1860000e+03  -1.3832915e-01   1.0914977e+00
   1.1870000e+03  -1.3809946e-01   1.0886703e+00
   1.1880000e+03  -1.3954206e-01   1.0872155e+00
   1.1890000e+03  -1.4175805e-01   1.0876088e+00
   1.1900000e+03  -1.4643886e-01   1.0867612e+00
   1.1910000e+03  -1.5183396e-01   1.0837118e+00
   1.1920000e+03  -1.5825766e-01   1.0802138e+00
   1.1930000e+03  -1.6525181e-01   1.0778773e+00
   1.1940000e+03  -1.7425320e-01   1.0754039e+00
   1.1950000e+03  -1.8440160e-01   1.0744584e+00
   1.1960000e+03  -1.9403420e-01   1.0726028e+00
   1.1970000e+03  -2.0296548e-01   1.0706806e+00
   1.1980000e+03  -2.1099038e-01   1.0691374e+00
   1.1990000e+03  -2.1569824e-01   1.0675972e+00
   1.2000000e+03  -2.1718755e-01   1.0674440e+00
   1.2010000e+03  -2.1691406e-01   1.0663696e+00
   1.2020000e+03  -2.1375215e-01   1.0658219e+00
   1.2030000e+03  -2.1087227e-01   1.0644258e+00
   1.2040000e+03  -2.0928539e-01   1.0639708e+00
   1.2050000e+03  -2.0804897e-01   1.0612442e+00
   1.2060000e+03  -2.0732483e-01   1.0548102e+00
   1.2070000e+03  -2.0493666e-01   1.0423687e+00
   1.2080000e+03  -2.0127640e-01   1.0288269e+00
   1.2090000e+03  -1.9500901e-01   1.0120784e+00
   1.2100000e+03  -1.8863995e-01   9.9576320e-01
   1.2110000e+03  -1.7985083e-01   9.7724025e-01
   1.2120000e+03  -1.7217311e-01   9.5689771e-01
   1.2130000e+03  -1.6558739e-01   9.3452105e-01
   1.2140000e+03  -1.5861519e-01   9.1566686e-01
   1.2150000e+03  -1.5277538e-01   9.0012681e-01
   1.2160000e+03  -1.4857325e-01   8.8739457e-01
   1.2170000e+03  -1.4506586e-01   8.7764891e-01
   1.2180000e+03  -1.4207318e-01   8.6903788e-01
   1.2190000e+03  -1.3920973e-01   8.6089479e-01
   1.2200000e+03  -1.3724299e-01   8.5191519e-01
   1.2210000e+03  -1.3659471e-01   8.4307327e-01
   1.2220000e+03  -1.3584302e-01   8.3226410e-01
   1.2230000e+03  -1.3293459e-01   8.2126769e-01
   1.2240000e+03  -1.2796239e-01   8.1061680e-01
   1.2250000e+03  -1.2077366e-01   8.0120341e-01
   1.2260000e+03  -1.1280524e-01   7.9070573e-01
   1.2270000e+03  -1.0473041e-01   7.8080142e-01
   1.2280000e+03  -9.9050322e-02   7.7037988e-01
   1.2290000e+03  -9.5876659e-02   7.6094263e-01
   1.2300000e+03  -9.5968123e-02   7.5287351e-01
   1.2310000e+03  -9.8205004e-02   7.4539568e-01
   1.2320000e+03  -1.0267197e-01   7.3856837e-01
   1.2330000e+03  -1.0771970e-01   7.3221002e-01
   1.2340000e+03  -1.1372379e-01   7.2590524e-01
   1.2350000e+03  -1.1968610e-01   7.1959202e-01
   1.2360000e+03  -1.2543715e-01   7.1528265e-01
   1.2370000e+03  -1.2880287e-01   7.1077944e-01
   1.2380000e+03  -1.3232306e-01   7.0486534e-01
   1.2390000e+03  -1.3365102e-01   7.0238064e-01
   1.2400000e+03  -1.3436802e-01   7.0049969e-01
   1.2410000e+03  -1.3491931e-01   6.9381496e-01
   1.2420000e+03  -1.3583905e-01   6.8608104e-01
   1.2430000e+03  -1.3683507e-01   6.8035797e-01
   1.2440000e+03  -1.3886667e-01   6.6863696e-01
   1.2450000e+03  -1.4023260e-01   6.5115638e-01
   1.2460000e+03  -1.3969920e-01   6.3430445e-01
   1.2470000e+03  -1.3847292e-01   6.1444336e-01
   1.2480000e+03  -1.3633279e-01   5.9640504e-01
   1.2490000e+03  -1.3457490e-01   5.7640290e-01
   1.2500000e+03  -1.3232534e-01   5.6250293e-01
   1.2510000e+03  -1.2957251e-01   5.4939337e-01
   1.2520000e+03  -1.2794059e-01   5.3715479e-01
   1.2530000e+03  -1.2602132e-01   5.3015017e-01
   1.2540000e+03  -1.2534483e-01   5.2621608e-01
   1.2550000e+03  -1.2729948e-01   5.2312065e-01
   1.2560000e+03  -1.3048676e-01   5.2244238e-01
   1.2570000e+03  -1.3345417e-01   5.2427164e-01
   1.2580000e+03  -1.3710812e-01   5.1968408e-01
   1.2590000e+03  -1.4177498e-01   5.1270020e-01
   1.2600000e+03  -1.4722271e-01   5.0616535e-01
   1.2610000e+03  -1.5270168e-01   4.9582517e-01
   1.2620000e+03  -1.5339102e-01   4.8323170e-01
   1.2630000e+03  -1.5298570e-01   4.7042701e-01
   1.2640000e+03  -1.5302885e-01   4.6058653e-01
   1.2650000e+03  -1.5403660e-01   4.5190311e-01
   1.2660000e+03  -1.5698132e-01   4.4021314e-01
   1.2670000e+03  -1.6557607e-01   4.2264109e-01
   1.2680000e+03  -1.7503527e-01   4.1020402e-01
   1.2690000e+03  -1.8381783e-01   3.9401227e-01
   1.2700000e+03  -1.8569141e-01   3.7766599e-01
   1.2710000e+03  -1.8046037e-01   3.6266625e-01
   1.2720000e+03  -1.6875533e-01   3.4791219e-01
   1.2730000e+03  -1.5391611e-01   3.3244415e-01
   1.2740000e+03  -1.3819637e-01   3.1203986e-01
   1.2750000e+03  -1.2225785e-01   2.8667966e-01
   1.2760000e+03  -1.0833400e-01   2.5669529e-01
   1.2770000e+03  -9.4133299e-02   2.2539624e-01
   1.2780000e+03  -8.8602203e-02   1.8938807e-01
   1.2790000e+03  -8.8443653e-02   1.5298712e-01
   1.2800000e+03  -9.3717942e-02   1.1117357e-01
