   3.1100000e+02   2.7549222e+00   1.8541293e+00
   3.1200000e+02   2.7397292e+00   1.8318431e+00
   3.1300000e+02   2.7252058e+00   1.8079364e+00
   3.1400000e+02   2.7113239e+00   1.7845149e+00
   3.1500000e+02   2.6986970e+00   1.7637900e+00
   3.1600000e+02   2.6829551e+00   1.7449602e+00
   3.1700000e+02   2.6620999e+00   1.7273009e+00
   3.1800000e+02   2.6379718e+00   1.7097336e+00
   3.1900000e+02   2.6117430e+00   1.6930490e+00
   3.2000000e+02   2.5855264e+00   1.6803437e+00
   3.2100000e+02   2.5637595e+00   1.6732933e+00
   3.2200000e+02   2.5457341e+00   1.6710686e+00
   3.2300000e+02   2.5322817e+00   1.6738627e+00
   3.2400000e+02   2.5244645e+00   1.6782365e+00
   3.2500000e+02   2.5182207e+00   1.6836387e+00
   3.2600000e+02   2.5104960e+00   1.6867281e+00
   3.2700000e+02   2.5009867e+00   1.6859019e+00
   3.2800000e+02   2.4900005e+00   1.6805004e+00
   3.2900000e+02   2.4794717e+00   1.6705627e+00
   3.3000000e+02   2.4691880e+00   1.6576217e+00
   3.3100000e+02   2.4612071e+00   1.6433325e+00
   3.3200000e+02   2.4525252e+00   1.6298757e+00
   3.3300000e+02   2.4465372e+00   1.6176597e+00
   3.3400000e+02   2.4419221e+00   1.6052994e+00
   3.3500000e+02   2.4370954e+00   1.5936135e+00
   3.3600000e+02   2.4323352e+00   1.5832146e+00
   3.3700000e+02   2.4270788e+00   1.5741509e+00
   3.3800000e+02   2.4166828e+00   1.5670464e+00
   3.3900000e+02   2.4031605e+00   1.5604285e+00
   3.4000000e+02   2.3848226e+00   1.5545320e+00
   3.4100000e+02   2.3640331e+00   1.5473903e+00
   3.4200000e+02   2.3455207e+00   1.5399518e+00
   3.4300000e+02   2.3311302e+00   1.5352437e+00
   3.4400000e+02   2.3205541e+00   1.5340236e+00
   3.4500000e+02   2.3103593e+00   1.5374539e+00
   3.4600000e+02   2.3007613e+00   1.5441675e+00
   3.4700000e+02   2.2913696e+00   1.5517170e+00
   3.4800000e+02   2.2792118e+00   1.5575713e+00
   3.4900000e+02   2.2668985e+00   1.5608282e+00
   3.5000000e+02   2.2492134e+00   1.5603745e+00
   3.5100000e+02   2.2311408e+00   1.5575816e+00
   3.5200000e+02   2.2154472e+00   1.5540224e+00
   3.5300000e+02   2.2016299e+00   1.5515705e+00
   3.5400000e+02   2.1885777e+00   1.5494333e+00
   3.5500000e+02   2.1749952e+00   1.5491957e+00
   3.5600000e+02   2.1603030e+00   1.5524079e+00
   3.5700000e+02   2.1420651e+00   1.5595481e+00
   3.5800000e+02   2.1193672e+00   1.5674181e+00
   3.5900000e+02   2.0929252e+00   1.5758685e+00
   3.6000000e+02   2.0664401e+00   1.5843423e+00
   3.6100000e+02   2.0430554e+00   1.5940769e+00
   3.6200000e+02   2.0230115e+00   1.6065650e+00
   3.6300000e+02   2.0051386e+00   1.6182551e+00
   3.6400000e+02   1.9845206e+00   1.6309226e+00
   3.6500000e+02   1.9618483e+00   1.6397996e+00
   3.6600000e+02   1.9405657e+00   1.6451197e+00
   3.6700000e+02   1.9218956e+00   1.6463315e+00
   3.6800000e+02   1.9070945e+00   1.6453724e+00
   3.6900000e+02   1.8953284e+00   1.6447682e+00
   3.7000000e+02   1.8848723e+00   1.6436205e+00
   3.7100000e+02   1.8759685e+00   1.6416939e+00
   3.7200000e+02   1.8686604e+00   1.6375074e+00
   3.7300000e+02   1.8627259e+00   1.6310734e+00
   3.7400000e+02   1.8580794e+00   1.6208187e+00
   3.7500000e+02   1.8560192e+00   1.6059029e+00
   3.7600000e+02   1.8572296e+00   1.5889565e+00
   3.7700000e+02   1.8577226e+00   1.5719783e+00
   3.7800000e+02   1.8559854e+00   1.5564934e+00
   3.7900000e+02   1.8506942e+00   1.5426830e+00
   3.8000000e+02   1.8423573e+00   1.5292592e+00
   3.8100000e+02   1.8295060e+00   1.5170343e+00
   3.8200000e+02   1.8154569e+00   1.5048266e+00
   3.8300000e+02   1.8002626e+00   1.4945286e+00
   3.8400000e+02   1.7840705e+00   1.4844039e+00
   3.8500000e+02   1.7652425e+00   1.4737081e+00
   3.8600000e+02   1.7470359e+00   1.4615777e+00
   3.8700000e+02   1.7257612e+00   1.4455790e+00
   3.8800000e+02   1.7011569e+00   1.4266986e+00
   3.8900000e+02   1.6749193e+00   1.4040659e+00
   3.9000000e+02   1.6482174e+00   1.3787716e+00
   3.9100000e+02   1.6247369e+00   1.3521481e+00
   3.9200000e+02   1.6055456e+00   1.3279095e+00
   3.9300000e+02   1.5890388e+00   1.3070480e+00
   3.9400000e+02   1.5752740e+00   1.2953706e+00
   3.9500000e+02   1.5629464e+00   1.2907112e+00
   3.9600000e+02   1.5525667e+00   1.2900690e+00
   3.9700000e+02   1.5420561e+00   1.2906270e+00
   3.9800000e+02   1.5280053e+00   1.2907032e+00
   3.9900000e+02   1.5119291e+00   1.2885196e+00
   4.0000000e+02   1.4968886e+00   1.2827041e+00
   4.0100000e+02   1.4884364e+00   1.2770089e+00
   4.0200000e+02   1.4858249e+00   1.2717546e+00
   4.0300000e+02   1.4900784e+00   1.2708668e+00
   4.0400000e+02   1.4976182e+00   1.2735631e+00
   4.0500000e+02   1.5056998e+00   1.2794752e+00
   4.0600000e+02   1.5123231e+00   1.2845424e+00
   4.0700000e+02   1.5163819e+00   1.2887974e+00
   4.0800000e+02   1.5178931e+00   1.2919914e+00
   4.0900000e+02   1.5201861e+00   1.2959998e+00
   4.1000000e+02   1.5205637e+00   1.2972994e+00
   4.1100000e+02   1.5214558e+00   1.2990035e+00
   4.1200000e+02   1.5226297e+00   1.3013269e+00
   4.1300000e+02   1.5230320e+00   1.3042943e+00
   4.1400000e+02   1.5227549e+00   1.3070488e+00
   4.1500000e+02   1.5231176e+00   1.3086987e+00
   4.1600000e+02   1.5234658e+00   1.3100788e+00
   4.1700000e+02   1.5248608e+00   1.3111868e+00
   4.1800000e+02   1.5262848e+00   1.3123599e+00
   4.1900000e+02   1.5287909e+00   1.3137157e+00
   4.2000000e+02   1.5316323e+00   1.3136679e+00
   4.2100000e+02   1.5357292e+00   1.3113714e+00
   4.2200000e+02   1.5410047e+00   1.3069885e+00
   4.2300000e+02   1.5472259e+00   1.2997669e+00
   4.2400000e+02   1.5553090e+00   1.2898949e+00
   4.2500000e+02   1.5642791e+00   1.2795971e+00
   4.2600000e+02   1.5724134e+00   1.2688116e+00
   4.2700000e+02   1.5789753e+00   1.2604139e+00
   4.2800000e+02   1.5838465e+00   1.2555182e+00
   4.2900000e+02   1.5893399e+00   1.2513841e+00
   4.3000000e+02   1.5937914e+00   1.2457664e+00
   4.3100000e+02   1.5993012e+00   1.2390384e+00
   4.3200000e+02   1.6058806e+00   1.2312222e+00
   4.3300000e+02   1.6135939e+00   1.2229758e+00
   4.3400000e+02   1.6246397e+00   1.2161915e+00
   4.3500000e+02   1.6348732e+00   1.2103522e+00
   4.3600000e+02   1.6457650e+00   1.2054894e+00
   4.3700000e+02   1.6546193e+00   1.2016908e+00
   4.3800000e+02   1.6632274e+00   1.1982950e+00
   4.3900000e+02   1.6685677e+00   1.1957941e+00
   4.4000000e+02   1.6722736e+00   1.1937719e+00
   4.4100000e+02   1.6731632e+00   1.1928543e+00
   4.4200000e+02   1.6716302e+00   1.1929120e+00
   4.4300000e+02   1.6697459e+00   1.1948053e+00
   4.4400000e+02   1.6673514e+00   1.1976492e+00
   4.4500000e+02   1.6641626e+00   1.1999998e+00
   4.4600000e+02   1.6588180e+00   1.2042033e+00
   4.4700000e+02   1.6518789e+00   1.2081873e+00
   4.4800000e+02   1.6445364e+00   1.2121133e+00
   4.4900000e+02   1.6367363e+00   1.2164597e+00
   4.5000000e+02   1.6296982e+00   1.2209506e+00
   4.5100000e+02   1.6253381e+00   1.2243976e+00
   4.5200000e+02   1.6235100e+00   1.2254763e+00
   4.5300000e+02   1.6243349e+00   1.2245661e+00
   4.5400000e+02   1.6285593e+00   1.2214463e+00
   4.5500000e+02   1.6341583e+00   1.2179887e+00
   4.5600000e+02   1.6418205e+00   1.2150056e+00
   4.5700000e+02   1.6524791e+00   1.2135467e+00
   4.5800000e+02   1.6605574e+00   1.2127404e+00
   4.5900000e+02   1.6656297e+00   1.2135461e+00
   4.6000000e+02   1.6686707e+00   1.2159793e+00
   4.6100000e+02   1.6689259e+00   1.2203716e+00
   4.6200000e+02   1.6683883e+00   1.2242296e+00
   4.6300000e+02   1.6660396e+00   1.2277280e+00
   4.6400000e+02   1.6642755e+00   1.2312024e+00
   4.6500000e+02   1.6621588e+00   1.2346568e+00
   4.6600000e+02   1.6613980e+00   1.2372407e+00
   4.6700000e+02   1.6623290e+00   1.2402940e+00
   4.6800000e+02   1.6650663e+00   1.2437980e+00
   4.6900000e+02   1.6693011e+00   1.2471997e+00
   4.7000000e+02   1.6742189e+00   1.2514477e+00
   4.7100000e+02   1.6800847e+00   1.2555748e+00
   4.7200000e+02   1.6851279e+00   1.2590025e+00
   4.7300000e+02   1.6914452e+00   1.2622486e+00
   4.7400000e+02   1.6980678e+00   1.2643513e+00
   4.7500000e+02   1.7051617e+00   1.2641173e+00
   4.7600000e+02   1.7125355e+00   1.2623048e+00
   4.7700000e+02   1.7177142e+00   1.2594669e+00
   4.7800000e+02   1.7211599e+00   1.2570192e+00
   4.7900000e+02   1.7228521e+00   1.2556123e+00
   4.8000000e+02   1.7248225e+00   1.2548362e+00
   4.8100000e+02   1.7279680e+00   1.2547569e+00
   4.8200000e+02   1.7329981e+00   1.2563301e+00
   4.8300000e+02   1.7428854e+00   1.2602267e+00
   4.8400000e+02   1.7576404e+00   1.2650294e+00
   4.8500000e+02   1.7752348e+00   1.2717006e+00
   4.8600000e+02   1.7949495e+00   1.2797321e+00
   4.8700000e+02   1.8118715e+00   1.2862281e+00
   4.8800000e+02   1.8266088e+00   1.2910743e+00
   4.8900000e+02   1.8393605e+00   1.2962704e+00
   4.9000000e+02   1.8522561e+00   1.3022425e+00
   4.9100000e+02   1.8663613e+00   1.3081632e+00
   4.9200000e+02   1.8841762e+00   1.3121846e+00
   4.9300000e+02   1.9077581e+00   1.3129338e+00
   4.9400000e+02   1.9307098e+00   1.3054461e+00
   4.9500000e+02   1.9537372e+00   1.3025496e+00
   4.9600000e+02   1.9719879e+00   1.3017265e+00
   4.9700000e+02   1.9884834e+00   1.3069416e+00
   4.9800000e+02   2.0043839e+00   1.3203367e+00
   4.9900000e+02   2.0213596e+00   1.3375110e+00
   5.0000000e+02   2.0410702e+00   1.3525455e+00
   5.0100000e+02   2.0661905e+00   1.3629401e+00
   5.0200000e+02   2.0912462e+00   1.3686083e+00
   5.0300000e+02   2.1130511e+00   1.3720655e+00
   5.0400000e+02   2.1323788e+00   1.3739233e+00
   5.0500000e+02   2.1525588e+00   1.3742299e+00
   5.0600000e+02   2.1743577e+00   1.3739269e+00
   5.0700000e+02   2.1969006e+00   1.3703515e+00
   5.0800000e+02   2.2237098e+00   1.3617103e+00
   5.0900000e+02   2.2532072e+00   1.3492263e+00
   5.1000000e+02   2.2838310e+00   1.3381653e+00
   5.1100000e+02   2.3057948e+00   1.3335788e+00
   5.1200000e+02   2.3247224e+00   1.3343355e+00
   5.1300000e+02   2.3444354e+00   1.3393585e+00
   5.1400000e+02   2.3672701e+00   1.3439173e+00
   5.1500000e+02   2.3895950e+00   1.3465940e+00
   5.1600000e+02   2.4115203e+00   1.3484914e+00
   5.1700000e+02   2.4345819e+00   1.3483740e+00
   5.1800000e+02   2.4595601e+00   1.3435784e+00
   5.1900000e+02   2.4825319e+00   1.3393552e+00
   5.2000000e+02   2.5011494e+00   1.3364192e+00
   5.2100000e+02   2.5152271e+00   1.3372199e+00
   5.2200000e+02   2.5256924e+00   1.3397231e+00
   5.2300000e+02   2.5365045e+00   1.3446434e+00
   5.2400000e+02   2.5459245e+00   1.3497341e+00
   5.2500000e+02   2.5528651e+00   1.3560044e+00
   5.2600000e+02   2.5585687e+00   1.3638449e+00
   5.2700000e+02   2.5647663e+00   1.3716840e+00
   5.2800000e+02   2.5724434e+00   1.3790404e+00
   5.2900000e+02   2.5827585e+00   1.3860335e+00
   5.3000000e+02   2.5921032e+00   1.3884139e+00
   5.3100000e+02   2.6024028e+00   1.3909148e+00
   5.3200000e+02   2.6117716e+00   1.3920354e+00
   5.3300000e+02   2.6202355e+00   1.3917889e+00
   5.3400000e+02   2.6278652e+00   1.3901700e+00
   5.3500000e+02   2.6338436e+00   1.3885397e+00
   5.3600000e+02   2.6375111e+00   1.3844663e+00
   5.3700000e+02   2.6401604e+00   1.3807302e+00
   5.3800000e+02   2.6427446e+00   1.3757710e+00
   5.3900000e+02   2.6466142e+00   1.3689391e+00
   5.4000000e+02   2.6518742e+00   1.3630095e+00
   5.4100000e+02   2.6556641e+00   1.3564230e+00
   5.4200000e+02   2.6536336e+00   1.3557303e+00
   5.4300000e+02   2.6449579e+00   1.3574328e+00
   5.4400000e+02   2.6335381e+00   1.3619118e+00
   5.4500000e+02   2.6219336e+00   1.3681712e+00
   5.4600000e+02   2.6101255e+00   1.3753632e+00
   5.4700000e+02   2.6007259e+00   1.3827655e+00
   5.4800000e+02   2.5895961e+00   1.3883623e+00
   5.4900000e+02   2.5784649e+00   1.3905907e+00
   5.5000000e+02   2.5674517e+00   1.3916957e+00
   5.5100000e+02   2.5558114e+00   1.3932029e+00
   5.5200000e+02   2.5441207e+00   1.3954314e+00
   5.5300000e+02   2.5309088e+00   1.3998150e+00
   5.5400000e+02   2.5178060e+00   1.4062381e+00
   5.5500000e+02   2.5049071e+00   1.4129946e+00
   5.5600000e+02   2.4928234e+00   1.4191481e+00
   5.5700000e+02   2.4846170e+00   1.4219393e+00
   5.5800000e+02   2.4777200e+00   1.4235277e+00
   5.5900000e+02   2.4732251e+00   1.4249227e+00
   5.6000000e+02   2.4686352e+00   1.4253384e+00
   5.6100000e+02   2.4652169e+00   1.4243872e+00
   5.6200000e+02   2.4633338e+00   1.4203953e+00
   5.6300000e+02   2.4615800e+00   1.4150361e+00
   5.6400000e+02   2.4595218e+00   1.4096125e+00
   5.6500000e+02   2.4574321e+00   1.4039136e+00
   5.6600000e+02   2.4550878e+00   1.3979986e+00
   5.6700000e+02   2.4529976e+00   1.3905108e+00
   5.6800000e+02   2.4508702e+00   1.3826927e+00
   5.6900000e+02   2.4482422e+00   1.3749902e+00
   5.7000000e+02   2.4456405e+00   1.3672938e+00
   5.7100000e+02   2.4431531e+00   1.3596890e+00
   5.7200000e+02   2.4417229e+00   1.3519048e+00
   5.7300000e+02   2.4374702e+00   1.3434867e+00
   5.7400000e+02   2.4299227e+00   1.3359930e+00
   5.7500000e+02   2.4174897e+00   1.3297062e+00
   5.7600000e+02   2.4011317e+00   1.3238018e+00
   5.7700000e+02   2.3822086e+00   1.3167265e+00
   5.7800000e+02   2.3654348e+00   1.3088227e+00
   5.7900000e+02   2.3485351e+00   1.3008133e+00
   5.8000000e+02   2.3320537e+00   1.2933577e+00
   5.8100000e+02   2.3168099e+00   1.2866407e+00
   5.8200000e+02   2.3004081e+00   1.2815764e+00
   5.8300000e+02   2.2840643e+00   1.2757093e+00
   5.8400000e+02   2.2698949e+00   1.2691242e+00
   5.8500000e+02   2.2560898e+00   1.2590853e+00
   5.8600000e+02   2.2440644e+00   1.2472722e+00
   5.8700000e+02   2.2330536e+00   1.2333711e+00
   5.8800000e+02   2.2225783e+00   1.2174779e+00
   5.8900000e+02   2.2139186e+00   1.2002855e+00
   5.9000000e+02   2.2058989e+00   1.1860132e+00
   5.9100000e+02   2.2003556e+00   1.1761084e+00
   5.9200000e+02   2.1984289e+00   1.1738469e+00
   5.9300000e+02   2.1981034e+00   1.1766438e+00
   5.9400000e+02   2.1976437e+00   1.1832308e+00
   5.9500000e+02   2.1980712e+00   1.1928079e+00
   5.9600000e+02   2.1989837e+00   1.2024364e+00
   5.9700000e+02   2.1995619e+00   1.2133388e+00
   5.9800000e+02   2.1995678e+00   1.2242958e+00
   5.9900000e+02   2.2002915e+00   1.2341113e+00
   6.0000000e+02   2.2002853e+00   1.2435348e+00
   6.0100000e+02   2.1993532e+00   1.2514616e+00
   6.0200000e+02   2.1977043e+00   1.2591275e+00
   6.0300000e+02   2.1965712e+00   1.2642994e+00
   6.0400000e+02   2.1930258e+00   1.2686486e+00
   6.0500000e+02   2.1891470e+00   1.2722250e+00
   6.0600000e+02   2.1844299e+00   1.2748756e+00
   6.0700000e+02   2.1794985e+00   1.2770476e+00
   6.0800000e+02   2.1731279e+00   1.2804005e+00
   6.0900000e+02   2.1662273e+00   1.2845734e+00
   6.1000000e+02   2.1587561e+00   1.2896182e+00
   6.1100000e+02   2.1492378e+00   1.2963274e+00
   6.1200000e+02   2.1404847e+00   1.3043110e+00
   6.1300000e+02   2.1324816e+00   1.3117886e+00
   6.1400000e+02   2.1211810e+00   1.3216495e+00
   6.1500000e+02   2.1093418e+00   1.3265828e+00
   6.1600000e+02   2.0988537e+00   1.3311212e+00
   6.1700000e+02   2.0867202e+00   1.3345343e+00
   6.1800000e+02   2.0754808e+00   1.3372977e+00
   6.1900000e+02   2.0636516e+00   1.3378879e+00
   6.2000000e+02   2.0512108e+00   1.3407339e+00
   6.2100000e+02   2.0391633e+00   1.3424635e+00
   6.2200000e+02   2.0281010e+00   1.3440375e+00
   6.2300000e+02   2.0165148e+00   1.3441159e+00
   6.2400000e+02   2.0096641e+00   1.3426424e+00
   6.2500000e+02   2.0001542e+00   1.3343651e+00
   6.2600000e+02   1.9906546e+00   1.3248645e+00
   6.2700000e+02   1.9769753e+00   1.3103126e+00
   6.2800000e+02   1.9616087e+00   1.2934335e+00
   6.2900000e+02   1.9442883e+00   1.2744076e+00
   6.3000000e+02   1.9244147e+00   1.2540093e+00
   6.3100000e+02   1.9021956e+00   1.2347038e+00
   6.3200000e+02   1.8810043e+00   1.2201669e+00
   6.3300000e+02   1.8585239e+00   1.2093694e+00
   6.3400000e+02   1.8382947e+00   1.2042088e+00
   6.3500000e+02   1.8203977e+00   1.2006315e+00
   6.3600000e+02   1.8066783e+00   1.1977921e+00
   6.3700000e+02   1.7990286e+00   1.1939736e+00
   6.3800000e+02   1.7944605e+00   1.1902671e+00
   6.3900000e+02   1.7921235e+00   1.1866328e+00
   6.4000000e+02   1.7897014e+00   1.1844777e+00
   6.4100000e+02   1.7849051e+00   1.1837621e+00
   6.4200000e+02   1.7775389e+00   1.1842191e+00
   6.4300000e+02   1.7684816e+00   1.1863761e+00
   6.4400000e+02   1.7602483e+00   1.1907349e+00
   6.4500000e+02   1.7539356e+00   1.1959163e+00
   6.4600000e+02   1.7481858e+00   1.2007001e+00
   6.4700000e+02   1.7426347e+00   1.2049424e+00
   6.4800000e+02   1.7352622e+00   1.2085378e+00
   6.4900000e+02   1.7270506e+00   1.2113445e+00
   6.5000000e+02   1.7201528e+00   1.2146094e+00
   6.5100000e+02   1.7146882e+00   1.2180218e+00
   6.5200000e+02   1.7112161e+00   1.2216827e+00
   6.5300000e+02   1.7106391e+00   1.2258220e+00
   6.5400000e+02   1.7118278e+00   1.2303389e+00
   6.5500000e+02   1.7126820e+00   1.2354621e+00
   6.5600000e+02   1.7145711e+00   1.2404877e+00
   6.5700000e+02   1.7189748e+00   1.2449216e+00
   6.5800000e+02   1.7271013e+00   1.2477539e+00
   6.5900000e+02   1.7379252e+00   1.2494602e+00
   6.6000000e+02   1.7493222e+00   1.2502080e+00
   6.6100000e+02   1.7611513e+00   1.2495476e+00
   6.6200000e+02   1.7697558e+00   1.2483589e+00
   6.6300000e+02   1.7768488e+00   1.2468225e+00
   6.6400000e+02   1.7818792e+00   1.2438601e+00
   6.6500000e+02   1.7864098e+00   1.2404739e+00
   6.6600000e+02   1.7909710e+00   1.2363724e+00
   6.6700000e+02   1.7967458e+00   1.2316851e+00
   6.6800000e+02   1.8043865e+00   1.2260904e+00
   6.6900000e+02   1.8125347e+00   1.2188400e+00
   6.7000000e+02   1.8212397e+00   1.2110419e+00
   6.7100000e+02   1.8297523e+00   1.2033173e+00
   6.7200000e+02   1.8377014e+00   1.1957916e+00
   6.7300000e+02   1.8452700e+00   1.1900530e+00
   6.7400000e+02   1.8501674e+00   1.1845926e+00
   6.7500000e+02   1.8529608e+00   1.1803059e+00
   6.7600000e+02   1.8519865e+00   1.1763181e+00
   6.7700000e+02   1.8498717e+00   1.1759111e+00
   6.7800000e+02   1.8454945e+00   1.1746870e+00
   6.7900000e+02   1.8417187e+00   1.1729663e+00
   6.8000000e+02   1.8361841e+00   1.1694745e+00
   6.8100000e+02   1.8295930e+00   1.1647832e+00
   6.8200000e+02   1.8211792e+00   1.1586975e+00
   6.8300000e+02   1.8103149e+00   1.1535074e+00
   6.8400000e+02   1.7976135e+00   1.1478305e+00
   6.8500000e+02   1.7856332e+00   1.1429141e+00
   6.8600000e+02   1.7736451e+00   1.1387075e+00
   6.8700000e+02   1.7639657e+00   1.1345900e+00
   6.8800000e+02   1.7542570e+00   1.1295647e+00
   6.8900000e+02   1.7443016e+00   1.1249110e+00
   6.9000000e+02   1.7340647e+00   1.1212984e+00
   6.9100000e+02   1.7220242e+00   1.1183886e+00
   6.9200000e+02   1.7117152e+00   1.1162919e+00
   6.9300000e+02   1.7040390e+00   1.1158428e+00
   6.9400000e+02   1.6992262e+00   1.1155964e+00
   6.9500000e+02   1.6985453e+00   1.1151135e+00
   6.9600000e+02   1.7008574e+00   1.1172434e+00
   6.9700000e+02   1.7054256e+00   1.1184617e+00
   6.9800000e+02   1.7115815e+00   1.1207419e+00
   6.9900000e+02   1.7199355e+00   1.1230690e+00
   7.0000000e+02   1.7284570e+00   1.1272238e+00
   7.0100000e+02   1.7398567e+00   1.1304118e+00
   7.0200000e+02   1.7499118e+00   1.1325974e+00
   7.0300000e+02   1.7611248e+00   1.1328487e+00
   7.0400000e+02   1.7710657e+00   1.1314848e+00
   7.0500000e+02   1.7793613e+00   1.1305103e+00
   7.0600000e+02   1.7869042e+00   1.1305505e+00
   7.0700000e+02   1.7939701e+00   1.1306496e+00
   7.0800000e+02   1.8017406e+00   1.1317217e+00
   7.0900000e+02   1.8091392e+00   1.1331476e+00
   7.1000000e+02   1.8140695e+00   1.1361681e+00
   7.1100000e+02   1.8182817e+00   1.1410776e+00
   7.1200000e+02   1.8210953e+00   1.1469314e+00
   7.1300000e+02   1.8226185e+00   1.1539951e+00
   7.1400000e+02   1.8233335e+00   1.1613872e+00
   7.1500000e+02   1.8237969e+00   1.1684562e+00
   7.1600000e+02   1.8210852e+00   1.1757110e+00
   7.1700000e+02   1.8160217e+00   1.1831100e+00
   7.1800000e+02   1.8085197e+00   1.1917514e+00
   7.1900000e+02   1.7988799e+00   1.2007852e+00
   7.2000000e+02   1.7881268e+00   1.2104683e+00
   7.2100000e+02   1.7776387e+00   1.2191359e+00
   7.2200000e+02   1.7674743e+00   1.2282569e+00
   7.2300000e+02   1.7603775e+00   1.2382853e+00
   7.2400000e+02   1.7549548e+00   1.2481061e+00
   7.2500000e+02   1.7518431e+00   1.2574345e+00
   7.2600000e+02   1.7501762e+00   1.2649088e+00
   7.2700000e+02   1.7493321e+00   1.2702499e+00
   7.2800000e+02   1.7485918e+00   1.2734642e+00
   7.2900000e+02   1.7487666e+00   1.2748281e+00
   7.3000000e+02   1.7489820e+00   1.2743226e+00
   7.3100000e+02   1.7493377e+00   1.2731813e+00
   7.3200000e+02   1.7507937e+00   1.2702359e+00
   7.3300000e+02   1.7534001e+00   1.2664570e+00
   7.3400000e+02   1.7557036e+00   1.2624055e+00
   7.3500000e+02   1.7592666e+00   1.2587798e+00
   7.3600000e+02   1.7615975e+00   1.2563556e+00
   7.3700000e+02   1.7634731e+00   1.2541703e+00
   7.3800000e+02   1.7663591e+00   1.2531251e+00
   7.3900000e+02   1.7690294e+00   1.2533151e+00
   7.4000000e+02   1.7726832e+00   1.2538108e+00
   7.4100000e+02   1.7772938e+00   1.2551534e+00
   7.4200000e+02   1.7821406e+00   1.2570348e+00
   7.4300000e+02   1.7870598e+00   1.2591120e+00
   7.4400000e+02   1.7917404e+00   1.2617652e+00
   7.4500000e+02   1.7951586e+00   1.2655995e+00
   7.4600000e+02   1.7967033e+00   1.2705203e+00
   7.4700000e+02   1.7968113e+00   1.2764310e+00
   7.4800000e+02   1.7945779e+00   1.2833230e+00
   7.4900000e+02   1.7896657e+00   1.2896071e+00
   7.5000000e+02   1.7832557e+00   1.2945818e+00
   7.5100000e+02   1.7758808e+00   1.2973833e+00
   7.5200000e+02   1.7699921e+00   1.2982131e+00
   7.5300000e+02   1.7645044e+00   1.2979865e+00
   7.5400000e+02   1.7613979e+00   1.2972942e+00
   7.5500000e+02   1.7592926e+00   1.2966646e+00
   7.5600000e+02   1.7591745e+00   1.2953583e+00
   7.5700000e+02   1.7603566e+00   1.2931727e+00
   7.5800000e+02   1.7615941e+00   1.2896101e+00
   7.5900000e+02   1.7637956e+00   1.2858471e+00
   7.6000000e+02   1.7653101e+00   1.2801703e+00
   7.6100000e+02   1.7662675e+00   1.2740320e+00
   7.6200000e+02   1.7669933e+00   1.2662283e+00
   7.6300000e+02   1.7677430e+00   1.2604336e+00
   7.6400000e+02   1.7681388e+00   1.2563595e+00
   7.6500000e+02   1.7688165e+00   1.2542054e+00
   7.6600000e+02   1.7687906e+00   1.2551389e+00
   7.6700000e+02   1.7664647e+00   1.2583842e+00
   7.6800000e+02   1.7630355e+00   1.2643596e+00
   7.6900000e+02   1.7591938e+00   1.2698147e+00
   7.7000000e+02   1.7558952e+00   1.2756028e+00
   7.7100000e+02   1.7535296e+00   1.2816294e+00
   7.7200000e+02   1.7545674e+00   1.2882490e+00
   7.7300000e+02   1.7590121e+00   1.2968755e+00
   7.7400000e+02   1.7670814e+00   1.3068186e+00
   7.7500000e+02   1.7767394e+00   1.3186907e+00
   7.7600000e+02   1.7857229e+00   1.3303431e+00
   7.7700000e+02   1.7927486e+00   1.3419963e+00
   7.7800000e+02   1.7964871e+00   1.3518296e+00
   7.7900000e+02   1.7978447e+00   1.3590943e+00
   7.8000000e+02   1.7955173e+00   1.3649587e+00
   7.8100000e+02   1.7904858e+00   1.3689693e+00
   7.8200000e+02   1.7845024e+00   1.3704744e+00
   7.8300000e+02   1.7789827e+00   1.3705284e+00
   7.8400000e+02   1.7748824e+00   1.3693713e+00
   7.8500000e+02   1.7723284e+00   1.3668644e+00
   7.8600000e+02   1.7727119e+00   1.3637763e+00
   7.8700000e+02   1.7735221e+00   1.3602566e+00
   7.8800000e+02   1.7748476e+00   1.3566164e+00
   7.8900000e+02   1.7772669e+00   1.3536573e+00
   7.9000000e+02   1.7794493e+00   1.3508554e+00
   7.9100000e+02   1.7821059e+00   1.3478312e+00
   7.9200000e+02   1.7854680e+00   1.3452054e+00
   7.9300000e+02   1.7909583e+00   1.3426306e+00
   7.9400000e+02   1.7948771e+00   1.3395037e+00
   7.9500000e+02   1.7974231e+00   1.3362981e+00
   7.9600000e+02   1.7963293e+00   1.3327886e+00
   7.9700000e+02   1.7918721e+00   1.3294927e+00
   7.9800000e+02   1.7834425e+00   1.3255271e+00
   7.9900000e+02   1.7721852e+00   1.3202099e+00
   8.0000000e+02   1.7598523e+00   1.3139086e+00
   8.0100000e+02   1.7460522e+00   1.3063318e+00
   8.0200000e+02   1.7357038e+00   1.2996295e+00
   8.0300000e+02   1.7275825e+00   1.2938501e+00
   8.0400000e+02   1.7219834e+00   1.2885773e+00
   8.0500000e+02   1.7178247e+00   1.2838336e+00
   8.0600000e+02   1.7123359e+00   1.2788085e+00
   8.0700000e+02   1.7087190e+00   1.2721884e+00
   8.0800000e+02   1.7070059e+00   1.2651271e+00
   8.0900000e+02   1.7075811e+00   1.2588990e+00
   8.1000000e+02   1.7118241e+00   1.2536053e+00
   8.1100000e+02   1.7190075e+00   1.2492415e+00
   8.1200000e+02   1.7286241e+00   1.2466695e+00
   8.1300000e+02   1.7386442e+00   1.2466013e+00
   8.1400000e+02   1.7485611e+00   1.2477553e+00
   8.1500000e+02   1.7545560e+00   1.2504670e+00
   8.1600000e+02   1.7548881e+00   1.2534918e+00
   8.1700000e+02   1.7540927e+00   1.2578044e+00
   8.1800000e+02   1.7506307e+00   1.2600419e+00
   8.1900000e+02   1.7485420e+00   1.2600284e+00
   8.2000000e+02   1.7489716e+00   1.2582969e+00
   8.2100000e+02   1.7518819e+00   1.2560482e+00
   8.2200000e+02   1.7548228e+00   1.2525892e+00
   8.2300000e+02   1.7582166e+00   1.2488603e+00
   8.2400000e+02   1.7611299e+00   1.2445465e+00
   8.2500000e+02   1.7642493e+00   1.2399045e+00
   8.2600000e+02   1.7667974e+00   1.2362118e+00
   8.2700000e+02   1.7692958e+00   1.2332611e+00
   8.2800000e+02   1.7713053e+00   1.2301407e+00
   8.2900000e+02   1.7738261e+00   1.2287358e+00
   8.3000000e+02   1.7747639e+00   1.2273157e+00
   8.3100000e+02   1.7755269e+00   1.2256013e+00
   8.3200000e+02   1.7758194e+00   1.2236581e+00
   8.3300000e+02   1.7751481e+00   1.2211979e+00
   8.3400000e+02   1.7745154e+00   1.2169234e+00
   8.3500000e+02   1.7734812e+00   1.2122630e+00
   8.3600000e+02   1.7706269e+00   1.2070900e+00
   8.3700000e+02   1.7675614e+00   1.2021751e+00
   8.3800000e+02   1.7652965e+00   1.1985777e+00
   8.3900000e+02   1.7644339e+00   1.1955862e+00
   8.4000000e+02   1.7653852e+00   1.1931008e+00
   8.4100000e+02   1.7677557e+00   1.1903373e+00
   8.4200000e+02   1.7708755e+00   1.1886238e+00
   8.4300000e+02   1.7756172e+00   1.1867481e+00
   8.4400000e+02   1.7789693e+00   1.1859959e+00
   8.4500000e+02   1.7816276e+00   1.1846007e+00
   8.4600000e+02   1.7840218e+00   1.1814559e+00
   8.4700000e+02   1.7860057e+00   1.1775813e+00
   8.4800000e+02   1.7880170e+00   1.1710162e+00
   8.4900000e+02   1.7915758e+00   1.1636707e+00
   8.5000000e+02   1.7948527e+00   1.1554552e+00
   8.5100000e+02   1.7979265e+00   1.1488393e+00
   8.5200000e+02   1.8000913e+00   1.1443235e+00
   8.5300000e+02   1.8028340e+00   1.1395103e+00
   8.5400000e+02   1.8071753e+00   1.1361852e+00
   8.5500000e+02   1.8113395e+00   1.1336082e+00
   8.5600000e+02   1.8169146e+00   1.1321324e+00
   8.5700000e+02   1.8237837e+00   1.1327727e+00
   8.5800000e+02   1.8310652e+00   1.1358908e+00
   8.5900000e+02   1.8388512e+00   1.1427793e+00
   8.6000000e+02   1.8468985e+00   1.1527546e+00
   8.6100000e+02   1.8540897e+00   1.1664867e+00
   8.6200000e+02   1.8603390e+00   1.1817239e+00
   8.6300000e+02   1.8664314e+00   1.1975858e+00
   8.6400000e+02   1.8691407e+00   1.2122154e+00
   8.6500000e+02   1.8711995e+00   1.2250528e+00
   8.6600000e+02   1.8674317e+00   1.2390932e+00
   8.6700000e+02   1.8601278e+00   1.2531386e+00
   8.6800000e+02   1.8504868e+00   1.2674757e+00
   8.6900000e+02   1.8380965e+00   1.2816197e+00
   8.7000000e+02   1.8263806e+00   1.2965251e+00
   8.7100000e+02   1.8161766e+00   1.3105799e+00
   8.7200000e+02   1.8081207e+00   1.3239759e+00
   8.7300000e+02   1.8027824e+00   1.3353718e+00
   8.7400000e+02   1.7984295e+00   1.3453548e+00
   8.7500000e+02   1.7954237e+00   1.3545383e+00
   8.7600000e+02   1.7920412e+00   1.3625809e+00
   8.7700000e+02   1.7885606e+00   1.3707141e+00
   8.7800000e+02   1.7879200e+00   1.3792592e+00
   8.7900000e+02   1.7889803e+00   1.3880716e+00
   8.8000000e+02   1.7930205e+00   1.3962149e+00
   8.8100000e+02   1.7987010e+00   1.4029739e+00
   8.8200000e+02   1.8063867e+00   1.4081410e+00
   8.8300000e+02   1.8137908e+00   1.4099259e+00
   8.8400000e+02   1.8212887e+00   1.4085076e+00
   8.8500000e+02   1.8283118e+00   1.4055482e+00
   8.8600000e+02   1.8352162e+00   1.4001007e+00
   8.8700000e+02   1.8414576e+00   1.3934050e+00
   8.8800000e+02   1.8485953e+00   1.3856062e+00
   8.8900000e+02   1.8554430e+00   1.3772018e+00
   8.9000000e+02   1.8613193e+00   1.3672591e+00
   8.9100000e+02   1.8636101e+00   1.3560142e+00
   8.9200000e+02   1.8644009e+00   1.3442689e+00
   8.9300000e+02   1.8616930e+00   1.3307740e+00
   8.9400000e+02   1.8580940e+00   1.3169842e+00
   8.9500000e+02   1.8540939e+00   1.3036476e+00
   8.9600000e+02   1.8526539e+00   1.2917309e+00
   8.9700000e+02   1.8511439e+00   1.2808788e+00
   8.9800000e+02   1.8522927e+00   1.2729742e+00
   8.9900000e+02   1.8538939e+00   1.2672303e+00
   9.0000000e+02   1.8559916e+00   1.2627585e+00
   9.0100000e+02   1.8576885e+00   1.2582350e+00
   9.0200000e+02   1.8580637e+00   1.2530632e+00
   9.0300000e+02   1.8585058e+00   1.2472534e+00
   9.0400000e+02   1.8583036e+00   1.2417491e+00
   9.0500000e+02   1.8577985e+00   1.2373646e+00
   9.0600000e+02   1.8555724e+00   1.2349850e+00
   9.0700000e+02   1.8517357e+00   1.2345825e+00
   9.0800000e+02   1.8456451e+00   1.2363226e+00
   9.0900000e+02   1.8385751e+00   1.2402854e+00
   9.1000000e+02   1.8286163e+00   1.2453519e+00
   9.1100000e+02   1.8182115e+00   1.2527871e+00
   9.1200000e+02   1.8066342e+00   1.2589923e+00
   9.1300000e+02   1.7958002e+00   1.2646676e+00
   9.1400000e+02   1.7831810e+00   1.2689445e+00
   9.1500000e+02   1.7717361e+00   1.2738029e+00
   9.1600000e+02   1.7597520e+00   1.2778066e+00
   9.1700000e+02   1.7482400e+00   1.2826016e+00
   9.1800000e+02   1.7372588e+00   1.2892632e+00
   9.1900000e+02   1.7291013e+00   1.3003245e+00
   9.2000000e+02   1.7242505e+00   1.3161335e+00
   9.2100000e+02   1.7236247e+00   1.3339801e+00
   9.2200000e+02   1.7268088e+00   1.3505081e+00
   9.2300000e+02   1.7323155e+00   1.3645189e+00
   9.2400000e+02   1.7398603e+00   1.3751871e+00
   9.2500000e+02   1.7457127e+00   1.3827379e+00
   9.2600000e+02   1.7503293e+00   1.3888748e+00
   9.2700000e+02   1.7534160e+00   1.3939993e+00
   9.2800000e+02   1.7559708e+00   1.3984089e+00
   9.2900000e+02   1.7584558e+00   1.4001186e+00
   9.3000000e+02   1.7600573e+00   1.3993847e+00
   9.3100000e+02   1.7600274e+00   1.3966421e+00
   9.3200000e+02   1.7572152e+00   1.3929059e+00
   9.3300000e+02   1.7523184e+00   1.3890050e+00
   9.3400000e+02   1.7450280e+00   1.3852443e+00
   9.3500000e+02   1.7359183e+00   1.3834440e+00
   9.3600000e+02   1.7257662e+00   1.3820224e+00
   9.3700000e+02   1.7145545e+00   1.3807955e+00
   9.3800000e+02   1.7015838e+00   1.3807888e+00
   9.3900000e+02   1.6865327e+00   1.3813318e+00
   9.4000000e+02   1.6727851e+00   1.3810810e+00
   9.4100000e+02   1.6601248e+00   1.3791953e+00
   9.4200000e+02   1.6505924e+00   1.3750407e+00
   9.4300000e+02   1.6433545e+00   1.3698156e+00
   9.4400000e+02   1.6362978e+00   1.3651820e+00
   9.4500000e+02   1.6305531e+00   1.3604899e+00
   9.4600000e+02   1.6232952e+00   1.3574113e+00
   9.4700000e+02   1.6169307e+00   1.3550353e+00
   9.4800000e+02   1.6118048e+00   1.3530256e+00
   9.4900000e+02   1.6091404e+00   1.3490994e+00
   9.5000000e+02   1.6103383e+00   1.3439178e+00
   9.5100000e+02   1.6152269e+00   1.3361927e+00
   9.5200000e+02   1.6223998e+00   1.3284553e+00
   9.5300000e+02   1.6305252e+00   1.3210074e+00
   9.5400000e+02   1.6397310e+00   1.3140290e+00
   9.5500000e+02   1.6497375e+00   1.3071339e+00
   9.5600000e+02   1.6568340e+00   1.3016799e+00
   9.5700000e+02   1.6616434e+00   1.2962551e+00
   9.5800000e+02   1.6628409e+00   1.2908470e+00
   9.5900000e+02   1.6606812e+00   1.2848979e+00
   9.6000000e+02   1.6558798e+00   1.2795197e+00
   9.6100000e+02   1.6498266e+00   1.2756181e+00
   9.6200000e+02   1.6405314e+00   1.2721840e+00
   9.6300000e+02   1.6295541e+00   1.2686690e+00
   9.6400000e+02   1.6177467e+00   1.2652458e+00
   9.6500000e+02   1.6045409e+00   1.2596142e+00
   9.6600000e+02   1.5911305e+00   1.2517576e+00
   9.6700000e+02   1.5769689e+00   1.2412129e+00
   9.6800000e+02   1.5633387e+00   1.2302787e+00
   9.6900000e+02   1.5494931e+00   1.2201948e+00
   9.7000000e+02   1.5371428e+00   1.2101389e+00
   9.7100000e+02   1.5277957e+00   1.1982177e+00
   9.7200000e+02   1.5217532e+00   1.1837034e+00
   9.7300000e+02   1.5199028e+00   1.1688867e+00
   9.7400000e+02   1.5216351e+00   1.1564847e+00
   9.7500000e+02   1.5291680e+00   1.1453945e+00
   9.7600000e+02   1.5404413e+00   1.1355417e+00
   9.7700000e+02   1.5530997e+00   1.1269012e+00
   9.7800000e+02   1.5649440e+00   1.1196429e+00
   9.7900000e+02   1.5726456e+00   1.1143900e+00
   9.8000000e+02   1.5761521e+00   1.1116973e+00
   9.8100000e+02   1.5744760e+00   1.1104209e+00
   9.8200000e+02   1.5669554e+00   1.1116339e+00
   9.8300000e+02   1.5536447e+00   1.1150675e+00
   9.8400000e+02   1.5360776e+00   1.1195575e+00
   9.8500000e+02   1.5152948e+00   1.1252700e+00
   9.8600000e+02   1.4944922e+00   1.1308288e+00
   9.8700000e+02   1.4749017e+00   1.1378094e+00
   9.8800000e+02   1.4570335e+00   1.1450709e+00
   9.8900000e+02   1.4448203e+00   1.1507707e+00
   9.9000000e+02   1.4345724e+00   1.1553067e+00
   9.9100000e+02   1.4236228e+00   1.1581141e+00
   9.9200000e+02   1.4111576e+00   1.1596473e+00
   9.9300000e+02   1.3985417e+00   1.1594350e+00
   9.9400000e+02   1.3867382e+00   1.1581118e+00
   9.9500000e+02   1.3765565e+00   1.1562688e+00
   9.9600000e+02   1.3680101e+00   1.1544443e+00
   9.9700000e+02   1.3590216e+00   1.1525870e+00
   9.9800000e+02   1.3487426e+00   1.1513431e+00
   9.9900000e+02   1.3386851e+00   1.1496253e+00
   1.0000000e+03   1.3280524e+00   1.1477582e+00
   1.0010000e+03   1.3174704e+00   1.1442842e+00
   1.0020000e+03   1.3076769e+00   1.1392852e+00
   1.0030000e+03   1.2992950e+00   1.1313534e+00
   1.0040000e+03   1.2916260e+00   1.1218573e+00
   1.0050000e+03   1.2868193e+00   1.1139054e+00
   1.0060000e+03   1.2839275e+00   1.1066723e+00
   1.0070000e+03   1.2826092e+00   1.1009040e+00
   1.0080000e+03   1.2801559e+00   1.0951678e+00
   1.0090000e+03   1.2756374e+00   1.0900869e+00
   1.0100000e+03   1.2666898e+00   1.0846639e+00
   1.0110000e+03   1.2556434e+00   1.0780697e+00
   1.0120000e+03   1.2440505e+00   1.0729760e+00
   1.0130000e+03   1.2335574e+00   1.0685884e+00
   1.0140000e+03   1.2249674e+00   1.0659945e+00
   1.0150000e+03   1.2181683e+00   1.0634713e+00
   1.0160000e+03   1.2129429e+00   1.0606711e+00
   1.0170000e+03   1.2093213e+00   1.0575741e+00
   1.0180000e+03   1.2080898e+00   1.0546691e+00
   1.0190000e+03   1.2096962e+00   1.0530579e+00
   1.0200000e+03   1.2139729e+00   1.0534080e+00
   1.0210000e+03   1.2197190e+00   1.0554947e+00
   1.0220000e+03   1.2231774e+00   1.0596903e+00
   1.0230000e+03   1.2265113e+00   1.0654433e+00
   1.0240000e+03   1.2293597e+00   1.0706556e+00
   1.0250000e+03   1.2295573e+00   1.0758344e+00
   1.0260000e+03   1.2271206e+00   1.0804139e+00
   1.0270000e+03   1.2208705e+00   1.0843765e+00
   1.0280000e+03   1.2130903e+00   1.0875146e+00
   1.0290000e+03   1.2031126e+00   1.0880690e+00
   1.0300000e+03   1.1939184e+00   1.0856874e+00
   1.0310000e+03   1.1863069e+00   1.0795047e+00
   1.0320000e+03   1.1805196e+00   1.0709956e+00
   1.0330000e+03   1.1777634e+00   1.0609375e+00
   1.0340000e+03   1.1762651e+00   1.0516976e+00
   1.0350000e+03   1.1774783e+00   1.0424824e+00
   1.0360000e+03   1.1782587e+00   1.0339761e+00
   1.0370000e+03   1.1781599e+00   1.0270650e+00
   1.0380000e+03   1.1794679e+00   1.0207107e+00
   1.0390000e+03   1.1812101e+00   1.0148253e+00
   1.0400000e+03   1.1856490e+00   1.0102564e+00
   1.0410000e+03   1.1909535e+00   1.0062802e+00
   1.0420000e+03   1.1963423e+00   1.0045659e+00
   1.0430000e+03   1.1995928e+00   1.0056283e+00
   1.0440000e+03   1.2003648e+00   1.0099743e+00
   1.0450000e+03   1.1994374e+00   1.0139916e+00
   1.0460000e+03   1.1986481e+00   1.0159790e+00
   1.0470000e+03   1.1980342e+00   1.0161003e+00
   1.0480000e+03   1.1990201e+00   1.0125924e+00
   1.0490000e+03   1.2018905e+00   1.0065453e+00
   1.0500000e+03   1.2063824e+00   9.9829909e-01
   1.0510000e+03   1.2100927e+00   9.8910734e-01
   1.0520000e+03   1.2135461e+00   9.7992754e-01
   1.0530000e+03   1.2157761e+00   9.7051742e-01
   1.0540000e+03   1.2170938e+00   9.6172842e-01
   1.0550000e+03   1.2179825e+00   9.5338077e-01
   1.0560000e+03   1.2165164e+00   9.4612105e-01
   1.0570000e+03   1.2145093e+00   9.3985958e-01
   1.0580000e+03   1.2121120e+00   9.3495100e-01
   1.0590000e+03   1.2082039e+00   9.3166883e-01
   1.0600000e+03   1.2046582e+00   9.3056924e-01
   1.0610000e+03   1.2009270e+00   9.3106310e-01
   1.0620000e+03   1.1971550e+00   9.3265461e-01
   1.0630000e+03   1.1942275e+00   9.3531460e-01
   1.0640000e+03   1.1915174e+00   9.3761954e-01
   1.0650000e+03   1.1888288e+00   9.4050853e-01
   1.0660000e+03   1.1867110e+00   9.4456440e-01
   1.0670000e+03   1.1843604e+00   9.4856955e-01
   1.0680000e+03   1.1822203e+00   9.5495867e-01
   1.0690000e+03   1.1816828e+00   9.6242829e-01
   1.0700000e+03   1.1829981e+00   9.7097253e-01
   1.0710000e+03   1.1851964e+00   9.8054770e-01
   1.0720000e+03   1.1891675e+00   9.9141620e-01
   1.0730000e+03   1.1938621e+00   1.0026503e+00
   1.0740000e+03   1.1983506e+00   1.0134782e+00
   1.0750000e+03   1.2022981e+00   1.0233981e+00
   1.0760000e+03   1.2043496e+00   1.0321103e+00
   1.0770000e+03   1.2036419e+00   1.0420492e+00
   1.0780000e+03   1.2005067e+00   1.0509445e+00
   1.0790000e+03   1.1958198e+00   1.0601366e+00
   1.0800000e+03   1.1909038e+00   1.0680066e+00
   1.0810000e+03   1.1870434e+00   1.0746554e+00
   1.0820000e+03   1.1830967e+00   1.0785550e+00
   1.0830000e+03   1.1814794e+00   1.0788045e+00
   1.0840000e+03   1.1802694e+00   1.0769050e+00
   1.0850000e+03   1.1792708e+00   1.0716890e+00
   1.0860000e+03   1.1785649e+00   1.0651607e+00
   1.0870000e+03   1.1765235e+00   1.0572800e+00
   1.0880000e+03   1.1755899e+00   1.0476310e+00
   1.0890000e+03   1.1747904e+00   1.0391038e+00
   1.0900000e+03   1.1740772e+00   1.0304830e+00
   1.0910000e+03   1.1736252e+00   1.0218632e+00
   1.0920000e+03   1.1722365e+00   1.0127968e+00
   1.0930000e+03   1.1707499e+00   1.0032630e+00
   1.0940000e+03   1.1685312e+00   9.9545019e-01
   1.0950000e+03   1.1654706e+00   9.8837655e-01
   1.0960000e+03   1.1627301e+00   9.8261296e-01
   1.0970000e+03   1.1592944e+00   9.7904583e-01
   1.0980000e+03   1.1546547e+00   9.7607462e-01
   1.0990000e+03   1.1494672e+00   9.7421940e-01
   1.1000000e+03   1.1435464e+00   9.7372672e-01
   1.1010000e+03   1.1365368e+00   9.7412042e-01
   1.1020000e+03   1.1276410e+00   9.7501891e-01
   1.1030000e+03   1.1171693e+00   9.7699509e-01
   1.1040000e+03   1.1084300e+00   9.8060294e-01
   1.1050000e+03   1.0995113e+00   9.8485814e-01
   1.1060000e+03   1.0922972e+00   9.8901053e-01
   1.1070000e+03   1.0857800e+00   9.9418364e-01
   1.1080000e+03   1.0810662e+00   1.0000465e+00
   1.1090000e+03   1.0774760e+00   1.0063824e+00
   1.1100000e+03   1.0757871e+00   1.0141578e+00
   1.1110000e+03   1.0732816e+00   1.0218919e+00
   1.1120000e+03   1.0721172e+00   1.0303724e+00
   1.1130000e+03   1.0707631e+00   1.0356487e+00
   1.1140000e+03   1.0697669e+00   1.0427106e+00
   1.1150000e+03   1.0680692e+00   1.0455004e+00
   1.1160000e+03   1.0670203e+00   1.0503790e+00
   1.1170000e+03   1.0658318e+00   1.0544718e+00
   1.1180000e+03   1.0614953e+00   1.0564342e+00
   1.1190000e+03   1.0582607e+00   1.0628624e+00
   1.1200000e+03   1.0536341e+00   1.0687094e+00
   1.1210000e+03   1.0477704e+00   1.0753039e+00
   1.1220000e+03   1.0400603e+00   1.0803271e+00
   1.1230000e+03   1.0359365e+00   1.0910092e+00
   1.1240000e+03   1.0304080e+00   1.0927041e+00
   1.1250000e+03   1.0283760e+00   1.0929176e+00
   1.1260000e+03   1.0244057e+00   1.0867554e+00
   1.1270000e+03   1.0202880e+00   1.0786559e+00
   1.1280000e+03   1.0153025e+00   1.0702476e+00
   1.1290000e+03   1.0086237e+00   1.0604482e+00
   1.1300000e+03   1.0020404e+00   1.0513035e+00
   1.1310000e+03   9.9872165e-01   1.0415550e+00
   1.1320000e+03   9.9734926e-01   1.0324144e+00
   1.1330000e+03   9.9832184e-01   1.0263999e+00
   1.1340000e+03   1.0000819e+00   1.0215283e+00
   1.1350000e+03   1.0022317e+00   1.0169273e+00
   1.1360000e+03   1.0033117e+00   1.0112247e+00
   1.1370000e+03   1.0024872e+00   1.0048024e+00
   1.1380000e+03   1.0003105e+00   9.9864590e-01
   1.1390000e+03   9.9743295e-01   9.9150126e-01
   1.1400000e+03   9.9277171e-01   9.8424260e-01
   1.1410000e+03   9.8824259e-01   9.7604361e-01
   1.1420000e+03   9.8270875e-01   9.6516781e-01
   1.1430000e+03   9.7971683e-01   9.5563037e-01
   1.1440000e+03   9.7880714e-01   9.4684076e-01
   1.1450000e+03   9.7824403e-01   9.3812452e-01
   1.1460000e+03   9.8049693e-01   9.3024668e-01
   1.1470000e+03   9.8160387e-01   9.2146790e-01
   1.1480000e+03   9.8318899e-01   9.1327415e-01
   1.1490000e+03   9.8375692e-01   9.0588183e-01
   1.1500000e+03   9.8225984e-01   8.9642512e-01
   1.1510000e+03   9.7902792e-01   8.8488079e-01
   1.1520000e+03   9.7689927e-01   8.7511991e-01
   1.1530000e+03   9.7959859e-01   8.6865433e-01
   1.1540000e+03   9.7902305e-01   8.6228135e-01
   1.1550000e+03   9.8112340e-01   8.5749566e-01
   1.1560000e+03   9.8613173e-01   8.5446465e-01
   1.1570000e+03   9.9262361e-01   8.5321214e-01
   1.1580000e+03   1.0019222e+00   8.5352065e-01
   1.1590000e+03   1.0126550e+00   8.5536667e-01
   1.1600000e+03   1.0218700e+00   8.5864383e-01
   1.1610000e+03   1.0280412e+00   8.6314454e-01
   1.1620000e+03   1.0296152e+00   8.6870359e-01
   1.1630000e+03   1.0279388e+00   8.7493883e-01
   1.1640000e+03   1.0239439e+00   8.8213633e-01
   1.1650000e+03   1.0179081e+00   8.9061260e-01
   1.1660000e+03   1.0085545e+00   8.9988431e-01
   1.1670000e+03   9.9769699e-01   9.1104721e-01
   1.1680000e+03   9.8611295e-01   9.2499825e-01
   1.1690000e+03   9.7170880e-01   9.4060000e-01
   1.1700000e+03   9.5906388e-01   9.5563172e-01
   1.1710000e+03   9.4730863e-01   9.7058908e-01
   1.1720000e+03   9.3883839e-01   9.8400582e-01
   1.1730000e+03   9.3479718e-01   9.9931409e-01
   1.1740000e+03   9.3668304e-01   1.0105033e+00
   1.1750000e+03   9.4292628e-01   1.0149079e+00
   1.1760000e+03   9.4930770e-01   1.0210093e+00
   1.1770000e+03   9.5872033e-01   1.0273259e+00
   1.1780000e+03   9.7290720e-01   1.0316858e+00
   1.1790000e+03   9.9092751e-01   1.0334515e+00
   1.1800000e+03   1.0108219e+00   1.0324375e+00
   1.1810000e+03   1.0310999e+00   1.0312006e+00
   1.1820000e+03   1.0472916e+00   1.0296822e+00
   1.1830000e+03   1.0612067e+00   1.0293857e+00
   1.1840000e+03   1.0721543e+00   1.0288345e+00
   1.1850000e+03   1.0797782e+00   1.0251775e+00
   1.1860000e+03   1.0844260e+00   1.0197751e+00
   1.1870000e+03   1.0877760e+00   1.0123439e+00
   1.1880000e+03   1.0888402e+00   1.0028457e+00
   1.1890000e+03   1.0880952e+00   9.9228894e-01
   1.1900000e+03   1.0831871e+00   9.8136061e-01
   1.1910000e+03   1.0775716e+00   9.6951594e-01
   1.1920000e+03   1.0701086e+00   9.5810505e-01
   1.1930000e+03   1.0623563e+00   9.4599870e-01
   1.1940000e+03   1.0546691e+00   9.3358018e-01
   1.1950000e+03   1.0475475e+00   9.2057390e-01
   1.1960000e+03   1.0412222e+00   9.0739252e-01
   1.1970000e+03   1.0375685e+00   8.9447409e-01
   1.1980000e+03   1.0366498e+00   8.8193474e-01
   1.1990000e+03   1.0387635e+00   8.7027188e-01
   1.2000000e+03   1.0433327e+00   8.5900398e-01
   1.2010000e+03   1.0519069e+00   8.4779291e-01
   1.2020000e+03   1.0608234e+00   8.3887595e-01
   1.2030000e+03   1.0695927e+00   8.3032644e-01
   1.2040000e+03   1.0763607e+00   8.2301322e-01
   1.2050000e+03   1.0810262e+00   8.1736322e-01
   1.2060000e+03   1.0851985e+00   8.1153433e-01
   1.2070000e+03   1.0886128e+00   8.0540650e-01
   1.2080000e+03   1.0913796e+00   7.9939402e-01
   1.2090000e+03   1.0924304e+00   7.9398351e-01
   1.2100000e+03   1.0934942e+00   7.9032495e-01
   1.2110000e+03   1.0953359e+00   7.8785330e-01
   1.2120000e+03   1.0973397e+00   7.8945885e-01
   1.2130000e+03   1.0994442e+00   7.9131764e-01
   1.2140000e+03   1.1028044e+00   7.9867420e-01
   1.2150000e+03   1.1067014e+00   8.0656203e-01
   1.2160000e+03   1.1109542e+00   8.1517357e-01
   1.2170000e+03   1.1137077e+00   8.2404369e-01
   1.2180000e+03   1.1153202e+00   8.3340103e-01
   1.2190000e+03   1.1154627e+00   8.4132704e-01
   1.2200000e+03   1.1166241e+00   8.4621473e-01
   1.2210000e+03   1.1191994e+00   8.4740939e-01
   1.2220000e+03   1.1221239e+00   8.4643753e-01
   1.2230000e+03   1.1247642e+00   8.4321138e-01
   1.2240000e+03   1.1265211e+00   8.4067511e-01
   1.2250000e+03   1.1271475e+00   8.3670793e-01
   1.2260000e+03   1.1266036e+00   8.3345065e-01
   1.2270000e+03   1.1264569e+00   8.3006788e-01
   1.2280000e+03   1.1273591e+00   8.2853872e-01
   1.2290000e+03   1.1290281e+00   8.2704610e-01
   1.2300000e+03   1.1311012e+00   8.2608898e-01
   1.2310000e+03   1.1340130e+00   8.2409208e-01
   1.2320000e+03   1.1365126e+00   8.2273872e-01
   1.2330000e+03   1.1406428e+00   8.2135139e-01
   1.2340000e+03   1.1450058e+00   8.2064488e-01
   1.2350000e+03   1.1493074e+00   8.2161648e-01
   1.2360000e+03   1.1548074e+00   8.2300344e-01
   1.2370000e+03   1.1595101e+00   8.2385096e-01
   1.2380000e+03   1.1654454e+00   8.2863811e-01
   1.2390000e+03   1.1704629e+00   8.3340778e-01
   1.2400000e+03   1.1745912e+00   8.3945151e-01
   1.2410000e+03   1.1781895e+00   8.4666815e-01
   1.2420000e+03   1.1806801e+00   8.5467938e-01
   1.2430000e+03   1.1796794e+00   8.6063184e-01
   1.2440000e+03   1.1779444e+00   8.6722900e-01
   1.2450000e+03   1.1759093e+00   8.7408079e-01
   1.2460000e+03   1.1742903e+00   8.8029301e-01
   1.2470000e+03   1.1743048e+00   8.8691763e-01
   1.2480000e+03   1.1752076e+00   8.9242668e-01
   1.2490000e+03   1.1780406e+00   8.9764682e-01
   1.2500000e+03   1.1799303e+00   9.0078110e-01
   1.2510000e+03   1.1809315e+00   9.0292566e-01
   1.2520000e+03   1.1804553e+00   9.0598629e-01
   1.2530000e+03   1.1782059e+00   9.1137785e-01
   1.2540000e+03   1.1748047e+00   9.1684642e-01
   1.2550000e+03   1.1726983e+00   9.2304055e-01
   1.2560000e+03   1.1740027e+00   9.2983214e-01
   1.2570000e+03   1.1762110e+00   9.3651226e-01
   1.2580000e+03   1.1763741e+00   9.4346219e-01
   1.2590000e+03   1.1741890e+00   9.5006254e-01
   1.2600000e+03   1.1705049e+00   9.5671534e-01
   1.2610000e+03   1.1642921e+00   9.6270490e-01
   1.2620000e+03   1.1584134e+00   9.6921506e-01
   1.2630000e+03   1.1539475e+00   9.7605232e-01
   1.2640000e+03   1.1522947e+00   9.8324491e-01
   1.2650000e+03   1.1542544e+00   9.8929859e-01
   1.2660000e+03   1.1570760e+00   9.9496872e-01
   1.2670000e+03   1.1598209e+00   9.9954268e-01
   1.2680000e+03   1.1610711e+00   1.0039569e+00
   1.2690000e+03   1.1597375e+00   1.0083437e+00
   1.2700000e+03   1.1565049e+00   1.0130530e+00
   1.2710000e+03   1.1528202e+00   1.0186887e+00
   1.2720000e+03   1.1502220e+00   1.0241808e+00
   1.2730000e+03   1.1503325e+00   1.0299737e+00
   1.2740000e+03   1.1503784e+00   1.0322684e+00
   1.2750000e+03   1.1514912e+00   1.0338730e+00
   1.2760000e+03   1.1513376e+00   1.0324671e+00
   1.2770000e+03   1.1501321e+00   1.0284649e+00
   1.2780000e+03   1.1476883e+00   1.0216973e+00
   1.2790000e+03   1.1439258e+00   1.0141093e+00
   1.2800000e+03   1.1394927e+00   1.0059874e+00
   1.2810000e+03   1.1361556e+00   9.9789784e-01
   1.2820000e+03   1.1329563e+00   9.9071240e-01
   1.2830000e+03   1.1296424e+00   9.8336945e-01
   1.2840000e+03   1.1265033e+00   9.7743257e-01
   1.2850000e+03   1.1224315e+00   9.7160158e-01
   1.2860000e+03   1.1181885e+00   9.6658868e-01
   1.2870000e+03   1.1157500e+00   9.6210834e-01
   1.2880000e+03   1.1153110e+00   9.5750889e-01
   1.2890000e+03   1.1164676e+00   9.5250697e-01
   1.2900000e+03   1.1187350e+00   9.4843357e-01
   1.2910000e+03   1.1231787e+00   9.4404705e-01
   1.2920000e+03   1.1282020e+00   9.4027453e-01
   1.2930000e+03   1.1335267e+00   9.3762425e-01
   1.2940000e+03   1.1391866e+00   9.3513271e-01
   1.2950000e+03   1.1447994e+00   9.3332844e-01
   1.2960000e+03   1.1491887e+00   9.3153933e-01
   1.2970000e+03   1.1538491e+00   9.3045276e-01
   1.2980000e+03   1.1551449e+00   9.3080111e-01
   1.2990000e+03   1.1557468e+00   9.3203025e-01
   1.3000000e+03   1.1537507e+00   9.3351876e-01
   1.3010000e+03   1.1498738e+00   9.3435076e-01
   1.3020000e+03   1.1444160e+00   9.3495711e-01
   1.3030000e+03   1.1364646e+00   9.3537578e-01
   1.3040000e+03   1.1273615e+00   9.3594718e-01
   1.3050000e+03   1.1186392e+00   9.3536473e-01
   1.3060000e+03   1.1101210e+00   9.3418024e-01
   1.3070000e+03   1.1033553e+00   9.3215848e-01
   1.3080000e+03   1.0988386e+00   9.2981594e-01
   1.3090000e+03   1.0967795e+00   9.2675714e-01
   1.3100000e+03   1.0988676e+00   9.2225730e-01
   1.3110000e+03   1.1027251e+00   9.1764337e-01
   1.3120000e+03   1.1073664e+00   9.1270466e-01
   1.3130000e+03   1.1123829e+00   9.0725642e-01
   1.3140000e+03   1.1175114e+00   9.0124971e-01
   1.3150000e+03   1.1215165e+00   8.9632121e-01
   1.3160000e+03   1.1237132e+00   8.9194674e-01
   1.3170000e+03   1.1233032e+00   8.8853776e-01
   1.3180000e+03   1.1204950e+00   8.8531158e-01
   1.3190000e+03   1.1151282e+00   8.8122156e-01
   1.3200000e+03   1.1097434e+00   8.7860121e-01
   1.3210000e+03   1.1068749e+00   8.7676893e-01
   1.3220000e+03   1.1072953e+00   8.7765483e-01
   1.3230000e+03   1.1105257e+00   8.7989811e-01
   1.3240000e+03   1.1153543e+00   8.8224816e-01
   1.3250000e+03   1.1197756e+00   8.8447741e-01
   1.3260000e+03   1.1234401e+00   8.8520768e-01
   1.3270000e+03   1.1261944e+00   8.8433655e-01
   1.3280000e+03   1.1276413e+00   8.8313840e-01
   1.3290000e+03   1.1273513e+00   8.8265260e-01
   1.3300000e+03   1.1268444e+00   8.8336590e-01
   1.3310000e+03   1.1265566e+00   8.8613218e-01
   1.3320000e+03   1.1256575e+00   8.9032260e-01
   1.3330000e+03   1.1251440e+00   8.9484769e-01
   1.3340000e+03   1.1234440e+00   9.0154631e-01
   1.3350000e+03   1.1207441e+00   9.0954857e-01
   1.3360000e+03   1.1186805e+00   9.1809878e-01
   1.3370000e+03   1.1140162e+00   9.2823598e-01
   1.3380000e+03   1.1065179e+00   9.3818052e-01
   1.3390000e+03   1.0938609e+00   9.4775044e-01
   1.3400000e+03   1.0761636e+00   9.5755636e-01
   1.3410000e+03   1.0539007e+00   9.6550196e-01
   1.3420000e+03   1.0285480e+00   9.7192876e-01
   1.3430000e+03   1.0061988e+00   9.7722386e-01
   1.3440000e+03   9.8809474e-01   9.8040193e-01
   1.3450000e+03   9.7455700e-01   9.8382250e-01
   1.3460000e+03   9.6455509e-01   9.8496245e-01
   1.3470000e+03   9.5663001e-01   9.8421651e-01
   1.3480000e+03   9.4906539e-01   9.8100133e-01
   1.3490000e+03   9.4437704e-01   9.7543232e-01
   1.3500000e+03   9.4243041e-01   9.6799747e-01
   1.3510000e+03   9.4164460e-01   9.5761177e-01
   1.3520000e+03   9.4239243e-01   9.4495428e-01
   1.3530000e+03   9.4256090e-01   9.3091337e-01
   1.3540000e+03   9.4240580e-01   9.1609062e-01
   1.3550000e+03   9.4124137e-01   9.0166382e-01
   1.3560000e+03   9.4020241e-01   8.8725661e-01
   1.3570000e+03   9.3963771e-01   8.7333904e-01
   1.3580000e+03   9.3884260e-01   8.6079905e-01
   1.3590000e+03   9.4015039e-01   8.4841838e-01
   1.3600000e+03   9.4209375e-01   8.3710223e-01
   1.3610000e+03   9.4362149e-01   8.2612756e-01
   1.3620000e+03   9.4469123e-01   8.1542804e-01
   1.3630000e+03   9.4374870e-01   8.0365731e-01
   1.3640000e+03   9.4244352e-01   7.9070348e-01
   1.3650000e+03   9.3891903e-01   7.7615933e-01
   1.3660000e+03   9.3668467e-01   7.6329056e-01
   1.3670000e+03   9.3507829e-01   7.5338984e-01
   1.3680000e+03   9.3444818e-01   7.4692759e-01
   1.3690000e+03   9.3428118e-01   7.4545597e-01
   1.3700000e+03   9.3155308e-01   7.4653414e-01
   1.3710000e+03   9.2659078e-01   7.4966011e-01
   1.3720000e+03   9.1973989e-01   7.5399876e-01
   1.3730000e+03   9.1080476e-01   7.5996360e-01
   1.3740000e+03   9.0237954e-01   7.6582261e-01
   1.3750000e+03   8.9629237e-01   7.7103986e-01
   1.3760000e+03   8.9227483e-01   7.7656641e-01
   1.3770000e+03   8.9012341e-01   7.8199045e-01
   1.3780000e+03   8.8855591e-01   7.8764033e-01
   1.3790000e+03   8.8600428e-01   7.9305146e-01
   1.3800000e+03   8.8154265e-01   7.9818572e-01
   1.3810000e+03   8.7763211e-01   8.0379023e-01
   1.3820000e+03   8.7022855e-01   8.0656004e-01
   1.3830000e+03   8.6239250e-01   8.1019478e-01
   1.3840000e+03   8.5556294e-01   8.1305026e-01
   1.3850000e+03   8.5162526e-01   8.1557498e-01
   1.3860000e+03   8.5200778e-01   8.1589037e-01
   1.3870000e+03   8.5821500e-01   8.1226420e-01
   1.3880000e+03   8.6610469e-01   8.0608904e-01
   1.3890000e+03   8.7368989e-01   7.9850079e-01
   1.3900000e+03   8.8098248e-01   7.9117640e-01
   1.3910000e+03   8.8560381e-01   7.8354911e-01
   1.3920000e+03   8.8735369e-01   7.7663161e-01
   1.3930000e+03   8.8877741e-01   7.7217817e-01
   1.3940000e+03   8.8600805e-01   7.6739277e-01
   1.3950000e+03   8.8280479e-01   7.6345373e-01
   1.3960000e+03   8.8128895e-01   7.5980994e-01
   1.3970000e+03   8.7840458e-01   7.5499407e-01
   1.3980000e+03   8.7434793e-01   7.5078836e-01
   1.3990000e+03   8.7081876e-01   7.4620157e-01
   1.4000000e+03   8.6724816e-01   7.4264173e-01
   1.4010000e+03   8.6516754e-01   7.3903483e-01
   1.4020000e+03   8.6504382e-01   7.3735209e-01
   1.4030000e+03   8.6528424e-01   7.3999592e-01
   1.4040000e+03   8.6365666e-01   7.4454632e-01
   1.4050000e+03   8.5926621e-01   7.4843089e-01
   1.4060000e+03   8.4979206e-01   7.5359719e-01
   1.4070000e+03   8.3691102e-01   7.5684514e-01
   1.4080000e+03   8.2366043e-01   7.6056262e-01
   1.4090000e+03   8.0838673e-01   7.6348462e-01
   1.4100000e+03   7.9383193e-01   7.6590222e-01
   1.4110000e+03   7.7873224e-01   7.6746917e-01
   1.4120000e+03   7.6410477e-01   7.6824491e-01
   1.4130000e+03   7.5349561e-01   7.7010879e-01
   1.4140000e+03   7.4765945e-01   7.7378355e-01
   1.4150000e+03   7.4861148e-01   7.8059784e-01
   1.4160000e+03   7.5258719e-01   7.8493162e-01
   1.4170000e+03   7.5849399e-01   7.9473138e-01
   1.4180000e+03   7.6033427e-01   8.0416617e-01
   1.4190000e+03   7.6476319e-01   8.0895658e-01
   1.4200000e+03   7.7694185e-01   8.1261772e-01
   1.4210000e+03   7.9384012e-01   8.1254167e-01
   1.4220000e+03   8.1261303e-01   8.1270033e-01
   1.4230000e+03   8.2771646e-01   8.1353364e-01
   1.4240000e+03   8.4282549e-01   8.1517771e-01
   1.4250000e+03   8.5700329e-01   8.1636840e-01
   1.4260000e+03   8.6930199e-01   8.1780064e-01
   1.4270000e+03   8.7904567e-01   8.1834885e-01
   1.4280000e+03   8.8826364e-01   8.1732689e-01
   1.4290000e+03   9.0235732e-01   8.1678509e-01
   1.4300000e+03   9.1188013e-01   8.1219492e-01
   1.4310000e+03   9.2577768e-01   8.0666051e-01
   1.4320000e+03   9.4274526e-01   7.9921191e-01
   1.4330000e+03   9.5605488e-01   7.9150987e-01
   1.4340000e+03   9.6401733e-01   7.8331513e-01
   1.4350000e+03   9.6704808e-01   7.7665165e-01
   1.4360000e+03   9.6818336e-01   7.7078285e-01
   1.4370000e+03   9.6852831e-01   7.6628824e-01
   1.4380000e+03   9.6820878e-01   7.6236365e-01
   1.4390000e+03   9.6776433e-01   7.5877232e-01
   1.4400000e+03   9.6877146e-01   7.5618198e-01
   1.4410000e+03   9.7138656e-01   7.5605229e-01
   1.4420000e+03   9.7409242e-01   7.5575793e-01
   1.4430000e+03   9.7755999e-01   7.5610525e-01
   1.4440000e+03   9.7939519e-01   7.5596602e-01
   1.4450000e+03   9.7992316e-01   7.5511054e-01
   1.4460000e+03   9.7973119e-01   7.5378178e-01
   1.4470000e+03   9.7948011e-01   7.5075715e-01
   1.4480000e+03   9.8116399e-01   7.4609684e-01
   1.4490000e+03   9.8369904e-01   7.4025930e-01
   1.4500000e+03   9.8654825e-01   7.3275144e-01
   1.4510000e+03   9.8984424e-01   7.2412984e-01
   1.4520000e+03   9.9289714e-01   7.1348686e-01
   1.4530000e+03   9.9551045e-01   7.0195585e-01
   1.4540000e+03   9.9710717e-01   6.9110540e-01
   1.4550000e+03   9.9879676e-01   6.8217421e-01
   1.4560000e+03   1.0021633e+00   6.7472439e-01
   1.4570000e+03   1.0063757e+00   6.6924842e-01
   1.4580000e+03   1.0108118e+00   6.6588158e-01
   1.4590000e+03   1.0153268e+00   6.6388999e-01
   1.4600000e+03   1.0199630e+00   6.6426466e-01
   1.4610000e+03   1.0256017e+00   6.6513842e-01
   1.4620000e+03   1.0307192e+00   6.6638068e-01
   1.4630000e+03   1.0353389e+00   6.6740826e-01
   1.4640000e+03   1.0376275e+00   6.6778819e-01
   1.4650000e+03   1.0379133e+00   6.6667654e-01
   1.4660000e+03   1.0364428e+00   6.6481926e-01
   1.4670000e+03   1.0323243e+00   6.6304255e-01
   1.4680000e+03   1.0262589e+00   6.5772746e-01
   1.4690000e+03   1.0206079e+00   6.5198157e-01
   1.4700000e+03   1.0137601e+00   6.4406371e-01
   1.4710000e+03   1.0056183e+00   6.3571466e-01
   1.4720000e+03   9.9928238e-01   6.2964569e-01
   1.4730000e+03   9.9635806e-01   6.2712051e-01
   1.4740000e+03   9.9845881e-01   6.2623147e-01
   1.4750000e+03   1.0065868e+00   6.2632015e-01
   1.4760000e+03   1.0162633e+00   6.2500318e-01
   1.4770000e+03   1.0240191e+00   6.1920664e-01
   1.4780000e+03   1.0260382e+00   6.1305466e-01
   1.4790000e+03   1.0261695e+00   6.0650587e-01
   1.4800000e+03   1.0265853e+00   6.0097404e-01
   1.4810000e+03   1.0275273e+00   5.9632525e-01
   1.4820000e+03   1.0300440e+00   5.9434220e-01
   1.4830000e+03   1.0316629e+00   5.9470637e-01
   1.4840000e+03   1.0324469e+00   5.9778471e-01
   1.4850000e+03   1.0310697e+00   6.0347888e-01
   1.4860000e+03   1.0294575e+00   6.1391452e-01
   1.4870000e+03   1.0286784e+00   6.2920535e-01
   1.4880000e+03   1.0301904e+00   6.4785060e-01
   1.4890000e+03   1.0312488e+00   6.6889839e-01
   1.4900000e+03   1.0269150e+00   6.8997958e-01
   1.4910000e+03   1.0199070e+00   7.0796799e-01
   1.4920000e+03   1.0099896e+00   7.2255379e-01
   1.4930000e+03   9.9890663e-01   7.3548802e-01
   1.4940000e+03   9.8933766e-01   7.4482922e-01
   1.4950000e+03   9.8333716e-01   7.4979200e-01
   1.4960000e+03   9.7448720e-01   7.6231150e-01
   1.4970000e+03   9.6586297e-01   7.7331721e-01
   1.4980000e+03   9.6225150e-01   7.7792573e-01
   1.4990000e+03   9.6048529e-01   7.8157011e-01
   1.5000000e+03   9.5601422e-01   7.8557458e-01
   1.5010000e+03   9.5615136e-01   7.7910770e-01
   1.5020000e+03   9.5977007e-01   7.9071758e-01
   1.5030000e+03   9.5545721e-01   7.9361181e-01
   1.5040000e+03   9.4618206e-01   7.9796299e-01
   1.5050000e+03   9.3942866e-01   7.9777096e-01
   1.5060000e+03   9.3162982e-01   7.9710414e-01
   1.5070000e+03   9.2437695e-01   7.9804837e-01
   1.5080000e+03   9.1701325e-01   7.9947106e-01
   1.5090000e+03   9.1021352e-01   8.0038960e-01
   1.5100000e+03   9.0279188e-01   7.9942383e-01
   1.5110000e+03   8.9574657e-01   7.9680736e-01
   1.5120000e+03   8.8754772e-01   7.9293623e-01
   1.5130000e+03   8.8561677e-01   7.8713684e-01
   1.5140000e+03   8.8157896e-01   7.8117266e-01
   1.5150000e+03   8.7751651e-01   7.7189023e-01
   1.5160000e+03   8.7405591e-01   7.6287264e-01
   1.5170000e+03   8.6350178e-01   7.5411221e-01
   1.5180000e+03   8.5339139e-01   7.4300790e-01
   1.5190000e+03   8.4459461e-01   7.2860342e-01
   1.5200000e+03   8.2628384e-01   7.1428736e-01
   1.5210000e+03   8.1316669e-01   6.9369190e-01
   1.5220000e+03   7.9391151e-01   6.7735081e-01
   1.5230000e+03   7.7875171e-01   6.5684994e-01
   1.5240000e+03   7.6447310e-01   6.4043378e-01
   1.5250000e+03   7.6210975e-01   6.0811923e-01
   1.5260000e+03   7.6052943e-01   5.8841094e-01
   1.5270000e+03   7.6115319e-01   5.7034900e-01
   1.5280000e+03   7.6167510e-01   5.5957059e-01
   1.5290000e+03   7.5758175e-01   5.5372889e-01
   1.5300000e+03   7.4711642e-01   5.5274597e-01
   1.5310000e+03   7.3128796e-01   5.5310434e-01
   1.5320000e+03   7.1277747e-01   5.5722717e-01
   1.5330000e+03   6.9108128e-01   5.6080036e-01
   1.5340000e+03   6.7028252e-01   5.6159001e-01
   1.5350000e+03   6.5145666e-01   5.6636270e-01
   1.5360000e+03   6.3441215e-01   5.6696720e-01
   1.5370000e+03   6.1709789e-01   5.6768059e-01
   1.5380000e+03   6.0257798e-01   5.6248057e-01
   1.5390000e+03   5.9202261e-01   5.5894632e-01
   1.5400000e+03   5.8031932e-01   5.5704343e-01
   1.5410000e+03   5.6822370e-01   5.4983614e-01
   1.5420000e+03   5.5852781e-01   5.4667376e-01
   1.5430000e+03   5.5007830e-01   5.3332108e-01
   1.5440000e+03   5.4446221e-01   5.3018068e-01
   1.5450000e+03   5.4055279e-01   5.2664643e-01
   1.5460000e+03   5.4150384e-01   5.2165183e-01
   1.5470000e+03   5.4607822e-01   5.1608156e-01
   1.5480000e+03   5.5420742e-01   5.1322730e-01
   1.5490000e+03   5.6304331e-01   5.1370571e-01
   1.5500000e+03   5.7085841e-01   5.1685081e-01
   1.5510000e+03   5.7710316e-01   5.2789519e-01
   1.5520000e+03   5.7951797e-01   5.4091477e-01
   1.5530000e+03   5.8195418e-01   5.4187149e-01
   1.5540000e+03   5.8051980e-01   5.4844282e-01
   1.5550000e+03   5.7376617e-01   5.5255527e-01
   1.5560000e+03   5.6712681e-01   5.5746409e-01
   1.5570000e+03   5.6646141e-01   5.3147125e-01
   1.5580000e+03   5.8220442e-01   5.2553266e-01
   1.5590000e+03   5.6624843e-01   5.2249084e-01
   1.5600000e+03   5.6930940e-01   5.2107678e-01
   1.5610000e+03   5.7535683e-01   5.3185619e-01
   1.5620000e+03   5.8218392e-01   5.2931915e-01
   1.5630000e+03   5.8274305e-01   5.2712661e-01
   1.5640000e+03   6.0454024e-01   5.2429995e-01
   1.5650000e+03   5.9148732e-01   5.2145942e-01
   1.5660000e+03   5.9622084e-01   5.1963221e-01
   1.5670000e+03   6.0284829e-01   5.1930768e-01
   1.5680000e+03   6.0095386e-01   5.1661337e-01
   1.5690000e+03   6.0031031e-01   5.1616523e-01
   1.5700000e+03   5.8388112e-01   5.1347749e-01
   1.5710000e+03   5.9275032e-01   5.2053540e-01
   1.5720000e+03   5.8228220e-01   5.1824660e-01
   1.5730000e+03   5.6127723e-01   5.4418563e-01
   1.5740000e+03   5.7129097e-01   5.0941605e-01
   1.5750000e+03   5.5347107e-01   5.2412124e-01
   1.5760000e+03   5.3307671e-01   5.4558356e-01
   1.5770000e+03   5.2793890e-01   5.3559324e-01
   1.5780000e+03   5.1113288e-01   5.3788157e-01
   1.5790000e+03   4.9169945e-01   5.3897468e-01
   1.5800000e+03   4.7010013e-01   5.4263002e-01
   1.5810000e+03   4.4473060e-01   5.5029212e-01
   1.5820000e+03   4.2344586e-01   5.4552296e-01
   1.5830000e+03   3.9988112e-01   5.4743866e-01
   1.5840000e+03   3.7468093e-01   5.4079423e-01
   1.5850000e+03   3.5369902e-01   5.3769077e-01
   1.5860000e+03   3.3442810e-01   5.2969931e-01
   1.5870000e+03   3.1389278e-01   5.1742300e-01
   1.5880000e+03   2.9210522e-01   5.0342298e-01
   1.5890000e+03   2.6987035e-01   4.9100815e-01
   1.5900000e+03   2.5326929e-01   4.7929923e-01
   1.5910000e+03   2.4174242e-01   4.6414740e-01
   1.5920000e+03   2.3215306e-01   4.4850491e-01
   1.5930000e+03   2.2387008e-01   4.2992111e-01
   1.5940000e+03   2.1843286e-01   4.1343067e-01
   1.5950000e+03   2.1072101e-01   3.9539975e-01
   1.5960000e+03   2.0473085e-01   3.7932131e-01
   1.5970000e+03   1.9453329e-01   3.6766555e-01
   1.5980000e+03   1.7420040e-01   3.5739959e-01
   1.5990000e+03   1.4832271e-01   3.4529613e-01
   1.6000000e+03   1.1570532e-01   3.2856731e-01
   1.6010000e+03   8.2896259e-02   3.1269209e-01
   1.6020000e+03   6.0939826e-02   2.8562040e-01
   1.6030000e+03   5.5114147e-02   2.5180185e-01
   1.6040000e+03   6.7051123e-02   2.1841104e-01
   1.6050000e+03   7.3959112e-02   1.8406922e-01
   1.6060000e+03   7.5945629e-02   1.2972539e-01
