   1.0000000e+00  -2.2851677e-02   1.8884598e+00
   2.0000000e+00  -2.2251576e-02   1.8894435e+00
   3.0000000e+00  -2.1723638e-02   1.8909401e+00
   4.0000000e+00  -2.1076947e-02   1.8911913e+00
   5.0000000e+00  -2.0176082e-02   1.8917163e+00
   6.0000000e+00  -1.9401559e-02   1.8919073e+00
   7.0000000e+00  -1.8541302e-02   1.8923376e+00
   8.0000000e+00  -1.8141230e-02   1.8929588e+00
   9.0000000e+00  -1.7708041e-02   1.8941937e+00
   1.0000000e+01  -1.7545567e-02   1.8951939e+00
   1.1000000e+01  -1.7247744e-02   1.8961250e+00
   1.2000000e+01  -1.7333407e-02   1.8972802e+00
   1.3000000e+01  -1.7640177e-02   1.8978578e+00
   1.4000000e+01  -1.7835639e-02   1.8987783e+00
   1.5000000e+01  -1.7449095e-02   1.8994657e+00
   1.6000000e+01  -1.6749741e-02   1.9000118e+00
   1.7000000e+01  -1.6390299e-02   1.9000990e+00
   1.8000000e+01  -1.5567674e-02   1.8996824e+00
   1.9000000e+01  -1.5382719e-02   1.8991680e+00
   2.0000000e+01  -1.5348203e-02   1.8977962e+00
   2.1000000e+01  -1.6142319e-02   1.8969599e+00
   2.2000000e+01  -1.7510982e-02   1.8950962e+00
   2.3000000e+01  -1.7712612e-02   1.8930175e+00
   2.4000000e+01  -1.7885652e-02   1.8912140e+00
   2.5000000e+01  -1.8204580e-02   1.8892105e+00
   2.6000000e+01  -1.6992541e-02   1.8869514e+00
   2.7000000e+01  -1.6891875e-02   1.8850021e+00
   2.8000000e+01  -1.6123496e-02   1.8826422e+00
   2.9000000e+01  -1.5660385e-02   1.8807727e+00
   3.0000000e+01  -1.4992710e-02   1.8796281e+00
   3.1000000e+01  -1.4722081e-02   1.8781226e+00
   3.2000000e+01  -1.4437893e-02   1.8771284e+00
   3.3000000e+01  -1.3601759e-02   1.8764471e+00
   3.4000000e+01  -1.3107010e-02   1.8757658e+00
   3.5000000e+01  -1.2320473e-02   1.8757403e+00
   3.6000000e+01  -1.1583567e-02   1.8756576e+00
   3.7000000e+01  -1.1475277e-02   1.8758441e+00
   3.8000000e+01  -1.0803010e-02   1.8763134e+00
   3.9000000e+01  -9.5743113e-03   1.8765165e+00
   4.0000000e+01  -8.6839890e-03   1.8767271e+00
   4.1000000e+01  -7.3469874e-03   1.8772671e+00
   4.2000000e+01  -6.2491310e-03   1.8773244e+00
   4.3000000e+01  -5.4249755e-03   1.8775515e+00
   4.4000000e+01  -3.9932187e-03   1.8781141e+00
   4.5000000e+01  -3.6803789e-03   1.8785563e+00
   4.6000000e+01  -3.6517717e-03   1.8791219e+00
   4.7000000e+01  -4.7044928e-03   1.8794632e+00
   4.8000000e+01  -6.2760615e-03   1.8798347e+00
   4.9000000e+01  -7.8806843e-03   1.8807566e+00
   5.0000000e+01  -1.0395193e-02   1.8812708e+00
   5.1000000e+01  -1.3371374e-02   1.8822243e+00
   5.2000000e+01  -1.7101016e-02   1.8829626e+00
   5.3000000e+01  -2.0445652e-02   1.8837130e+00
   5.4000000e+01  -2.4133182e-02   1.8841911e+00
   5.5000000e+01  -2.7106370e-02   1.8842993e+00
   5.6000000e+01  -2.9601317e-02   1.8844165e+00
   5.7000000e+01  -3.1461643e-02   1.8838795e+00
   5.8000000e+01  -3.2872294e-02   1.8836523e+00
   5.9000000e+01  -3.3506939e-02   1.8834582e+00
   6.0000000e+01  -3.3213672e-02   1.8837516e+00
   6.1000000e+01  -3.2576006e-02   1.8843337e+00
   6.2000000e+01  -3.1926319e-02   1.8845803e+00
   6.3000000e+01  -3.1434532e-02   1.8850256e+00
   6.4000000e+01  -3.1097695e-02   1.8840991e+00
   6.5000000e+01  -3.1201518e-02   1.8825664e+00
   6.6000000e+01  -3.2335603e-02   1.8779579e+00
   6.7000000e+01  -3.3200565e-02   1.8706693e+00
   6.8000000e+01  -3.3994874e-02   1.8616392e+00
   6.9000000e+01  -3.5599758e-02   1.8513940e+00
   7.0000000e+01  -3.7374566e-02   1.8394557e+00
   7.1000000e+01  -3.9447101e-02   1.8260648e+00
   7.2000000e+01  -4.1506057e-02   1.8112471e+00
   7.3000000e+01  -4.4719863e-02   1.7957816e+00
   7.4000000e+01  -4.8619312e-02   1.7805058e+00
   7.5000000e+01  -5.2891625e-02   1.7647025e+00
   7.6000000e+01  -5.7323277e-02   1.7482166e+00
   7.7000000e+01  -6.1902252e-02   1.7305414e+00
   7.8000000e+01  -6.6926313e-02   1.7107684e+00
   7.9000000e+01  -6.7181938e-02   1.6899412e+00
   8.0000000e+01  -6.6496187e-02   1.6662761e+00
   8.1000000e+01  -6.5007377e-02   1.6404329e+00
   8.2000000e+01  -5.9939430e-02   1.6137992e+00
   8.3000000e+01  -5.7764648e-02   1.5866092e+00
   8.4000000e+01  -5.4027202e-02   1.5601530e+00
   8.5000000e+01  -5.0495553e-02   1.5343236e+00
   8.6000000e+01  -4.7715641e-02   1.5095692e+00
   8.7000000e+01  -4.4709870e-02   1.4845403e+00
   8.8000000e+01  -4.6070020e-02   1.4577140e+00
   8.9000000e+01  -4.5739498e-02   1.4299756e+00
   9.0000000e+01  -4.4668823e-02   1.4033547e+00
   9.1000000e+01  -4.5776362e-02   1.3815017e+00
   9.2000000e+01  -4.5858082e-02   1.3616452e+00
   9.3000000e+01  -4.4534721e-02   1.3427257e+00
   9.4000000e+01  -4.8467722e-02   1.3244818e+00
   9.5000000e+01  -5.4225932e-02   1.3062223e+00
   9.6000000e+01  -5.8600444e-02   1.2894394e+00
   9.7000000e+01  -6.1243531e-02   1.2744589e+00
   9.8000000e+01  -6.6322844e-02   1.2602119e+00
   9.9000000e+01  -7.5552479e-02   1.2481102e+00
   1.0000000e+02  -8.5562042e-02   1.2394483e+00
   1.0100000e+02  -9.5793110e-02   1.2337118e+00
   1.0200000e+02  -1.0424719e-01   1.2301853e+00
   1.0300000e+02  -1.1057823e-01   1.2262383e+00
   1.0400000e+02  -1.2118163e-01   1.2224201e+00
   1.0500000e+02  -1.3160942e-01   1.2177396e+00
   1.0600000e+02  -1.4560808e-01   1.2162556e+00
   1.0700000e+02  -1.5605095e-01   1.2148006e+00
   1.0800000e+02  -1.6860218e-01   1.2145186e+00
   1.0900000e+02  -1.8146024e-01   1.2157175e+00
   1.1000000e+02  -1.9459550e-01   1.2167380e+00
   1.1100000e+02  -2.0851311e-01   1.2191819e+00
   1.1200000e+02  -2.2190364e-01   1.2229833e+00
   1.1300000e+02  -2.3516519e-01   1.2261302e+00
   1.1400000e+02  -2.5120548e-01   1.2262899e+00
   1.1500000e+02  -2.6790390e-01   1.2300533e+00
   1.1600000e+02  -2.8465997e-01   1.2366625e+00
   1.1700000e+02  -3.0126355e-01   1.2447356e+00
   1.1800000e+02  -3.1723971e-01   1.2505736e+00
   1.1900000e+02  -3.3626638e-01   1.2567705e+00
   1.2000000e+02  -3.5270914e-01   1.2605546e+00
   1.2100000e+02  -3.4561726e-01   1.2678369e+00
   1.2200000e+02  -3.5793797e-01   1.2735219e+00
   1.2300000e+02  -3.7801894e-01   1.2641068e+00
   1.2400000e+02  -3.8717728e-01   1.2642488e+00
   1.2500000e+02  -3.9827843e-01   1.2647235e+00
   1.2600000e+02  -4.0884988e-01   1.2690227e+00
   1.2700000e+02  -4.2251376e-01   1.2716177e+00
   1.2800000e+02  -4.3617126e-01   1.2739487e+00
   1.2900000e+02  -4.4810622e-01   1.2765432e+00
   1.3000000e+02  -4.5830321e-01   1.2794433e+00
   1.3100000e+02  -4.7033294e-01   1.2789557e+00
   1.3200000e+02  -4.7880624e-01   1.2817215e+00
   1.3300000e+02  -4.8368739e-01   1.2881615e+00
   1.3400000e+02  -4.9578998e-01   1.2904036e+00
   1.3500000e+02  -5.1025507e-01   1.2952740e+00
   1.3600000e+02  -5.2579872e-01   1.3003344e+00
   1.3700000e+02  -5.3975452e-01   1.3033121e+00
   1.3800000e+02  -5.4890360e-01   1.3018781e+00
   1.3900000e+02  -5.5626408e-01   1.2977966e+00
   1.4000000e+02  -5.6390599e-01   1.2946472e+00
   1.4100000e+02  -5.7523668e-01   1.2898413e+00
   1.4200000e+02  -5.8326191e-01   1.2876613e+00
   1.4300000e+02  -5.9263457e-01   1.2877145e+00
   1.4400000e+02  -6.0618042e-01   1.2915636e+00
   1.4500000e+02  -6.0968803e-01   1.3037208e+00
   1.4600000e+02  -6.3569724e-01   1.3063376e+00
   1.4700000e+02  -6.4760680e-01   1.3097647e+00
   1.4800000e+02  -6.7703762e-01   1.3181800e+00
   1.4900000e+02  -6.9555582e-01   1.3225653e+00
   1.5000000e+02  -7.1121233e-01   1.3268805e+00
   1.5100000e+02  -7.2577146e-01   1.3263264e+00
   1.5200000e+02  -7.3789838e-01   1.3220003e+00
   1.5300000e+02  -7.5028347e-01   1.3159679e+00
   1.5400000e+02  -7.6179403e-01   1.3123180e+00
   1.5500000e+02  -7.7486698e-01   1.3122990e+00
   1.5600000e+02  -7.8960929e-01   1.3126103e+00
   1.5700000e+02  -8.0200236e-01   1.3160284e+00
   1.5800000e+02  -8.1654174e-01   1.3157135e+00
   1.5900000e+02  -8.2739695e-01   1.3181717e+00
   1.6000000e+02  -8.3937869e-01   1.3221362e+00
   1.6100000e+02  -8.5014206e-01   1.3260559e+00
   1.6200000e+02  -8.6028314e-01   1.3250583e+00
   1.6300000e+02  -8.7430113e-01   1.3200819e+00
   1.6400000e+02  -8.8798707e-01   1.3130247e+00
   1.6500000e+02  -9.0185775e-01   1.3059353e+00
   1.6600000e+02  -9.1221702e-01   1.3024211e+00
   1.6700000e+02  -9.1827599e-01   1.3001686e+00
   1.6800000e+02  -9.1857353e-01   1.2981566e+00
   1.6900000e+02  -9.2067047e-01   1.2961622e+00
   1.7000000e+02  -9.2116057e-01   1.2902247e+00
   1.7100000e+02  -9.1764148e-01   1.2866900e+00
   1.7200000e+02  -9.1496275e-01   1.2830058e+00
   1.7300000e+02  -9.1083100e-01   1.2825025e+00
   1.7400000e+02  -9.0588613e-01   1.2808812e+00
   1.7500000e+02  -8.9969320e-01   1.2785667e+00
   1.7600000e+02  -8.9537211e-01   1.2703420e+00
   1.7700000e+02  -8.8929661e-01   1.2598359e+00
   1.7800000e+02  -8.8103767e-01   1.2462882e+00
   1.7900000e+02  -8.6963399e-01   1.2339677e+00
   1.8000000e+02  -8.5919795e-01   1.2218305e+00
   1.8100000e+02  -8.4843488e-01   1.2160741e+00
   1.8200000e+02  -8.4051997e-01   1.2014521e+00
   1.8300000e+02  -8.3256602e-01   1.1953724e+00
   1.8400000e+02  -8.2849630e-01   1.1868564e+00
   1.8500000e+02  -8.2330470e-01   1.1798282e+00
   1.8600000e+02  -8.1863455e-01   1.1723350e+00
   1.8700000e+02  -8.1340229e-01   1.1635066e+00
   1.8800000e+02  -8.0728769e-01   1.1572573e+00
   1.8900000e+02  -8.0129691e-01   1.1518894e+00
   1.9000000e+02  -7.9402322e-01   1.1498221e+00
   1.9100000e+02  -7.8599848e-01   1.1499624e+00
   1.9200000e+02  -7.8263174e-01   1.1469848e+00
   1.9300000e+02  -7.7106580e-01   1.1484811e+00
   1.9400000e+02  -7.6819675e-01   1.1629024e+00
   1.9500000e+02  -7.4900303e-01   1.1663513e+00
   1.9600000e+02  -7.5420164e-01   1.1735950e+00
   1.9700000e+02  -7.5596818e-01   1.1875060e+00
   1.9800000e+02  -7.4879862e-01   1.1920795e+00
   1.9900000e+02  -7.5471924e-01   1.2072809e+00
   2.0000000e+02  -7.5145642e-01   1.2104182e+00
   2.0100000e+02  -7.4145486e-01   1.2205778e+00
   2.0200000e+02  -7.3632518e-01   1.2259566e+00
   2.0300000e+02  -7.2785732e-01   1.2398864e+00
   2.0400000e+02  -7.2272744e-01   1.2498684e+00
   2.0500000e+02  -7.1588112e-01   1.2593649e+00
   2.0600000e+02  -7.0311022e-01   1.2654163e+00
   2.0700000e+02  -6.9696418e-01   1.2679020e+00
   2.0800000e+02  -6.8355593e-01   1.2674206e+00
   2.0900000e+02  -6.6661240e-01   1.2719770e+00
   2.1000000e+02  -6.4667939e-01   1.2750965e+00
   2.1100000e+02  -6.2980112e-01   1.2766064e+00
   2.1200000e+02  -6.1424745e-01   1.2697110e+00
   2.1300000e+02  -5.9801792e-01   1.2666136e+00
   2.1400000e+02  -5.8416113e-01   1.2609243e+00
   2.1500000e+02  -5.6844504e-01   1.2529337e+00
   2.1600000e+02  -5.5135645e-01   1.2490704e+00
   2.1700000e+02  -5.3564460e-01   1.2451778e+00
   2.1800000e+02  -5.2283674e-01   1.2429757e+00
   2.1900000e+02  -5.1359449e-01   1.2405927e+00
   2.2000000e+02  -5.0193607e-01   1.2429789e+00
   2.2100000e+02  -4.9385228e-01   1.2447621e+00
   2.2200000e+02  -4.8672721e-01   1.2494606e+00
   2.2300000e+02  -4.7657971e-01   1.2532274e+00
   2.2400000e+02  -4.6424036e-01   1.2576921e+00
   2.2500000e+02  -4.5506668e-01   1.2566644e+00
   2.2600000e+02  -4.4401344e-01   1.2557045e+00
   2.2700000e+02  -4.3097225e-01   1.2535075e+00
   2.2800000e+02  -4.1868046e-01   1.2496757e+00
   2.2900000e+02  -3.9953699e-01   1.2317279e+00
   2.3000000e+02  -3.8697038e-01   1.2463862e+00
   2.3100000e+02  -3.7026556e-01   1.2486224e+00
   2.3200000e+02  -3.6016470e-01   1.2509432e+00
   2.3300000e+02  -3.3904523e-01   1.2464363e+00
   2.3400000e+02  -3.2171502e-01   1.2465294e+00
   2.3500000e+02  -2.9897093e-01   1.2347026e+00
   2.3600000e+02  -2.8199098e-01   1.2262283e+00
   2.3700000e+02  -2.5881988e-01   1.2154007e+00
   2.3800000e+02  -2.3005580e-01   1.2080025e+00
   2.3900000e+02  -2.0436338e-01   1.1999481e+00
   2.4000000e+02  -1.7475652e-01   1.1870255e+00
   2.4100000e+02  -1.5133938e-01   1.1869142e+00
   2.4200000e+02  -1.2941532e-01   1.1725239e+00
   2.4300000e+02  -1.1307828e-01   1.1704128e+00
   2.4400000e+02  -8.7800055e-02   1.1618335e+00
   2.4500000e+02  -6.1718520e-02   1.1556159e+00
   2.4600000e+02  -3.6062027e-02   1.1513047e+00
   2.4700000e+02  -1.0656450e-02   1.1502875e+00
   2.4800000e+02   1.5245749e-02   1.1526020e+00
   2.4900000e+02   3.3312417e-02   1.1497617e+00
   2.5000000e+02   4.7557623e-02   1.1399246e+00
   2.5100000e+02   6.5750078e-02   1.1298382e+00
   2.5200000e+02   9.0274042e-02   1.1225305e+00
   2.5300000e+02   1.1659287e-01   1.1172674e+00
   2.5400000e+02   1.5016137e-01   1.1097452e+00
   2.5500000e+02   1.6185284e-01   1.1165793e+00
   2.5600000e+02   1.8149950e-01   1.1140771e+00
   2.5700000e+02   2.0444463e-01   1.1057918e+00
   2.5800000e+02   2.1984289e-01   1.0977541e+00
   2.5900000e+02   2.3923452e-01   1.0936429e+00
   2.6000000e+02   2.5458038e-01   1.0931823e+00
   2.6100000e+02   2.6553512e-01   1.0940119e+00
   2.6200000e+02   2.7604778e-01   1.0958195e+00
   2.6300000e+02   2.8864684e-01   1.0986594e+00
   2.6400000e+02   2.9940630e-01   1.1016295e+00
   2.6500000e+02   3.1270777e-01   1.1042700e+00
   2.6600000e+02   3.3472614e-01   1.0999361e+00
   2.6700000e+02   3.4803368e-01   1.1023940e+00
   2.6800000e+02   3.6353917e-01   1.0995957e+00
   2.6900000e+02   3.7920038e-01   1.0949274e+00
   2.7000000e+02   3.9482705e-01   1.0860456e+00
   2.7100000e+02   4.0997266e-01   1.0779898e+00
   2.7200000e+02   4.2422661e-01   1.0690319e+00
   2.7300000e+02   4.3297068e-01   1.0606981e+00
   2.7400000e+02   4.4365993e-01   1.0537594e+00
   2.7500000e+02   4.4654942e-01   1.0482603e+00
   2.7600000e+02   4.4570748e-01   1.0442922e+00
   2.7700000e+02   4.4843039e-01   1.0384952e+00
   2.7800000e+02   4.4314445e-01   1.0407820e+00
   2.7900000e+02   4.5730052e-01   1.0363929e+00
   2.8000000e+02   4.4770330e-01   1.0391311e+00
   2.8100000e+02   4.4819578e-01   1.0365332e+00
   2.8200000e+02   4.4827253e-01   1.0320219e+00
   2.8300000e+02   4.4849015e-01   1.0272760e+00
   2.8400000e+02   4.5022845e-01   1.0220809e+00
   2.8500000e+02   4.5176624e-01   1.0153703e+00
   2.8600000e+02   4.5178874e-01   1.0080230e+00
   2.8700000e+02   4.5138257e-01   1.0022326e+00
   2.8800000e+02   4.4865255e-01   9.9697414e-01
   2.8900000e+02   4.4347425e-01   9.9479174e-01
   2.9000000e+02   4.4024256e-01   9.9059349e-01
   2.9100000e+02   4.3154651e-01   9.8624146e-01
   2.9200000e+02   4.2289766e-01   9.8412914e-01
   2.9300000e+02   4.1095089e-01   9.8040719e-01
   2.9400000e+02   3.9879945e-01   9.7526121e-01
   2.9500000e+02   3.8578581e-01   9.6926821e-01
   2.9600000e+02   3.7388003e-01   9.6418095e-01
   2.9700000e+02   3.6016621e-01   9.5823766e-01
   2.9800000e+02   3.4586632e-01   9.5231422e-01
   2.9900000e+02   3.3038448e-01   9.4564802e-01
   3.0000000e+02   3.1807321e-01   9.4102868e-01
   3.0100000e+02   3.1493489e-01   9.3006838e-01
   3.0200000e+02   2.9232127e-01   9.2507281e-01
   3.0300000e+02   2.7708335e-01   9.1323276e-01
   3.0400000e+02   2.6122093e-01   8.9952034e-01
   3.0500000e+02   2.4239498e-01   8.8705743e-01
   3.0600000e+02   2.2631059e-01   8.7430939e-01
   3.0700000e+02   2.0993150e-01   8.6407096e-01
   3.0800000e+02   1.9617625e-01   8.6536135e-01
   3.0900000e+02   1.7873014e-01   8.6262562e-01
   3.1000000e+02   1.5965208e-01   8.6278046e-01
   3.1100000e+02   1.3979814e-01   8.6392545e-01
   3.1200000e+02   1.1937359e-01   8.6780456e-01
   3.1300000e+02   1.1116322e-01   8.8088567e-01
   3.1400000e+02   8.7725670e-02   8.8062892e-01
   3.1500000e+02   6.8727735e-02   8.7756229e-01
   3.1600000e+02   4.4303057e-02   8.8413858e-01
   3.1700000e+02   1.8901851e-02   8.8295276e-01
   3.1800000e+02   4.5139696e-03   8.7804542e-01
   3.1900000e+02  -1.7979340e-02   8.7926535e-01
   3.2000000e+02  -3.7746963e-02   8.7510358e-01
   3.2100000e+02  -5.7107991e-02   8.6658891e-01
   3.2200000e+02  -7.5872313e-02   8.5401189e-01
   3.2300000e+02  -9.3069943e-02   8.4330770e-01
   3.2400000e+02  -1.0785035e-01   8.3424156e-01
   3.2500000e+02  -1.1953369e-01   8.2460620e-01
   3.2600000e+02  -1.3284930e-01   8.2425903e-01
   3.2700000e+02  -1.4880650e-01   8.2579014e-01
   3.2800000e+02  -1.6601542e-01   8.2912527e-01
   3.2900000e+02  -1.8584189e-01   8.3036553e-01
   3.3000000e+02  -2.0441056e-01   8.2882702e-01
   3.3100000e+02  -2.2231967e-01   8.2369338e-01
   3.3200000e+02  -2.3884673e-01   8.1840284e-01
   3.3300000e+02  -2.5652351e-01   8.1554253e-01
   3.3400000e+02  -2.7584291e-01   8.1636275e-01
   3.3500000e+02  -2.9819822e-01   8.1747000e-01
   3.3600000e+02  -3.2522845e-01   8.1833584e-01
   3.3700000e+02  -3.5492357e-01   8.2224396e-01
   3.3800000e+02  -3.8332594e-01   8.2522169e-01
   3.3900000e+02  -4.0794166e-01   8.2951312e-01
   3.4000000e+02  -4.2925195e-01   8.3083526e-01
   3.4100000e+02  -4.4627582e-01   8.3345017e-01
   3.4200000e+02  -4.6470162e-01   8.3668944e-01
   3.4300000e+02  -4.8538489e-01   8.4155490e-01
   3.4400000e+02  -5.0513191e-01   8.4470189e-01
   3.4500000e+02  -5.2048358e-01   8.4600944e-01
   3.4600000e+02  -5.3390496e-01   8.4781230e-01
   3.4700000e+02  -5.4932470e-01   8.5232615e-01
   3.4800000e+02  -5.7183281e-01   8.5759903e-01
   3.4900000e+02  -5.9902403e-01   8.6168030e-01
   3.5000000e+02  -6.2854418e-01   8.6448211e-01
   3.5100000e+02  -6.5804766e-01   8.6881269e-01
   3.5200000e+02  -6.8674728e-01   8.7452760e-01
   3.5300000e+02  -7.1881222e-01   8.8355766e-01
   3.5400000e+02  -7.4911101e-01   8.9977679e-01
   3.5500000e+02  -7.7554484e-01   9.2024705e-01
   3.5600000e+02  -8.0314043e-01   9.3891877e-01
   3.5700000e+02  -8.3226264e-01   9.5958874e-01
   3.5800000e+02  -8.6074706e-01   9.8127521e-01
   3.5900000e+02  -8.8428435e-01   1.0031372e+00
   3.6000000e+02  -9.0557009e-01   1.0242301e+00
   3.6100000e+02  -9.3281176e-01   1.0406050e+00
   3.6200000e+02  -9.5977127e-01   1.0507493e+00
   3.6300000e+02  -9.7880384e-01   1.0565318e+00
   3.6400000e+02  -9.9308273e-01   1.0621632e+00
   3.6500000e+02  -1.0061979e+00   1.0633494e+00
   3.6600000e+02  -1.0204867e+00   1.0560273e+00
   3.6700000e+02  -1.0360713e+00   1.0408218e+00
   3.6800000e+02  -1.0531937e+00   1.0228013e+00
   3.6900000e+02  -1.0717029e+00   1.0052551e+00
   3.7000000e+02  -1.0892258e+00   9.8759543e-01
   3.7100000e+02  -1.1082080e+00   9.6973505e-01
   3.7200000e+02  -1.1277322e+00   9.5369870e-01
   3.7300000e+02  -1.1489893e+00   9.3737787e-01
   3.7400000e+02  -1.1746938e+00   9.2309993e-01
   3.7500000e+02  -1.2031255e+00   9.0905221e-01
   3.7600000e+02  -1.2304185e+00   8.9714404e-01
   3.7700000e+02  -1.2553060e+00   8.8523212e-01
   3.7800000e+02  -1.2779801e+00   8.7270912e-01
   3.7900000e+02  -1.2953401e+00   8.5590340e-01
   3.8000000e+02  -1.3062919e+00   8.3314818e-01
   3.8100000e+02  -1.3112199e+00   8.0828708e-01
   3.8200000e+02  -1.3156249e+00   7.8962185e-01
   3.8300000e+02  -1.3249449e+00   7.7179062e-01
   3.8400000e+02  -1.3404425e+00   7.6076065e-01
   3.8500000e+02  -1.3587282e+00   7.5403234e-01
   3.8600000e+02  -1.3704009e+00   7.5146400e-01
   3.8700000e+02  -1.3754538e+00   7.4869289e-01
   3.8800000e+02  -1.3730157e+00   7.4718716e-01
   3.8900000e+02  -1.3686383e+00   7.4659878e-01
   3.9000000e+02  -1.3639578e+00   7.4727276e-01
   3.9100000e+02  -1.3613409e+00   7.4878664e-01
   3.9200000e+02  -1.3597700e+00   7.5223552e-01
   3.9300000e+02  -1.3603605e+00   7.5577019e-01
   3.9400000e+02  -1.3592896e+00   7.5895809e-01
   3.9500000e+02  -1.3586780e+00   7.5949175e-01
   3.9600000e+02  -1.3580348e+00   7.5949297e-01
   3.9700000e+02  -1.3548124e+00   7.5957973e-01
   3.9800000e+02  -1.3526331e+00   7.5834626e-01
   3.9900000e+02  -1.3508484e+00   7.5774019e-01
   4.0000000e+02  -1.3465094e+00   7.5581330e-01
   4.0100000e+02  -1.3380775e+00   7.5487504e-01
   4.0200000e+02  -1.3268010e+00   7.5530626e-01
   4.0300000e+02  -1.3144748e+00   7.5678728e-01
   4.0400000e+02  -1.3016971e+00   7.5849074e-01
   4.0500000e+02  -1.2886567e+00   7.6079253e-01
   4.0600000e+02  -1.2745405e+00   7.6423582e-01
   4.0700000e+02  -1.2591099e+00   7.6941584e-01
   4.0800000e+02  -1.2442227e+00   7.7717163e-01
   4.0900000e+02  -1.2303168e+00   7.8638661e-01
   4.1000000e+02  -1.2196207e+00   7.9625728e-01
   4.1100000e+02  -1.2093897e+00   8.0720538e-01
   4.1200000e+02  -1.1987936e+00   8.1821873e-01
   4.1300000e+02  -1.1865839e+00   8.3136163e-01
   4.1400000e+02  -1.1729654e+00   8.4659129e-01
   4.1500000e+02  -1.1585227e+00   8.5972568e-01
   4.1600000e+02  -1.1436951e+00   8.7138313e-01
   4.1700000e+02  -1.1296213e+00   8.8153185e-01
   4.1800000e+02  -1.1159751e+00   8.9008822e-01
   4.1900000e+02  -1.1007055e+00   8.9906447e-01
   4.2000000e+02  -1.0797634e+00   9.0430241e-01
   4.2100000e+02  -1.0586266e+00   9.0763382e-01
   4.2200000e+02  -1.0410758e+00   9.0801723e-01
   4.2300000e+02  -1.0262653e+00   9.0682053e-01
   4.2400000e+02  -1.0163714e+00   9.0486897e-01
   4.2500000e+02  -1.0066378e+00   9.0262850e-01
   4.2600000e+02  -1.0007111e+00   8.9838048e-01
   4.2700000e+02  -9.9757817e-01   8.9219117e-01
   4.2800000e+02  -9.9717939e-01   8.8597336e-01
   4.2900000e+02  -9.9772104e-01   8.7948881e-01
   4.3000000e+02  -9.9926521e-01   8.7600136e-01
   4.3100000e+02  -1.0007988e+00   8.7288821e-01
   4.3200000e+02  -1.0007746e+00   8.7003327e-01
   4.3300000e+02  -9.9688673e-01   8.6698556e-01
   4.3400000e+02  -9.9174651e-01   8.6341848e-01
   4.3500000e+02  -9.8503882e-01   8.6035231e-01
   4.3600000e+02  -9.7821036e-01   8.5834492e-01
   4.3700000e+02  -9.7179165e-01   8.5641907e-01
   4.3800000e+02  -9.6389356e-01   8.5476920e-01
   4.3900000e+02  -9.5466963e-01   8.5634363e-01
   4.4000000e+02  -9.4443291e-01   8.5898292e-01
   4.4100000e+02  -9.3220123e-01   8.6130802e-01
   4.4200000e+02  -9.2253409e-01   8.6383114e-01
   4.4300000e+02  -9.1386066e-01   8.6530834e-01
   4.4400000e+02  -9.0590652e-01   8.6642305e-01
   4.4500000e+02  -8.9830496e-01   8.6829534e-01
   4.4600000e+02  -8.9279826e-01   8.7051235e-01
   4.4700000e+02  -8.8895371e-01   8.7440184e-01
   4.4800000e+02  -8.8564341e-01   8.7974511e-01
   4.4900000e+02  -8.8191416e-01   8.8586052e-01
   4.5000000e+02  -8.7858566e-01   8.9104201e-01
   4.5100000e+02  -8.7432656e-01   8.9569459e-01
   4.5200000e+02  -8.7033227e-01   9.0054563e-01
   4.5300000e+02  -8.6597221e-01   9.0533834e-01
   4.5400000e+02  -8.6090564e-01   9.1185034e-01
   4.5500000e+02  -8.5471773e-01   9.2154666e-01
   4.5600000e+02  -8.4597225e-01   9.3465294e-01
   4.5700000e+02  -8.3608593e-01   9.4990114e-01
   4.5800000e+02  -8.2513767e-01   9.6420688e-01
   4.5900000e+02  -8.1776127e-01   9.7718590e-01
   4.6000000e+02  -8.1218492e-01   9.8731577e-01
   4.6100000e+02  -8.0562768e-01   9.9448369e-01
   4.6200000e+02  -7.9771589e-01   9.9760110e-01
   4.6300000e+02  -7.9072919e-01   9.9906839e-01
   4.6400000e+02  -7.8754122e-01   1.0001890e+00
   4.6500000e+02  -7.8579789e-01   1.0006415e+00
   4.6600000e+02  -7.8357820e-01   9.9896456e-01
   4.6700000e+02  -7.8113600e-01   9.9307923e-01
   4.6800000e+02  -7.7690422e-01   9.8695210e-01
   4.6900000e+02  -7.7074766e-01   9.8031127e-01
   4.7000000e+02  -7.6330336e-01   9.7575209e-01
   4.7100000e+02  -7.6021972e-01   9.7120463e-01
   4.7200000e+02  -7.5928607e-01   9.6560103e-01
   4.7300000e+02  -7.6067717e-01   9.5815373e-01
   4.7400000e+02  -7.6127426e-01   9.4930380e-01
   4.7500000e+02  -7.6006210e-01   9.3825026e-01
   4.7600000e+02  -7.5667580e-01   9.2821879e-01
   4.7700000e+02  -7.5305412e-01   9.1960674e-01
   4.7800000e+02  -7.4855032e-01   9.1376066e-01
   4.7900000e+02  -7.4317131e-01   9.0990296e-01
   4.8000000e+02  -7.3559602e-01   9.0539459e-01
   4.8100000e+02  -7.2753771e-01   9.0076321e-01
   4.8200000e+02  -7.1791849e-01   8.9499758e-01
   4.8300000e+02  -7.0799299e-01   8.8871154e-01
   4.8400000e+02  -6.9607526e-01   8.8479108e-01
   4.8500000e+02  -6.8374505e-01   8.8067896e-01
   4.8600000e+02  -6.7394485e-01   8.7793101e-01
   4.8700000e+02  -6.6605064e-01   8.7745160e-01
   4.8800000e+02  -6.5607272e-01   8.7667324e-01
   4.8900000e+02  -6.4332022e-01   8.7425306e-01
   4.9000000e+02  -6.2848110e-01   8.7251592e-01
   4.9100000e+02  -6.0832169e-01   8.6881701e-01
   4.9200000e+02  -5.8437033e-01   8.6452303e-01
   4.9300000e+02  -5.6249286e-01   8.5886842e-01
   4.9400000e+02  -5.4524784e-01   8.5199166e-01
   4.9500000e+02  -5.3126719e-01   8.4602689e-01
   4.9600000e+02  -5.1579156e-01   8.4072902e-01
   4.9700000e+02  -4.9691584e-01   8.3433161e-01
   4.9800000e+02  -4.7785479e-01   8.3078730e-01
   4.9900000e+02  -4.6036908e-01   8.2896162e-01
   5.0000000e+02  -4.4529385e-01   8.2833399e-01
   5.0100000e+02  -4.3114402e-01   8.2809584e-01
   5.0200000e+02  -4.1997125e-01   8.2901608e-01
   5.0300000e+02  -4.0717036e-01   8.3166439e-01
   5.0400000e+02  -3.9296827e-01   8.3900701e-01
   5.0500000e+02  -3.8155082e-01   8.5143827e-01
   5.0600000e+02  -3.6824127e-01   8.6092250e-01
   5.0700000e+02  -3.5361959e-01   8.6891706e-01
   5.0800000e+02  -3.3480374e-01   8.7751667e-01
   5.0900000e+02  -3.1444562e-01   8.8775916e-01
   5.1000000e+02  -2.8842608e-01   8.9454748e-01
   5.1100000e+02  -2.6525600e-01   8.9764976e-01
   5.1200000e+02  -2.4288564e-01   8.9654297e-01
   5.1300000e+02  -2.2045106e-01   8.9184661e-01
   5.1400000e+02  -1.9922752e-01   8.8583578e-01
   5.1500000e+02  -1.8202726e-01   8.7940913e-01
   5.1600000e+02  -1.6649522e-01   8.7161088e-01
   5.1700000e+02  -1.4999203e-01   8.6381568e-01
   5.1800000e+02  -1.3386084e-01   8.5901876e-01
   5.1900000e+02  -1.1517455e-01   8.5636646e-01
   5.2000000e+02  -9.6740661e-02   8.5834850e-01
   5.2100000e+02  -8.2172231e-02   8.6162836e-01
   5.2200000e+02  -7.2151823e-02   8.7029131e-01
   5.2300000e+02  -5.8084994e-02   8.7573364e-01
   5.2400000e+02  -4.6156897e-02   8.8171187e-01
   5.2500000e+02  -3.5839279e-02   8.8327434e-01
   5.2600000e+02  -2.8251012e-02   8.8057758e-01
   5.2700000e+02  -2.1846486e-02   8.7646489e-01
   5.2800000e+02  -1.5938868e-02   8.7215069e-01
   5.2900000e+02  -6.8796954e-03   8.7118298e-01
   5.3000000e+02   3.2683930e-03   8.6790892e-01
   5.3100000e+02   1.6817555e-02   8.6208499e-01
   5.3200000e+02   3.2351639e-02   8.5791703e-01
   5.3300000e+02   5.0595238e-02   8.5585087e-01
   5.3400000e+02   7.1051927e-02   8.5883699e-01
   5.3500000e+02   8.4776110e-02   8.6251161e-01
   5.3600000e+02   9.9114626e-02   8.6318593e-01
   5.3700000e+02   1.0858578e-01   8.6150915e-01
   5.3800000e+02   1.2238743e-01   8.6519491e-01
   5.3900000e+02   1.2252845e-01   8.4465831e-01
   5.4000000e+02   1.3774790e-01   8.3996055e-01
   5.4100000e+02   1.6466770e-01   8.1892781e-01
   5.4200000e+02   1.6701450e-01   8.2225604e-01
   5.4300000e+02   1.7234536e-01   8.3306680e-01
   5.4400000e+02   1.7856391e-01   8.3271264e-01
   5.4500000e+02   1.8109154e-01   8.3596877e-01
   5.4600000e+02   1.7832249e-01   8.3037552e-01
   5.4700000e+02   1.9876614e-01   8.3750550e-01
   5.4800000e+02   2.0789276e-01   8.3594772e-01
   5.4900000e+02   2.1827925e-01   8.3323256e-01
   5.5000000e+02   2.2431689e-01   8.2539798e-01
   5.5100000e+02   2.4029636e-01   8.1084888e-01
   5.5200000e+02   2.4690845e-01   8.0284000e-01
   5.5300000e+02   2.5061775e-01   7.9828529e-01
   5.5400000e+02   2.6025222e-01   8.1344898e-01
   5.5500000e+02   2.7836617e-01   8.0735992e-01
   5.5600000e+02   2.7835562e-01   8.1341825e-01
   5.5700000e+02   2.7233132e-01   8.0737041e-01
   5.5800000e+02   2.6631724e-01   7.9526268e-01
   5.5900000e+02   2.4820364e-01   8.0135201e-01
   5.6000000e+02   2.4218883e-01   7.8924303e-01
   5.6100000e+02   2.4221814e-01   7.7106090e-01
   5.6200000e+02   2.1583107e-01   7.5192451e-01
   5.6300000e+02   2.0235624e-01   7.3220049e-01
   5.6400000e+02   1.9047092e-01   7.1094495e-01
   5.6500000e+02   1.8066435e-01   6.9006586e-01
   5.6600000e+02   1.7341714e-01   6.7472450e-01
   5.6700000e+02   1.7146511e-01   6.5804650e-01
   5.6800000e+02   1.6996499e-01   6.5590209e-01
   5.6900000e+02   1.8208398e-01   6.2551449e-01
   5.7000000e+02   1.7003458e-01   6.0730280e-01
   5.7100000e+02   1.8210244e-01   6.1336187e-01
   5.7200000e+02   1.7002571e-01   6.1338000e-01
   5.7300000e+02   1.6397897e-01   6.1946522e-01
   5.7400000e+02   1.2654681e-01   6.3487649e-01
   5.7500000e+02   1.1618474e-01   6.2728150e-01
   5.7600000e+02   9.7813806e-02   6.2642486e-01
   5.7700000e+02   9.1527852e-02   6.2562771e-01
   5.7800000e+02   8.5503143e-02   6.1348220e-01
   5.7900000e+02   4.3262116e-02   5.9528574e-01
   5.8000000e+02   1.3092437e-02   5.7098684e-01
   5.8100000e+02  -4.6766296e-03   5.6768128e-01
   5.8200000e+02  -3.2000895e-02   5.5586317e-01
   5.8300000e+02  -5.0029571e-02   5.3893685e-01
   5.8400000e+02  -6.2268012e-02   5.4924390e-01
   5.8500000e+02  -7.0067188e-02   5.4483225e-01
   5.8600000e+02  -7.7148339e-02   5.3823105e-01
   5.8700000e+02  -8.3062820e-02   5.3664118e-01
   5.8800000e+02  -9.0040113e-02   5.3552400e-01
   5.8900000e+02  -9.6560609e-02   5.3126517e-01
   5.9000000e+02  -1.0170625e-01   5.2668040e-01
   5.9100000e+02  -1.0729230e-01   5.1869716e-01
   5.9200000e+02  -1.1401827e-01   5.1297671e-01
   5.9300000e+02  -1.2342605e-01   5.0804129e-01
   5.9400000e+02  -1.3178557e-01   5.0194989e-01
   5.9500000e+02  -1.3747893e-01   4.9638062e-01
   5.9600000e+02  -1.4154099e-01   4.9278137e-01
   5.9700000e+02  -1.4582283e-01   4.8795594e-01
   5.9800000e+02  -1.4995066e-01   4.8076207e-01
   5.9900000e+02  -1.5467493e-01   4.7184105e-01
   6.0000000e+02  -1.5778113e-01   4.6479444e-01
   6.0100000e+02  -1.5978710e-01   4.5935929e-01
   6.0200000e+02  -1.6265177e-01   4.5543288e-01
   6.0300000e+02  -1.6627869e-01   4.5030793e-01
   6.0400000e+02  -1.6776945e-01   4.4360190e-01
   6.0500000e+02  -1.6994760e-01   4.3487030e-01
   6.0600000e+02  -1.7405606e-01   4.2512492e-01
   6.0700000e+02  -1.7933019e-01   4.1522556e-01
   6.0800000e+02  -1.8420290e-01   4.0763790e-01
   6.0900000e+02  -1.8784886e-01   4.0045254e-01
   6.1000000e+02  -1.9079001e-01   3.9267158e-01
   6.1100000e+02  -1.9304235e-01   3.8669340e-01
   6.1200000e+02  -1.9295066e-01   3.8263768e-01
   6.1300000e+02  -1.9028879e-01   3.7784981e-01
   6.1400000e+02  -1.8857467e-01   3.7813971e-01
   6.1500000e+02  -1.8494304e-01   3.7612216e-01
   6.1600000e+02  -1.8259315e-01   3.7578222e-01
   6.1700000e+02  -1.8361281e-01   3.8017043e-01
   6.1800000e+02  -1.8577874e-01   3.8729921e-01
   6.1900000e+02  -1.8892062e-01   3.9816965e-01
   6.2000000e+02  -1.9163401e-01   4.0066747e-01
   6.2100000e+02  -1.9615967e-01   3.9911830e-01
   6.2200000e+02  -1.9879684e-01   3.9385904e-01
   6.2300000e+02  -1.9797841e-01   3.8811255e-01
   6.2400000e+02  -1.9689667e-01   3.8606590e-01
   6.2500000e+02  -1.9598509e-01   3.8467208e-01
   6.2600000e+02  -1.9613311e-01   3.8476656e-01
   6.2700000e+02  -1.9737304e-01   3.8571452e-01
   6.2800000e+02  -1.9850047e-01   3.8570434e-01
   6.2900000e+02  -1.9658849e-01   3.8592428e-01
   6.3000000e+02  -1.9593523e-01   3.8805184e-01
   6.3100000e+02  -1.9552651e-01   3.8882271e-01
   6.3200000e+02  -1.9662906e-01   3.8957391e-01
   6.3300000e+02  -1.9841908e-01   3.9046636e-01
   6.3400000e+02  -1.9647466e-01   3.9325548e-01
   6.3500000e+02  -1.9529406e-01   4.0053005e-01
   6.3600000e+02  -1.9643977e-01   4.0707852e-01
   6.3700000e+02  -2.0096785e-01   4.0938805e-01
   6.3800000e+02  -2.0525138e-01   4.1133155e-01
   6.3900000e+02  -2.0958305e-01   4.1341359e-01
   6.4000000e+02  -2.1098571e-01   4.1608084e-01
   6.4100000e+02  -2.1115761e-01   4.1799436e-01
   6.4200000e+02  -2.0855803e-01   4.1870136e-01
   6.4300000e+02  -2.0890229e-01   4.2211189e-01
   6.4400000e+02  -2.1221590e-01   4.2663068e-01
   6.4500000e+02  -2.1791552e-01   4.3214354e-01
   6.4600000e+02  -2.2568872e-01   4.3523895e-01
   6.4700000e+02  -2.3532450e-01   4.3979032e-01
   6.4800000e+02  -2.4624483e-01   4.4631274e-01
   6.4900000e+02  -2.5498827e-01   4.5099406e-01
   6.5000000e+02  -2.6506874e-01   4.5661740e-01
   6.5100000e+02  -2.7602449e-01   4.6045879e-01
   6.5200000e+02  -2.8479386e-01   4.6328921e-01
   6.5300000e+02  -2.9051778e-01   4.6783741e-01
   6.5400000e+02  -2.9329649e-01   4.7066971e-01
   6.5500000e+02  -2.9895511e-01   4.7423312e-01
   6.5600000e+02  -3.0362573e-01   4.7766514e-01
   6.5700000e+02  -3.0800275e-01   4.8134401e-01
   6.5800000e+02  -3.2173686e-01   4.9634850e-01
   6.5900000e+02  -3.2300901e-01   4.9626873e-01
   6.6000000e+02  -3.2947325e-01   4.9639024e-01
   6.6100000e+02  -3.3664589e-01   4.9411056e-01
   6.6200000e+02  -3.4112384e-01   4.9081958e-01
   6.6300000e+02  -3.4265926e-01   4.7974192e-01
   6.6400000e+02  -3.4459889e-01   4.6930389e-01
   6.6500000e+02  -3.4680782e-01   4.5975449e-01
   6.6600000e+02  -3.4868069e-01   4.4912170e-01
   6.6700000e+02  -3.5336390e-01   4.5097201e-01
   6.6800000e+02  -3.6892647e-01   4.4681668e-01
   6.6900000e+02  -3.7239826e-01   4.4326257e-01
   6.7000000e+02  -3.7370147e-01   4.4024924e-01
   6.7100000e+02  -3.7072456e-01   4.3904355e-01
   6.7200000e+02  -3.7103339e-01   4.4468604e-01
   6.7300000e+02  -3.7424876e-01   4.5552024e-01
   6.7400000e+02  -3.8070077e-01   4.6299327e-01
   6.7500000e+02  -3.8864351e-01   4.6725627e-01
   6.7600000e+02  -3.9070328e-01   4.6182747e-01
   6.7700000e+02  -3.8116945e-01   4.5645967e-01
   6.7800000e+02  -3.8477279e-01   4.4734415e-01
   6.7900000e+02  -3.9138238e-01   4.2654549e-01
   6.8000000e+02  -3.9336437e-01   4.0849218e-01
   6.8100000e+02  -3.9431666e-01   3.9410274e-01
   6.8200000e+02  -3.9789701e-01   3.8276451e-01
   6.8300000e+02  -4.0260560e-01   3.8007606e-01
   6.8400000e+02  -4.0612502e-01   3.7388366e-01
   6.8500000e+02  -4.0835432e-01   3.6470233e-01
   6.8600000e+02  -3.9191782e-01   3.6347161e-01
   6.8700000e+02  -4.1008494e-01   3.5731935e-01
   6.8800000e+02  -4.0110790e-01   3.5242993e-01
   6.8900000e+02  -4.0409373e-01   3.3289323e-01
   6.9000000e+02  -3.9621228e-01   3.4939016e-01
   6.9100000e+02  -3.8875292e-01   3.4356228e-01
   6.9200000e+02  -3.8295123e-01   3.3775550e-01
   6.9300000e+02  -3.7556739e-01   3.3104692e-01
   6.9400000e+02  -3.8598134e-01   3.1459841e-01
   6.9500000e+02  -3.8001531e-01   2.7791257e-01
   6.9600000e+02  -3.5578772e-01   2.8408711e-01
   6.9700000e+02  -3.2554913e-01   2.7191285e-01
   6.9800000e+02  -3.3768015e-01   2.5964704e-01
   6.9900000e+02  -3.0743677e-01   2.4746286e-01
   7.0000000e+02  -2.9531946e-01   2.5360741e-01
   7.0100000e+02  -2.8324464e-01   2.3525866e-01
   7.0200000e+02  -2.7116717e-01   2.1690129e-01
   7.0300000e+02  -2.7722135e-01   2.1689134e-01
   7.0400000e+02  -2.7725183e-01   1.9850583e-01
   7.0500000e+02  -2.7728269e-01   1.8011218e-01
   7.0600000e+02  -2.5910565e-01   1.8627385e-01
   7.0700000e+02  -2.3493453e-01   1.4950392e-01
   7.0800000e+02  -2.3496826e-01   1.2494858e-01
   7.0900000e+02  -2.3495133e-01   1.3722813e-01
   7.1000000e+02  -2.1681720e-01   1.0654646e-01
