   1.0000000e+00  -1.4851681e-01   2.8595943e+00
   2.0000000e+00  -1.4648982e-01   2.8590569e+00
   3.0000000e+00  -1.4528661e-01   2.8580443e+00
   4.0000000e+00  -1.4468398e-01   2.8569241e+00
   5.0000000e+00  -1.4489777e-01   2.8557891e+00
   6.0000000e+00  -1.4569084e-01   2.8542228e+00
   7.0000000e+00  -1.4727005e-01   2.8525247e+00
   8.0000000e+00  -1.4900630e-01   2.8510882e+00
   9.0000000e+00  -1.5087397e-01   2.8499890e+00
   1.0000000e+01  -1.5303124e-01   2.8486546e+00
   1.1000000e+01  -1.5473647e-01   2.8487253e+00
   1.2000000e+01  -1.5694875e-01   2.8487978e+00
   1.3000000e+01  -1.5975845e-01   2.8485456e+00
   1.4000000e+01  -1.6161913e-01   2.8486013e+00
   1.5000000e+01  -1.6358058e-01   2.8480387e+00
   1.6000000e+01  -1.6598275e-01   2.8476450e+00
   1.7000000e+01  -1.6871055e-01   2.8466910e+00
   1.8000000e+01  -1.7110044e-01   2.8459601e+00
   1.9000000e+01  -1.7372426e-01   2.8452871e+00
   2.0000000e+01  -1.7628483e-01   2.8448436e+00
   2.1000000e+01  -1.7874585e-01   2.8444806e+00
   2.2000000e+01  -1.8094710e-01   2.8437953e+00
   2.3000000e+01  -1.8298267e-01   2.8435825e+00
   2.4000000e+01  -1.8521153e-01   2.8435733e+00
   2.5000000e+01  -1.8853144e-01   2.8435346e+00
   2.6000000e+01  -1.9092794e-01   2.8436655e+00
   2.7000000e+01  -1.9256966e-01   2.8434631e+00
   2.8000000e+01  -1.9486076e-01   2.8438841e+00
   2.9000000e+01  -1.9641546e-01   2.8443380e+00
   3.0000000e+01  -1.9789451e-01   2.8445123e+00
   3.1000000e+01  -1.9921664e-01   2.8447124e+00
   3.2000000e+01  -2.0002409e-01   2.8448163e+00
   3.3000000e+01  -2.0072861e-01   2.8445085e+00
   3.4000000e+01  -2.0045785e-01   2.8436909e+00
   3.5000000e+01  -1.9986428e-01   2.8430584e+00
   3.6000000e+01  -1.9921488e-01   2.8424259e+00
   3.7000000e+01  -1.9812577e-01   2.8410305e+00
   3.8000000e+01  -1.9629938e-01   2.8404746e+00
   3.9000000e+01  -1.9507072e-01   2.8400893e+00
   4.0000000e+01  -1.9374965e-01   2.8392027e+00
   4.1000000e+01  -1.9240230e-01   2.8374243e+00
   4.2000000e+01  -1.9129036e-01   2.8356052e+00
   4.3000000e+01  -1.9060551e-01   2.8338123e+00
   4.4000000e+01  -1.8983896e-01   2.8316853e+00
   4.5000000e+01  -1.8921849e-01   2.8291240e+00
   4.6000000e+01  -1.8851025e-01   2.8261573e+00
   4.7000000e+01  -1.8775501e-01   2.8228232e+00
   4.8000000e+01  -1.8643853e-01   2.8194919e+00
   4.9000000e+01  -1.8572707e-01   2.8160687e+00
   5.0000000e+01  -1.8523011e-01   2.8129570e+00
   5.1000000e+01  -1.8532706e-01   2.8090079e+00
   5.2000000e+01  -1.8721990e-01   2.8035709e+00
   5.3000000e+01  -1.9085584e-01   2.7969606e+00
   5.4000000e+01  -1.9642888e-01   2.7886056e+00
   5.5000000e+01  -2.0381761e-01   2.7780164e+00
   5.6000000e+01  -2.1349009e-01   2.7663236e+00
   5.7000000e+01  -2.2352155e-01   2.7521748e+00
   5.8000000e+01  -2.3376596e-01   2.7362601e+00
   5.9000000e+01  -2.4383026e-01   2.7194218e+00
   6.0000000e+01  -2.5138814e-01   2.7008111e+00
   6.1000000e+01  -2.5700003e-01   2.6808980e+00
   6.2000000e+01  -2.5962723e-01   2.6609213e+00
   6.3000000e+01  -2.6057429e-01   2.6388064e+00
   6.4000000e+01  -2.6044651e-01   2.6163693e+00
   6.5000000e+01  -2.6014249e-01   2.5934657e+00
   6.6000000e+01  -2.6186794e-01   2.5760128e+00
   6.7000000e+01  -2.6433403e-01   2.5644531e+00
   6.8000000e+01  -2.6881772e-01   2.5526247e+00
   6.9000000e+01  -2.7511305e-01   2.5379828e+00
   7.0000000e+01  -2.8078521e-01   2.5196166e+00
   7.1000000e+01  -2.8553438e-01   2.4991227e+00
   7.2000000e+01  -2.8876155e-01   2.4786614e+00
   7.3000000e+01  -2.9208635e-01   2.4595829e+00
   7.4000000e+01  -2.9468808e-01   2.4406032e+00
   7.5000000e+01  -2.9802163e-01   2.4194463e+00
   7.6000000e+01  -3.0139955e-01   2.3990477e+00
   7.7000000e+01  -3.0715865e-01   2.3784548e+00
   7.8000000e+01  -3.1209842e-01   2.3544418e+00
   7.9000000e+01  -3.1498917e-01   2.3255785e+00
   8.0000000e+01  -3.1915382e-01   2.2958948e+00
   8.1000000e+01  -3.2388040e-01   2.2679623e+00
   8.2000000e+01  -3.2748834e-01   2.2396045e+00
   8.3000000e+01  -3.3108033e-01   2.2134490e+00
   8.4000000e+01  -3.3470475e-01   2.1877507e+00
   8.5000000e+01  -3.4157645e-01   2.1613046e+00
   8.6000000e+01  -3.5074929e-01   2.1356809e+00
   8.7000000e+01  -3.5988363e-01   2.1105685e+00
   8.8000000e+01  -3.7061162e-01   2.0838073e+00
   8.9000000e+01  -3.7974451e-01   2.0570531e+00
   9.0000000e+01  -3.8588403e-01   2.0276047e+00
   9.1000000e+01  -3.9110462e-01   1.9975996e+00
   9.2000000e+01  -3.9728253e-01   1.9680635e+00
   9.3000000e+01  -4.0586168e-01   1.9397772e+00
   9.4000000e+01  -4.1514462e-01   1.9100262e+00
   9.5000000e+01  -4.2419827e-01   1.8784246e+00
   9.6000000e+01  -4.3133363e-01   1.8497895e+00
   9.7000000e+01  -4.3722514e-01   1.8262896e+00
   9.8000000e+01  -4.4265509e-01   1.8086603e+00
   9.9000000e+01  -4.4965602e-01   1.7909094e+00
   1.0000000e+02  -4.5919753e-01   1.7706101e+00
   1.0100000e+02  -4.7086192e-01   1.7494544e+00
   1.0200000e+02  -4.8468608e-01   1.7334958e+00
   1.0300000e+02  -4.9868672e-01   1.7254514e+00
   1.0400000e+02  -5.1401878e-01   1.7225191e+00
   1.0500000e+02  -5.2817159e-01   1.7207751e+00
   1.0600000e+02  -5.3912767e-01   1.7177206e+00
   1.0700000e+02  -5.4497447e-01   1.7137737e+00
   1.0800000e+02  -5.4802989e-01   1.7097425e+00
   1.0900000e+02  -5.5159919e-01   1.7052854e+00
   1.1000000e+02  -5.5978645e-01   1.7037667e+00
   1.1100000e+02  -5.7065636e-01   1.7029414e+00
   1.1200000e+02  -5.8464518e-01   1.7026607e+00
   1.1300000e+02  -5.9788048e-01   1.7035162e+00
   1.1400000e+02  -6.1011938e-01   1.7049030e+00
   1.1500000e+02  -6.2273656e-01   1.7051385e+00
   1.1600000e+02  -6.3737238e-01   1.7069467e+00
   1.1700000e+02  -6.5409404e-01   1.7115591e+00
   1.1800000e+02  -6.7225121e-01   1.7163917e+00
   1.1900000e+02  -6.9168638e-01   1.7214401e+00
   1.2000000e+02  -7.1165657e-01   1.7271831e+00
   1.2100000e+02  -7.3262560e-01   1.7333606e+00
   1.2200000e+02  -7.5135049e-01   1.7411726e+00
   1.2300000e+02  -7.6948647e-01   1.7519128e+00
   1.2400000e+02  -7.8607471e-01   1.7651136e+00
   1.2500000e+02  -8.0174567e-01   1.7786112e+00
   1.2600000e+02  -8.1791074e-01   1.7897372e+00
   1.2700000e+02  -8.3492105e-01   1.8003244e+00
   1.2800000e+02  -8.5272607e-01   1.8110824e+00
   1.2900000e+02  -8.6997721e-01   1.8199921e+00
   1.3000000e+02  -8.8713845e-01   1.8277674e+00
   1.3100000e+02  -9.0152266e-01   1.8351962e+00
   1.3200000e+02  -9.1290587e-01   1.8394527e+00
   1.3300000e+02  -9.2103034e-01   1.8425054e+00
   1.3400000e+02  -9.3017982e-01   1.8451672e+00
   1.3500000e+02  -9.4041095e-01   1.8479143e+00
   1.3600000e+02  -9.4977079e-01   1.8512460e+00
   1.3700000e+02  -9.5790794e-01   1.8552390e+00
   1.3800000e+02  -9.6661386e-01   1.8593171e+00
   1.3900000e+02  -9.7524610e-01   1.8645397e+00
   1.4000000e+02  -9.8398085e-01   1.8694328e+00
   1.4100000e+02  -9.9520793e-01   1.8742289e+00
   1.4200000e+02  -1.0087384e+00   1.8796968e+00
   1.4300000e+02  -1.0233185e+00   1.8848017e+00
   1.4400000e+02  -1.0368312e+00   1.8886309e+00
   1.4500000e+02  -1.0479180e+00   1.8915027e+00
   1.4600000e+02  -1.0564144e+00   1.8940695e+00
   1.4700000e+02  -1.0648892e+00   1.8981402e+00
   1.4800000e+02  -1.0737425e+00   1.9018196e+00
   1.4900000e+02  -1.0828217e+00   1.9071001e+00
   1.5000000e+02  -1.0905483e+00   1.9126438e+00
   1.5100000e+02  -1.0974028e+00   1.9171056e+00
   1.5200000e+02  -1.1030333e+00   1.9208726e+00
   1.5300000e+02  -1.1079592e+00   1.9249302e+00
   1.5400000e+02  -1.1141821e+00   1.9307986e+00
   1.5500000e+02  -1.1209434e+00   1.9369745e+00
   1.5600000e+02  -1.1286596e+00   1.9436835e+00
   1.5700000e+02  -1.1388246e+00   1.9483773e+00
   1.5800000e+02  -1.1500005e+00   1.9525193e+00
   1.5900000e+02  -1.1619612e+00   1.9579808e+00
   1.6000000e+02  -1.1696418e+00   1.9668546e+00
   1.6100000e+02  -1.1720455e+00   1.9777127e+00
   1.6200000e+02  -1.1693302e+00   1.9897697e+00
   1.6300000e+02  -1.1672080e+00   2.0027021e+00
   1.6400000e+02  -1.1674175e+00   2.0143314e+00
   1.6500000e+02  -1.1691278e+00   2.0230276e+00
   1.6600000e+02  -1.1720403e+00   2.0300942e+00
   1.6700000e+02  -1.1753933e+00   2.0327427e+00
   1.6800000e+02  -1.1785155e+00   2.0312762e+00
   1.6900000e+02  -1.1811554e+00   2.0284877e+00
   1.7000000e+02  -1.1828561e+00   2.0237964e+00
   1.7100000e+02  -1.1811841e+00   2.0200005e+00
   1.7200000e+02  -1.1780641e+00   2.0176578e+00
   1.7300000e+02  -1.1737733e+00   2.0154747e+00
   1.7400000e+02  -1.1712381e+00   2.0128539e+00
   1.7500000e+02  -1.1727373e+00   2.0083831e+00
   1.7600000e+02  -1.1767390e+00   2.0005665e+00
   1.7700000e+02  -1.1824263e+00   1.9919101e+00
   1.7800000e+02  -1.1859775e+00   1.9817812e+00
   1.7900000e+02  -1.1884956e+00   1.9712130e+00
   1.8000000e+02  -1.1895067e+00   1.9592192e+00
   1.8100000e+02  -1.1894861e+00   1.9465754e+00
   1.8200000e+02  -1.1858648e+00   1.9355110e+00
   1.8300000e+02  -1.1816763e+00   1.9255411e+00
   1.8400000e+02  -1.1767071e+00   1.9187375e+00
   1.8500000e+02  -1.1715805e+00   1.9170790e+00
   1.8600000e+02  -1.1678940e+00   1.9166553e+00
   1.8700000e+02  -1.1637101e+00   1.9166747e+00
   1.8800000e+02  -1.1596749e+00   1.9162506e+00
   1.8900000e+02  -1.1542594e+00   1.9155217e+00
   1.9000000e+02  -1.1472075e+00   1.9144364e+00
   1.9100000e+02  -1.1391796e+00   1.9126411e+00
   1.9200000e+02  -1.1297166e+00   1.9103285e+00
   1.9300000e+02  -1.1187983e+00   1.9049279e+00
   1.9400000e+02  -1.1063145e+00   1.9004183e+00
   1.9500000e+02  -1.0926791e+00   1.8941315e+00
   1.9600000e+02  -1.0786856e+00   1.8904308e+00
   1.9700000e+02  -1.0640184e+00   1.8891870e+00
   1.9800000e+02  -1.0496141e+00   1.8916791e+00
   1.9900000e+02  -1.0368092e+00   1.8963591e+00
   2.0000000e+02  -1.0245596e+00   1.9024233e+00
   2.0100000e+02  -1.0116132e+00   1.9091725e+00
   2.0200000e+02  -9.9961461e-01   1.9160576e+00
   2.0300000e+02  -9.8899482e-01   1.9214947e+00
   2.0400000e+02  -9.8000218e-01   1.9262606e+00
   2.0500000e+02  -9.7179720e-01   1.9302416e+00
   2.0600000e+02  -9.6372020e-01   1.9325778e+00
   2.0700000e+02  -9.5597265e-01   1.9349775e+00
   2.0800000e+02  -9.4869935e-01   1.9385715e+00
   2.0900000e+02  -9.4180887e-01   1.9428502e+00
   2.1000000e+02  -9.3619493e-01   1.9459286e+00
   2.1100000e+02  -9.3082214e-01   1.9462261e+00
   2.1200000e+02  -9.2426006e-01   1.9445446e+00
   2.1300000e+02  -9.1646038e-01   1.9420874e+00
   2.1400000e+02  -9.0938665e-01   1.9401466e+00
   2.1500000e+02  -9.0113510e-01   1.9378265e+00
   2.1600000e+02  -8.9301774e-01   1.9356471e+00
   2.1700000e+02  -8.8395097e-01   1.9326562e+00
   2.1800000e+02  -8.7228176e-01   1.9277450e+00
   2.1900000e+02  -8.6101979e-01   1.9229826e+00
   2.2000000e+02  -8.4765937e-01   1.9188384e+00
   2.2100000e+02  -8.3490825e-01   1.9177252e+00
   2.2200000e+02  -8.2538544e-01   1.9228671e+00
   2.2300000e+02  -8.1658254e-01   1.9312363e+00
   2.2400000e+02  -8.0531405e-01   1.9344871e+00
   2.2500000e+02  -7.9216455e-01   1.9334307e+00
   2.2600000e+02  -7.7713767e-01   1.9293544e+00
   2.2700000e+02  -7.6212888e-01   1.9255440e+00
   2.2800000e+02  -7.4685541e-01   1.9214374e+00
   2.2900000e+02  -7.3230446e-01   1.9170715e+00
   2.3000000e+02  -7.1976056e-01   1.9112109e+00
   2.3100000e+02  -7.0911141e-01   1.9039803e+00
   2.3200000e+02  -6.9870509e-01   1.8966077e+00
   2.3300000e+02  -6.8941560e-01   1.8902137e+00
   2.3400000e+02  -6.7888673e-01   1.8856007e+00
   2.3500000e+02  -6.6701862e-01   1.8816635e+00
   2.3600000e+02  -6.5443266e-01   1.8776918e+00
   2.3700000e+02  -6.4176378e-01   1.8734570e+00
   2.3800000e+02  -6.2964018e-01   1.8677524e+00
   2.3900000e+02  -6.1778596e-01   1.8608368e+00
   2.4000000e+02  -6.0401560e-01   1.8530557e+00
   2.4100000e+02  -5.8906958e-01   1.8435834e+00
   2.4200000e+02  -5.7135280e-01   1.8328774e+00
   2.4300000e+02  -5.5111523e-01   1.8211849e+00
   2.4400000e+02  -5.2870009e-01   1.8087895e+00
   2.4500000e+02  -5.0518870e-01   1.7981531e+00
   2.4600000e+02  -4.8048649e-01   1.7903812e+00
   2.4700000e+02  -4.5645904e-01   1.7858284e+00
   2.4800000e+02  -4.3141929e-01   1.7819035e+00
   2.4900000e+02  -4.0643292e-01   1.7769517e+00
   2.5000000e+02  -3.8468407e-01   1.7695702e+00
   2.5100000e+02  -3.6662763e-01   1.7614058e+00
   2.5200000e+02  -3.5365447e-01   1.7549690e+00
   2.5300000e+02  -3.4178524e-01   1.7521830e+00
   2.5400000e+02  -3.3155376e-01   1.7522217e+00
   2.5500000e+02  -3.2098723e-01   1.7528906e+00
   2.5600000e+02  -3.0869700e-01   1.7519651e+00
   2.5700000e+02  -2.9485182e-01   1.7510051e+00
   2.5800000e+02  -2.8078923e-01   1.7501068e+00
   2.5900000e+02  -2.6501553e-01   1.7497861e+00
   2.6000000e+02  -2.4837929e-01   1.7513843e+00
   2.6100000e+02  -2.2988486e-01   1.7549660e+00
   2.6200000e+02  -2.0818786e-01   1.7611283e+00
   2.6300000e+02  -1.8342242e-01   1.7686077e+00
   2.6400000e+02  -1.5477660e-01   1.7769036e+00
   2.6500000e+02  -1.2436029e-01   1.7836371e+00
   2.6600000e+02  -9.4412304e-02   1.7879812e+00
   2.6700000e+02  -6.6584898e-02   1.7892865e+00
   2.6800000e+02  -4.3655266e-02   1.7875918e+00
   2.6900000e+02  -2.3954114e-02   1.7840070e+00
   2.7000000e+02  -4.6196685e-03   1.7785349e+00
   2.7100000e+02   1.4781272e-02   1.7712945e+00
   2.7200000e+02   3.2680316e-02   1.7644931e+00
   2.7300000e+02   4.8370641e-02   1.7599835e+00
   2.7400000e+02   6.0048860e-02   1.7578694e+00
   2.7500000e+02   6.7558255e-02   1.7561025e+00
   2.7600000e+02   7.2070261e-02   1.7546725e+00
   2.7700000e+02   7.3496033e-02   1.7528453e+00
   2.7800000e+02   7.5503844e-02   1.7496406e+00
   2.7900000e+02   7.6129420e-02   1.7439907e+00
   2.8000000e+02   7.7910099e-02   1.7359180e+00
   2.8100000e+02   7.9591569e-02   1.7266768e+00
   2.8200000e+02   8.2246239e-02   1.7174356e+00
   2.8300000e+02   8.6746477e-02   1.7095388e+00
   2.8400000e+02   9.1261855e-02   1.7023577e+00
   2.8500000e+02   9.5878072e-02   1.6968985e+00
   2.8600000e+02   9.8997727e-02   1.6929342e+00
   2.8700000e+02   1.0048691e-01   1.6900752e+00
   2.8800000e+02   9.9929009e-02   1.6861471e+00
   2.8900000e+02   9.6155383e-02   1.6803346e+00
   2.9000000e+02   9.0504698e-02   1.6745404e+00
   2.9100000e+02   8.2404008e-02   1.6680243e+00
   2.9200000e+02   7.3182972e-02   1.6616498e+00
   2.9300000e+02   6.4911099e-02   1.6564858e+00
   2.9400000e+02   5.6694938e-02   1.6528528e+00
   2.9500000e+02   4.8615687e-02   1.6508260e+00
   2.9600000e+02   3.9634083e-02   1.6511648e+00
   2.9700000e+02   2.9043452e-02   1.6513382e+00
   2.9800000e+02   1.7179233e-02   1.6512229e+00
   2.9900000e+02   4.3393181e-03   1.6479208e+00
   3.0000000e+02  -9.0477757e-03   1.6431931e+00
   3.0100000e+02  -2.2651237e-02   1.6365795e+00
   3.0200000e+02  -3.6705801e-02   1.6318381e+00
   3.0300000e+02  -5.1355816e-02   1.6267642e+00
   3.0400000e+02  -6.6029897e-02   1.6224316e+00
   3.0500000e+02  -7.9831817e-02   1.6187726e+00
   3.0600000e+02  -9.2627770e-02   1.6149060e+00
   3.0700000e+02  -1.0518323e-01   1.6110618e+00
   3.0800000e+02  -1.1731324e-01   1.6073919e+00
   3.0900000e+02  -1.3010815e-01   1.6032120e+00
   3.1000000e+02  -1.4402070e-01   1.5987792e+00
   3.1100000e+02  -1.6124357e-01   1.5965343e+00
   3.1200000e+02  -1.8109086e-01   1.6007922e+00
   3.1300000e+02  -2.0131600e-01   1.6083241e+00
   3.1400000e+02  -2.2106379e-01   1.6132811e+00
   3.1500000e+02  -2.3930271e-01   1.6137862e+00
   3.1600000e+02  -2.5817304e-01   1.6122290e+00
   3.1700000e+02  -2.7775487e-01   1.6082317e+00
   3.1800000e+02  -2.9736268e-01   1.6009986e+00
   3.1900000e+02  -3.1823191e-01   1.5914901e+00
   3.2000000e+02  -3.3980445e-01   1.5822978e+00
   3.2100000e+02  -3.6308885e-01   1.5739299e+00
   3.2200000e+02  -3.8620155e-01   1.5660618e+00
   3.2300000e+02  -4.0946500e-01   1.5580344e+00
   3.2400000e+02  -4.3254123e-01   1.5485191e+00
   3.2500000e+02  -4.5507225e-01   1.5374569e+00
   3.2600000e+02  -4.7758251e-01   1.5243942e+00
   3.2700000e+02  -5.0195228e-01   1.5124706e+00
   3.2800000e+02  -5.2771153e-01   1.5063703e+00
   3.2900000e+02  -5.5553930e-01   1.5050435e+00
   3.3000000e+02  -5.8354586e-01   1.5074294e+00
   3.3100000e+02  -6.1090501e-01   1.5115194e+00
   3.3200000e+02  -6.3759140e-01   1.5119358e+00
   3.3300000e+02  -6.6312108e-01   1.5107517e+00
   3.3400000e+02  -6.8668478e-01   1.5103646e+00
   3.3500000e+02  -7.1087757e-01   1.5116269e+00
   3.3600000e+02  -7.3597576e-01   1.5132270e+00
   3.3700000e+02  -7.6193478e-01   1.5173383e+00
   3.3800000e+02  -7.8799530e-01   1.5247290e+00
   3.3900000e+02  -8.1391984e-01   1.5323644e+00
   3.4000000e+02  -8.3992597e-01   1.5405534e+00
   3.4100000e+02  -8.6697500e-01   1.5460319e+00
   3.4200000e+02  -8.9456723e-01   1.5495047e+00
   3.4300000e+02  -9.2495333e-01   1.5527569e+00
   3.4400000e+02  -9.5850416e-01   1.5586972e+00
   3.4500000e+02  -9.9544309e-01   1.5689261e+00
   3.4600000e+02  -1.0382472e+00   1.5807709e+00
   3.4700000e+02  -1.0855748e+00   1.5923702e+00
   3.4800000e+02  -1.1357877e+00   1.6021387e+00
   3.4900000e+02  -1.1516676e+00   1.5769128e+00
   3.5000000e+02  -1.2337903e+00   1.5958216e+00
   3.5100000e+02  -1.2826354e+00   1.6157322e+00
   3.5200000e+02  -1.3236039e+00   1.6398657e+00
   3.5300000e+02  -1.3532735e+00   1.6585432e+00
   3.5400000e+02  -1.3809089e+00   1.6739695e+00
   3.5500000e+02  -1.4108523e+00   1.6777199e+00
   3.5600000e+02  -1.4422163e+00   1.6818279e+00
   3.5700000e+02  -1.4747583e+00   1.6998868e+00
   3.5800000e+02  -1.5095034e+00   1.7293184e+00
   3.5900000e+02  -1.5425291e+00   1.7683947e+00
   3.6000000e+02  -1.5685380e+00   1.8076104e+00
   3.6100000e+02  -1.5957801e+00   1.8432395e+00
   3.6200000e+02  -1.6318604e+00   1.8719842e+00
   3.6300000e+02  -1.6706764e+00   1.8974075e+00
   3.6400000e+02  -1.7107658e+00   1.9230482e+00
   3.6500000e+02  -1.7482515e+00   1.9483126e+00
   3.6600000e+02  -1.7877043e+00   1.9765258e+00
   3.6700000e+02  -1.8321744e+00   1.9993059e+00
   3.6800000e+02  -1.8806636e+00   2.0353275e+00
   3.6900000e+02  -1.9205149e+00   2.0433761e+00
   3.7000000e+02  -1.9393072e+00   2.0628210e+00
   3.7100000e+02  -1.9447591e+00   2.0792245e+00
   3.7200000e+02  -1.9435355e+00   2.0933731e+00
   3.7300000e+02  -1.9401868e+00   2.0988467e+00
   3.7400000e+02  -1.9401340e+00   2.1000287e+00
   3.7500000e+02  -1.9432532e+00   2.0981741e+00
   3.7600000e+02  -1.9476097e+00   2.0953103e+00
   3.7700000e+02  -1.9529221e+00   2.0905197e+00
   3.7800000e+02  -1.9595265e+00   2.0853854e+00
   3.7900000e+02  -1.9657470e+00   2.0803055e+00
   3.8000000e+02  -1.9690679e+00   2.0752622e+00
   3.8100000e+02  -1.9688690e+00   2.0693268e+00
   3.8200000e+02  -1.9673765e+00   2.0629677e+00
   3.8300000e+02  -1.9676100e+00   2.0551133e+00
   3.8400000e+02  -1.9696174e+00   2.0466039e+00
   3.8500000e+02  -1.9759856e+00   2.0367754e+00
   3.8600000e+02  -1.9814008e+00   2.0280800e+00
   3.8700000e+02  -1.9860933e+00   2.0195962e+00
   3.8800000e+02  -1.9888549e+00   2.0123905e+00
   3.8900000e+02  -1.9882356e+00   2.0033714e+00
   3.9000000e+02  -1.9858606e+00   1.9930474e+00
   3.9100000e+02  -1.9814744e+00   1.9811086e+00
   3.9200000e+02  -1.9771643e+00   1.9684029e+00
   3.9300000e+02  -1.9737056e+00   1.9560686e+00
   3.9400000e+02  -1.9710267e+00   1.9447551e+00
   3.9500000e+02  -1.9688799e+00   1.9347818e+00
   3.9600000e+02  -1.9686285e+00   1.9262833e+00
   3.9700000e+02  -1.9666226e+00   1.9215862e+00
   3.9800000e+02  -1.9649385e+00   1.9174884e+00
   3.9900000e+02  -1.9623105e+00   1.9140177e+00
   4.0000000e+02  -1.9600339e+00   1.9105100e+00
   4.0100000e+02  -1.9598131e+00   1.9074146e+00
   4.0200000e+02  -1.9605598e+00   1.9045139e+00
   4.0300000e+02  -1.9616323e+00   1.9003016e+00
   4.0400000e+02  -1.9631226e+00   1.8969070e+00
   4.0500000e+02  -1.9645516e+00   1.8937371e+00
   4.0600000e+02  -1.9657499e+00   1.8904497e+00
   4.0700000e+02  -1.9650102e+00   1.8876269e+00
   4.0800000e+02  -1.9641460e+00   1.8852565e+00
   4.0900000e+02  -1.9609752e+00   1.8832029e+00
   4.1000000e+02  -1.9574704e+00   1.8809896e+00
   4.1100000e+02  -1.9518460e+00   1.8782478e+00
   4.1200000e+02  -1.9446354e+00   1.8752308e+00
   4.1300000e+02  -1.9344151e+00   1.8726289e+00
   4.1400000e+02  -1.9226434e+00   1.8712989e+00
   4.1500000e+02  -1.9089099e+00   1.8695765e+00
   4.1600000e+02  -1.8923604e+00   1.8677887e+00
   4.1700000e+02  -1.8719936e+00   1.8656688e+00
   4.1800000e+02  -1.8465169e+00   1.8627349e+00
   4.1900000e+02  -1.8182620e+00   1.8616615e+00
   4.2000000e+02  -1.7904889e+00   1.8627016e+00
   4.2100000e+02  -1.7674773e+00   1.8659665e+00
   4.2200000e+02  -1.7470661e+00   1.8686504e+00
   4.2300000e+02  -1.7267353e+00   1.8668928e+00
   4.2400000e+02  -1.7045741e+00   1.8621527e+00
   4.2500000e+02  -1.6843131e+00   1.8560310e+00
   4.2600000e+02  -1.6667680e+00   1.8505689e+00
   4.2700000e+02  -1.6544336e+00   1.8461950e+00
   4.2800000e+02  -1.6470660e+00   1.8432927e+00
   4.2900000e+02  -1.6424544e+00   1.8432078e+00
   4.3000000e+02  -1.6412007e+00   1.8443027e+00
   4.3100000e+02  -1.6424365e+00   1.8466643e+00
   4.3200000e+02  -1.6428489e+00   1.8493960e+00
   4.3300000e+02  -1.6381680e+00   1.8514289e+00
   4.3400000e+02  -1.6237508e+00   1.8484831e+00
   4.3500000e+02  -1.6022949e+00   1.8407561e+00
   4.3600000e+02  -1.5779654e+00   1.8315831e+00
   4.3700000e+02  -1.5555288e+00   1.8276593e+00
   4.3800000e+02  -1.5361644e+00   1.8258345e+00
   4.3900000e+02  -1.5201701e+00   1.8255905e+00
   4.4000000e+02  -1.5077821e+00   1.8265835e+00
   4.4100000e+02  -1.4991540e+00   1.8262094e+00
   4.4200000e+02  -1.4926811e+00   1.8255148e+00
   4.4300000e+02  -1.4870810e+00   1.8237807e+00
   4.4400000e+02  -1.4790109e+00   1.8223565e+00
   4.4500000e+02  -1.4693840e+00   1.8210870e+00
   4.4600000e+02  -1.4582564e+00   1.8199619e+00
   4.4700000e+02  -1.4462914e+00   1.8206790e+00
   4.4800000e+02  -1.4354192e+00   1.8229280e+00
   4.4900000e+02  -1.4230951e+00   1.8273460e+00
   4.5000000e+02  -1.4089442e+00   1.8327879e+00
   4.5100000e+02  -1.3935487e+00   1.8385075e+00
   4.5200000e+02  -1.3789654e+00   1.8447934e+00
   4.5300000e+02  -1.3677387e+00   1.8507789e+00
   4.5400000e+02  -1.3593265e+00   1.8547886e+00
   4.5500000e+02  -1.3535367e+00   1.8567352e+00
   4.5600000e+02  -1.3508835e+00   1.8584353e+00
   4.5700000e+02  -1.3529974e+00   1.8602486e+00
   4.5800000e+02  -1.3580913e+00   1.8638777e+00
   4.5900000e+02  -1.3641694e+00   1.8679009e+00
   4.6000000e+02  -1.3707440e+00   1.8718842e+00
   4.6100000e+02  -1.3755421e+00   1.8762771e+00
   4.6200000e+02  -1.3770312e+00   1.8826899e+00
   4.6300000e+02  -1.3748829e+00   1.8907822e+00
   4.6400000e+02  -1.3694985e+00   1.8989973e+00
   4.6500000e+02  -1.3616756e+00   1.9043442e+00
   4.6600000e+02  -1.3533869e+00   1.9078512e+00
   4.6700000e+02  -1.3439582e+00   1.9089544e+00
   4.6800000e+02  -1.3341294e+00   1.9102473e+00
   4.6900000e+02  -1.3243805e+00   1.9117774e+00
   4.7000000e+02  -1.3134376e+00   1.9141714e+00
   4.7100000e+02  -1.3025016e+00   1.9165471e+00
   4.7200000e+02  -1.2908711e+00   1.9167801e+00
   4.7300000e+02  -1.2780868e+00   1.9159183e+00
   4.7400000e+02  -1.2627445e+00   1.9144815e+00
   4.7500000e+02  -1.2456010e+00   1.9138930e+00
   4.7600000e+02  -1.2282948e+00   1.9137879e+00
   4.7700000e+02  -1.2115598e+00   1.9151480e+00
   4.7800000e+02  -1.1973370e+00   1.9164492e+00
   4.7900000e+02  -1.1823230e+00   1.9175381e+00
   4.8000000e+02  -1.1656104e+00   1.9171235e+00
   4.8100000e+02  -1.1459163e+00   1.9164811e+00
   4.8200000e+02  -1.1282530e+00   1.9140083e+00
   4.8300000e+02  -1.1101469e+00   1.9109551e+00
   4.8400000e+02  -1.0969974e+00   1.9065788e+00
   4.8500000e+02  -1.0880612e+00   1.9008651e+00
   4.8600000e+02  -1.0843197e+00   1.8943123e+00
   4.8700000e+02  -1.0822247e+00   1.8885712e+00
   4.8800000e+02  -1.0819296e+00   1.8841563e+00
   4.8900000e+02  -1.0802179e+00   1.8792696e+00
   4.9000000e+02  -1.0784591e+00   1.8759048e+00
   4.9100000e+02  -1.0744827e+00   1.8731913e+00
   4.9200000e+02  -1.0678071e+00   1.8713235e+00
   4.9300000e+02  -1.0581796e+00   1.8698893e+00
   4.9400000e+02  -1.0432204e+00   1.8663644e+00
   4.9500000e+02  -1.0240676e+00   1.8620849e+00
   4.9600000e+02  -1.0030280e+00   1.8564243e+00
   4.9700000e+02  -9.8118772e-01   1.8495756e+00
   4.9800000e+02  -9.5855407e-01   1.8424057e+00
   4.9900000e+02  -9.3591374e-01   1.8364103e+00
   5.0000000e+02  -9.1448387e-01   1.8343634e+00
   5.0100000e+02  -8.9585906e-01   1.8347610e+00
   5.0200000e+02  -8.7925823e-01   1.8372568e+00
   5.0300000e+02  -8.6315707e-01   1.8403147e+00
   5.0400000e+02  -8.4711573e-01   1.8415194e+00
   5.0500000e+02  -8.3047127e-01   1.8417372e+00
   5.0600000e+02  -8.1592494e-01   1.8439836e+00
   5.0700000e+02  -8.0364392e-01   1.8465441e+00
   5.0800000e+02  -7.9204054e-01   1.8506908e+00
   5.0900000e+02  -7.8346770e-01   1.8513613e+00
   5.1000000e+02  -7.7545381e-01   1.8508423e+00
   5.1100000e+02  -7.6774884e-01   1.8475256e+00
   5.1200000e+02  -7.6062208e-01   1.8425121e+00
   5.1300000e+02  -7.5374175e-01   1.8367071e+00
   5.1400000e+02  -7.4729104e-01   1.8314794e+00
   5.1500000e+02  -7.4175704e-01   1.8261318e+00
   5.1600000e+02  -7.3401539e-01   1.8204224e+00
   5.1700000e+02  -7.2667546e-01   1.8131326e+00
   5.1800000e+02  -7.1898622e-01   1.8056882e+00
   5.1900000e+02  -7.1309948e-01   1.7984645e+00
   5.2000000e+02  -7.0846585e-01   1.7922682e+00
   5.2100000e+02  -7.0456147e-01   1.7868401e+00
   5.2200000e+02  -6.9985325e-01   1.7813954e+00
   5.2300000e+02  -6.9107391e-01   1.7764501e+00
   5.2400000e+02  -6.8081571e-01   1.7712926e+00
   5.2500000e+02  -6.6793765e-01   1.7675380e+00
   5.2600000e+02  -6.5325939e-01   1.7647138e+00
   5.2700000e+02  -6.3814286e-01   1.7610560e+00
   5.2800000e+02  -6.2158439e-01   1.7580141e+00
   5.2900000e+02  -6.0382863e-01   1.7547932e+00
   5.3000000e+02  -5.8532351e-01   1.7495743e+00
   5.3100000e+02  -5.6469676e-01   1.7430919e+00
   5.3200000e+02  -5.4604112e-01   1.7365215e+00
   5.3300000e+02  -5.3152324e-01   1.7300376e+00
   5.3400000e+02  -5.1902692e-01   1.7229539e+00
   5.3500000e+02  -5.0595348e-01   1.7182808e+00
   5.3600000e+02  -4.9170058e-01   1.7162816e+00
   5.3700000e+02  -4.7522199e-01   1.7162684e+00
   5.3800000e+02  -4.5880688e-01   1.7204809e+00
   5.3900000e+02  -4.4297011e-01   1.7259087e+00
   5.4000000e+02  -4.2927851e-01   1.7305148e+00
   5.4100000e+02  -4.1721517e-01   1.7334735e+00
   5.4200000e+02  -4.0678118e-01   1.7329890e+00
   5.4300000e+02  -3.9824715e-01   1.7298406e+00
   5.4400000e+02  -3.9092959e-01   1.7239667e+00
   5.4500000e+02  -3.8516700e-01   1.7174371e+00
   5.4600000e+02  -3.8102852e-01   1.7095283e+00
   5.4700000e+02  -3.7738083e-01   1.7014993e+00
   5.4800000e+02  -3.7565045e-01   1.6954737e+00
   5.4900000e+02  -3.7631882e-01   1.6917058e+00
   5.5000000e+02  -3.7934229e-01   1.6902751e+00
   5.5100000e+02  -3.8544642e-01   1.6899875e+00
   5.5200000e+02  -3.9308576e-01   1.6915815e+00
   5.5300000e+02  -3.9857165e-01   1.6925830e+00
   5.5400000e+02  -4.0210567e-01   1.6919134e+00
   5.5500000e+02  -4.0280114e-01   1.6900616e+00
   5.5600000e+02  -4.0062800e-01   1.6864396e+00
   5.5700000e+02  -3.9701312e-01   1.6817632e+00
   5.5800000e+02  -3.9150963e-01   1.6757047e+00
   5.5900000e+02  -3.8685374e-01   1.6687783e+00
   5.6000000e+02  -3.8401760e-01   1.6613613e+00
   5.6100000e+02  -3.8283234e-01   1.6554574e+00
   5.6200000e+02  -3.8328586e-01   1.6512260e+00
   5.6300000e+02  -3.8484395e-01   1.6479480e+00
   5.6400000e+02  -3.8723136e-01   1.6444684e+00
   5.6500000e+02  -3.8816215e-01   1.6396396e+00
   5.6600000e+02  -3.8841121e-01   1.6348710e+00
   5.6700000e+02  -3.8663966e-01   1.6264173e+00
   5.6800000e+02  -3.8497538e-01   1.6164290e+00
   5.6900000e+02  -3.8264501e-01   1.6041738e+00
   5.7000000e+02  -3.8138338e-01   1.5921648e+00
   5.7100000e+02  -3.8134544e-01   1.5807103e+00
   5.7200000e+02  -3.8247191e-01   1.5719693e+00
   5.7300000e+02  -3.8463233e-01   1.5639439e+00
   5.7400000e+02  -3.8801497e-01   1.5562249e+00
   5.7500000e+02  -3.9257205e-01   1.5478131e+00
   5.7600000e+02  -3.9961288e-01   1.5399463e+00
   5.7700000e+02  -4.0818632e-01   1.5328534e+00
   5.7800000e+02  -4.1936225e-01   1.5243958e+00
   5.7900000e+02  -4.2799724e-01   1.5176133e+00
   5.8000000e+02  -4.3568132e-01   1.5109121e+00
   5.8100000e+02  -4.4303519e-01   1.5031616e+00
   5.8200000e+02  -4.5020240e-01   1.4965409e+00
   5.8300000e+02  -4.5902179e-01   1.4904157e+00
   5.8400000e+02  -4.6899937e-01   1.4854152e+00
   5.8500000e+02  -4.7985296e-01   1.4801489e+00
   5.8600000e+02  -4.9077559e-01   1.4744230e+00
   5.8700000e+02  -5.0228211e-01   1.4689083e+00
   5.8800000e+02  -5.1557192e-01   1.4634627e+00
   5.8900000e+02  -5.2915845e-01   1.4582269e+00
   5.9000000e+02  -5.4376731e-01   1.4500763e+00
   5.9100000e+02  -5.6828557e-01   1.4364945e+00
   5.9200000e+02  -5.7640305e-01   1.4312372e+00
   5.9300000e+02  -5.9172219e-01   1.4242776e+00
   5.9400000e+02  -6.0864329e-01   1.4158754e+00
   5.9500000e+02  -6.2783706e-01   1.4075206e+00
   5.9600000e+02  -6.4942767e-01   1.3986236e+00
   5.9700000e+02  -6.5873967e-01   1.3852464e+00
   5.9800000e+02  -6.8490863e-01   1.3818677e+00
   5.9900000e+02  -7.0108671e-01   1.3768114e+00
   6.0000000e+02  -7.1888241e-01   1.3685917e+00
   6.0100000e+02  -7.3230951e-01   1.3642732e+00
   6.0200000e+02  -7.3293922e-01   1.3699754e+00
   6.0300000e+02  -7.4123281e-01   1.3718683e+00
   6.0400000e+02  -7.4936748e-01   1.3757598e+00
   6.0500000e+02  -7.5890385e-01   1.3775696e+00
   6.0600000e+02  -7.7044635e-01   1.3763095e+00
   6.0700000e+02  -7.8336706e-01   1.3713163e+00
   6.0800000e+02  -7.9713266e-01   1.3623819e+00
   6.0900000e+02  -8.0674588e-01   1.3545087e+00
   6.1000000e+02  -8.1343616e-01   1.3489442e+00
   6.1100000e+02  -8.1619466e-01   1.3465532e+00
   6.1200000e+02  -8.1454457e-01   1.3494506e+00
   6.1300000e+02  -8.1045830e-01   1.3546223e+00
   6.1400000e+02  -8.0975621e-01   1.3603720e+00
   6.1500000e+02  -8.1211413e-01   1.3650709e+00
   6.1600000e+02  -8.1842709e-01   1.3685006e+00
   6.1700000e+02  -8.2650195e-01   1.3703402e+00
   6.1800000e+02  -8.3539557e-01   1.3709514e+00
   6.1900000e+02  -8.4362117e-01   1.3711141e+00
   6.2000000e+02  -8.5059040e-01   1.3708986e+00
   6.2100000e+02  -8.5688797e-01   1.3703403e+00
   6.2200000e+02  -8.6302186e-01   1.3703762e+00
   6.2300000e+02  -8.6852596e-01   1.3702321e+00
   6.2400000e+02  -8.7462188e-01   1.3690268e+00
   6.2500000e+02  -8.7715825e-01   1.3678572e+00
   6.2600000e+02  -8.7798803e-01   1.3671924e+00
   6.2700000e+02  -8.7668216e-01   1.3657603e+00
   6.2800000e+02  -8.7448286e-01   1.3660563e+00
   6.2900000e+02  -8.7196172e-01   1.3662367e+00
   6.3000000e+02  -8.6992534e-01   1.3688230e+00
   6.3100000e+02  -8.6887136e-01   1.3727693e+00
   6.3200000e+02  -8.6747334e-01   1.3763074e+00
   6.3300000e+02  -8.6507729e-01   1.3799675e+00
   6.3400000e+02  -8.6229917e-01   1.3834411e+00
   6.3500000e+02  -8.5989295e-01   1.3860138e+00
   6.3600000e+02  -8.5882079e-01   1.3882558e+00
   6.3700000e+02  -8.5967140e-01   1.3897020e+00
   6.3800000e+02  -8.6229964e-01   1.3893243e+00
   6.3900000e+02  -8.6724703e-01   1.3892025e+00
   6.4000000e+02  -8.7261573e-01   1.3896787e+00
   6.4100000e+02  -8.7893831e-01   1.3906525e+00
   6.4200000e+02  -8.8574652e-01   1.3928817e+00
   6.4300000e+02  -8.9161142e-01   1.3951680e+00
   6.4400000e+02  -8.9713495e-01   1.3964008e+00
   6.4500000e+02  -8.9988628e-01   1.3954905e+00
   6.4600000e+02  -8.9867970e-01   1.3931128e+00
   6.4700000e+02  -8.9488824e-01   1.3906606e+00
   6.4800000e+02  -8.9034886e-01   1.3888202e+00
   6.4900000e+02  -8.8694085e-01   1.3881090e+00
   6.5000000e+02  -8.8644487e-01   1.3900700e+00
   6.5100000e+02  -8.8964793e-01   1.3912776e+00
   6.5200000e+02  -8.9603628e-01   1.3916722e+00
   6.5300000e+02  -9.0599407e-01   1.3918728e+00
   6.5400000e+02  -9.1647158e-01   1.3924526e+00
   6.5500000e+02  -9.2776616e-01   1.3930656e+00
   6.5600000e+02  -9.3716086e-01   1.3960855e+00
   6.5700000e+02  -9.4567546e-01   1.3993285e+00
   6.5800000e+02  -9.5298476e-01   1.4014740e+00
   6.5900000e+02  -9.5952090e-01   1.4038001e+00
   6.6000000e+02  -9.6643013e-01   1.4051257e+00
   6.6100000e+02  -9.5903862e-01   1.4203715e+00
   6.6200000e+02  -9.8138485e-01   1.4145931e+00
   6.6300000e+02  -9.9756451e-01   1.4032859e+00
   6.6400000e+02  -9.9516669e-01   1.4118294e+00
   6.6500000e+02  -1.0029194e+00   1.4126604e+00
   6.6600000e+02  -1.0100248e+00   1.4143659e+00
   6.6700000e+02  -1.0204544e+00   1.4165806e+00
   6.6800000e+02  -1.0288471e+00   1.4199150e+00
   6.6900000e+02  -1.0377902e+00   1.4227825e+00
   6.7000000e+02  -1.0419483e+00   1.4301294e+00
   6.7100000e+02  -1.0444792e+00   1.4293651e+00
   6.7200000e+02  -1.0517617e+00   1.4197440e+00
   6.7300000e+02  -1.0550770e+00   1.4180427e+00
   6.7400000e+02  -1.0593706e+00   1.4153165e+00
   6.7500000e+02  -1.0644364e+00   1.4125497e+00
   6.7600000e+02  -1.0678188e+00   1.4101914e+00
   6.7700000e+02  -1.0671658e+00   1.4063414e+00
   6.7800000e+02  -1.0635713e+00   1.4015397e+00
   6.7900000e+02  -1.0586952e+00   1.3962664e+00
   6.8000000e+02  -1.0533272e+00   1.3907692e+00
   6.8100000e+02  -1.0493785e+00   1.3853465e+00
   6.8200000e+02  -1.0478364e+00   1.3788797e+00
   6.8300000e+02  -1.0457192e+00   1.3744558e+00
   6.8400000e+02  -1.0416496e+00   1.3708730e+00
   6.8500000e+02  -1.0315803e+00   1.3718605e+00
   6.8600000e+02  -1.0242459e+00   1.3648523e+00
   6.8700000e+02  -1.0113334e+00   1.3634653e+00
   6.8800000e+02  -9.9772567e-01   1.3633815e+00
   6.8900000e+02  -9.8463331e-01   1.3612475e+00
   6.9000000e+02  -9.7268660e-01   1.3591627e+00
   6.9100000e+02  -9.6246115e-01   1.3566449e+00
   6.9200000e+02  -9.5570254e-01   1.3532548e+00
   6.9300000e+02  -9.5079240e-01   1.3493335e+00
   6.9400000e+02  -9.4619555e-01   1.3456274e+00
   6.9500000e+02  -9.4107428e-01   1.3408014e+00
   6.9600000e+02  -9.3708337e-01   1.3355177e+00
   6.9700000e+02  -9.3349746e-01   1.3290881e+00
   6.9800000e+02  -9.3116229e-01   1.3241090e+00
   6.9900000e+02  -9.2940277e-01   1.3197293e+00
   7.0000000e+02  -9.2874134e-01   1.3141871e+00
   7.0100000e+02  -9.2918033e-01   1.3086668e+00
   7.0200000e+02  -9.2872193e-01   1.3016194e+00
   7.0300000e+02  -9.2706892e-01   1.2948849e+00
   7.0400000e+02  -9.2419603e-01   1.2882493e+00
   7.0500000e+02  -9.1980584e-01   1.2828646e+00
   7.0600000e+02  -9.1492421e-01   1.2781646e+00
   7.0700000e+02  -9.1011032e-01   1.2723250e+00
   7.0800000e+02  -9.0488142e-01   1.2661089e+00
   7.0900000e+02  -8.9863894e-01   1.2607129e+00
   7.1000000e+02  -8.9411191e-01   1.2578413e+00
   7.1100000e+02  -8.9122633e-01   1.2565644e+00
   7.1200000e+02  -8.8960582e-01   1.2588301e+00
   7.1300000e+02  -8.8905487e-01   1.2618767e+00
   7.1400000e+02  -8.8981403e-01   1.2649674e+00
   7.1500000e+02  -8.9193137e-01   1.2675316e+00
   7.1600000e+02  -8.9516594e-01   1.2683172e+00
   7.1700000e+02  -8.9970737e-01   1.2678989e+00
   7.1800000e+02  -9.0350321e-01   1.2667004e+00
   7.1900000e+02  -9.0597939e-01   1.2649521e+00
   7.2000000e+02  -9.0817086e-01   1.2626384e+00
   7.2100000e+02  -9.0910678e-01   1.2608675e+00
   7.2200000e+02  -9.1066250e-01   1.2601322e+00
   7.2300000e+02  -9.1106887e-01   1.2583368e+00
   7.2400000e+02  -9.1142080e-01   1.2565293e+00
   7.2500000e+02  -9.1330203e-01   1.2543669e+00
   7.2600000e+02  -9.1483204e-01   1.2522927e+00
   7.2700000e+02  -9.1708015e-01   1.2506168e+00
   7.2800000e+02  -9.1891970e-01   1.2482565e+00
   7.2900000e+02  -9.2058801e-01   1.2460323e+00
   7.3000000e+02  -9.2096193e-01   1.2439559e+00
   7.3100000e+02  -9.2112144e-01   1.2409846e+00
   7.3200000e+02  -9.1854285e-01   1.2393842e+00
   7.3300000e+02  -9.1361486e-01   1.2366703e+00
   7.3400000e+02  -9.0966321e-01   1.2339981e+00
   7.3500000e+02  -9.0452812e-01   1.2314251e+00
   7.3600000e+02  -8.9997832e-01   1.2291331e+00
   7.3700000e+02  -8.9500584e-01   1.2271878e+00
   7.3800000e+02  -8.9019409e-01   1.2245401e+00
   7.3900000e+02  -8.8547064e-01   1.2217639e+00
   7.4000000e+02  -8.8195606e-01   1.2177199e+00
   7.4100000e+02  -8.8003300e-01   1.2137539e+00
   7.4200000e+02  -8.7862898e-01   1.2104327e+00
   7.4300000e+02  -8.7794541e-01   1.2076519e+00
   7.4400000e+02  -8.7578254e-01   1.2061003e+00
   7.4500000e+02  -8.7214154e-01   1.2052993e+00
   7.4600000e+02  -8.6696339e-01   1.2046920e+00
   7.4700000e+02  -8.5904215e-01   1.2019093e+00
   7.4800000e+02  -8.5194225e-01   1.1987217e+00
   7.4900000e+02  -8.4659999e-01   1.1956191e+00
   7.5000000e+02  -8.4563368e-01   1.1922184e+00
   7.5100000e+02  -8.4937575e-01   1.1879736e+00
   7.5200000e+02  -8.5660262e-01   1.1825940e+00
   7.5300000e+02  -8.6575492e-01   1.1771201e+00
   7.5400000e+02  -8.7494680e-01   1.1709157e+00
   7.5500000e+02  -8.8315629e-01   1.1648894e+00
   7.5600000e+02  -8.9072114e-01   1.1581764e+00
   7.5700000e+02  -8.9727909e-01   1.1515300e+00
   7.5800000e+02  -9.0482788e-01   1.1455160e+00
   7.5900000e+02  -9.1088625e-01   1.1408151e+00
   7.6000000e+02  -9.1692153e-01   1.1382259e+00
   7.6100000e+02  -9.2236679e-01   1.1356908e+00
   7.6200000e+02  -9.2855905e-01   1.1337201e+00
   7.6300000e+02  -9.3606524e-01   1.1310836e+00
   7.6400000e+02  -9.4482573e-01   1.1281696e+00
   7.6500000e+02  -9.5454806e-01   1.1262498e+00
   7.6600000e+02  -9.6325975e-01   1.1248825e+00
   7.6700000e+02  -9.6916416e-01   1.1243167e+00
   7.6800000e+02  -9.7158229e-01   1.1238274e+00
   7.6900000e+02  -9.6969423e-01   1.1228444e+00
   7.7000000e+02  -9.6249672e-01   1.1231360e+00
   7.7100000e+02  -9.5263616e-01   1.1215896e+00
   7.7200000e+02  -9.4112672e-01   1.1182069e+00
   7.7300000e+02  -9.3005904e-01   1.1134353e+00
   7.7400000e+02  -9.2119249e-01   1.1088115e+00
   7.7500000e+02  -9.1534826e-01   1.1028278e+00
   7.7600000e+02  -9.1202180e-01   1.0954280e+00
   7.7700000e+02  -9.1028311e-01   1.0861896e+00
   7.7800000e+02  -9.0912285e-01   1.0775565e+00
   7.7900000e+02  -9.0869167e-01   1.0682507e+00
   7.8000000e+02  -9.0828866e-01   1.0607646e+00
   7.8100000e+02  -9.0840538e-01   1.0542334e+00
   7.8200000e+02  -9.0656519e-01   1.0499111e+00
   7.8300000e+02  -9.0452858e-01   1.0474494e+00
   7.8400000e+02  -9.0151120e-01   1.0478472e+00
   7.8500000e+02  -8.9750348e-01   1.0498389e+00
   7.8600000e+02  -8.9071626e-01   1.0539450e+00
   7.8700000e+02  -8.8158269e-01   1.0594407e+00
   7.8800000e+02  -8.7022599e-01   1.0654604e+00
   7.8900000e+02  -8.5678690e-01   1.0724306e+00
   7.9000000e+02  -8.4130039e-01   1.0796795e+00
   7.9100000e+02  -8.2409829e-01   1.0857564e+00
   7.9200000e+02  -8.0561639e-01   1.0902555e+00
   7.9300000e+02  -7.8710384e-01   1.0937645e+00
   7.9400000e+02  -7.7289065e-01   1.0955877e+00
   7.9500000e+02  -7.6310112e-01   1.0989842e+00
   7.9600000e+02  -7.5969005e-01   1.1029603e+00
   7.9700000e+02  -7.6041129e-01   1.1099503e+00
   7.9800000e+02  -7.6356930e-01   1.1199730e+00
   7.9900000e+02  -7.6826714e-01   1.1321569e+00
   8.0000000e+02  -7.7374313e-01   1.1459612e+00
   8.0100000e+02  -7.7615441e-01   1.1607190e+00
   8.0200000e+02  -7.7788623e-01   1.1719742e+00
   8.0300000e+02  -7.7849584e-01   1.1788232e+00
   8.0400000e+02  -7.7756286e-01   1.1791135e+00
   8.0500000e+02  -7.7395579e-01   1.1748356e+00
   8.0600000e+02  -7.7244707e-01   1.1694300e+00
   8.0700000e+02  -7.7077231e-01   1.1682365e+00
   8.0800000e+02  -7.7065061e-01   1.1700482e+00
   8.0900000e+02  -7.7229225e-01   1.1762052e+00
   8.1000000e+02  -7.7399811e-01   1.1813247e+00
   8.1100000e+02  -7.7338473e-01   1.1856519e+00
   8.1200000e+02  -7.7166861e-01   1.1906287e+00
   8.1300000e+02  -7.7133155e-01   1.1959027e+00
   8.1400000e+02  -7.7219405e-01   1.1975234e+00
   8.1500000e+02  -7.7484556e-01   1.1954081e+00
   8.1600000e+02  -7.7648047e-01   1.1887729e+00
   8.1700000e+02  -7.7747596e-01   1.1794819e+00
   8.1800000e+02  -7.7716395e-01   1.1677021e+00
   8.1900000e+02  -7.7655073e-01   1.1522361e+00
   8.2000000e+02  -7.7612806e-01   1.1364203e+00
   8.2100000e+02  -7.7607347e-01   1.1193462e+00
   8.2200000e+02  -7.7709755e-01   1.1023165e+00
   8.2300000e+02  -7.7939149e-01   1.0869622e+00
   8.2400000e+02  -7.8193577e-01   1.0747279e+00
   8.2500000e+02  -7.8370085e-01   1.0642528e+00
   8.2600000e+02  -7.8430916e-01   1.0564016e+00
   8.2700000e+02  -7.8514679e-01   1.0528930e+00
   8.2800000e+02  -7.8648685e-01   1.0544266e+00
   8.2900000e+02  -7.8991793e-01   1.0588596e+00
   8.3000000e+02  -7.9539583e-01   1.0669837e+00
   8.3100000e+02  -8.0195480e-01   1.0764132e+00
   8.3200000e+02  -8.0781808e-01   1.0866462e+00
   8.3300000e+02  -8.1117008e-01   1.0962956e+00
   8.3400000e+02  -8.1137886e-01   1.1040697e+00
   8.3500000e+02  -8.1001580e-01   1.1159741e+00
   8.3600000e+02  -8.0605434e-01   1.1266808e+00
   8.3700000e+02  -8.0185162e-01   1.1381523e+00
   8.3800000e+02  -7.9609706e-01   1.1491651e+00
   8.3900000e+02  -7.8856005e-01   1.1602842e+00
   8.4000000e+02  -7.7879370e-01   1.1701970e+00
   8.4100000e+02  -7.6404141e-01   1.1773755e+00
   8.4200000e+02  -7.4694708e-01   1.1812033e+00
   8.4300000e+02  -7.2762431e-01   1.1810739e+00
   8.4400000e+02  -7.0871432e-01   1.1787619e+00
   8.4500000e+02  -6.9286441e-01   1.1735341e+00
   8.4600000e+02  -6.8152765e-01   1.1664759e+00
   8.4700000e+02  -6.7424040e-01   1.1553637e+00
   8.4800000e+02  -6.7213232e-01   1.1421564e+00
   8.4900000e+02  -6.7605034e-01   1.1271348e+00
   8.5000000e+02  -6.8462362e-01   1.1118791e+00
   8.5100000e+02  -6.9402286e-01   1.0977736e+00
   8.5200000e+02  -6.9893094e-01   1.0879915e+00
   8.5300000e+02  -7.0199542e-01   1.0817693e+00
   8.5400000e+02  -7.0175351e-01   1.0777881e+00
   8.5500000e+02  -6.9978261e-01   1.0763740e+00
   8.5600000e+02  -6.9599950e-01   1.0748960e+00
   8.5700000e+02  -6.9223308e-01   1.0734391e+00
   8.5800000e+02  -6.8846851e-01   1.0698099e+00
   8.5900000e+02  -6.8387830e-01   1.0646626e+00
   8.6000000e+02  -6.7953066e-01   1.0570838e+00
   8.6100000e+02  -6.7358212e-01   1.0489748e+00
   8.6200000e+02  -6.6824332e-01   1.0397442e+00
   8.6300000e+02  -6.6285089e-01   1.0329746e+00
   8.6400000e+02  -6.5885962e-01   1.0297210e+00
   8.6500000e+02  -6.5547773e-01   1.0308905e+00
   8.6600000e+02  -6.5022529e-01   1.0306618e+00
   8.6700000e+02  -6.4204718e-01   1.0276347e+00
   8.6800000e+02  -6.2980709e-01   1.0231867e+00
   8.6900000e+02  -6.1541032e-01   1.0190585e+00
   8.7000000e+02  -5.9851712e-01   1.0142034e+00
   8.7100000e+02  -5.7982405e-01   1.0062743e+00
   8.7200000e+02  -5.6249617e-01   9.9796184e-01
   8.7300000e+02  -5.4547111e-01   9.8666413e-01
   8.7400000e+02  -5.2920338e-01   9.7269838e-01
   8.7500000e+02  -5.1309949e-01   9.5692032e-01
   8.7600000e+02  -4.9972978e-01   9.4010605e-01
   8.7700000e+02  -4.8644347e-01   9.2303723e-01
   8.7800000e+02  -4.7173515e-01   9.1241875e-01
   8.7900000e+02  -4.5644386e-01   9.0502608e-01
   8.8000000e+02  -4.4353592e-01   9.0050687e-01
   8.8100000e+02  -4.3346137e-01   8.9846771e-01
   8.8200000e+02  -4.2436434e-01   8.9843244e-01
   8.8300000e+02  -4.1584856e-01   9.0022318e-01
   8.8400000e+02  -4.0632704e-01   9.0134191e-01
   8.8500000e+02  -4.0003877e-01   9.0052994e-01
   8.8600000e+02  -3.9517923e-01   8.9721234e-01
   8.8700000e+02  -3.9244452e-01   8.9579895e-01
   8.8800000e+02  -3.9142372e-01   8.9683660e-01
   8.8900000e+02  -3.9025395e-01   8.9871999e-01
   8.9000000e+02  -3.8703338e-01   9.0185257e-01
   8.9100000e+02  -3.8225724e-01   9.0590364e-01
   8.9200000e+02  -3.7626952e-01   9.0865535e-01
   8.9300000e+02  -3.7000149e-01   9.1044378e-01
   8.9400000e+02  -3.6259882e-01   9.1205800e-01
   8.9500000e+02  -3.5474345e-01   9.1312505e-01
   8.9600000e+02  -3.4639913e-01   9.1370242e-01
   8.9700000e+02  -3.3779094e-01   9.1595223e-01
   8.9800000e+02  -3.2971655e-01   9.1976595e-01
   8.9900000e+02  -3.2349210e-01   9.2626377e-01
   9.0000000e+02  -3.1922510e-01   9.3637776e-01
   9.0100000e+02  -3.1704640e-01   9.4886864e-01
   9.0200000e+02  -3.1542896e-01   9.6111962e-01
   9.0300000e+02  -3.1512766e-01   9.7305308e-01
   9.0400000e+02  -3.1447261e-01   9.8178375e-01
   9.0500000e+02  -3.1347526e-01   9.8940045e-01
   9.0600000e+02  -3.1331655e-01   9.9617424e-01
   9.0700000e+02  -3.1341118e-01   1.0027917e+00
   9.0800000e+02  -3.1442220e-01   1.0090588e+00
   9.0900000e+02  -3.1542857e-01   1.0154690e+00
   9.1000000e+02  -3.1737399e-01   1.0197742e+00
   9.1100000e+02  -3.1853095e-01   1.0262364e+00
   9.1200000e+02  -3.1972500e-01   1.0317029e+00
   9.1300000e+02  -3.2392157e-01   1.0386596e+00
   9.1400000e+02  -3.2546211e-01   1.0456741e+00
   9.1500000e+02  -3.2341503e-01   1.0519684e+00
   9.1600000e+02  -3.1766345e-01   1.0555257e+00
   9.1700000e+02  -3.1306576e-01   1.0593518e+00
   9.1800000e+02  -3.1097370e-01   1.0643695e+00
   9.1900000e+02  -3.1307431e-01   1.0703175e+00
   9.2000000e+02  -3.1641512e-01   1.0721092e+00
   9.2100000e+02  -3.2089995e-01   1.0798853e+00
   9.2200000e+02  -3.3265027e-01   1.0966644e+00
   9.2300000e+02  -3.2194992e-01   1.0935820e+00
   9.2400000e+02  -3.2888228e-01   1.1098321e+00
   9.2500000e+02  -3.3858583e-01   1.1434295e+00
   9.2600000e+02  -3.1387924e-01   1.1532236e+00
   9.2700000e+02  -3.0569153e-01   1.1582377e+00
   9.2800000e+02  -3.0796731e-01   1.1372628e+00
   9.2900000e+02  -2.7482754e-01   1.1522103e+00
   9.3000000e+02  -2.7826322e-01   1.1618648e+00
   9.3100000e+02  -2.5305059e-01   1.1582822e+00
   9.3200000e+02  -2.5782069e-01   1.1416538e+00
   9.3300000e+02  -2.4060227e-01   1.1518955e+00
   9.3400000e+02  -2.5319653e-01   1.1530979e+00
   9.3500000e+02  -2.3936658e-01   1.0991742e+00
   9.3600000e+02  -2.2973174e-01   1.0662660e+00
   9.3700000e+02  -2.4888007e-01   1.1063272e+00
   9.3800000e+02  -2.3653327e-01   1.0670785e+00
   9.3900000e+02  -2.3701923e-01   1.0911247e+00
   9.4000000e+02  -2.4099634e-01   1.0827675e+00
   9.4100000e+02  -2.3208612e-01   1.0702580e+00
   9.4200000e+02  -2.3128215e-01   1.0673593e+00
   9.4300000e+02  -2.4125245e-01   1.0724982e+00
   9.4400000e+02  -2.3997632e-01   1.0685857e+00
   9.4500000e+02  -2.4640418e-01   1.0650818e+00
   9.4600000e+02  -2.4352301e-01   1.0511460e+00
   9.4700000e+02  -2.5084894e-01   1.0478007e+00
   9.4800000e+02  -2.5326865e-01   1.0286059e+00
   9.4900000e+02  -2.5891224e-01   1.0244345e+00
   9.5000000e+02  -2.6427921e-01   1.0138737e+00
   9.5100000e+02  -2.6891608e-01   1.0015569e+00
   9.5200000e+02  -2.7370288e-01   9.8910959e-01
   9.5300000e+02  -2.7755925e-01   9.7675766e-01
   9.5400000e+02  -2.8101801e-01   9.6318761e-01
   9.5500000e+02  -2.8338283e-01   9.4865637e-01
   9.5600000e+02  -2.8417356e-01   9.3404520e-01
   9.5700000e+02  -2.8239949e-01   9.1809101e-01
   9.5800000e+02  -2.7992217e-01   9.0158219e-01
   9.5900000e+02  -2.7716630e-01   8.8152735e-01
   9.6000000e+02  -2.7524501e-01   8.5878192e-01
   9.6100000e+02  -2.7339819e-01   8.3557208e-01
   9.6200000e+02  -2.7387147e-01   8.1426462e-01
   9.6300000e+02  -2.7519225e-01   7.9638166e-01
   9.6400000e+02  -2.7583465e-01   7.8030492e-01
   9.6500000e+02  -2.7600713e-01   7.6544603e-01
   9.6600000e+02  -2.7596409e-01   7.5209652e-01
   9.6700000e+02  -2.7694546e-01   7.3864606e-01
   9.6800000e+02  -2.8175851e-01   7.2651506e-01
   9.6900000e+02  -2.8808529e-01   7.1583094e-01
   9.7000000e+02  -2.9565433e-01   7.0665830e-01
   9.7100000e+02  -3.0086224e-01   6.9827718e-01
   9.7200000e+02  -3.0448012e-01   6.8904406e-01
   9.7300000e+02  -3.0597416e-01   6.7624458e-01
   9.7400000e+02  -3.0368198e-01   6.6376763e-01
   9.7500000e+02  -2.9948350e-01   6.5139688e-01
   9.7600000e+02  -2.9477172e-01   6.4003396e-01
   9.7700000e+02  -2.9035719e-01   6.3779994e-01
   9.7800000e+02  -2.8396569e-01   6.3789918e-01
   9.7900000e+02  -2.7538422e-01   6.4338056e-01
   9.8000000e+02  -2.7680321e-01   6.4425038e-01
   9.8100000e+02  -2.7990756e-01   6.4162137e-01
   9.8200000e+02  -2.8959462e-01   6.4286798e-01
   9.8300000e+02  -2.9993938e-01   6.3995269e-01
   9.8400000e+02  -3.0903621e-01   6.3631697e-01
   9.8500000e+02  -3.1622050e-01   6.3431886e-01
   9.8600000e+02  -3.2651920e-01   6.1930473e-01
   9.8700000e+02  -3.4220214e-01   6.3469535e-01
   9.8800000e+02  -3.7899313e-01   6.2029785e-01
   9.8900000e+02  -3.7235152e-01   6.1585563e-01
   9.9000000e+02  -3.8707228e-01   6.1181873e-01
   9.9100000e+02  -4.0210692e-01   6.0807572e-01
   9.9200000e+02  -4.3362715e-01   6.0976171e-01
   9.9300000e+02  -4.3628979e-01   5.9757640e-01
   9.9400000e+02  -4.4369822e-01   5.8813666e-01
   9.9500000e+02  -4.4166112e-01   5.8043480e-01
   9.9600000e+02  -4.5272321e-01   5.7227544e-01
   9.9700000e+02  -4.6540347e-01   5.6197578e-01
   9.9800000e+02  -4.7165312e-01   5.5447457e-01
   9.9900000e+02  -4.7606172e-01   5.6042333e-01
   1.0000000e+03  -4.8725776e-01   5.5587334e-01
   1.0010000e+03  -4.9206090e-01   5.4975385e-01
   1.0020000e+03  -4.9446377e-01   5.4657505e-01
   1.0030000e+03  -5.0904371e-01   5.3266527e-01
   1.0040000e+03  -4.9645142e-01   5.4159697e-01
   1.0050000e+03  -4.9593128e-01   5.3383256e-01
   1.0060000e+03  -4.9807131e-01   5.4072821e-01
   1.0070000e+03  -4.9442952e-01   5.2514575e-01
   1.0080000e+03  -5.1447106e-01   5.0183033e-01
   1.0090000e+03  -5.2077756e-01   5.0280315e-01
   1.0100000e+03  -5.2878501e-01   5.0907009e-01
   1.0110000e+03  -5.2044506e-01   5.1821535e-01
   1.0120000e+03  -5.4517035e-01   5.1269591e-01
   1.0130000e+03  -5.5130064e-01   5.0933878e-01
   1.0140000e+03  -5.5543007e-01   5.0601946e-01
   1.0150000e+03  -5.5826758e-01   5.0186469e-01
   1.0160000e+03  -5.6449274e-01   5.0094892e-01
   1.0170000e+03  -5.7272753e-01   4.9955857e-01
   1.0180000e+03  -5.8371018e-01   4.9881033e-01
   1.0190000e+03  -5.9205462e-01   4.9768040e-01
   1.0200000e+03  -5.9522605e-01   4.9471400e-01
   1.0210000e+03  -5.8061858e-01   5.2030659e-01
   1.0220000e+03  -5.8650394e-01   5.1572335e-01
   1.0230000e+03  -5.9434374e-01   5.1104735e-01
   1.0240000e+03  -6.2725969e-01   5.3316191e-01
   1.0250000e+03  -5.9769272e-01   5.0214696e-01
   1.0260000e+03  -5.9390278e-01   4.9534321e-01
   1.0270000e+03  -5.9078671e-01   4.8793900e-01
   1.0280000e+03  -5.8870408e-01   4.8232066e-01
   1.0290000e+03  -5.8892997e-01   4.8001279e-01
   1.0300000e+03  -5.9348087e-01   4.7781158e-01
   1.0310000e+03  -5.9743525e-01   4.7618066e-01
   1.0320000e+03  -6.0556215e-01   4.7137803e-01
   1.0330000e+03  -6.1328075e-01   4.6553006e-01
   1.0340000e+03  -6.2205747e-01   4.5883364e-01
   1.0350000e+03  -6.2818337e-01   4.5322371e-01
   1.0360000e+03  -6.3433237e-01   4.4971103e-01
   1.0370000e+03  -6.3901605e-01   4.4738389e-01
   1.0380000e+03  -6.4073729e-01   4.4443059e-01
   1.0390000e+03  -6.3600201e-01   4.4009156e-01
   1.0400000e+03  -6.2795473e-01   4.3459193e-01
   1.0410000e+03  -6.1998223e-01   4.3294158e-01
   1.0420000e+03  -6.1470296e-01   4.3555025e-01
   1.0430000e+03  -6.1337472e-01   4.4253625e-01
   1.0440000e+03  -6.1232273e-01   4.5268117e-01
   1.0450000e+03  -6.0939372e-01   4.6208689e-01
   1.0460000e+03  -6.0455560e-01   4.6968216e-01
   1.0470000e+03  -5.9746786e-01   4.7551912e-01
   1.0480000e+03  -5.8903974e-01   4.7890455e-01
   1.0490000e+03  -5.8160538e-01   4.7871540e-01
   1.0500000e+03  -5.7513530e-01   4.7495971e-01
   1.0510000e+03  -5.6983736e-01   4.6959173e-01
   1.0520000e+03  -5.6467514e-01   4.6343157e-01
   1.0530000e+03  -5.6304784e-01   4.5997376e-01
   1.0540000e+03  -5.6237134e-01   4.5772601e-01
   1.0550000e+03  -5.6298883e-01   4.5770411e-01
   1.0560000e+03  -5.6465661e-01   4.5946835e-01
   1.0570000e+03  -5.6692399e-01   4.6112836e-01
   1.0580000e+03  -5.6802799e-01   4.6313827e-01
   1.0590000e+03  -5.6959131e-01   4.6400791e-01
   1.0600000e+03  -5.6820982e-01   4.6306753e-01
   1.0610000e+03  -5.6630308e-01   4.6081644e-01
   1.0620000e+03  -5.6601744e-01   4.5800030e-01
   1.0630000e+03  -5.6714788e-01   4.5620673e-01
   1.0640000e+03  -5.6881309e-01   4.5515828e-01
   1.0650000e+03  -5.6995614e-01   4.5636334e-01
   1.0660000e+03  -5.6866260e-01   4.5893496e-01
   1.0670000e+03  -5.6565332e-01   4.6188721e-01
   1.0680000e+03  -5.6216241e-01   4.6412439e-01
   1.0690000e+03  -5.5804042e-01   4.6830061e-01
   1.0700000e+03  -5.5259638e-01   4.6969930e-01
   1.0710000e+03  -5.4620382e-01   4.7117087e-01
   1.0720000e+03  -5.4024255e-01   4.7274281e-01
   1.0730000e+03  -5.3604048e-01   4.7498243e-01
   1.0740000e+03  -5.3392297e-01   4.7730520e-01
   1.0750000e+03  -5.3298679e-01   4.7968661e-01
   1.0760000e+03  -5.3084115e-01   4.8137535e-01
   1.0770000e+03  -5.2220884e-01   4.7830120e-01
   1.0780000e+03  -5.0938687e-01   4.7169921e-01
   1.0790000e+03  -4.9478787e-01   4.5877585e-01
   1.0800000e+03  -4.8094989e-01   4.4013054e-01
   1.0810000e+03  -4.6577238e-01   4.1138188e-01
   1.0820000e+03  -4.5400035e-01   3.8045581e-01
   1.0830000e+03  -4.4125069e-01   3.5198534e-01
   1.0840000e+03  -4.3017759e-01   3.2818462e-01
   1.0850000e+03  -4.2234777e-01   3.0930260e-01
   1.0860000e+03  -4.1942907e-01   2.9299952e-01
   1.0870000e+03  -4.1917687e-01   2.7577910e-01
   1.0880000e+03  -4.2255791e-01   2.5831840e-01
   1.0890000e+03  -4.2313341e-01   2.3745418e-01
   1.0900000e+03  -4.2658929e-01   2.2022229e-01
   1.0910000e+03  -4.2755195e-01   2.1830296e-01
   1.0920000e+03  -4.2870040e-01   2.2930912e-01
   1.0930000e+03  -4.2874198e-01   2.4404866e-01
   1.0940000e+03  -4.2468676e-01   2.5554199e-01
   1.0950000e+03  -4.1930445e-01   2.6327857e-01
   1.0960000e+03  -4.1183780e-01   2.6670838e-01
   1.0970000e+03  -4.0572807e-01   2.6843383e-01
   1.0980000e+03  -4.0148126e-01   2.6930027e-01
   1.0990000e+03  -3.9870280e-01   2.6781856e-01
   1.1000000e+03  -3.9737275e-01   2.6641875e-01
   1.1010000e+03  -3.9684964e-01   2.6736425e-01
   1.1020000e+03  -3.9651797e-01   2.6802920e-01
   1.1030000e+03  -3.9431153e-01   2.6962770e-01
   1.1040000e+03  -3.8975742e-01   2.7373202e-01
   1.1050000e+03  -3.8205290e-01   2.8025431e-01
   1.1060000e+03  -3.7797359e-01   2.8306952e-01
   1.1070000e+03  -3.7448641e-01   2.8321850e-01
   1.1080000e+03  -3.7265604e-01   2.8287557e-01
   1.1090000e+03  -3.7266208e-01   2.8157690e-01
   1.1100000e+03  -3.7482463e-01   2.8095689e-01
   1.1110000e+03  -3.7568034e-01   2.8003857e-01
   1.1120000e+03  -3.7274700e-01   2.7954680e-01
   1.1130000e+03  -3.6507055e-01   2.7916532e-01
   1.1140000e+03  -3.5302906e-01   2.8132464e-01
   1.1150000e+03  -3.3905189e-01   2.8124742e-01
   1.1160000e+03  -3.2535776e-01   2.7612636e-01
   1.1170000e+03  -3.1261970e-01   2.6611023e-01
   1.1180000e+03  -2.9969832e-01   2.5044510e-01
   1.1190000e+03  -2.8479163e-01   2.3865041e-01
   1.1200000e+03  -2.7080330e-01   2.3157372e-01
   1.1210000e+03  -2.6130127e-01   2.2546781e-01
   1.1220000e+03  -2.5341209e-01   2.2028468e-01
   1.1230000e+03  -2.4137821e-01   2.1546164e-01
   1.1240000e+03  -2.2723528e-01   2.0849488e-01
   1.1250000e+03  -2.1573508e-01   1.9785704e-01
   1.1260000e+03  -2.0396640e-01   1.8346496e-01
   1.1270000e+03  -1.9650826e-01   1.6610129e-01
   1.1280000e+03  -1.9734912e-01   1.4374097e-01
   1.1290000e+03  -1.9990522e-01   1.1973733e-01
   1.1300000e+03  -2.0189028e-01   1.0374283e-01
