   1.0000000e+00   2.3922657e+00   5.9375270e-01
   2.0000000e+00   2.3916077e+00   5.9355518e-01
   3.0000000e+00   2.3910270e+00   5.9358338e-01
   4.0000000e+00   2.3904732e+00   5.9351092e-01
   5.0000000e+00   2.3900742e+00   5.9333137e-01
   6.0000000e+00   2.3897288e+00   5.9305387e-01
   7.0000000e+00   2.3892497e+00   5.9306213e-01
   8.0000000e+00   2.3892007e+00   5.9283756e-01
   9.0000000e+00   2.3895054e+00   5.9243060e-01
   1.0000000e+01   2.3897493e+00   5.9195969e-01
   1.1000000e+01   2.3899851e+00   5.9150122e-01
   1.2000000e+01   2.3907011e+00   5.9118413e-01
   1.3000000e+01   2.3909227e+00   5.9160223e-01
   1.4000000e+01   2.3910850e+00   5.9109541e-01
   1.5000000e+01   2.3911452e+00   5.9097576e-01
   1.6000000e+01   2.3921426e+00   5.9011002e-01
   1.7000000e+01   2.3924473e+00   5.8981102e-01
   1.8000000e+01   2.3927828e+00   5.8935111e-01
   1.9000000e+01   2.3933721e+00   5.8861605e-01
   2.0000000e+01   2.3940060e+00   5.8830313e-01
   2.1000000e+01   2.3948423e+00   5.8754757e-01
   2.2000000e+01   2.3956110e+00   5.8676361e-01
   2.3000000e+01   2.3962175e+00   5.8594489e-01
   2.4000000e+01   2.3971265e+00   5.8519438e-01
   2.5000000e+01   2.3989452e+00   5.8410534e-01
   2.6000000e+01   2.4003918e+00   5.8250447e-01
   2.7000000e+01   2.4021227e+00   5.8127450e-01
   2.8000000e+01   2.4037126e+00   5.7941517e-01
   2.9000000e+01   2.4053736e+00   5.7811036e-01
   3.0000000e+01   2.4073812e+00   5.7583882e-01
   3.1000000e+01   2.4087621e+00   5.7348652e-01
   3.2000000e+01   2.4102867e+00   5.7019642e-01
   3.3000000e+01   2.4111209e+00   5.6664270e-01
   3.4000000e+01   2.4113418e+00   5.6241973e-01
   3.5000000e+01   2.4113668e+00   5.5914432e-01
   3.6000000e+01   2.4115064e+00   5.5594426e-01
   3.7000000e+01   2.4126192e+00   5.5348804e-01
   3.8000000e+01   2.4123531e+00   5.5118003e-01
   3.9000000e+01   2.4125743e+00   5.4898990e-01
   4.0000000e+01   2.4119055e+00   5.4726838e-01
   4.1000000e+01   2.4121420e+00   5.4564935e-01
   4.2000000e+01   2.4118968e+00   5.4479728e-01
   4.3000000e+01   2.4123252e+00   5.4294211e-01
   4.4000000e+01   2.4123110e+00   5.4189352e-01
   4.5000000e+01   2.4124688e+00   5.4035889e-01
   4.6000000e+01   2.4119663e+00   5.3894675e-01
   4.7000000e+01   2.4117203e+00   5.3805445e-01
   4.8000000e+01   2.4105829e+00   5.3667022e-01
   4.9000000e+01   2.4097266e+00   5.3573907e-01
   5.0000000e+01   2.4078186e+00   5.3415000e-01
   5.1000000e+01   2.4070453e+00   5.3266613e-01
   5.2000000e+01   2.4051991e+00   5.3159828e-01
   5.3000000e+01   2.4037643e+00   5.3023392e-01
   5.4000000e+01   2.4022892e+00   5.2849940e-01
   5.5000000e+01   2.4005905e+00   5.2649941e-01
   5.6000000e+01   2.3990950e+00   5.2446086e-01
   5.7000000e+01   2.3970579e+00   5.2205187e-01
   5.8000000e+01   2.3948773e+00   5.1900696e-01
   5.9000000e+01   2.3924466e+00   5.1618824e-01
   6.0000000e+01   2.3905163e+00   5.1222023e-01
   6.1000000e+01   2.3883485e+00   5.0796983e-01
   6.2000000e+01   2.3855491e+00   5.0327607e-01
   6.3000000e+01   2.3821792e+00   4.9756320e-01
   6.4000000e+01   2.3789676e+00   4.9217690e-01
   6.5000000e+01   2.3755843e+00   4.8638348e-01
   6.6000000e+01   2.3714989e+00   4.7963612e-01
   6.7000000e+01   2.3675077e+00   4.7227337e-01
   6.8000000e+01   2.3622053e+00   4.6503557e-01
   6.9000000e+01   2.3568207e+00   4.5708456e-01
   7.0000000e+01   2.3497208e+00   4.4918308e-01
   7.1000000e+01   2.3414501e+00   4.4152854e-01
   7.2000000e+01   2.3318121e+00   4.3421234e-01
   7.3000000e+01   2.3201584e+00   4.2739629e-01
   7.4000000e+01   2.3051416e+00   4.2091600e-01
   7.5000000e+01   2.2903740e+00   4.1488498e-01
   7.6000000e+01   2.2726568e+00   4.1053720e-01
   7.7000000e+01   2.2525842e+00   4.0748684e-01
   7.8000000e+01   2.2312509e+00   4.0627523e-01
   7.9000000e+01   2.2060424e+00   4.0729130e-01
   8.0000000e+01   2.1784713e+00   4.1072474e-01
   8.1000000e+01   2.1504688e+00   4.1642411e-01
   8.2000000e+01   2.1178576e+00   4.2459977e-01
   8.3000000e+01   2.0871208e+00   4.3358853e-01
   8.4000000e+01   2.0554813e+00   4.4344956e-01
   8.5000000e+01   2.0251708e+00   4.5441685e-01
   8.6000000e+01   1.9992070e+00   4.6327763e-01
   8.7000000e+01   1.9767261e+00   4.7017849e-01
   8.8000000e+01   1.9600132e+00   4.7182206e-01
   8.9000000e+01   1.9475137e+00   4.6788438e-01
   9.0000000e+01   1.9394900e+00   4.6040395e-01
   9.1000000e+01   1.9347768e+00   4.5231798e-01
   9.2000000e+01   1.9324137e+00   4.4546258e-01
   9.3000000e+01   1.9337398e+00   4.3769544e-01
   9.4000000e+01   1.9383846e+00   4.2756797e-01
   9.5000000e+01   1.9490073e+00   4.1390257e-01
   9.6000000e+01   1.9619379e+00   3.9915463e-01
   9.7000000e+01   1.9763610e+00   3.8616659e-01
   9.8000000e+01   1.9891775e+00   3.7515193e-01
   9.9000000e+01   1.9999858e+00   3.6652824e-01
   1.0000000e+02   2.0073489e+00   3.5949068e-01
   1.0100000e+02   2.0125411e+00   3.5514179e-01
   1.0200000e+02   2.0165409e+00   3.5138514e-01
   1.0300000e+02   2.0209710e+00   3.4661031e-01
   1.0400000e+02   2.0242176e+00   3.4001777e-01
   1.0500000e+02   2.0240938e+00   3.3194379e-01
   1.0600000e+02   2.0217992e+00   3.2536056e-01
   1.0700000e+02   2.0190240e+00   3.2223755e-01
   1.0800000e+02   2.0145255e+00   3.2099681e-01
   1.0900000e+02   2.0088493e+00   3.2106940e-01
   1.1000000e+02   2.0046630e+00   3.2221601e-01
   1.1100000e+02   1.9959926e+00   3.2355406e-01
   1.1200000e+02   1.9867175e+00   3.2684869e-01
   1.1300000e+02   1.9786914e+00   3.3090162e-01
   1.1400000e+02   1.9708810e+00   3.3575100e-01
   1.1500000e+02   1.9617132e+00   3.4127108e-01
   1.1600000e+02   1.9518432e+00   3.4767837e-01
   1.1700000e+02   1.9392681e+00   3.5573139e-01
   1.1800000e+02   1.9242713e+00   3.6485926e-01
   1.1900000e+02   1.9067246e+00   3.7406118e-01
   1.2000000e+02   1.8883489e+00   3.8179481e-01
   1.2100000e+02   1.8712974e+00   3.8710360e-01
   1.2200000e+02   1.8589717e+00   3.9080419e-01
   1.2300000e+02   1.8514221e+00   3.9485999e-01
   1.2400000e+02   1.8485469e+00   3.9928569e-01
   1.2500000e+02   1.8476330e+00   4.0440851e-01
   1.2600000e+02   1.8465795e+00   4.1001427e-01
   1.2700000e+02   1.8453190e+00   4.1530649e-01
   1.2800000e+02   1.8422816e+00   4.2134724e-01
   1.2900000e+02   1.8393115e+00   4.2681214e-01
   1.3000000e+02   1.8363562e+00   4.3227899e-01
   1.3100000e+02   1.8318720e+00   4.3632463e-01
   1.3200000e+02   1.8266852e+00   4.3950943e-01
   1.3300000e+02   1.8203212e+00   4.4128130e-01
   1.3400000e+02   1.8128308e+00   4.4258087e-01
   1.3500000e+02   1.8049306e+00   4.4290099e-01
   1.3600000e+02   1.7942992e+00   4.4206772e-01
   1.3700000e+02   1.7805861e+00   4.4074163e-01
   1.3800000e+02   1.7650782e+00   4.3797341e-01
   1.3900000e+02   1.7484881e+00   4.3420163e-01
   1.4000000e+02   1.7324341e+00   4.3050552e-01
   1.4100000e+02   1.7177411e+00   4.2827826e-01
   1.4200000e+02   1.7043516e+00   4.2589161e-01
   1.4300000e+02   1.6925585e+00   4.2319943e-01
   1.4400000e+02   1.6814582e+00   4.1941991e-01
   1.4500000e+02   1.6705756e+00   4.1307450e-01
   1.4600000e+02   1.6621379e+00   4.0584829e-01
   1.4700000e+02   1.6567279e+00   3.9817820e-01
   1.4800000e+02   1.6530573e+00   3.9318867e-01
   1.4900000e+02   1.6481421e+00   3.9448927e-01
   1.5000000e+02   1.6413004e+00   3.9985396e-01
   1.5100000e+02   1.6318842e+00   4.0689738e-01
   1.5200000e+02   1.6217394e+00   4.1484356e-01
   1.5300000e+02   1.6132194e+00   4.2370912e-01
   1.5400000e+02   1.6075042e+00   4.3247052e-01
   1.5500000e+02   1.6052815e+00   4.4064058e-01
   1.5600000e+02   1.6026231e+00   4.4576447e-01
   1.5700000e+02   1.5975148e+00   4.4856856e-01
   1.5800000e+02   1.5890244e+00   4.5159524e-01
   1.5900000e+02   1.5770133e+00   4.5531153e-01
   1.6000000e+02   1.5647675e+00   4.5831064e-01
   1.6100000e+02   1.5549859e+00   4.6030306e-01
   1.6200000e+02   1.5474675e+00   4.5954203e-01
   1.6300000e+02   1.5415724e+00   4.5663473e-01
   1.6400000e+02   1.5360565e+00   4.5435819e-01
   1.6500000e+02   1.5298679e+00   4.5450108e-01
   1.6600000e+02   1.5248120e+00   4.5877647e-01
   1.6700000e+02   1.5214484e+00   4.6702079e-01
   1.6800000e+02   1.5205656e+00   4.7799022e-01
   1.6900000e+02   1.5195127e+00   4.8928225e-01
   1.7000000e+02   1.5143683e+00   5.0057362e-01
   1.7100000e+02   1.5067735e+00   5.0986907e-01
   1.7200000e+02   1.4968988e+00   5.1806939e-01
   1.7300000e+02   1.4855766e+00   5.2286223e-01
   1.7400000e+02   1.4730526e+00   5.2368018e-01
   1.7500000e+02   1.4594190e+00   5.2023868e-01
   1.7600000e+02   1.4458487e+00   5.1197100e-01
   1.7700000e+02   1.4333870e+00   4.9928876e-01
   1.7800000e+02   1.4215164e+00   4.8431746e-01
   1.7900000e+02   1.4094706e+00   4.7353431e-01
   1.8000000e+02   1.3985180e+00   4.6746905e-01
   1.8100000e+02   1.3880335e+00   4.6498271e-01
   1.8200000e+02   1.3775539e+00   4.6746238e-01
   1.8300000e+02   1.3702271e+00   4.7077129e-01
   1.8400000e+02   1.3647728e+00   4.7348281e-01
   1.8500000e+02   1.3630262e+00   4.7490179e-01
   1.8600000e+02   1.3650980e+00   4.7366497e-01
   1.8700000e+02   1.3719042e+00   4.7072464e-01
   1.8800000e+02   1.3816645e+00   4.6670606e-01
   1.8900000e+02   1.3935929e+00   4.6181016e-01
   1.9000000e+02   1.4058627e+00   4.5606759e-01
   1.9100000e+02   1.4156910e+00   4.4792723e-01
   1.9200000e+02   1.4248889e+00   4.3908815e-01
   1.9300000e+02   1.4323976e+00   4.3036274e-01
   1.9400000e+02   1.4394575e+00   4.2274626e-01
   1.9500000e+02   1.4445098e+00   4.1768520e-01
   1.9600000e+02   1.4459699e+00   4.1635559e-01
   1.9700000e+02   1.4446471e+00   4.1750893e-01
   1.9800000e+02   1.4419268e+00   4.2137427e-01
   1.9900000e+02   1.4391543e+00   4.2528410e-01
   2.0000000e+02   1.4361313e+00   4.2876516e-01
   2.0100000e+02   1.4345472e+00   4.3040507e-01
   2.0200000e+02   1.4344791e+00   4.3059435e-01
   2.0300000e+02   1.4352911e+00   4.2969831e-01
   2.0400000e+02   1.4360927e+00   4.2788702e-01
   2.0500000e+02   1.4380415e+00   4.2520053e-01
   2.0600000e+02   1.4406917e+00   4.2299416e-01
   2.0700000e+02   1.4447215e+00   4.2157525e-01
   2.0800000e+02   1.4499603e+00   4.2037659e-01
   2.0900000e+02   1.4563697e+00   4.2105182e-01
   2.1000000e+02   1.4637389e+00   4.2157718e-01
   2.1100000e+02   1.4711561e+00   4.2277201e-01
   2.1200000e+02   1.4793964e+00   4.2341795e-01
   2.1300000e+02   1.4871171e+00   4.2397857e-01
   2.1400000e+02   1.4939550e+00   4.2569882e-01
   2.1500000e+02   1.5004310e+00   4.2835851e-01
   2.1600000e+02   1.5071125e+00   4.3204669e-01
   2.1700000e+02   1.5133521e+00   4.3521944e-01
   2.1800000e+02   1.5216822e+00   4.3752745e-01
   2.1900000e+02   1.5313957e+00   4.3891368e-01
   2.2000000e+02   1.5416137e+00   4.3863561e-01
   2.2100000e+02   1.5521548e+00   4.3964364e-01
   2.2200000e+02   1.5630553e+00   4.4020528e-01
   2.2300000e+02   1.5739043e+00   4.3886096e-01
   2.2400000e+02   1.5851179e+00   4.3597988e-01
   2.2500000e+02   1.5960787e+00   4.3202258e-01
   2.2600000e+02   1.6056744e+00   4.2756779e-01
   2.2700000e+02   1.6131341e+00   4.2307439e-01
   2.2800000e+02   1.6189816e+00   4.1867201e-01
   2.2900000e+02   1.6245751e+00   4.1469854e-01
   2.3000000e+02   1.6290202e+00   4.1175143e-01
   2.3100000e+02   1.6341089e+00   4.0922333e-01
   2.3200000e+02   1.6389967e+00   4.0806752e-01
   2.3300000e+02   1.6443104e+00   4.0586623e-01
   2.3400000e+02   1.6512755e+00   4.0234485e-01
   2.3500000e+02   1.6595875e+00   3.9758147e-01
   2.3600000e+02   1.6699960e+00   3.9075125e-01
   2.3700000e+02   1.6828821e+00   3.8256388e-01
   2.3800000e+02   1.6970893e+00   3.7611087e-01
   2.3900000e+02   1.7135531e+00   3.7383193e-01
   2.4000000e+02   1.7323443e+00   3.7467532e-01
   2.4100000e+02   1.7539010e+00   3.7830061e-01
   2.4200000e+02   1.7729688e+00   3.8018933e-01
   2.4300000e+02   1.7932162e+00   3.8190406e-01
   2.4400000e+02   1.8129953e+00   3.8287013e-01
   2.4500000e+02   1.8318542e+00   3.8278846e-01
   2.4600000e+02   1.8495707e+00   3.7994920e-01
   2.4700000e+02   1.8651612e+00   3.7455682e-01
   2.4800000e+02   1.8805910e+00   3.6696711e-01
   2.4900000e+02   1.8958728e+00   3.5825392e-01
   2.5000000e+02   1.9104669e+00   3.5077374e-01
   2.5100000e+02   1.9248457e+00   3.4583843e-01
   2.5200000e+02   1.9392812e+00   3.4386098e-01
   2.5300000e+02   1.9564760e+00   3.4295585e-01
   2.5400000e+02   1.9742052e+00   3.4019976e-01
   2.5500000e+02   1.9919437e+00   3.3509570e-01
   2.5600000e+02   2.0101523e+00   3.3106739e-01
   2.5700000e+02   2.0249528e+00   3.2727474e-01
   2.5800000e+02   2.0409680e+00   3.2579043e-01
   2.5900000e+02   2.0563760e+00   3.2615950e-01
   2.6000000e+02   2.0716835e+00   3.2641287e-01
   2.6100000e+02   2.0857513e+00   3.2635013e-01
   2.6200000e+02   2.0985012e+00   3.2726018e-01
   2.6300000e+02   2.1091183e+00   3.2769554e-01
   2.6400000e+02   2.1198739e+00   3.2754070e-01
   2.6500000e+02   2.1270296e+00   3.2733628e-01
   2.6600000e+02   2.1330479e+00   3.2603300e-01
   2.6700000e+02   2.1412563e+00   3.2498400e-01
   2.6800000e+02   2.1489076e+00   3.2347305e-01
   2.6900000e+02   2.1595746e+00   3.2229406e-01
   2.7000000e+02   2.1699792e+00   3.2008644e-01
   2.7100000e+02   2.1806675e+00   3.1432505e-01
   2.7200000e+02   2.1899921e+00   3.0792839e-01
   2.7300000e+02   2.1987771e+00   3.0234443e-01
   2.7400000e+02   2.2060884e+00   2.9637068e-01
   2.7500000e+02   2.2123974e+00   2.9016527e-01
   2.7600000e+02   2.2187529e+00   2.8404546e-01
   2.7700000e+02   2.2241606e+00   2.7897767e-01
   2.7800000e+02   2.2310259e+00   2.7542263e-01
   2.7900000e+02   2.2392980e+00   2.7427723e-01
   2.8000000e+02   2.2460332e+00   2.7475976e-01
   2.8100000e+02   2.2515852e+00   2.7585267e-01
   2.8200000e+02   2.2532675e+00   2.7800777e-01
   2.8300000e+02   2.2524577e+00   2.8027481e-01
   2.8400000e+02   2.2457044e+00   2.8444875e-01
   2.8500000e+02   2.2306923e+00   2.8981603e-01
   2.8600000e+02   2.2104675e+00   2.9872796e-01
   2.8700000e+02   2.1871542e+00   3.1087160e-01
   2.8800000e+02   2.1622623e+00   3.2452972e-01
   2.8900000e+02   2.1330916e+00   3.3852548e-01
   2.9000000e+02   2.1107435e+00   3.4519315e-01
   2.9100000e+02   2.0874429e+00   3.5386688e-01
   2.9200000e+02   2.0651845e+00   3.6696397e-01
   2.9300000e+02   2.0432471e+00   3.7817218e-01
   2.9400000e+02   2.0189105e+00   3.8822281e-01
   2.9500000e+02   1.9943986e+00   3.9472551e-01
   2.9600000e+02   1.9699293e+00   3.9924102e-01
   2.9700000e+02   1.9470318e+00   4.0418027e-01
   2.9800000e+02   1.9270444e+00   4.0910357e-01
   2.9900000e+02   1.9074836e+00   4.1549775e-01
   3.0000000e+02   1.8888986e+00   4.2266480e-01
   3.0100000e+02   1.8682791e+00   4.3014810e-01
   3.0200000e+02   1.8468198e+00   4.3495888e-01
   3.0300000e+02   1.8290006e+00   4.3729158e-01
   3.0400000e+02   1.8136653e+00   4.3861847e-01
   3.0500000e+02   1.7997969e+00   4.3816783e-01
   3.0600000e+02   1.7861768e+00   4.3691054e-01
   3.0700000e+02   1.7730366e+00   4.3551429e-01
   3.0800000e+02   1.7581370e+00   4.3381302e-01
   3.0900000e+02   1.7409612e+00   4.3542600e-01
   3.1000000e+02   1.7247672e+00   4.3790223e-01
   3.1100000e+02   1.7110187e+00   4.4023016e-01
   3.1200000e+02   1.7000954e+00   4.4133392e-01
   3.1300000e+02   1.6884874e+00   4.4042959e-01
   3.1400000e+02   1.6784125e+00   4.3840693e-01
   3.1500000e+02   1.6699258e+00   4.3479258e-01
   3.1600000e+02   1.6603430e+00   4.3022787e-01
   3.1700000e+02   1.6510964e+00   4.2591857e-01
   3.1800000e+02   1.6402172e+00   4.2151749e-01
   3.1900000e+02   1.6290758e+00   4.1730038e-01
   3.2000000e+02   1.6157366e+00   4.1245562e-01
   3.2100000e+02   1.5998737e+00   4.0876826e-01
   3.2200000e+02   1.5818491e+00   4.0723160e-01
   3.2300000e+02   1.5616618e+00   4.0729764e-01
   3.2400000e+02   1.5394371e+00   4.0996420e-01
   3.2500000e+02   1.5181737e+00   4.1483205e-01
   3.2600000e+02   1.5004807e+00   4.1917933e-01
   3.2700000e+02   1.4849962e+00   4.2315442e-01
   3.2800000e+02   1.4711496e+00   4.2717083e-01
   3.2900000e+02   1.4596039e+00   4.2916742e-01
   3.3000000e+02   1.4483758e+00   4.3053386e-01
   3.3100000e+02   1.4373301e+00   4.3183144e-01
   3.3200000e+02   1.4263159e+00   4.3274443e-01
   3.3300000e+02   1.4158149e+00   4.3322056e-01
   3.3400000e+02   1.4062172e+00   4.3384011e-01
   3.3500000e+02   1.3976801e+00   4.3356712e-01
   3.3600000e+02   1.3887486e+00   4.3157810e-01
   3.3700000e+02   1.3801737e+00   4.2570618e-01
   3.3800000e+02   1.3706854e+00   4.2007434e-01
   3.3900000e+02   1.3604360e+00   4.1471016e-01
   3.4000000e+02   1.3487577e+00   4.1072382e-01
   3.4100000e+02   1.3376879e+00   4.0787135e-01
   3.4200000e+02   1.3279838e+00   4.0760142e-01
   3.4300000e+02   1.3202681e+00   4.0833388e-01
   3.4400000e+02   1.3127430e+00   4.1011681e-01
   3.4500000e+02   1.3054155e+00   4.1223433e-01
   3.4600000e+02   1.2956941e+00   4.1485194e-01
   3.4700000e+02   1.2819936e+00   4.1685626e-01
   3.4800000e+02   1.2632249e+00   4.1892112e-01
   3.4900000e+02   1.2447848e+00   4.2411624e-01
   3.5000000e+02   1.2274901e+00   4.2834179e-01
   3.5100000e+02   1.2138100e+00   4.3100609e-01
   3.5200000e+02   1.2009555e+00   4.3161498e-01
   3.5300000e+02   1.1903929e+00   4.2941113e-01
   3.5400000e+02   1.1840263e+00   4.2511487e-01
   3.5500000e+02   1.1784560e+00   4.1885050e-01
   3.5600000e+02   1.1704741e+00   4.1504516e-01
   3.5700000e+02   1.1585268e+00   4.1263450e-01
   3.5800000e+02   1.1427621e+00   4.1195773e-01
   3.5900000e+02   1.1234853e+00   4.1115423e-01
   3.6000000e+02   1.0995236e+00   4.0894534e-01
   3.6100000e+02   1.0747111e+00   4.0535358e-01
   3.6200000e+02   1.0518417e+00   3.9681870e-01
   3.6300000e+02   1.0301517e+00   3.8607550e-01
   3.6400000e+02   1.0045874e+00   3.7507768e-01
   3.6500000e+02   9.7700442e-01   3.6671945e-01
   3.6600000e+02   9.4743101e-01   3.5742874e-01
   3.6700000e+02   9.1906986e-01   3.4881284e-01
   3.6800000e+02   8.9466608e-01   3.4053884e-01
   3.6900000e+02   8.7228620e-01   3.3094543e-01
   3.7000000e+02   8.5390752e-01   3.2058104e-01
   3.7100000e+02   8.3566820e-01   3.1025856e-01
   3.7200000e+02   8.1525693e-01   3.0538798e-01
   3.7300000e+02   7.8880097e-01   3.0352707e-01
   3.7400000e+02   7.5673094e-01   3.0780010e-01
   3.7500000e+02   7.2120068e-01   3.1547971e-01
   3.7600000e+02   6.8153514e-01   3.2508716e-01
   3.7700000e+02   6.4462197e-01   3.3384201e-01
   3.7800000e+02   6.1305858e-01   3.4035073e-01
   3.7900000e+02   5.8634687e-01   3.4170914e-01
   3.8000000e+02   5.5846762e-01   3.4281527e-01
   3.8100000e+02   5.3258113e-01   3.4017813e-01
   3.8200000e+02   5.1390271e-01   3.2959922e-01
   3.8300000e+02   4.9795758e-01   3.1944966e-01
   3.8400000e+02   4.8311102e-01   3.1484560e-01
   3.8500000e+02   4.6760552e-01   3.0967050e-01
   3.8600000e+02   4.5124739e-01   3.0766446e-01
   3.8700000e+02   4.3504052e-01   2.9949324e-01
   3.8800000e+02   4.2534648e-01   2.9078331e-01
   3.8900000e+02   4.1243269e-01   2.7754473e-01
   3.9000000e+02   3.9578953e-01   2.6255813e-01
   3.9100000e+02   3.7267981e-01   2.4247978e-01
   3.9200000e+02   3.4843613e-01   2.1598135e-01
   3.9300000e+02   3.2651780e-01   1.8911459e-01
   3.9400000e+02   3.1035539e-01   1.6678667e-01
   3.9500000e+02   3.0351296e-01   1.4802616e-01
   3.9600000e+02   2.9819151e-01   1.2867639e-01
   3.9700000e+02   2.9018991e-01   1.0217427e-01
