   1.0000000e+00   2.5704876e-01   2.4789635e+00
   2.0000000e+00   2.5815094e-01   2.4813543e+00
   3.0000000e+00   2.5852015e-01   2.4834751e+00
   4.0000000e+00   2.5907126e-01   2.4852139e+00
   5.0000000e+00   2.5916882e-01   2.4870957e+00
   6.0000000e+00   2.5955290e-01   2.4890339e+00
   7.0000000e+00   2.6024843e-01   2.4905296e+00
   8.0000000e+00   2.6035160e-01   2.4920866e+00
   9.0000000e+00   2.6101355e-01   2.4932665e+00
   1.0000000e+01   2.6171797e-01   2.4946203e+00
   1.1000000e+01   2.6269639e-01   2.4956919e+00
   1.2000000e+01   2.6369329e-01   2.4970235e+00
   1.3000000e+01   2.6434216e-01   2.4974476e+00
   1.4000000e+01   2.6530584e-01   2.4976682e+00
   1.5000000e+01   2.6685817e-01   2.4973000e+00
   1.6000000e+01   2.6948623e-01   2.4953629e+00
   1.7000000e+01   2.7213458e-01   2.4928561e+00
   1.8000000e+01   2.7468195e-01   2.4893349e+00
   1.9000000e+01   2.7773258e-01   2.4856212e+00
   2.0000000e+01   2.8122357e-01   2.4819990e+00
   2.1000000e+01   2.8417286e-01   2.4780784e+00
   2.2000000e+01   2.8666299e-01   2.4746288e+00
   2.3000000e+01   2.8861054e-01   2.4713055e+00
   2.4000000e+01   2.9018121e-01   2.4680150e+00
   2.5000000e+01   2.9107186e-01   2.4636508e+00
   2.6000000e+01   2.9162426e-01   2.4599405e+00
   2.7000000e+01   2.9193056e-01   2.4570113e+00
   2.8000000e+01   2.9137465e-01   2.4541609e+00
   2.9000000e+01   2.9066373e-01   2.4514811e+00
   3.0000000e+01   2.8976056e-01   2.4492710e+00
   3.1000000e+01   2.8843555e-01   2.4472326e+00
   3.2000000e+01   2.8657270e-01   2.4454020e+00
   3.3000000e+01   2.8429278e-01   2.4438866e+00
   3.4000000e+01   2.8118478e-01   2.4419637e+00
   3.5000000e+01   2.7776554e-01   2.4405360e+00
   3.6000000e+01   2.7432483e-01   2.4387519e+00
   3.7000000e+01   2.7129432e-01   2.4370424e+00
   3.8000000e+01   2.6808900e-01   2.4352845e+00
   3.9000000e+01   2.6486297e-01   2.4337381e+00
   4.0000000e+01   2.6174217e-01   2.4319124e+00
   4.1000000e+01   2.5839098e-01   2.4301621e+00
   4.2000000e+01   2.5444274e-01   2.4281333e+00
   4.3000000e+01   2.4936400e-01   2.4258298e+00
   4.4000000e+01   2.4307932e-01   2.4230449e+00
   4.5000000e+01   2.3623182e-01   2.4206189e+00
   4.6000000e+01   2.2903255e-01   2.4186067e+00
   4.7000000e+01   2.2162156e-01   2.4169146e+00
   4.8000000e+01   2.1434091e-01   2.4156019e+00
   4.9000000e+01   2.0588632e-01   2.4151822e+00
   5.0000000e+01   1.9873984e-01   2.4147732e+00
   5.1000000e+01   1.9210998e-01   2.4154927e+00
   5.2000000e+01   1.8592559e-01   2.4171144e+00
   5.3000000e+01   1.8011319e-01   2.4185145e+00
   5.4000000e+01   1.7502688e-01   2.4197811e+00
   5.5000000e+01   1.7059524e-01   2.4202752e+00
   5.6000000e+01   1.6759998e-01   2.4198406e+00
   5.7000000e+01   1.6570755e-01   2.4178126e+00
   5.8000000e+01   1.6436755e-01   2.4135670e+00
   5.9000000e+01   1.6375044e-01   2.4090491e+00
   6.0000000e+01   1.6321601e-01   2.4025402e+00
   6.1000000e+01   1.6428352e-01   2.3950626e+00
   6.2000000e+01   1.6543275e-01   2.3845019e+00
   6.3000000e+01   1.6763886e-01   2.3733124e+00
   6.4000000e+01   1.7020193e-01   2.3585391e+00
   6.5000000e+01   1.7335431e-01   2.3442166e+00
   6.6000000e+01   1.7676650e-01   2.3326525e+00
   6.7000000e+01   1.8045496e-01   2.3219376e+00
   6.8000000e+01   1.8428744e-01   2.3124259e+00
   6.9000000e+01   1.8742579e-01   2.3012978e+00
   7.0000000e+01   1.8913091e-01   2.2888154e+00
   7.1000000e+01   1.8889138e-01   2.2754659e+00
   7.2000000e+01   1.8814577e-01   2.2596181e+00
   7.3000000e+01   1.8676486e-01   2.2412728e+00
   7.4000000e+01   1.8623186e-01   2.2224246e+00
   7.5000000e+01   1.8473321e-01   2.2018308e+00
   7.6000000e+01   1.8445552e-01   2.1801308e+00
   7.7000000e+01   1.8255691e-01   2.1578534e+00
   7.8000000e+01   1.7709685e-01   2.1365370e+00
   7.9000000e+01   1.6987507e-01   2.1171899e+00
   8.0000000e+01   1.6252362e-01   2.0977462e+00
   8.1000000e+01   1.5517458e-01   2.0774697e+00
   8.2000000e+01   1.4965804e-01   2.0530693e+00
   8.3000000e+01   1.4633326e-01   2.0274632e+00
   8.4000000e+01   1.4519656e-01   2.0039847e+00
   8.5000000e+01   1.4456237e-01   1.9828760e+00
   8.6000000e+01   1.4014595e-01   1.9605825e+00
   8.7000000e+01   1.3325525e-01   1.9369787e+00
   8.8000000e+01   1.2272484e-01   1.9120316e+00
   8.9000000e+01   1.1158307e-01   1.8829128e+00
   9.0000000e+01   1.0188077e-01   1.8510762e+00
   9.1000000e+01   9.3929361e-02   1.8181537e+00
   9.2000000e+01   8.6693989e-02   1.7883029e+00
   9.3000000e+01   7.9265688e-02   1.7594038e+00
   9.4000000e+01   7.2066918e-02   1.7317402e+00
   9.5000000e+01   6.6029962e-02   1.7051478e+00
   9.6000000e+01   6.0912554e-02   1.6778095e+00
   9.7000000e+01   5.3487121e-02   1.6493986e+00
   9.8000000e+01   4.4756479e-02   1.6248837e+00
   9.9000000e+01   3.3959391e-02   1.6045103e+00
   1.0000000e+02   2.2384461e-02   1.5904712e+00
   1.0100000e+02   1.1543292e-02   1.5798670e+00
   1.0200000e+02   1.4238428e-03   1.5723910e+00
   1.0300000e+02  -7.0729956e-03   1.5673002e+00
   1.0400000e+02  -1.5133754e-02   1.5635028e+00
   1.0500000e+02  -2.3530015e-02   1.5629843e+00
   1.0600000e+02  -3.1864680e-02   1.5656243e+00
   1.0700000e+02  -3.9857946e-02   1.5706827e+00
   1.0800000e+02  -4.8442115e-02   1.5753921e+00
   1.0900000e+02  -5.5543387e-02   1.5798216e+00
   1.1000000e+02  -6.4745446e-02   1.5819138e+00
   1.1100000e+02  -7.6108489e-02   1.5827470e+00
   1.1200000e+02  -8.8376830e-02   1.5843472e+00
   1.1300000e+02  -1.0165426e-01   1.5862299e+00
   1.1400000e+02  -1.1332565e-01   1.5868989e+00
   1.1500000e+02  -1.2561217e-01   1.5884265e+00
   1.1600000e+02  -1.4167208e-01   1.5896651e+00
   1.1700000e+02  -1.5994156e-01   1.5903514e+00
   1.1800000e+02  -1.7936827e-01   1.5883992e+00
   1.1900000e+02  -1.9929656e-01   1.5863219e+00
   1.2000000e+02  -2.1841950e-01   1.5846985e+00
   1.2100000e+02  -2.3764081e-01   1.5856708e+00
   1.2200000e+02  -2.5573874e-01   1.5915902e+00
   1.2300000e+02  -2.7226200e-01   1.6011797e+00
   1.2400000e+02  -2.8791800e-01   1.6108896e+00
   1.2500000e+02  -3.0226301e-01   1.6197830e+00
   1.2600000e+02  -3.1687346e-01   1.6293578e+00
   1.2700000e+02  -3.3094777e-01   1.6375942e+00
   1.2800000e+02  -3.4439720e-01   1.6436993e+00
   1.2900000e+02  -3.5811099e-01   1.6479183e+00
   1.3000000e+02  -3.7066990e-01   1.6520428e+00
   1.3100000e+02  -3.8086673e-01   1.6565482e+00
   1.3200000e+02  -3.8929091e-01   1.6633373e+00
   1.3300000e+02  -3.9661959e-01   1.6723423e+00
   1.3400000e+02  -4.0452052e-01   1.6826592e+00
   1.3500000e+02  -4.1402343e-01   1.6937629e+00
   1.3600000e+02  -4.2621714e-01   1.7023261e+00
   1.3700000e+02  -4.3896888e-01   1.7091491e+00
   1.3800000e+02  -4.5061212e-01   1.7147314e+00
   1.3900000e+02  -4.6016495e-01   1.7199243e+00
   1.4000000e+02  -4.6767818e-01   1.7239244e+00
   1.4100000e+02  -4.7390287e-01   1.7276900e+00
   1.4200000e+02  -4.8142586e-01   1.7306568e+00
   1.4300000e+02  -4.9018409e-01   1.7328745e+00
   1.4400000e+02  -4.9936450e-01   1.7325136e+00
   1.4500000e+02  -5.0658150e-01   1.7297710e+00
   1.4600000e+02  -5.1405041e-01   1.7270975e+00
   1.4700000e+02  -5.2097298e-01   1.7257795e+00
   1.4800000e+02  -5.2914617e-01   1.7243110e+00
   1.4900000e+02  -5.3786520e-01   1.7235933e+00
   1.5000000e+02  -5.4827817e-01   1.7249068e+00
   1.5100000e+02  -5.6136491e-01   1.7279359e+00
   1.5200000e+02  -5.7577010e-01   1.7322322e+00
   1.5300000e+02  -5.8998573e-01   1.7384506e+00
   1.5400000e+02  -6.0261155e-01   1.7448561e+00
   1.5500000e+02  -6.1434803e-01   1.7514802e+00
   1.5600000e+02  -6.2608430e-01   1.7572755e+00
   1.5700000e+02  -6.3591139e-01   1.7605726e+00
   1.5800000e+02  -6.4683073e-01   1.7607199e+00
   1.5900000e+02  -6.5893789e-01   1.7598979e+00
   1.6000000e+02  -6.7201488e-01   1.7603540e+00
   1.6100000e+02  -6.8614941e-01   1.7605227e+00
   1.6200000e+02  -7.0146721e-01   1.7604870e+00
   1.6300000e+02  -7.1506113e-01   1.7594935e+00
   1.6400000e+02  -7.2604474e-01   1.7581354e+00
   1.6500000e+02  -7.3513400e-01   1.7561702e+00
   1.6600000e+02  -7.4088122e-01   1.7561723e+00
   1.6700000e+02  -7.4256282e-01   1.7580681e+00
   1.6800000e+02  -7.3971828e-01   1.7619342e+00
   1.6900000e+02  -7.3666744e-01   1.7678809e+00
   1.7000000e+02  -7.3282859e-01   1.7712980e+00
   1.7100000e+02  -7.3005664e-01   1.7733872e+00
   1.7200000e+02  -7.2957369e-01   1.7731839e+00
   1.7300000e+02  -7.3124692e-01   1.7708671e+00
   1.7400000e+02  -7.3571025e-01   1.7656600e+00
   1.7500000e+02  -7.4019780e-01   1.7586038e+00
   1.7600000e+02  -7.4403202e-01   1.7496804e+00
   1.7700000e+02  -7.4533685e-01   1.7390447e+00
   1.7800000e+02  -7.4524441e-01   1.7271051e+00
   1.7900000e+02  -7.4493218e-01   1.7140603e+00
   1.8000000e+02  -7.4463855e-01   1.7026176e+00
   1.8100000e+02  -7.4382911e-01   1.6919533e+00
   1.8200000e+02  -7.4142426e-01   1.6843652e+00
   1.8300000e+02  -7.3837974e-01   1.6768557e+00
   1.8400000e+02  -7.3358786e-01   1.6693104e+00
   1.8500000e+02  -7.2756484e-01   1.6624628e+00
   1.8600000e+02  -7.2115464e-01   1.6551578e+00
   1.8700000e+02  -7.1409596e-01   1.6488107e+00
   1.8800000e+02  -7.0737404e-01   1.6435899e+00
   1.8900000e+02  -7.0136703e-01   1.6408878e+00
   1.9000000e+02  -6.9510801e-01   1.6397319e+00
   1.9100000e+02  -6.8726221e-01   1.6394737e+00
   1.9200000e+02  -6.7687505e-01   1.6407577e+00
   1.9300000e+02  -6.6396141e-01   1.6417066e+00
   1.9400000e+02  -6.4902971e-01   1.6449739e+00
   1.9500000e+02  -6.3368405e-01   1.6483040e+00
   1.9600000e+02  -6.1878366e-01   1.6524299e+00
   1.9700000e+02  -6.0449426e-01   1.6567628e+00
   1.9800000e+02  -5.9149045e-01   1.6630996e+00
   1.9900000e+02  -5.7962009e-01   1.6686501e+00
   2.0000000e+02  -5.6927134e-01   1.6747356e+00
   2.0100000e+02  -5.5875188e-01   1.6804145e+00
   2.0200000e+02  -5.4814763e-01   1.6853467e+00
   2.0300000e+02  -5.3523210e-01   1.6887982e+00
   2.0400000e+02  -5.2101061e-01   1.6901266e+00
   2.0500000e+02  -5.0551670e-01   1.6888219e+00
   2.0600000e+02  -4.9222456e-01   1.6886816e+00
   2.0700000e+02  -4.8227347e-01   1.6899793e+00
   2.0800000e+02  -4.7383012e-01   1.6940585e+00
   2.0900000e+02  -4.6766379e-01   1.6999652e+00
   2.1000000e+02  -4.6161218e-01   1.7067489e+00
   2.1100000e+02  -4.5629411e-01   1.7148456e+00
   2.1200000e+02  -4.5029587e-01   1.7214694e+00
   2.1300000e+02  -4.4432955e-01   1.7249625e+00
   2.1400000e+02  -4.3803226e-01   1.7268323e+00
   2.1500000e+02  -4.3077631e-01   1.7281786e+00
   2.1600000e+02  -4.2346948e-01   1.7286690e+00
   2.1700000e+02  -4.1490460e-01   1.7293338e+00
   2.1800000e+02  -4.0591266e-01   1.7280596e+00
   2.1900000e+02  -3.9588417e-01   1.7246526e+00
   2.2000000e+02  -3.8568619e-01   1.7202379e+00
   2.2100000e+02  -3.7654370e-01   1.7166460e+00
   2.2200000e+02  -3.6749492e-01   1.7143283e+00
   2.2300000e+02  -3.5816965e-01   1.7130725e+00
   2.2400000e+02  -3.4786224e-01   1.7110031e+00
   2.2500000e+02  -3.3663597e-01   1.7093188e+00
   2.2600000e+02  -3.2506722e-01   1.7071954e+00
   2.2700000e+02  -3.1291080e-01   1.7046434e+00
   2.2800000e+02  -3.0096258e-01   1.7013846e+00
   2.2900000e+02  -2.8749552e-01   1.6983214e+00
   2.3000000e+02  -2.7406825e-01   1.6942040e+00
   2.3100000e+02  -2.5766027e-01   1.6899831e+00
   2.3200000e+02  -2.3844641e-01   1.6860270e+00
   2.3300000e+02  -2.1958695e-01   1.6833327e+00
   2.3400000e+02  -2.0140964e-01   1.6805271e+00
   2.3500000e+02  -1.8204490e-01   1.6782899e+00
   2.3600000e+02  -1.6176351e-01   1.6741324e+00
   2.3700000e+02  -1.4262567e-01   1.6671461e+00
   2.3800000e+02  -1.2465669e-01   1.6573731e+00
   2.3900000e+02  -1.0981881e-01   1.6476451e+00
   2.4000000e+02  -9.6696784e-02   1.6384537e+00
   2.4100000e+02  -8.5474021e-02   1.6297630e+00
   2.4200000e+02  -7.3115817e-02   1.6212090e+00
   2.4300000e+02  -5.9199541e-02   1.6122096e+00
   2.4400000e+02  -4.2702488e-02   1.6030895e+00
   2.4500000e+02  -2.3573440e-02   1.5969784e+00
   2.4600000e+02  -2.3866547e-03   1.5919391e+00
   2.4700000e+02   1.9620466e-02   1.5868377e+00
   2.4800000e+02   4.2517506e-02   1.5802421e+00
   2.4900000e+02   6.5609787e-02   1.5740474e+00
   2.5000000e+02   8.8387589e-02   1.5684145e+00
   2.5100000e+02   1.1038034e-01   1.5623929e+00
   2.5200000e+02   1.3077395e-01   1.5573892e+00
   2.5300000e+02   1.4735560e-01   1.5508828e+00
   2.5400000e+02   1.6414548e-01   1.5471859e+00
   2.5500000e+02   1.8118180e-01   1.5437292e+00
   2.5600000e+02   1.9710989e-01   1.5422597e+00
   2.5700000e+02   2.1072779e-01   1.5402218e+00
   2.5800000e+02   2.2107433e-01   1.5397208e+00
   2.5900000e+02   2.2946726e-01   1.5411807e+00
   2.6000000e+02   2.3818351e-01   1.5445603e+00
   2.6100000e+02   2.5065158e-01   1.5508921e+00
   2.6200000e+02   2.6295349e-01   1.5615467e+00
   2.6300000e+02   2.7399422e-01   1.5740041e+00
   2.6400000e+02   2.8207242e-01   1.5833224e+00
   2.6500000e+02   2.9439662e-01   1.5921657e+00
   2.6600000e+02   3.1132982e-01   1.6034739e+00
   2.6700000e+02   3.3292357e-01   1.6159158e+00
   2.6800000e+02   3.5521731e-01   1.6238112e+00
   2.6900000e+02   3.7675403e-01   1.6244635e+00
   2.7000000e+02   3.9551914e-01   1.6193620e+00
   2.7100000e+02   4.1091390e-01   1.6132375e+00
   2.7200000e+02   4.2360072e-01   1.6091869e+00
   2.7300000e+02   4.3276633e-01   1.6074729e+00
   2.7400000e+02   4.3729054e-01   1.6069251e+00
   2.7500000e+02   4.3772350e-01   1.6055945e+00
   2.7600000e+02   4.3636675e-01   1.6023652e+00
   2.7700000e+02   4.3612864e-01   1.5980369e+00
   2.7800000e+02   4.3821491e-01   1.5965672e+00
   2.7900000e+02   4.4242402e-01   1.5970217e+00
   2.8000000e+02   4.4705201e-01   1.5981955e+00
   2.8100000e+02   4.5464563e-01   1.5974462e+00
   2.8200000e+02   4.6307041e-01   1.5925062e+00
   2.8300000e+02   4.7242040e-01   1.5830934e+00
   2.8400000e+02   4.8082728e-01   1.5715217e+00
   2.8500000e+02   4.8665938e-01   1.5614090e+00
   2.8600000e+02   4.8969260e-01   1.5533867e+00
   2.8700000e+02   4.9004829e-01   1.5480542e+00
   2.8800000e+02   4.8989039e-01   1.5445481e+00
   2.8900000e+02   4.8848757e-01   1.5428642e+00
   2.9000000e+02   4.8607664e-01   1.5428701e+00
   2.9100000e+02   4.8142647e-01   1.5435200e+00
   2.9200000e+02   4.7416376e-01   1.5442722e+00
   2.9300000e+02   4.6480332e-01   1.5446565e+00
   2.9400000e+02   4.5375416e-01   1.5446202e+00
   2.9500000e+02   4.4022016e-01   1.5427711e+00
   2.9600000e+02   4.2510350e-01   1.5386018e+00
   2.9700000e+02   4.0853522e-01   1.5331674e+00
   2.9800000e+02   3.9289859e-01   1.5276695e+00
   2.9900000e+02   3.7717315e-01   1.5225569e+00
   3.0000000e+02   3.6086973e-01   1.5169932e+00
   3.0100000e+02   3.4438334e-01   1.5103565e+00
   3.0200000e+02   3.2802438e-01   1.5022298e+00
   3.0300000e+02   3.1362658e-01   1.4930455e+00
   3.0400000e+02   3.0113403e-01   1.4851698e+00
   3.0500000e+02   2.9053767e-01   1.4808374e+00
   3.0600000e+02   2.7979080e-01   1.4776323e+00
   3.0700000e+02   2.6857179e-01   1.4744801e+00
   3.0800000e+02   2.5763695e-01   1.4701628e+00
   3.0900000e+02   2.4606035e-01   1.4648614e+00
   3.1000000e+02   2.3180486e-01   1.4600081e+00
   3.1100000e+02   2.1596928e-01   1.4565520e+00
   3.1200000e+02   1.9653725e-01   1.4546321e+00
   3.1300000e+02   1.7444893e-01   1.4536142e+00
   3.1400000e+02   1.5065626e-01   1.4524472e+00
   3.1500000e+02   1.2532718e-01   1.4487622e+00
   3.1600000e+02   1.0185185e-01   1.4452731e+00
   3.1700000e+02   7.6870561e-02   1.4414194e+00
   3.1800000e+02   5.0434616e-02   1.4362905e+00
   3.1900000e+02   2.5310198e-02   1.4289963e+00
   3.2000000e+02   5.6600654e-03   1.4215439e+00
   3.2100000e+02  -1.1023697e-02   1.4135952e+00
   3.2200000e+02  -2.7412831e-02   1.4061996e+00
   3.2300000e+02  -4.5083818e-02   1.3999668e+00
   3.2400000e+02  -6.3863681e-02   1.3951963e+00
   3.2500000e+02  -8.5485265e-02   1.3917464e+00
   3.2600000e+02  -1.0972005e-01   1.3890195e+00
   3.2700000e+02  -1.3609740e-01   1.3873869e+00
   3.2800000e+02  -1.6575750e-01   1.3893168e+00
   3.2900000e+02  -1.9815623e-01   1.3936587e+00
   3.3000000e+02  -2.2862047e-01   1.3974997e+00
   3.3100000e+02  -2.5699900e-01   1.3991618e+00
   3.3200000e+02  -2.8125357e-01   1.4014367e+00
   3.3300000e+02  -3.0307802e-01   1.4040203e+00
   3.3400000e+02  -3.2380608e-01   1.4086071e+00
   3.3500000e+02  -3.4295867e-01   1.4124128e+00
   3.3600000e+02  -3.6309482e-01   1.4146731e+00
   3.3700000e+02  -3.8420298e-01   1.4154646e+00
   3.3800000e+02  -4.0873810e-01   1.4169279e+00
   3.3900000e+02  -4.3606754e-01   1.4193912e+00
   3.4000000e+02  -4.6600302e-01   1.4228591e+00
   3.4100000e+02  -4.9877295e-01   1.4263028e+00
   3.4200000e+02  -5.3227448e-01   1.4281757e+00
   3.4300000e+02  -5.6664600e-01   1.4267591e+00
   3.4400000e+02  -6.0138232e-01   1.4244620e+00
   3.4500000e+02  -6.3781859e-01   1.4236204e+00
   3.4600000e+02  -6.7264966e-01   1.4262080e+00
   3.4700000e+02  -7.0100211e-01   1.4286035e+00
   3.4800000e+02  -7.2017124e-01   1.4331968e+00
   3.4900000e+02  -7.4224225e-01   1.4395015e+00
   3.5000000e+02  -7.7318341e-01   1.4435337e+00
   3.5100000e+02  -7.9408201e-01   1.4706934e+00
   3.5200000e+02  -8.2818085e-01   1.4818711e+00
   3.5300000e+02  -8.6016415e-01   1.4986158e+00
   3.5400000e+02  -8.9416600e-01   1.5041571e+00
   3.5500000e+02  -9.1328175e-01   1.5236776e+00
   3.5600000e+02  -9.2661077e-01   1.5461950e+00
   3.5700000e+02  -9.5223771e-01   1.5555987e+00
   3.5800000e+02  -9.7541576e-01   1.5703465e+00
   3.5900000e+02  -9.9878273e-01   1.5889800e+00
   3.6000000e+02  -1.0243647e+00   1.6078928e+00
   3.6100000e+02  -1.0771220e+00   1.6086321e+00
   3.6200000e+02  -1.1055645e+00   1.6239427e+00
   3.6300000e+02  -1.1329723e+00   1.6285807e+00
   3.6400000e+02  -1.1478357e+00   1.6421515e+00
   3.6500000e+02  -1.1573206e+00   1.6535449e+00
   3.6600000e+02  -1.1586444e+00   1.6578093e+00
   3.6700000e+02  -1.1633003e+00   1.6527473e+00
   3.6800000e+02  -1.1689701e+00   1.6470115e+00
   3.6900000e+02  -1.1744645e+00   1.6441332e+00
   3.7000000e+02  -1.1865925e+00   1.6453420e+00
   3.7100000e+02  -1.2070249e+00   1.6455374e+00
   3.7200000e+02  -1.2329322e+00   1.6451171e+00
   3.7300000e+02  -1.2603091e+00   1.6450263e+00
   3.7400000e+02  -1.2850100e+00   1.6441393e+00
   3.7500000e+02  -1.3041072e+00   1.6413688e+00
   3.7600000e+02  -1.3161923e+00   1.6388113e+00
   3.7700000e+02  -1.3234531e+00   1.6372259e+00
   3.7800000e+02  -1.3307953e+00   1.6388769e+00
   3.7900000e+02  -1.3387554e+00   1.6463473e+00
   3.8000000e+02  -1.3446149e+00   1.6591604e+00
   3.8100000e+02  -1.3490768e+00   1.6731530e+00
   3.8200000e+02  -1.3525154e+00   1.6853884e+00
   3.8300000e+02  -1.3559345e+00   1.6946893e+00
   3.8400000e+02  -1.3614624e+00   1.7029223e+00
   3.8500000e+02  -1.3678469e+00   1.7092978e+00
   3.8600000e+02  -1.3746868e+00   1.7149395e+00
   3.8700000e+02  -1.3804926e+00   1.7215790e+00
   3.8800000e+02  -1.3863071e+00   1.7302994e+00
   3.8900000e+02  -1.3907547e+00   1.7380489e+00
   3.9000000e+02  -1.3941091e+00   1.7428600e+00
   3.9100000e+02  -1.3953966e+00   1.7443046e+00
   3.9200000e+02  -1.3964989e+00   1.7408235e+00
   3.9300000e+02  -1.3988962e+00   1.7351773e+00
   3.9400000e+02  -1.4017820e+00   1.7283478e+00
   3.9500000e+02  -1.4036539e+00   1.7196247e+00
   3.9600000e+02  -1.4042177e+00   1.7081937e+00
   3.9700000e+02  -1.4035409e+00   1.6956478e+00
   3.9800000e+02  -1.4028005e+00   1.6855618e+00
   3.9900000e+02  -1.4022220e+00   1.6768192e+00
   4.0000000e+02  -1.4013840e+00   1.6698884e+00
   4.0100000e+02  -1.4001142e+00   1.6641727e+00
   4.0200000e+02  -1.3991185e+00   1.6597458e+00
   4.0300000e+02  -1.3980177e+00   1.6556515e+00
   4.0400000e+02  -1.3971787e+00   1.6527462e+00
   4.0500000e+02  -1.3966045e+00   1.6510829e+00
   4.0600000e+02  -1.3951680e+00   1.6504415e+00
   4.0700000e+02  -1.3923929e+00   1.6516260e+00
   4.0800000e+02  -1.3872810e+00   1.6541126e+00
   4.0900000e+02  -1.3808761e+00   1.6574880e+00
   4.1000000e+02  -1.3695972e+00   1.6632491e+00
   4.1100000e+02  -1.3558836e+00   1.6705253e+00
   4.1200000e+02  -1.3420617e+00   1.6775915e+00
   4.1300000e+02  -1.3281209e+00   1.6836672e+00
   4.1400000e+02  -1.3153369e+00   1.6901114e+00
   4.1500000e+02  -1.3020266e+00   1.6973744e+00
   4.1600000e+02  -1.2895665e+00   1.7037196e+00
   4.1700000e+02  -1.2765894e+00   1.7091548e+00
   4.1800000e+02  -1.2649302e+00   1.7133300e+00
   4.1900000e+02  -1.2516951e+00   1.7155529e+00
   4.2000000e+02  -1.2367910e+00   1.7152836e+00
   4.2100000e+02  -1.2205458e+00   1.7141512e+00
   4.2200000e+02  -1.2052144e+00   1.7121679e+00
   4.2300000e+02  -1.1914382e+00   1.7109301e+00
   4.2400000e+02  -1.1785736e+00   1.7109206e+00
   4.2500000e+02  -1.1651760e+00   1.7101463e+00
   4.2600000e+02  -1.1501422e+00   1.7077052e+00
   4.2700000e+02  -1.1370007e+00   1.7028992e+00
   4.2800000e+02  -1.1262372e+00   1.6970075e+00
   4.2900000e+02  -1.1157277e+00   1.6911074e+00
   4.3000000e+02  -1.1059269e+00   1.6862288e+00
   4.3100000e+02  -1.0961272e+00   1.6837320e+00
   4.3200000e+02  -1.0866186e+00   1.6824448e+00
   4.3300000e+02  -1.0776358e+00   1.6821634e+00
   4.3400000e+02  -1.0662333e+00   1.6816790e+00
   4.3500000e+02  -1.0548253e+00   1.6815625e+00
   4.3600000e+02  -1.0429161e+00   1.6819497e+00
   4.3700000e+02  -1.0305534e+00   1.6809138e+00
   4.3800000e+02  -1.0172027e+00   1.6784476e+00
   4.3900000e+02  -1.0038160e+00   1.6736996e+00
   4.4000000e+02  -9.9285646e-01   1.6684902e+00
   4.4100000e+02  -9.8352601e-01   1.6645077e+00
   4.4200000e+02  -9.7498493e-01   1.6627077e+00
   4.4300000e+02  -9.6724628e-01   1.6637921e+00
   4.4400000e+02  -9.5881919e-01   1.6672940e+00
   4.4500000e+02  -9.5065457e-01   1.6724682e+00
   4.4600000e+02  -9.4093525e-01   1.6791703e+00
   4.4700000e+02  -9.3101778e-01   1.6860013e+00
   4.4800000e+02  -9.2052117e-01   1.6920904e+00
   4.4900000e+02  -9.0988116e-01   1.6976802e+00
   4.5000000e+02  -8.9931082e-01   1.7040905e+00
   4.5100000e+02  -8.8934838e-01   1.7124436e+00
   4.5200000e+02  -8.7956898e-01   1.7224228e+00
   4.5300000e+02  -8.7108378e-01   1.7336666e+00
   4.5400000e+02  -8.6287367e-01   1.7453088e+00
   4.5500000e+02  -8.5402241e-01   1.7548895e+00
   4.5600000e+02  -8.4468407e-01   1.7624074e+00
   4.5700000e+02  -8.3414084e-01   1.7674258e+00
   4.5800000e+02  -8.2640255e-01   1.7696355e+00
   4.5900000e+02  -8.2081589e-01   1.7702052e+00
   4.6000000e+02  -8.1840053e-01   1.7712952e+00
   4.6100000e+02  -8.1786327e-01   1.7740301e+00
   4.6200000e+02  -8.1851817e-01   1.7778030e+00
   4.6300000e+02  -8.1936080e-01   1.7830369e+00
   4.6400000e+02  -8.1868855e-01   1.7890747e+00
   4.6500000e+02  -8.1539101e-01   1.7952548e+00
   4.6600000e+02  -8.0967078e-01   1.8012172e+00
   4.6700000e+02  -8.0354323e-01   1.8071296e+00
   4.6800000e+02  -7.9781590e-01   1.8113928e+00
   4.6900000e+02  -7.9327880e-01   1.8149529e+00
   4.7000000e+02  -7.8778243e-01   1.8168214e+00
   4.7100000e+02  -7.8113412e-01   1.8182903e+00
   4.7200000e+02  -7.7225346e-01   1.8204571e+00
   4.7300000e+02  -7.6154691e-01   1.8224590e+00
   4.7400000e+02  -7.4981789e-01   1.8235690e+00
   4.7500000e+02  -7.3955909e-01   1.8251447e+00
   4.7600000e+02  -7.2855951e-01   1.8282500e+00
   4.7700000e+02  -7.1882752e-01   1.8320782e+00
   4.7800000e+02  -7.0835463e-01   1.8370050e+00
   4.7900000e+02  -6.9739842e-01   1.8414270e+00
   4.8000000e+02  -6.8561361e-01   1.8454300e+00
   4.8100000e+02  -6.7243913e-01   1.8484310e+00
   4.8200000e+02  -6.5829384e-01   1.8482252e+00
   4.8300000e+02  -6.4278328e-01   1.8452025e+00
   4.8400000e+02  -6.2973045e-01   1.8362522e+00
   4.8500000e+02  -6.1593489e-01   1.8223252e+00
   4.8600000e+02  -6.0277260e-01   1.8052079e+00
   4.8700000e+02  -5.9187189e-01   1.7873086e+00
   4.8800000e+02  -5.8104721e-01   1.7704929e+00
   4.8900000e+02  -5.7137558e-01   1.7533128e+00
   4.9000000e+02  -5.6031652e-01   1.7396699e+00
   4.9100000e+02  -5.4702924e-01   1.7277477e+00
   4.9200000e+02  -5.3155191e-01   1.7170376e+00
   4.9300000e+02  -5.1304919e-01   1.7068791e+00
   4.9400000e+02  -4.9203245e-01   1.7010396e+00
   4.9500000e+02  -4.7054715e-01   1.7015567e+00
   4.9600000e+02  -4.5156992e-01   1.7057488e+00
   4.9700000e+02  -4.3364413e-01   1.7141676e+00
   4.9800000e+02  -4.1720908e-01   1.7257732e+00
   4.9900000e+02  -4.0116413e-01   1.7372142e+00
   5.0000000e+02  -3.8443153e-01   1.7490712e+00
   5.0100000e+02  -3.6550506e-01   1.7621669e+00
   5.0200000e+02  -3.4148576e-01   1.7768679e+00
   5.0300000e+02  -3.2163053e-01   1.7899367e+00
   5.0400000e+02  -3.1071880e-01   1.7957655e+00
   5.0500000e+02  -2.8594189e-01   1.8048521e+00
   5.0600000e+02  -2.7965590e-01   1.8114256e+00
   5.0700000e+02  -2.6853904e-01   1.8102499e+00
   5.0800000e+02  -2.5269781e-01   1.8080647e+00
   5.0900000e+02  -2.3778247e-01   1.8069491e+00
   5.1000000e+02  -2.2237452e-01   1.8071991e+00
   5.1100000e+02  -2.0744532e-01   1.8056236e+00
   5.1200000e+02  -1.9442660e-01   1.8025007e+00
   5.1300000e+02  -1.8299631e-01   1.7970952e+00
   5.1400000e+02  -1.7155122e-01   1.7899063e+00
   5.1500000e+02  -1.6007036e-01   1.7832258e+00
   5.1600000e+02  -1.4850708e-01   1.7781742e+00
   5.1700000e+02  -1.3771852e-01   1.7750867e+00
   5.1800000e+02  -1.2954075e-01   1.7741842e+00
   5.1900000e+02  -1.2183527e-01   1.7748699e+00
   5.2000000e+02  -1.1478095e-01   1.7738246e+00
   5.2100000e+02  -1.0759583e-01   1.7717899e+00
   5.2200000e+02  -9.9840813e-02   1.7696996e+00
   5.2300000e+02  -9.2723436e-02   1.7677777e+00
   5.2400000e+02  -8.6386543e-02   1.7669656e+00
   5.2500000e+02  -8.0082744e-02   1.7656889e+00
   5.2600000e+02  -7.2657145e-02   1.7621430e+00
   5.2700000e+02  -6.2848094e-02   1.7551384e+00
   5.2800000e+02  -5.0906711e-02   1.7470662e+00
   5.2900000e+02  -3.8127698e-02   1.7366888e+00
   5.3000000e+02  -2.7153132e-02   1.7246887e+00
   5.3100000e+02  -1.6710792e-02   1.7142164e+00
   5.3200000e+02  -5.5059076e-03   1.7092810e+00
   5.3300000e+02   5.8013508e-03   1.7100373e+00
   5.3400000e+02   1.7018516e-02   1.7150359e+00
   5.3500000e+02   2.6494375e-02   1.7210119e+00
   5.3600000e+02   3.4958271e-02   1.7274948e+00
   5.3700000e+02   4.2056752e-02   1.7329807e+00
   5.3800000e+02   5.0182528e-02   1.7365689e+00
   5.3900000e+02   5.9962821e-02   1.7401632e+00
   5.4000000e+02   7.0418671e-02   1.7457456e+00
   5.4100000e+02   7.9928787e-02   1.7522003e+00
   5.4200000e+02   8.8109630e-02   1.7605545e+00
   5.4300000e+02   9.4159372e-02   1.7680065e+00
   5.4400000e+02   9.5994632e-02   1.7736733e+00
   5.4500000e+02   9.5375160e-02   1.7784301e+00
   5.4600000e+02   9.2260336e-02   1.7823101e+00
   5.4700000e+02   8.7087957e-02   1.7864034e+00
   5.4800000e+02   8.1502066e-02   1.7911750e+00
   5.4900000e+02   7.5604999e-02   1.7973844e+00
   5.5000000e+02   7.0956363e-02   1.8034810e+00
   5.5100000e+02   6.7947122e-02   1.8087610e+00
   5.5200000e+02   6.6449357e-02   1.8125554e+00
   5.5300000e+02   6.6101968e-02   1.8131825e+00
   5.5400000e+02   6.6494419e-02   1.8116756e+00
   5.5500000e+02   6.6006882e-02   1.8080842e+00
   5.5600000e+02   6.3343006e-02   1.8038505e+00
   5.5700000e+02   5.9991713e-02   1.7972346e+00
   5.5800000e+02   5.5650810e-02   1.7892127e+00
   5.5900000e+02   5.2278461e-02   1.7783200e+00
   5.6000000e+02   5.0325968e-02   1.7674260e+00
   5.6100000e+02   4.8352535e-02   1.7573638e+00
   5.6200000e+02   4.6028769e-02   1.7475092e+00
   5.6300000e+02   4.2909509e-02   1.7379343e+00
   5.6400000e+02   3.8624796e-02   1.7279535e+00
   5.6500000e+02   3.6532873e-02   1.7173125e+00
   5.6600000e+02   3.5680231e-02   1.7074671e+00
   5.6700000e+02   3.7012840e-02   1.6967118e+00
   5.6800000e+02   4.1016575e-02   1.6825141e+00
   5.6900000e+02   4.6043231e-02   1.6668108e+00
   5.7000000e+02   5.0319727e-02   1.6498965e+00
   5.7100000e+02   5.3173663e-02   1.6341339e+00
   5.7200000e+02   5.3782172e-02   1.6208270e+00
   5.7300000e+02   5.0666675e-02   1.6102197e+00
   5.7400000e+02   4.4019821e-02   1.5999494e+00
   5.7500000e+02   3.5509622e-02   1.5893061e+00
   5.7600000e+02   2.7009880e-02   1.5803201e+00
   5.7700000e+02   1.8938687e-02   1.5729177e+00
   5.7800000e+02   1.4021332e-02   1.5652096e+00
   5.7900000e+02   1.0818496e-02   1.5573644e+00
   5.8000000e+02   7.5736902e-03   1.5476448e+00
   5.8100000e+02   2.7542779e-03   1.5371278e+00
   5.8200000e+02  -4.1962952e-03   1.5264678e+00
   5.8300000e+02  -1.1777029e-02   1.5147438e+00
   5.8400000e+02  -1.9324727e-02   1.5022296e+00
   5.8500000e+02  -2.9481975e-02   1.4888905e+00
   5.8600000e+02  -4.2008297e-02   1.4753447e+00
   5.8700000e+02  -5.7424215e-02   1.4600090e+00
   5.8800000e+02  -7.4589999e-02   1.4430573e+00
   5.8900000e+02  -9.6097627e-02   1.4262196e+00
   5.9000000e+02  -1.1831051e-01   1.4108906e+00
   5.9100000e+02  -1.3835709e-01   1.3976879e+00
   5.9200000e+02  -1.5558704e-01   1.3876732e+00
   5.9300000e+02  -1.7224738e-01   1.3804528e+00
   5.9400000e+02  -1.8835349e-01   1.3733971e+00
   5.9500000e+02  -2.0313946e-01   1.3669369e+00
   5.9600000e+02  -2.1610684e-01   1.3619820e+00
   5.9700000e+02  -2.2764521e-01   1.3580085e+00
   5.9800000e+02  -2.3958101e-01   1.3550372e+00
   5.9900000e+02  -2.5266054e-01   1.3531717e+00
   6.0000000e+02  -2.6602897e-01   1.3491073e+00
   6.0100000e+02  -2.7876117e-01   1.3461630e+00
   6.0200000e+02  -2.9222598e-01   1.3421803e+00
   6.0300000e+02  -3.0426492e-01   1.3381390e+00
   6.0400000e+02  -3.1662242e-01   1.3366269e+00
   6.0500000e+02  -3.2781375e-01   1.3357234e+00
   6.0600000e+02  -3.3863113e-01   1.3342973e+00
   6.0700000e+02  -3.4759060e-01   1.3318735e+00
   6.0800000e+02  -3.5516641e-01   1.3280707e+00
   6.0900000e+02  -3.6058022e-01   1.3251652e+00
   6.1000000e+02  -3.6485561e-01   1.3230268e+00
   6.1100000e+02  -3.6754525e-01   1.3217644e+00
   6.1200000e+02  -3.6903533e-01   1.3223508e+00
   6.1300000e+02  -3.7012291e-01   1.3237418e+00
   6.1400000e+02  -3.7294649e-01   1.3272356e+00
   6.1500000e+02  -3.7770203e-01   1.3302476e+00
   6.1600000e+02  -3.8488982e-01   1.3322971e+00
   6.1700000e+02  -3.9452933e-01   1.3317589e+00
   6.1800000e+02  -4.0820802e-01   1.3309886e+00
   6.1900000e+02  -4.2264250e-01   1.3298964e+00
   6.2000000e+02  -4.3545100e-01   1.3278139e+00
   6.2100000e+02  -4.4674205e-01   1.3243057e+00
   6.2200000e+02  -4.5702039e-01   1.3207692e+00
   6.2300000e+02  -4.6539209e-01   1.3194499e+00
   6.2400000e+02  -4.7317946e-01   1.3201978e+00
   6.2500000e+02  -4.8138120e-01   1.3212630e+00
   6.2600000e+02  -4.8696237e-01   1.3234966e+00
   6.2700000e+02  -4.9203615e-01   1.3255467e+00
   6.2800000e+02  -4.9469288e-01   1.3281941e+00
   6.2900000e+02  -4.9635407e-01   1.3321500e+00
   6.3000000e+02  -4.9813131e-01   1.3377597e+00
   6.3100000e+02  -5.0183174e-01   1.3443029e+00
   6.3200000e+02  -5.0683213e-01   1.3512831e+00
   6.3300000e+02  -5.1238059e-01   1.3588621e+00
   6.3400000e+02  -5.1812682e-01   1.3662103e+00
   6.3500000e+02  -5.2362384e-01   1.3727512e+00
   6.3600000e+02  -5.2912287e-01   1.3771925e+00
   6.3700000e+02  -5.3214557e-01   1.3772667e+00
   6.3800000e+02  -5.3290335e-01   1.3723560e+00
   6.3900000e+02  -5.3167922e-01   1.3662118e+00
   6.4000000e+02  -5.2990771e-01   1.3589216e+00
   6.4100000e+02  -5.2938184e-01   1.3523666e+00
   6.4200000e+02  -5.2989783e-01   1.3453148e+00
   6.4300000e+02  -5.3121996e-01   1.3385014e+00
   6.4400000e+02  -5.3350455e-01   1.3323918e+00
   6.4500000e+02  -5.3598599e-01   1.3270515e+00
   6.4600000e+02  -5.3776038e-01   1.3235483e+00
   6.4700000e+02  -5.3856998e-01   1.3232748e+00
   6.4800000e+02  -5.3887304e-01   1.3246139e+00
   6.4900000e+02  -5.3890295e-01   1.3263194e+00
   6.5000000e+02  -5.3869360e-01   1.3276650e+00
   6.5100000e+02  -5.3843169e-01   1.3288344e+00
   6.5200000e+02  -5.3840382e-01   1.3295711e+00
   6.5300000e+02  -5.3899607e-01   1.3296097e+00
   6.5400000e+02  -5.3990118e-01   1.3287696e+00
   6.5500000e+02  -5.4073775e-01   1.3271763e+00
   6.5600000e+02  -5.4061127e-01   1.3270589e+00
   6.5700000e+02  -5.3962404e-01   1.3271232e+00
   6.5800000e+02  -5.3851205e-01   1.3283567e+00
   6.5900000e+02  -5.3668423e-01   1.3310779e+00
   6.6000000e+02  -5.3425507e-01   1.3354282e+00
   6.6100000e+02  -5.3098783e-01   1.3401166e+00
   6.6200000e+02  -5.3010093e-01   1.3456656e+00
   6.6300000e+02  -5.2990633e-01   1.3506670e+00
   6.6400000e+02  -5.3333117e-01   1.3559691e+00
   6.6500000e+02  -5.3868154e-01   1.3601758e+00
   6.6600000e+02  -5.4670399e-01   1.3613131e+00
   6.6700000e+02  -5.5784282e-01   1.3603459e+00
   6.6800000e+02  -5.6969462e-01   1.3574072e+00
   6.6900000e+02  -5.8250802e-01   1.3530298e+00
   6.7000000e+02  -5.9446894e-01   1.3479550e+00
   6.7100000e+02  -6.0301147e-01   1.3429676e+00
   6.7200000e+02  -6.0891285e-01   1.3354060e+00
   6.7300000e+02  -6.1165115e-01   1.3264791e+00
   6.7400000e+02  -6.1125933e-01   1.3186329e+00
   6.7500000e+02  -6.0853454e-01   1.3121981e+00
   6.7600000e+02  -6.0329229e-01   1.3076110e+00
   6.7700000e+02  -5.9565166e-01   1.3051109e+00
   6.7800000e+02  -5.8618269e-01   1.3050273e+00
   6.7900000e+02  -5.7631705e-01   1.3070340e+00
   6.8000000e+02  -5.6781151e-01   1.3095482e+00
   6.8100000e+02  -5.6212235e-01   1.3122173e+00
   6.8200000e+02  -5.5903768e-01   1.3140515e+00
   6.8300000e+02  -5.5697707e-01   1.3168473e+00
   6.8400000e+02  -5.5451438e-01   1.3207796e+00
   6.8500000e+02  -5.5156848e-01   1.3256871e+00
   6.8600000e+02  -5.4639845e-01   1.3317687e+00
   6.8700000e+02  -5.3950688e-01   1.3387449e+00
   6.8800000e+02  -5.3023046e-01   1.3457408e+00
   6.8900000e+02  -5.2115056e-01   1.3531771e+00
   6.9000000e+02  -5.1209375e-01   1.3594934e+00
   6.9100000e+02  -5.0486248e-01   1.3656584e+00
   6.9200000e+02  -4.9947463e-01   1.3714599e+00
   6.9300000e+02  -4.9582186e-01   1.3763500e+00
   6.9400000e+02  -4.9331234e-01   1.3798007e+00
   6.9500000e+02  -4.9087295e-01   1.3803899e+00
   6.9600000e+02  -4.8797102e-01   1.3792402e+00
   6.9700000e+02  -4.8465366e-01   1.3758047e+00
   6.9800000e+02  -4.8152633e-01   1.3721612e+00
   6.9900000e+02  -4.8028446e-01   1.3672902e+00
   7.0000000e+02  -4.7918997e-01   1.3608964e+00
   7.0100000e+02  -4.7934545e-01   1.3531624e+00
   7.0200000e+02  -4.8122508e-01   1.3446417e+00
   7.0300000e+02  -4.8295985e-01   1.3366705e+00
   7.0400000e+02  -4.8500826e-01   1.3286353e+00
   7.0500000e+02  -4.8705690e-01   1.3222597e+00
   7.0600000e+02  -4.9024126e-01   1.3163527e+00
   7.0700000e+02  -4.9245831e-01   1.3107356e+00
   7.0800000e+02  -4.9524513e-01   1.3050257e+00
   7.0900000e+02  -4.9710661e-01   1.2997248e+00
   7.1000000e+02  -4.9872584e-01   1.2942205e+00
   7.1100000e+02  -5.0258166e-01   1.2883956e+00
   7.1200000e+02  -5.0690858e-01   1.2819430e+00
   7.1300000e+02  -5.0915135e-01   1.2730522e+00
   7.1400000e+02  -5.0988370e-01   1.2620840e+00
   7.1500000e+02  -5.0994342e-01   1.2505036e+00
   7.1600000e+02  -5.1061753e-01   1.2383516e+00
   7.1700000e+02  -5.1106745e-01   1.2262092e+00
   7.1800000e+02  -5.1235437e-01   1.2152060e+00
   7.1900000e+02  -5.1287997e-01   1.2046158e+00
   7.2000000e+02  -5.1354628e-01   1.1950303e+00
   7.2100000e+02  -5.1447233e-01   1.1864450e+00
   7.2200000e+02  -5.1451866e-01   1.1798436e+00
   7.2300000e+02  -5.1475449e-01   1.1747861e+00
   7.2400000e+02  -5.1499164e-01   1.1710360e+00
   7.2500000e+02  -5.1587860e-01   1.1683695e+00
   7.2600000e+02  -5.1779245e-01   1.1655205e+00
   7.2700000e+02  -5.1946515e-01   1.1637880e+00
   7.2800000e+02  -5.2101870e-01   1.1610344e+00
   7.2900000e+02  -5.2217853e-01   1.1584954e+00
   7.3000000e+02  -5.2361050e-01   1.1543689e+00
   7.3100000e+02  -5.2480442e-01   1.1480806e+00
   7.3200000e+02  -5.2556652e-01   1.1402369e+00
   7.3300000e+02  -5.2570457e-01   1.1293469e+00
   7.3400000e+02  -5.2435605e-01   1.1185666e+00
   7.3500000e+02  -5.2275082e-01   1.1081721e+00
   7.3600000e+02  -5.1998424e-01   1.0990673e+00
   7.3700000e+02  -5.1692661e-01   1.0910144e+00
   7.3800000e+02  -5.1469090e-01   1.0838835e+00
   7.3900000e+02  -5.1382711e-01   1.0779201e+00
   7.4000000e+02  -5.1407553e-01   1.0723863e+00
   7.4100000e+02  -5.1451808e-01   1.0681158e+00
   7.4200000e+02  -5.1431275e-01   1.0654239e+00
   7.4300000e+02  -5.1297606e-01   1.0639237e+00
   7.4400000e+02  -5.1135189e-01   1.0630414e+00
   7.4500000e+02  -5.0888150e-01   1.0623371e+00
   7.4600000e+02  -5.0652487e-01   1.0612356e+00
   7.4700000e+02  -5.0338924e-01   1.0607407e+00
   7.4800000e+02  -5.0065218e-01   1.0580255e+00
   7.4900000e+02  -4.9794377e-01   1.0562871e+00
   7.5000000e+02  -4.9772523e-01   1.0542867e+00
   7.5100000e+02  -4.9876217e-01   1.0516877e+00
   7.5200000e+02  -5.0259463e-01   1.0501655e+00
   7.5300000e+02  -5.0683742e-01   1.0486380e+00
   7.5400000e+02  -5.1074225e-01   1.0463890e+00
   7.5500000e+02  -5.1268172e-01   1.0426177e+00
   7.5600000e+02  -5.1293072e-01   1.0397628e+00
   7.5700000e+02  -5.1128408e-01   1.0369003e+00
   7.5800000e+02  -5.1102224e-01   1.0347302e+00
   7.5900000e+02  -5.1259144e-01   1.0324514e+00
   7.6000000e+02  -5.1562320e-01   1.0313195e+00
   7.6100000e+02  -5.2175306e-01   1.0301188e+00
   7.6200000e+02  -5.2940333e-01   1.0299742e+00
   7.6300000e+02  -5.3831962e-01   1.0264161e+00
   7.6400000e+02  -5.4694859e-01   1.0212323e+00
   7.6500000e+02  -5.5461747e-01   1.0144480e+00
   7.6600000e+02  -5.6077676e-01   1.0069975e+00
   7.6700000e+02  -5.6612495e-01   9.9882223e-01
   7.6800000e+02  -5.6912573e-01   9.9069583e-01
   7.6900000e+02  -5.6981199e-01   9.8407413e-01
   7.7000000e+02  -5.6952932e-01   9.7757478e-01
   7.7100000e+02  -5.6936562e-01   9.7050021e-01
   7.7200000e+02  -5.6789085e-01   9.6182658e-01
   7.7300000e+02  -5.6327490e-01   9.5053959e-01
   7.7400000e+02  -5.5675894e-01   9.3706827e-01
   7.7500000e+02  -5.4946421e-01   9.2362980e-01
   7.7600000e+02  -5.4265185e-01   9.0976010e-01
   7.7700000e+02  -5.3762283e-01   8.9761234e-01
   7.7800000e+02  -5.3509623e-01   8.8831613e-01
   7.7900000e+02  -5.3398863e-01   8.8106199e-01
   7.8000000e+02  -5.3464976e-01   8.7607672e-01
   7.8100000e+02  -5.3621732e-01   8.7076674e-01
   7.8200000e+02  -5.3957371e-01   8.6479239e-01
   7.8300000e+02  -5.4378029e-01   8.5749081e-01
   7.8400000e+02  -5.4550691e-01   8.5157925e-01
   7.8500000e+02  -5.4640304e-01   8.4649578e-01
   7.8600000e+02  -5.4531140e-01   8.4388319e-01
   7.8700000e+02  -5.4339379e-01   8.4401777e-01
   7.8800000e+02  -5.4004499e-01   8.4485662e-01
   7.8900000e+02  -5.3461655e-01   8.4617697e-01
   7.9000000e+02  -5.2489972e-01   8.4692200e-01
   7.9100000e+02  -5.1225877e-01   8.4399198e-01
   7.9200000e+02  -4.9959734e-01   8.3527703e-01
   7.9300000e+02  -4.8735000e-01   8.2416098e-01
   7.9400000e+02  -4.7529401e-01   8.1393779e-01
   7.9500000e+02  -4.6101809e-01   8.0370508e-01
   7.9600000e+02  -4.4867926e-01   7.9536957e-01
   7.9700000e+02  -4.3976163e-01   7.8692323e-01
   7.9800000e+02  -4.3462842e-01   7.8096588e-01
   7.9900000e+02  -4.3372956e-01   7.7337858e-01
   8.0000000e+02  -4.3443785e-01   7.6586620e-01
   8.0100000e+02  -4.3720014e-01   7.5768049e-01
   8.0200000e+02  -4.3990043e-01   7.4977117e-01
   8.0300000e+02  -4.3972601e-01   7.4246532e-01
   8.0400000e+02  -4.3841220e-01   7.3585841e-01
   8.0500000e+02  -4.3754790e-01   7.3093630e-01
   8.0600000e+02  -4.3677920e-01   7.2806705e-01
   8.0700000e+02  -4.3433279e-01   7.2630205e-01
   8.0800000e+02  -4.3055105e-01   7.2659154e-01
   8.0900000e+02  -4.2523129e-01   7.2769676e-01
   8.1000000e+02  -4.2067547e-01   7.2800874e-01
   8.1100000e+02  -4.1791049e-01   7.2714196e-01
   8.1200000e+02  -4.1698478e-01   7.2176287e-01
   8.1300000e+02  -4.2006446e-01   7.1509856e-01
   8.1400000e+02  -4.2474044e-01   7.0513224e-01
   8.1500000e+02  -4.3200785e-01   6.9292672e-01
   8.1600000e+02  -4.3789509e-01   6.7863100e-01
   8.1700000e+02  -4.4105809e-01   6.5940895e-01
   8.1800000e+02  -4.4011592e-01   6.4309613e-01
   8.1900000e+02  -4.3752287e-01   6.2905493e-01
   8.2000000e+02  -4.3359088e-01   6.1882394e-01
   8.2100000e+02  -4.3241024e-01   6.1161217e-01
   8.2200000e+02  -4.3311223e-01   6.0415068e-01
   8.2300000e+02  -4.3408653e-01   5.9658117e-01
   8.2400000e+02  -4.3478614e-01   5.8966943e-01
   8.2500000e+02  -4.3390801e-01   5.8510619e-01
   8.2600000e+02  -4.3215934e-01   5.8274298e-01
   8.2700000e+02  -4.3060628e-01   5.8141005e-01
   8.2800000e+02  -4.2901197e-01   5.8508667e-01
   8.2900000e+02  -4.2722490e-01   5.8853845e-01
   8.3000000e+02  -4.2232866e-01   5.9509449e-01
   8.3100000e+02  -4.1770174e-01   6.0315498e-01
   8.3200000e+02  -4.1105758e-01   6.1354753e-01
   8.3300000e+02  -4.0531519e-01   6.2292409e-01
   8.3400000e+02  -4.0054519e-01   6.2815311e-01
   8.3500000e+02  -3.9493838e-01   6.3141759e-01
   8.3600000e+02  -3.8741318e-01   6.3454246e-01
   8.3700000e+02  -3.8086354e-01   6.3618877e-01
   8.3800000e+02  -3.7604057e-01   6.3576013e-01
   8.3900000e+02  -3.7222436e-01   6.3380471e-01
   8.4000000e+02  -3.6815110e-01   6.3207593e-01
   8.4100000e+02  -3.6282269e-01   6.2804047e-01
   8.4200000e+02  -3.5636431e-01   6.2347490e-01
   8.4300000e+02  -3.4755267e-01   6.1675246e-01
   8.4400000e+02  -3.3614071e-01   6.0831622e-01
   8.4500000e+02  -3.2255472e-01   5.9757167e-01
   8.4600000e+02  -3.1201955e-01   5.8448054e-01
   8.4700000e+02  -3.0349636e-01   5.7007854e-01
   8.4800000e+02  -2.9627353e-01   5.5905129e-01
   8.4900000e+02  -2.8659930e-01   5.4912315e-01
   8.5000000e+02  -2.7691348e-01   5.3706605e-01
   8.5100000e+02  -2.6890061e-01   5.2442394e-01
   8.5200000e+02  -2.6286492e-01   5.1322043e-01
   8.5300000e+02  -2.5903786e-01   5.0472584e-01
   8.5400000e+02  -2.5651857e-01   4.9737917e-01
   8.5500000e+02  -2.5321042e-01   4.9275481e-01
   8.5600000e+02  -2.5026253e-01   4.8861225e-01
   8.5700000e+02  -2.4808031e-01   4.8576430e-01
   8.5800000e+02  -2.4265469e-01   4.8062495e-01
   8.5900000e+02  -2.3476397e-01   4.7385034e-01
   8.6000000e+02  -2.2499398e-01   4.6381799e-01
   8.6100000e+02  -2.1539872e-01   4.5635336e-01
   8.6200000e+02  -2.0390013e-01   4.5132691e-01
   8.6300000e+02  -1.8867825e-01   4.4707479e-01
   8.6400000e+02  -1.7738676e-01   4.4463149e-01
   8.6500000e+02  -1.6310447e-01   4.2487776e-01
   8.6600000e+02  -1.4766793e-01   4.0970748e-01
   8.6700000e+02  -1.2944483e-01   3.8785437e-01
   8.6800000e+02  -1.1527168e-01   3.6987232e-01
   8.6900000e+02  -1.0524698e-01   3.4610734e-01
   8.7000000e+02  -9.8688135e-02   3.2429349e-01
   8.7100000e+02  -9.6486133e-02   3.0411579e-01
   8.7200000e+02  -9.5353434e-02   2.8814151e-01
   8.7300000e+02  -9.4244968e-02   2.7936083e-01
   8.7400000e+02  -9.2225756e-02   2.7143668e-01
   8.7500000e+02  -8.8904265e-02   2.6184355e-01
   8.7600000e+02  -8.4498036e-02   2.4915844e-01
   8.7700000e+02  -8.1133662e-02   2.3091023e-01
   8.7800000e+02  -7.5453325e-02   2.1112695e-01
   8.7900000e+02  -5.8009828e-02   1.9562112e-01
   8.8000000e+02  -3.6808012e-02   1.7904657e-01
   8.8100000e+02  -2.7993251e-02   1.6263081e-01
   8.8200000e+02  -2.9173902e-02   1.4559040e-01
   8.8300000e+02  -3.3136116e-02   1.2781001e-01
   8.8400000e+02  -3.5856885e-02   1.1245821e-01
