   5.6400000e+02   2.7626506e+00   8.7277941e-01
   5.6500000e+02   2.7518703e+00   8.7723596e-01
   5.6600000e+02   2.7391892e+00   8.7593173e-01
   5.6700000e+02   2.7261888e+00   8.7156653e-01
   5.6800000e+02   2.7121701e+00   8.6292770e-01
   5.6900000e+02   2.6992031e+00   8.5155005e-01
   5.7000000e+02   2.6861642e+00   8.3808736e-01
   5.7100000e+02   2.6742067e+00   8.2355927e-01
   5.7200000e+02   2.6632838e+00   8.0805519e-01
   5.7300000e+02   2.6543467e+00   7.9247439e-01
   5.7400000e+02   2.6466158e+00   7.7605399e-01
   5.7500000e+02   2.6389969e+00   7.6021807e-01
   5.7600000e+02   2.6322845e+00   7.4406544e-01
   5.7700000e+02   2.6251039e+00   7.2785927e-01
   5.7800000e+02   2.6164727e+00   7.1373641e-01
   5.7900000e+02   2.6069032e+00   7.0242153e-01
   5.8000000e+02   2.5983788e+00   6.9386034e-01
   5.8100000e+02   2.5889599e+00   6.8910634e-01
   5.8200000e+02   2.5781429e+00   6.9016703e-01
   5.8300000e+02   2.5618355e+00   6.9579970e-01
   5.8400000e+02   2.5402372e+00   7.0417319e-01
   5.8500000e+02   2.5110664e+00   7.1257512e-01
   5.8600000e+02   2.4775752e+00   7.1659341e-01
   5.8700000e+02   2.4428926e+00   7.1222122e-01
   5.8800000e+02   2.4069570e+00   7.0018592e-01
   5.8900000e+02   2.3734077e+00   6.8517184e-01
   5.9000000e+02   2.3422265e+00   6.6994460e-01
   5.9100000e+02   2.3136382e+00   6.5636253e-01
   5.9200000e+02   2.2920814e+00   6.4354646e-01
   5.9300000e+02   2.2770603e+00   6.3204201e-01
   5.9400000e+02   2.2711501e+00   6.2299842e-01
   5.9500000e+02   2.2730362e+00   6.1431840e-01
   5.9600000e+02   2.2791160e+00   6.0624634e-01
   5.9700000e+02   2.2855321e+00   5.9795011e-01
   5.9800000e+02   2.2935262e+00   5.8854484e-01
   5.9900000e+02   2.3014479e+00   5.8020226e-01
   6.0000000e+02   2.3093287e+00   5.7221651e-01
   6.0100000e+02   2.3191127e+00   5.6275295e-01
   6.0200000e+02   2.3241053e+00   5.5539880e-01
   6.0300000e+02   2.3267908e+00   5.4765595e-01
   6.0400000e+02   2.3260313e+00   5.4176022e-01
   6.0500000e+02   2.3217085e+00   5.3875300e-01
   6.0600000e+02   2.3124965e+00   5.3859476e-01
   6.0700000e+02   2.2994289e+00   5.3970202e-01
   6.0800000e+02   2.2854596e+00   5.4323611e-01
   6.0900000e+02   2.2728042e+00   5.4912410e-01
   6.1000000e+02   2.2608168e+00   5.6001267e-01
   6.1100000e+02   2.2490426e+00   5.7310378e-01
   6.1200000e+02   2.2372000e+00   5.8420780e-01
   6.1300000e+02   2.2253759e+00   5.9905064e-01
   6.1400000e+02   2.2089345e+00   6.0875621e-01
   6.1500000e+02   2.1914509e+00   6.1911026e-01
   6.1600000e+02   2.1690362e+00   6.2844992e-01
   6.1700000e+02   2.1456360e+00   6.3771640e-01
   6.1800000e+02   2.1201833e+00   6.4634739e-01
   6.1900000e+02   2.1066228e+00   6.5912468e-01
   6.2000000e+02   2.0924697e+00   6.7134729e-01
   6.2100000e+02   2.0842097e+00   6.8111998e-01
   6.2200000e+02   2.0761834e+00   6.8686169e-01
   6.2300000e+02   2.0658296e+00   6.8586253e-01
   6.2400000e+02   2.0520292e+00   6.7895961e-01
   6.2500000e+02   2.0600825e+00   6.6787460e-01
   6.2600000e+02   2.0248055e+00   6.5930287e-01
   6.2700000e+02   2.0120441e+00   6.4640449e-01
   6.2800000e+02   1.9999822e+00   6.3693034e-01
   6.2900000e+02   1.9808283e+00   6.2915206e-01
   6.3000000e+02   1.9589874e+00   6.2257921e-01
   6.3100000e+02   1.9337876e+00   6.1717728e-01
   6.3200000e+02   1.9139443e+00   6.1315399e-01
   6.3300000e+02   1.8941490e+00   6.1039360e-01
   6.3400000e+02   1.8928748e+00   5.8923675e-01
   6.3500000e+02   1.8768866e+00   5.9972021e-01
   6.3600000e+02   1.8527671e+00   5.9238758e-01
   6.3700000e+02   1.8516289e+00   5.7857320e-01
   6.3800000e+02   1.8346942e+00   5.7159831e-01
   6.3900000e+02   1.8269785e+00   5.6356680e-01
   6.4000000e+02   1.8177204e+00   5.5603298e-01
   6.4100000e+02   1.8084221e+00   5.5001861e-01
   6.4200000e+02   1.8031527e+00   5.4476506e-01
   6.4300000e+02   1.7983588e+00   5.4152391e-01
   6.4400000e+02   1.7963096e+00   5.4270142e-01
   6.4500000e+02   1.7937890e+00   5.4374920e-01
   6.4600000e+02   1.7901748e+00   5.4657079e-01
   6.4700000e+02   1.7867936e+00   5.5021625e-01
   6.4800000e+02   1.7833785e+00   5.5307614e-01
   6.4900000e+02   1.7821403e+00   5.5423296e-01
   6.5000000e+02   1.7808770e+00   5.5092453e-01
   6.5100000e+02   1.7805529e+00   5.4605120e-01
   6.5200000e+02   1.7806932e+00   5.4127344e-01
   6.5300000e+02   1.7815635e+00   5.3627054e-01
   6.5400000e+02   1.7820250e+00   5.3217876e-01
   6.5500000e+02   1.7820387e+00   5.3100001e-01
   6.5600000e+02   1.7794138e+00   5.3068490e-01
   6.5700000e+02   1.7747741e+00   5.3283736e-01
   6.5800000e+02   1.7705338e+00   5.3848311e-01
   6.5900000e+02   1.7692206e+00   5.4866301e-01
   6.6000000e+02   1.7680852e+00   5.6311909e-01
   6.6100000e+02   1.7671694e+00   5.7837055e-01
   6.6200000e+02   1.7661031e+00   5.9371122e-01
   6.6300000e+02   1.7650355e+00   6.0566722e-01
   6.6400000e+02   1.7639933e+00   6.1322621e-01
   6.6500000e+02   1.7639342e+00   6.1714900e-01
   6.6600000e+02   1.7645092e+00   6.1814180e-01
   6.6700000e+02   1.7650841e+00   6.1900130e-01
   6.6800000e+02   1.7661350e+00   6.1823642e-01
   6.6900000e+02   1.7690741e+00   6.1639124e-01
   6.7000000e+02   1.7705746e+00   6.1433442e-01
   6.7100000e+02   1.7722276e+00   6.1222220e-01
   6.7200000e+02   1.7749853e+00   6.0959230e-01
   6.7300000e+02   1.7758139e+00   6.0779660e-01
   6.7400000e+02   1.7789067e+00   6.0575114e-01
   6.7500000e+02   1.7827384e+00   6.0308745e-01
   6.7600000e+02   1.7865974e+00   6.0053649e-01
   6.7700000e+02   1.7911798e+00   5.9824707e-01
   6.7800000e+02   1.7963662e+00   5.9623730e-01
   6.7900000e+02   1.8019040e+00   5.9451763e-01
   6.8000000e+02   1.8086705e+00   5.9248039e-01
   6.8100000e+02   1.8152913e+00   5.9207887e-01
   6.8200000e+02   1.8218135e+00   5.9158461e-01
   6.8300000e+02   1.8278059e+00   5.9206524e-01
   6.8400000e+02   1.8332573e+00   5.9351801e-01
   6.8500000e+02   1.8378511e+00   5.9549719e-01
   6.8600000e+02   1.8415185e+00   6.0088679e-01
   6.8700000e+02   1.8456255e+00   6.0630811e-01
   6.8800000e+02   1.8487182e+00   6.1206253e-01
   6.8900000e+02   1.8502592e+00   6.1730637e-01
   6.9000000e+02   1.8511197e+00   6.2161140e-01
   6.9100000e+02   1.8508812e+00   6.2462511e-01
   6.9200000e+02   1.8503186e+00   6.2507281e-01
   6.9300000e+02   1.8508292e+00   6.2259275e-01
   6.9400000e+02   1.8519443e+00   6.1773701e-01
   6.9500000e+02   1.8523014e+00   6.1110730e-01
   6.9600000e+02   1.8581862e+00   6.0504066e-01
   6.9700000e+02   1.8699114e+00   5.9640130e-01
   6.9800000e+02   1.8740520e+00   5.8553417e-01
   6.9900000e+02   1.8806015e+00   5.7561373e-01
   7.0000000e+02   1.8899297e+00   5.6468097e-01
   7.0100000e+02   1.8986733e+00   5.5438026e-01
   7.0200000e+02   1.9076394e+00   5.4353977e-01
   7.0300000e+02   1.9333858e+00   5.4659484e-01
   7.0400000e+02   1.9241200e+00   5.2062916e-01
   7.0500000e+02   1.9309418e+00   5.1706429e-01
   7.0600000e+02   1.9397756e+00   5.1091788e-01
   7.0700000e+02   1.9207298e+00   5.0888604e-01
   7.0800000e+02   1.9587714e+00   5.0833097e-01
   7.0900000e+02   1.9716385e+00   5.0999251e-01
   7.1000000e+02   1.9935536e+00   5.2234446e-01
   7.1100000e+02   1.9971694e+00   5.1841906e-01
   7.1200000e+02   2.0137662e+00   5.2614938e-01
   7.1300000e+02   2.0338362e+00   5.3567494e-01
   7.1400000e+02   2.0528938e+00   5.4640590e-01
   7.1500000e+02   2.0715372e+00   5.6092659e-01
   7.1600000e+02   2.0933245e+00   5.7422613e-01
   7.1700000e+02   2.1134231e+00   5.8975661e-01
   7.1800000e+02   2.1289238e+00   6.0437666e-01
   7.1900000e+02   2.1405418e+00   6.1806427e-01
   7.2000000e+02   2.1484922e+00   6.3146954e-01
   7.2100000e+02   2.1525208e+00   6.4368291e-01
   7.2200000e+02   2.1535615e+00   6.5325196e-01
   7.2300000e+02   2.1529312e+00   6.6047611e-01
   7.2400000e+02   2.1504647e+00   6.6730492e-01
   7.2500000e+02   2.1483731e+00   6.7379467e-01
   7.2600000e+02   2.1474024e+00   6.7874912e-01
   7.2700000e+02   2.1467194e+00   6.8379184e-01
   7.2800000e+02   2.1453876e+00   6.8887244e-01
   7.2900000e+02   2.1445892e+00   6.9169287e-01
   7.3000000e+02   2.1427602e+00   6.9409662e-01
   7.3100000e+02   2.1405992e+00   6.9585435e-01
   7.3200000e+02   2.1373550e+00   6.9610252e-01
   7.3300000e+02   2.1336347e+00   6.9453009e-01
   7.3400000e+02   2.1291871e+00   6.8961501e-01
   7.3500000e+02   2.1236401e+00   6.8162713e-01
   7.3600000e+02   2.1190124e+00   6.7086323e-01
   7.3700000e+02   2.1138452e+00   6.5721039e-01
   7.3800000e+02   2.1091888e+00   6.4216829e-01
   7.3900000e+02   2.1035322e+00   6.2658433e-01
   7.4000000e+02   2.0984348e+00   6.1217640e-01
   7.4100000e+02   2.0928581e+00   5.9946523e-01
   7.4200000e+02   2.0888137e+00   5.8701172e-01
   7.4300000e+02   2.0857985e+00   5.7811011e-01
   7.4400000e+02   2.0832242e+00   5.6990342e-01
   7.4500000e+02   2.0824990e+00   5.6406436e-01
   7.4600000e+02   2.0812253e+00   5.5987025e-01
   7.4700000e+02   2.0801640e+00   5.5547781e-01
   7.4800000e+02   2.0795673e+00   5.5302079e-01
   7.4900000e+02   2.0789824e+00   5.5121438e-01
   7.5000000e+02   2.0786495e+00   5.4868611e-01
   7.5100000e+02   2.0771555e+00   5.4700832e-01
   7.5200000e+02   2.0757340e+00   5.4411400e-01
   7.5300000e+02   2.0739208e+00   5.4209410e-01
   7.5400000e+02   2.0715864e+00   5.4093960e-01
   7.5500000e+02   2.0693725e+00   5.4120686e-01
   7.5600000e+02   2.0686442e+00   5.4376895e-01
   7.5700000e+02   2.0692397e+00   5.4916467e-01
   7.5800000e+02   2.0708298e+00   5.5759151e-01
   7.5900000e+02   2.0770913e+00   5.6748673e-01
   7.6000000e+02   2.0793932e+00   5.8016882e-01
   7.6100000e+02   2.0832888e+00   5.9388663e-01
   7.6200000e+02   2.0862822e+00   6.0932737e-01
   7.6300000e+02   2.0896803e+00   6.2627382e-01
   7.6400000e+02   2.0924315e+00   6.4236096e-01
   7.6500000e+02   2.0967500e+00   6.5819425e-01
   7.6600000e+02   2.1007747e+00   6.7132989e-01
   7.6700000e+02   2.1050447e+00   6.8241864e-01
   7.6800000e+02   2.1079925e+00   6.9107874e-01
   7.6900000e+02   2.1083013e+00   6.9918041e-01
   7.7000000e+02   2.1084678e+00   7.0490484e-01
   7.7100000e+02   2.1077318e+00   7.1224458e-01
   7.7200000e+02   2.1059007e+00   7.2140512e-01
   7.7300000e+02   2.1045164e+00   7.3391945e-01
   7.7400000e+02   2.1045270e+00   7.4777654e-01
   7.7500000e+02   2.1054945e+00   7.6486895e-01
   7.7600000e+02   2.1079833e+00   7.8190153e-01
   7.7700000e+02   2.1102207e+00   7.9739886e-01
   7.7800000e+02   2.1137046e+00   8.1047426e-01
   7.7900000e+02   2.1174451e+00   8.2208041e-01
   7.8000000e+02   2.1210117e+00   8.3340384e-01
   7.8100000e+02   2.1243262e+00   8.4381407e-01
   7.8200000e+02   2.1271892e+00   8.5350022e-01
   7.8300000e+02   2.1303163e+00   8.6255653e-01
   7.8400000e+02   2.1321403e+00   8.6989387e-01
   7.8500000e+02   2.1327327e+00   8.7426016e-01
   7.8600000e+02   2.1325954e+00   8.7628961e-01
   7.8700000e+02   2.1323047e+00   8.7705524e-01
   7.8800000e+02   2.1323903e+00   8.7454378e-01
   7.8900000e+02   2.1333728e+00   8.7124997e-01
   7.9000000e+02   2.1349122e+00   8.6720905e-01
   7.9100000e+02   2.1380797e+00   8.6287608e-01
   7.9200000e+02   2.1421829e+00   8.5771966e-01
   7.9300000e+02   2.1487564e+00   8.5028342e-01
   7.9400000e+02   2.1541663e+00   8.4183908e-01
   7.9500000e+02   2.1612142e+00   8.2947855e-01
   7.9600000e+02   2.1672670e+00   8.1719624e-01
   7.9700000e+02   2.1737697e+00   8.0525349e-01
   7.9800000e+02   2.1828391e+00   7.9209014e-01
   7.9900000e+02   2.1947411e+00   7.7964397e-01
   8.0000000e+02   2.2067448e+00   7.6888248e-01
   8.0100000e+02   2.2161478e+00   7.6301327e-01
   8.0200000e+02   2.2204694e+00   7.6094679e-01
   8.0300000e+02   2.2231224e+00   7.6104437e-01
   8.0400000e+02   2.2239467e+00   7.6174461e-01
   8.0500000e+02   2.2247590e+00   7.6226378e-01
   8.0600000e+02   2.2260636e+00   7.6190351e-01
   8.0700000e+02   2.2291169e+00   7.6179073e-01
   8.0800000e+02   2.2329013e+00   7.6288304e-01
   8.0900000e+02   2.2375340e+00   7.6307029e-01
   8.1000000e+02   2.2413737e+00   7.6327260e-01
   8.1100000e+02   2.2457186e+00   7.6305591e-01
   8.1200000e+02   2.2505140e+00   7.6389553e-01
   8.1300000e+02   2.2563877e+00   7.6428811e-01
   8.1400000e+02   2.2642604e+00   7.6449649e-01
   8.1500000e+02   2.2723505e+00   7.6485581e-01
   8.1600000e+02   2.2808788e+00   7.6494252e-01
   8.1700000e+02   2.2878849e+00   7.6445324e-01
   8.1800000e+02   2.2916601e+00   7.6414848e-01
   8.1900000e+02   2.2925959e+00   7.6515054e-01
   8.2000000e+02   2.2918248e+00   7.6579878e-01
   8.2100000e+02   2.2918805e+00   7.6615163e-01
   8.2200000e+02   2.2932192e+00   7.6463002e-01
   8.2300000e+02   2.2988691e+00   7.6005340e-01
   8.2400000e+02   2.3070355e+00   7.5472373e-01
   8.2500000e+02   2.3176969e+00   7.4972119e-01
   8.2600000e+02   2.3280378e+00   7.4708276e-01
   8.2700000e+02   2.3374840e+00   7.4740561e-01
   8.2800000e+02   2.3451972e+00   7.4923022e-01
   8.2900000e+02   2.3500579e+00   7.5239183e-01
   8.3000000e+02   2.3510577e+00   7.5436735e-01
   8.3100000e+02   2.3486701e+00   7.5495256e-01
   8.3200000e+02   2.3442868e+00   7.5299886e-01
   8.3300000e+02   2.3393754e+00   7.4915501e-01
   8.3400000e+02   2.3338206e+00   7.4383928e-01
   8.3500000e+02   2.3280360e+00   7.3641297e-01
   8.3600000e+02   2.3218428e+00   7.2964849e-01
   8.3700000e+02   2.3158481e+00   7.2250024e-01
   8.3800000e+02   2.3080005e+00   7.1674837e-01
   8.3900000e+02   2.3000082e+00   7.1217074e-01
   8.4000000e+02   2.2913753e+00   7.0849797e-01
   8.4100000e+02   2.2842402e+00   7.0621917e-01
   8.4200000e+02   2.2797167e+00   7.0542520e-01
   8.4300000e+02   2.2785785e+00   7.0418398e-01
   8.4400000e+02   2.2821504e+00   7.0300836e-01
   8.4500000e+02   2.2886856e+00   7.0135018e-01
   8.4600000e+02   2.2965063e+00   6.9941723e-01
   8.4700000e+02   2.3061917e+00   6.9857302e-01
   8.4800000e+02   2.3166244e+00   6.9971641e-01
   8.4900000e+02   2.3303046e+00   7.0465758e-01
   8.5000000e+02   2.3448448e+00   7.1479677e-01
   8.5100000e+02   2.3611111e+00   7.2808625e-01
   8.5200000e+02   2.3751311e+00   7.4488245e-01
   8.5300000e+02   2.3875385e+00   7.6559463e-01
   8.5400000e+02   2.3947611e+00   7.8512695e-01
   8.5500000e+02   2.3989602e+00   8.0332450e-01
   8.5600000e+02   2.4042236e+00   8.1745819e-01
   8.5700000e+02   2.4146888e+00   8.2731292e-01
   8.5800000e+02   2.4328395e+00   8.3389416e-01
   8.5900000e+02   2.4538370e+00   8.3716482e-01
   8.6000000e+02   2.4723828e+00   8.3823054e-01
   8.6100000e+02   2.4871935e+00   8.3707106e-01
   8.6200000e+02   2.4979288e+00   8.3569696e-01
   8.6300000e+02   2.5089514e+00   8.3267761e-01
   8.6400000e+02   2.5163766e+00   8.2929678e-01
   8.6500000e+02   2.5228383e+00   8.2545962e-01
   8.6600000e+02   2.5274247e+00   8.2157268e-01
   8.6700000e+02   2.5307239e+00   8.1748613e-01
   8.6800000e+02   2.5323856e+00   8.1453675e-01
   8.6900000e+02   2.5298697e+00   8.1255645e-01
   8.7000000e+02   2.5243975e+00   8.1194524e-01
   8.7100000e+02   2.5163277e+00   8.1401836e-01
   8.7200000e+02   2.5069307e+00   8.1706414e-01
   8.7300000e+02   2.4973188e+00   8.2140449e-01
   8.7400000e+02   2.4858192e+00   8.2716107e-01
   8.7500000e+02   2.4715874e+00   8.3365100e-01
   8.7600000e+02   2.4567294e+00   8.4206425e-01
   8.7700000e+02   2.4393103e+00   8.5119149e-01
   8.7800000e+02   2.4258774e+00   8.5808613e-01
   8.7900000e+02   2.4146891e+00   8.6210169e-01
   8.8000000e+02   2.4069626e+00   8.6285072e-01
   8.8100000e+02   2.4050399e+00   8.5885686e-01
   8.8200000e+02   2.4066892e+00   8.5124865e-01
   8.8300000e+02   2.4122472e+00   8.4173741e-01
   8.8400000e+02   2.4193666e+00   8.3154940e-01
   8.8500000e+02   2.4257846e+00   8.2174133e-01
   8.8600000e+02   2.4313530e+00   8.1262311e-01
   8.8700000e+02   2.4338942e+00   8.0617183e-01
   8.8800000e+02   2.4335559e+00   8.0416318e-01
   8.8900000e+02   2.4334150e+00   8.0788833e-01
   8.9000000e+02   2.4338131e+00   8.1648253e-01
   8.9100000e+02   2.4363661e+00   8.2702031e-01
   8.9200000e+02   2.4398734e+00   8.4096106e-01
   8.9300000e+02   2.4410733e+00   8.5574238e-01
   8.9400000e+02   2.4410181e+00   8.7365586e-01
   8.9500000e+02   2.4393543e+00   8.9150533e-01
   8.9600000e+02   2.4357456e+00   9.0661032e-01
   8.9700000e+02   2.4315608e+00   9.1970282e-01
   8.9800000e+02   2.4291774e+00   9.3026387e-01
   8.9900000e+02   2.4284298e+00   9.3795148e-01
   9.0000000e+02   2.4278758e+00   9.4298397e-01
   9.0100000e+02   2.4281790e+00   9.4457518e-01
   9.0200000e+02   2.4265198e+00   9.4482034e-01
   9.0300000e+02   2.4256821e+00   9.4403305e-01
   9.0400000e+02   2.4269348e+00   9.4379956e-01
   9.0500000e+02   2.4303946e+00   9.4403270e-01
   9.0600000e+02   2.4372445e+00   9.4493892e-01
   9.0700000e+02   2.4458285e+00   9.4705229e-01
   9.0800000e+02   2.4574479e+00   9.5002382e-01
   9.0900000e+02   2.4703497e+00   9.5378660e-01
   9.1000000e+02   2.4839914e+00   9.5766094e-01
   9.1100000e+02   2.4980629e+00   9.6263509e-01
   9.1200000e+02   2.5110189e+00   9.6591652e-01
   9.1300000e+02   2.5235649e+00   9.7081036e-01
   9.1400000e+02   2.5338981e+00   9.7461059e-01
   9.1500000e+02   2.5433035e+00   9.7589279e-01
   9.1600000e+02   2.5518197e+00   9.7592748e-01
   9.1700000e+02   2.5600819e+00   9.7512788e-01
   9.1800000e+02   2.5669876e+00   9.7298787e-01
   9.1900000e+02   2.5738524e+00   9.7007859e-01
   9.2000000e+02   2.5808319e+00   9.6733509e-01
   9.2100000e+02   2.5873115e+00   9.6378815e-01
   9.2200000e+02   2.5939312e+00   9.6041433e-01
   9.2300000e+02   2.6017960e+00   9.5804111e-01
   9.2400000e+02   2.6097782e+00   9.5624468e-01
   9.2500000e+02   2.6160320e+00   9.5598635e-01
   9.2600000e+02   2.6220627e+00   9.5647218e-01
   9.2700000e+02   2.6273263e+00   9.5913353e-01
   9.2800000e+02   2.6303722e+00   9.6402703e-01
   9.2900000e+02   2.6338913e+00   9.7214554e-01
   9.3000000e+02   2.6359895e+00   9.8343843e-01
   9.3100000e+02   2.6389243e+00   9.9912099e-01
   9.3200000e+02   2.6387172e+00   1.0185376e+00
   9.3300000e+02   2.6372458e+00   1.0409354e+00
   9.3400000e+02   2.6345380e+00   1.0634737e+00
   9.3500000e+02   2.6303035e+00   1.0848653e+00
   9.3600000e+02   2.6254475e+00   1.1029658e+00
   9.3700000e+02   2.6205809e+00   1.1162199e+00
   9.3800000e+02   2.6156700e+00   1.1260535e+00
   9.3900000e+02   2.6084518e+00   1.1318148e+00
   9.4000000e+02   2.5999997e+00   1.1361295e+00
   9.4100000e+02   2.5891573e+00   1.1384065e+00
   9.4200000e+02   2.5782400e+00   1.1375502e+00
   9.4300000e+02   2.5687504e+00   1.1341137e+00
   9.4400000e+02   2.5615830e+00   1.1284807e+00
   9.4500000e+02   2.5583746e+00   1.1227725e+00
   9.4600000e+02   2.5576938e+00   1.1179132e+00
   9.4700000e+02   2.5577432e+00   1.1127363e+00
   9.4800000e+02   2.5562006e+00   1.1066014e+00
   9.4900000e+02   2.5535450e+00   1.0996110e+00
   9.5000000e+02   2.5468464e+00   1.0951389e+00
   9.5100000e+02   2.5368072e+00   1.0926422e+00
   9.5200000e+02   2.5242927e+00   1.0907313e+00
   9.5300000e+02   2.5118604e+00   1.0893433e+00
   9.5400000e+02   2.4984627e+00   1.0887062e+00
   9.5500000e+02   2.4858218e+00   1.0860584e+00
   9.5600000e+02   2.4716848e+00   1.0824766e+00
   9.5700000e+02   2.4571513e+00   1.0746735e+00
   9.5800000e+02   2.4419939e+00   1.0622291e+00
   9.5900000e+02   2.4273056e+00   1.0445979e+00
   9.6000000e+02   2.4141639e+00   1.0230391e+00
   9.6100000e+02   2.4035098e+00   9.9797321e-01
   9.6200000e+02   2.3938774e+00   9.6987986e-01
   9.6300000e+02   2.3868604e+00   9.3964454e-01
   9.6400000e+02   2.3801541e+00   9.0950469e-01
   9.6500000e+02   2.3717893e+00   8.7969680e-01
   9.6600000e+02   2.3606233e+00   8.5118568e-01
   9.6700000e+02   2.3490566e+00   8.2585029e-01
   9.6800000e+02   2.3371945e+00   8.0254943e-01
   9.6900000e+02   2.3258262e+00   7.7987011e-01
   9.7000000e+02   2.3131303e+00   7.5945082e-01
   9.7100000e+02   2.3003056e+00   7.4061466e-01
   9.7200000e+02   2.2882373e+00   7.2634405e-01
   9.7300000e+02   2.2754689e+00   7.1585597e-01
   9.7400000e+02   2.2628217e+00   7.1029862e-01
   9.7500000e+02   2.2473128e+00   7.0658272e-01
   9.7600000e+02   2.2290423e+00   7.0963274e-01
   9.7700000e+02   2.2070829e+00   7.1504356e-01
   9.7800000e+02   2.1810049e+00   7.2149518e-01
   9.7900000e+02   2.1525798e+00   7.2732893e-01
   9.8000000e+02   2.1236850e+00   7.2936013e-01
   9.8100000e+02   2.0973541e+00   7.2552729e-01
   9.8200000e+02   2.0734351e+00   7.1529499e-01
   9.8300000e+02   2.0506285e+00   7.0147203e-01
   9.8400000e+02   2.0289173e+00   6.8537042e-01
   9.8500000e+02   2.0110096e+00   6.6918844e-01
   9.8600000e+02   1.9947804e+00   6.5519272e-01
   9.8700000e+02   1.9800447e+00   6.4027772e-01
   9.8800000e+02   1.9647011e+00   6.2900838e-01
   9.8900000e+02   1.9467310e+00   6.1981532e-01
   9.9000000e+02   1.9281242e+00   6.1458446e-01
   9.9100000e+02   1.9104152e+00   6.1154179e-01
   9.9200000e+02   1.8933783e+00   6.1060024e-01
   9.9300000e+02   1.8773297e+00   6.1193642e-01
   9.9400000e+02   1.8631203e+00   6.1441432e-01
   9.9500000e+02   1.8511994e+00   6.1962195e-01
   9.9600000e+02   1.8403264e+00   6.2488168e-01
   9.9700000e+02   1.8290558e+00   6.3352598e-01
   9.9800000e+02   1.8158104e+00   6.4194545e-01
   9.9900000e+02   1.8010604e+00   6.5176268e-01
   1.0000000e+03   1.7833770e+00   6.6340532e-01
   1.0010000e+03   1.7650790e+00   6.7605976e-01
   1.0020000e+03   1.7463562e+00   6.8901127e-01
   1.0030000e+03   1.7283271e+00   7.0061667e-01
   1.0040000e+03   1.7129373e+00   7.1045579e-01
   1.0050000e+03   1.6997678e+00   7.1904445e-01
   1.0060000e+03   1.6880365e+00   7.2637801e-01
   1.0070000e+03   1.6772988e+00   7.3169330e-01
   1.0080000e+03   1.6676512e+00   7.3611069e-01
   1.0090000e+03   1.6567242e+00   7.4046928e-01
   1.0100000e+03   1.6474734e+00   7.4714958e-01
   1.0110000e+03   1.6409447e+00   7.5751445e-01
   1.0120000e+03   1.6369343e+00   7.7223898e-01
   1.0130000e+03   1.6332029e+00   7.8913307e-01
   1.0140000e+03   1.6301517e+00   8.0645410e-01
   1.0150000e+03   1.6269815e+00   8.2648874e-01
   1.0160000e+03   1.6236784e+00   8.4789444e-01
   1.0170000e+03   1.6197148e+00   8.6823220e-01
   1.0180000e+03   1.6155483e+00   8.8400831e-01
   1.0190000e+03   1.6118400e+00   8.9681337e-01
   1.0200000e+03   1.6099737e+00   9.0499415e-01
   1.0210000e+03   1.6093917e+00   9.0976628e-01
   1.0220000e+03   1.6095846e+00   9.1247774e-01
   1.0230000e+03   1.6103778e+00   9.1379263e-01
   1.0240000e+03   1.6113602e+00   9.1345047e-01
   1.0250000e+03   1.6141330e+00   9.1146398e-01
   1.0260000e+03   1.6190614e+00   9.0684752e-01
   1.0270000e+03   1.6252606e+00   8.9855203e-01
   1.0280000e+03   1.6322766e+00   8.8956576e-01
   1.0290000e+03   1.6397860e+00   8.7890739e-01
   1.0300000e+03   1.6466825e+00   8.6774446e-01
   1.0310000e+03   1.6521700e+00   8.5408549e-01
   1.0320000e+03   1.6576282e+00   8.3834681e-01
   1.0330000e+03   1.6652983e+00   8.2176704e-01
   1.0340000e+03   1.6731143e+00   8.0443024e-01
   1.0350000e+03   1.6819445e+00   7.8798156e-01
   1.0360000e+03   1.6910489e+00   7.7557984e-01
   1.0370000e+03   1.6996310e+00   7.6523264e-01
   1.0380000e+03   1.7055848e+00   7.5755334e-01
   1.0390000e+03   1.7090124e+00   7.5141547e-01
   1.0400000e+03   1.7107487e+00   7.4753684e-01
   1.0410000e+03   1.7120841e+00   7.4524164e-01
   1.0420000e+03   1.7134414e+00   7.4309740e-01
   1.0430000e+03   1.7139821e+00   7.4115462e-01
   1.0440000e+03   1.7154444e+00   7.4054208e-01
   1.0450000e+03   1.7161193e+00   7.4179672e-01
   1.0460000e+03   1.7149521e+00   7.4476305e-01
   1.0470000e+03   1.7122616e+00   7.4962873e-01
   1.0480000e+03   1.7072769e+00   7.5473300e-01
   1.0490000e+03   1.7016798e+00   7.6033829e-01
   1.0500000e+03   1.6958932e+00   7.6552861e-01
   1.0510000e+03   1.6892864e+00   7.7241112e-01
   1.0520000e+03   1.6829162e+00   7.7967618e-01
   1.0530000e+03   1.6759895e+00   7.8545264e-01
   1.0540000e+03   1.6690047e+00   7.8905744e-01
   1.0550000e+03   1.6623984e+00   7.8995640e-01
   1.0560000e+03   1.6557452e+00   7.8873533e-01
   1.0570000e+03   1.6495930e+00   7.8535167e-01
   1.0580000e+03   1.6450895e+00   7.8002768e-01
   1.0590000e+03   1.6398743e+00   7.7517374e-01
   1.0600000e+03   1.6362886e+00   7.6965093e-01
   1.0610000e+03   1.6327048e+00   7.6324705e-01
   1.0620000e+03   1.6291978e+00   7.5640559e-01
   1.0630000e+03   1.6253196e+00   7.4957005e-01
   1.0640000e+03   1.6199679e+00   7.4302039e-01
   1.0650000e+03   1.6138113e+00   7.3759079e-01
   1.0660000e+03   1.6062396e+00   7.3101755e-01
   1.0670000e+03   1.5979484e+00   7.2420009e-01
   1.0680000e+03   1.5897010e+00   7.1800217e-01
   1.0690000e+03   1.5823256e+00   7.1288998e-01
   1.0700000e+03   1.5752632e+00   7.0753980e-01
   1.0710000e+03   1.5684960e+00   7.0359354e-01
   1.0720000e+03   1.5630604e+00   7.0073513e-01
   1.0730000e+03   1.5582358e+00   6.9833560e-01
   1.0740000e+03   1.5535687e+00   6.9664787e-01
   1.0750000e+03   1.5499071e+00   6.9676863e-01
   1.0760000e+03   1.5475135e+00   6.9788152e-01
   1.0770000e+03   1.5460390e+00   6.9990710e-01
   1.0780000e+03   1.5469078e+00   7.0283748e-01
   1.0790000e+03   1.5484895e+00   7.0595854e-01
   1.0800000e+03   1.5515997e+00   7.0933192e-01
   1.0810000e+03   1.5550551e+00   7.1235413e-01
   1.0820000e+03   1.5592475e+00   7.1354686e-01
   1.0830000e+03   1.5639961e+00   7.1495003e-01
   1.0840000e+03   1.5688476e+00   7.1365565e-01
   1.0850000e+03   1.5749970e+00   7.1253137e-01
   1.0860000e+03   1.5812576e+00   7.1029245e-01
   1.0870000e+03   1.5865061e+00   7.0726777e-01
   1.0880000e+03   1.5914638e+00   7.0359442e-01
   1.0890000e+03   1.5953913e+00   7.0023520e-01
   1.0900000e+03   1.5996785e+00   6.9604878e-01
   1.0910000e+03   1.6027278e+00   6.9276066e-01
   1.0920000e+03   1.6057356e+00   6.8849152e-01
   1.0930000e+03   1.6083632e+00   6.8452789e-01
   1.0940000e+03   1.6106069e+00   6.7794466e-01
   1.0950000e+03   1.6135243e+00   6.7114015e-01
   1.0960000e+03   1.6160906e+00   6.6436990e-01
   1.0970000e+03   1.6183495e+00   6.5802808e-01
   1.0980000e+03   1.6205483e+00   6.5222110e-01
   1.0990000e+03   1.6230695e+00   6.4761230e-01
   1.1000000e+03   1.6255323e+00   6.4285817e-01
   1.1010000e+03   1.6282568e+00   6.3854449e-01
   1.1020000e+03   1.6305226e+00   6.3242191e-01
   1.1030000e+03   1.6311401e+00   6.2600094e-01
   1.1040000e+03   1.6319780e+00   6.1903687e-01
   1.1050000e+03   1.6316835e+00   6.1189794e-01
   1.1060000e+03   1.6297744e+00   6.0553651e-01
   1.1070000e+03   1.6264097e+00   5.9872229e-01
   1.1080000e+03   1.6208945e+00   5.9168124e-01
   1.1090000e+03   1.6141012e+00   5.8610089e-01
   1.1100000e+03   1.6038714e+00   5.8170616e-01
   1.1110000e+03   1.5919993e+00   5.8008462e-01
   1.1120000e+03   1.5769921e+00   5.8006406e-01
   1.1130000e+03   1.5602331e+00   5.8164791e-01
   1.1140000e+03   1.5423372e+00   5.8366915e-01
   1.1150000e+03   1.5233713e+00   5.8701831e-01
   1.1160000e+03   1.5066104e+00   5.8982809e-01
   1.1170000e+03   1.4901425e+00   5.9220608e-01
   1.1180000e+03   1.4776250e+00   5.9541077e-01
   1.1190000e+03   1.4658205e+00   5.9896497e-01
   1.1200000e+03   1.4549818e+00   6.0373611e-01
   1.1210000e+03   1.4455661e+00   6.0837655e-01
   1.1220000e+03   1.4376338e+00   6.1290146e-01
   1.1230000e+03   1.4294686e+00   6.1775409e-01
   1.1240000e+03   1.4232421e+00   6.2192095e-01
   1.1250000e+03   1.4184836e+00   6.2535785e-01
   1.1260000e+03   1.4156833e+00   6.2900945e-01
   1.1270000e+03   1.4147336e+00   6.3158183e-01
   1.1280000e+03   1.4165786e+00   6.3361237e-01
   1.1290000e+03   1.4207516e+00   6.3421790e-01
   1.1300000e+03   1.4280407e+00   6.3433674e-01
   1.1310000e+03   1.4382008e+00   6.3498174e-01
   1.1320000e+03   1.4506675e+00   6.3674864e-01
   1.1330000e+03   1.4631497e+00   6.3837433e-01
   1.1340000e+03   1.4745322e+00   6.3818820e-01
   1.1350000e+03   1.4857640e+00   6.3972455e-01
   1.1360000e+03   1.4960431e+00   6.4076939e-01
   1.1370000e+03   1.5051419e+00   6.4109865e-01
   1.1380000e+03   1.5146567e+00   6.4158268e-01
   1.1390000e+03   1.5235786e+00   6.4200599e-01
   1.1400000e+03   1.5316137e+00   6.4212068e-01
   1.1410000e+03   1.5395395e+00   6.4207862e-01
   1.1420000e+03   1.5453795e+00   6.4091368e-01
   1.1430000e+03   1.5506297e+00   6.4065729e-01
   1.1440000e+03   1.5551152e+00   6.4070133e-01
   1.1450000e+03   1.5586326e+00   6.4035680e-01
   1.1460000e+03   1.5602296e+00   6.3978091e-01
   1.1470000e+03   1.5612239e+00   6.3989547e-01
   1.1480000e+03   1.5603245e+00   6.3836593e-01
   1.1490000e+03   1.5583517e+00   6.3696563e-01
   1.1500000e+03   1.5547911e+00   6.3353306e-01
   1.1510000e+03   1.5492550e+00   6.3069067e-01
   1.1520000e+03   1.5434898e+00   6.2738408e-01
   1.1530000e+03   1.5364398e+00   6.2240308e-01
   1.1540000e+03   1.5305289e+00   6.1658569e-01
   1.1550000e+03   1.5255156e+00   6.1068323e-01
   1.1560000e+03   1.5213447e+00   6.0384285e-01
   1.1570000e+03   1.5176933e+00   5.9730604e-01
   1.1580000e+03   1.5142821e+00   5.8967601e-01
   1.1590000e+03   1.5110968e+00   5.8165615e-01
   1.1600000e+03   1.5076298e+00   5.7368867e-01
   1.1610000e+03   1.5050316e+00   5.6633938e-01
   1.1620000e+03   1.5019615e+00   5.5848592e-01
   1.1630000e+03   1.4989645e+00   5.5138849e-01
   1.1640000e+03   1.4964434e+00   5.4429650e-01
   1.1650000e+03   1.4931547e+00   5.3877414e-01
   1.1660000e+03   1.4901308e+00   5.3356877e-01
   1.1670000e+03   1.4865926e+00   5.2827477e-01
   1.1680000e+03   1.4823975e+00   5.2361155e-01
   1.1690000e+03   1.4779416e+00   5.1922015e-01
   1.1700000e+03   1.4729383e+00   5.1638951e-01
   1.1710000e+03   1.4673336e+00   5.1453231e-01
   1.1720000e+03   1.4624877e+00   5.1426135e-01
   1.1730000e+03   1.4582594e+00   5.1520591e-01
   1.1740000e+03   1.4553355e+00   5.1790567e-01
   1.1750000e+03   1.4540238e+00   5.2263141e-01
   1.1760000e+03   1.4548546e+00   5.2846090e-01
   1.1770000e+03   1.4573072e+00   5.3692933e-01
   1.1780000e+03   1.4614584e+00   5.4438139e-01
   1.1790000e+03   1.4651696e+00   5.5319708e-01
   1.1800000e+03   1.4689349e+00   5.6204187e-01
   1.1810000e+03   1.4728662e+00   5.6851794e-01
   1.1820000e+03   1.4758140e+00   5.7348406e-01
   1.1830000e+03   1.4778401e+00   5.7669977e-01
   1.1840000e+03   1.4790146e+00   5.7955173e-01
   1.1850000e+03   1.4797215e+00   5.8223974e-01
   1.1860000e+03   1.4795160e+00   5.8479241e-01
   1.1870000e+03   1.4799051e+00   5.8742047e-01
   1.1880000e+03   1.4809899e+00   5.9100832e-01
   1.1890000e+03   1.4833791e+00   5.9525208e-01
   1.1900000e+03   1.4859540e+00   6.0187892e-01
   1.1910000e+03   1.4916366e+00   6.0803333e-01
   1.1920000e+03   1.4980067e+00   6.1477884e-01
   1.1930000e+03   1.5058682e+00   6.2059016e-01
   1.1940000e+03   1.5141439e+00   6.2452659e-01
   1.1950000e+03   1.5223020e+00   6.2702714e-01
   1.1960000e+03   1.5298064e+00   6.2779706e-01
   1.1970000e+03   1.5359657e+00   6.2796165e-01
   1.1980000e+03   1.5428808e+00   6.2843700e-01
   1.1990000e+03   1.5485835e+00   6.2904426e-01
   1.2000000e+03   1.5528296e+00   6.2948004e-01
   1.2010000e+03   1.5567417e+00   6.3025066e-01
   1.2020000e+03   1.5572944e+00   6.3291189e-01
   1.2030000e+03   1.5576900e+00   6.3589248e-01
   1.2040000e+03   1.5568068e+00   6.4020256e-01
   1.2050000e+03   1.5552559e+00   6.4377862e-01
   1.2060000e+03   1.5517689e+00   6.4818379e-01
   1.2070000e+03   1.5490605e+00   6.5106819e-01
   1.2080000e+03   1.5460844e+00   6.5312186e-01
   1.2090000e+03   1.5429030e+00   6.5392565e-01
   1.2100000e+03   1.5393623e+00   6.5379739e-01
   1.2110000e+03   1.5376557e+00   6.5317720e-01
   1.2120000e+03   1.5351339e+00   6.4961055e-01
   1.2130000e+03   1.5341752e+00   6.4603107e-01
   1.2140000e+03   1.5346137e+00   6.4054805e-01
   1.2150000e+03   1.5346722e+00   6.3423646e-01
   1.2160000e+03   1.5346334e+00   6.2782878e-01
   1.2170000e+03   1.5339512e+00   6.2125211e-01
   1.2180000e+03   1.5335830e+00   6.1570699e-01
   1.2190000e+03   1.5333532e+00   6.1249046e-01
   1.2200000e+03   1.5325208e+00   6.0900266e-01
   1.2210000e+03   1.5320665e+00   6.0721777e-01
   1.2220000e+03   1.5317121e+00   6.0578056e-01
   1.2230000e+03   1.5319174e+00   6.0508280e-01
   1.2240000e+03   1.5318388e+00   6.0363530e-01
   1.2250000e+03   1.5329138e+00   6.0297209e-01
   1.2260000e+03   1.5344905e+00   6.0043516e-01
   1.2270000e+03   1.5385614e+00   5.9753008e-01
   1.2280000e+03   1.5434323e+00   5.9448076e-01
   1.2290000e+03   1.5508038e+00   5.9167141e-01
   1.2300000e+03   1.5590487e+00   5.8893082e-01
   1.2310000e+03   1.5669065e+00   5.8703323e-01
   1.2320000e+03   1.5743196e+00   5.8615094e-01
   1.2330000e+03   1.5813861e+00   5.8647762e-01
   1.2340000e+03   1.5867764e+00   5.8812462e-01
   1.2350000e+03   1.5912298e+00   5.9037313e-01
   1.2360000e+03   1.5951647e+00   5.9315167e-01
   1.2370000e+03   1.6002743e+00   5.9650928e-01
   1.2380000e+03   1.6046235e+00   5.9882606e-01
   1.2390000e+03   1.6099101e+00   6.0125443e-01
   1.2400000e+03   1.6150193e+00   6.0250000e-01
   1.2410000e+03   1.6197818e+00   6.0360816e-01
   1.2420000e+03   1.6236987e+00   6.0504608e-01
   1.2430000e+03   1.6258865e+00   6.0576045e-01
   1.2440000e+03   1.6276177e+00   6.0553506e-01
   1.2450000e+03   1.6277605e+00   6.0469798e-01
   1.2460000e+03   1.6268951e+00   6.0386177e-01
   1.2470000e+03   1.6250874e+00   6.0341146e-01
   1.2480000e+03   1.6230058e+00   6.0302969e-01
   1.2490000e+03   1.6204776e+00   6.0194068e-01
   1.2500000e+03   1.6182697e+00   6.0217386e-01
   1.2510000e+03   1.6156455e+00   6.0362322e-01
   1.2520000e+03   1.6131413e+00   6.0480957e-01
   1.2530000e+03   1.6111109e+00   6.0787640e-01
   1.2540000e+03   1.6077092e+00   6.1109410e-01
   1.2550000e+03   1.6031556e+00   6.1257846e-01
   1.2560000e+03   1.5984182e+00   6.1258799e-01
   1.2570000e+03   1.5932499e+00   6.1130425e-01
   1.2580000e+03   1.5860661e+00   6.1024043e-01
   1.2590000e+03   1.5766229e+00   6.0858791e-01
   1.2600000e+03   1.5648843e+00   6.0768838e-01
   1.2610000e+03   1.5515294e+00   6.0730078e-01
   1.2620000e+03   1.5372271e+00   6.0593945e-01
   1.2630000e+03   1.5220623e+00   6.0496770e-01
   1.2640000e+03   1.5070304e+00   6.0321541e-01
   1.2650000e+03   1.4923355e+00   6.0053720e-01
   1.2660000e+03   1.4787003e+00   5.9788218e-01
   1.2670000e+03   1.4668371e+00   5.9526386e-01
   1.2680000e+03   1.4586589e+00   5.9412794e-01
   1.2690000e+03   1.4512145e+00   5.9091988e-01
   1.2700000e+03   1.4475796e+00   5.8871805e-01
   1.2710000e+03   1.4467833e+00   5.8487744e-01
   1.2720000e+03   1.4525487e+00   5.9326645e-01
   1.2730000e+03   1.4592720e+00   5.8383938e-01
   1.2740000e+03   1.4607874e+00   6.2607724e-01
   1.2750000e+03   1.4653980e+00   6.2842428e-01
   1.2760000e+03   1.4706900e+00   6.3061549e-01
   1.2770000e+03   1.4651136e+00   6.1443455e-01
   1.2780000e+03   1.4705425e+00   6.1054333e-01
   1.2790000e+03   1.4751305e+00   6.0926055e-01
   1.2800000e+03   1.4812176e+00   5.9809747e-01
   1.2810000e+03   1.4835731e+00   6.0301227e-01
   1.2820000e+03   1.4885869e+00   5.9980440e-01
   1.2830000e+03   1.4936787e+00   5.9591787e-01
   1.2840000e+03   1.4992097e+00   5.9141480e-01
   1.2850000e+03   1.5038541e+00   5.8640529e-01
   1.2860000e+03   1.5086631e+00   5.8165943e-01
   1.2870000e+03   1.5128056e+00   5.7605012e-01
   1.2880000e+03   1.5148757e+00   5.7118041e-01
   1.2890000e+03   1.5159159e+00   5.6585795e-01
   1.2900000e+03   1.5160188e+00   5.6052564e-01
   1.2910000e+03   1.5145014e+00   5.5604577e-01
   1.2920000e+03   1.5098663e+00   5.5062578e-01
   1.2930000e+03   1.5039501e+00   5.4560223e-01
   1.2940000e+03   1.4967186e+00   5.4025463e-01
   1.2950000e+03   1.4897829e+00   5.3577028e-01
   1.2960000e+03   1.4844670e+00   5.3222511e-01
   1.2970000e+03   1.4802410e+00   5.3087803e-01
   1.2980000e+03   1.4763282e+00   5.3041105e-01
   1.2990000e+03   1.4739478e+00   5.3123626e-01
   1.3000000e+03   1.4722585e+00   5.3282763e-01
   1.3010000e+03   1.4701578e+00   5.3513148e-01
   1.3020000e+03   1.4688748e+00   5.3863624e-01
   1.3030000e+03   1.4666226e+00   5.4186231e-01
   1.3040000e+03   1.4640407e+00   5.4597099e-01
   1.3050000e+03   1.4620958e+00   5.4977631e-01
   1.3060000e+03   1.4620847e+00   5.5546142e-01
   1.3070000e+03   1.4617163e+00   5.5911026e-01
   1.3080000e+03   1.4619335e+00   5.6247955e-01
   1.3090000e+03   1.4644879e+00   5.6637275e-01
   1.3100000e+03   1.4683123e+00   5.6818908e-01
   1.3110000e+03   1.4727154e+00   5.6868914e-01
   1.3120000e+03   1.4795023e+00   5.6897540e-01
   1.3130000e+03   1.4864057e+00   5.6764035e-01
   1.3140000e+03   1.4930001e+00   5.6528891e-01
   1.3150000e+03   1.4992482e+00   5.6306873e-01
   1.3160000e+03   1.5032330e+00   5.6196391e-01
   1.3170000e+03   1.5058615e+00   5.6250470e-01
   1.3180000e+03   1.5064820e+00   5.6217432e-01
   1.3190000e+03   1.5045563e+00   5.6233062e-01
   1.3200000e+03   1.5002566e+00   5.6160854e-01
   1.3210000e+03   1.4953265e+00   5.6165900e-01
   1.3220000e+03   1.4896975e+00   5.6052263e-01
   1.3230000e+03   1.4852440e+00   5.5913625e-01
   1.3240000e+03   1.4802681e+00   5.5645280e-01
   1.3250000e+03   1.4760541e+00   5.5296335e-01
   1.3260000e+03   1.4708464e+00   5.4983522e-01
   1.3270000e+03   1.4661866e+00   5.4576995e-01
   1.3280000e+03   1.4601169e+00   5.4203782e-01
   1.3290000e+03   1.4539362e+00   5.3920789e-01
   1.3300000e+03   1.4463860e+00   5.3705651e-01
   1.3310000e+03   1.4356495e+00   5.3520291e-01
   1.3320000e+03   1.4247201e+00   5.3450122e-01
   1.3330000e+03   1.4113829e+00   5.3464446e-01
   1.3340000e+03   1.3980262e+00   5.3419636e-01
   1.3350000e+03   1.3845949e+00   5.3493640e-01
   1.3360000e+03   1.3712642e+00   5.3522164e-01
   1.3370000e+03   1.3584455e+00   5.3547670e-01
   1.3380000e+03   1.3461361e+00   5.3614361e-01
   1.3390000e+03   1.3331296e+00   5.3662304e-01
   1.3400000e+03   1.3202798e+00   5.3747912e-01
   1.3410000e+03   1.3079258e+00   5.3832976e-01
   1.3420000e+03   1.2950687e+00   5.3857230e-01
   1.3430000e+03   1.2829900e+00   5.3939098e-01
   1.3440000e+03   1.2717956e+00   5.4067488e-01
   1.3450000e+03   1.2598688e+00   5.4090966e-01
   1.3460000e+03   1.2527825e+00   5.4236379e-01
   1.3470000e+03   1.2463600e+00   5.4253017e-01
   1.3480000e+03   1.2429441e+00   5.4121858e-01
   1.3490000e+03   1.2414651e+00   5.3888564e-01
   1.3500000e+03   1.2414473e+00   5.3624258e-01
   1.3510000e+03   1.2430732e+00   5.3250083e-01
   1.3520000e+03   1.2476778e+00   5.2824323e-01
   1.3530000e+03   1.2552539e+00   5.2480649e-01
   1.3540000e+03   1.2649162e+00   5.2113092e-01
   1.3550000e+03   1.2757184e+00   5.1735402e-01
   1.3560000e+03   1.2860002e+00   5.1385687e-01
   1.3570000e+03   1.2945087e+00   5.0932952e-01
   1.3580000e+03   1.3004295e+00   5.0492320e-01
   1.3590000e+03   1.3037462e+00   4.9995336e-01
   1.3600000e+03   1.3040946e+00   4.9545914e-01
   1.3610000e+03   1.3029923e+00   4.9036407e-01
   1.3620000e+03   1.3020203e+00   4.8630627e-01
   1.3630000e+03   1.3019817e+00   4.8328022e-01
   1.3640000e+03   1.3032364e+00   4.8099512e-01
   1.3650000e+03   1.3048212e+00   4.7967703e-01
   1.3660000e+03   1.3078769e+00   4.7947787e-01
   1.3670000e+03   1.3113643e+00   4.8022041e-01
   1.3680000e+03   1.3156424e+00   4.8169787e-01
   1.3690000e+03   1.3203271e+00   4.8319602e-01
   1.3700000e+03   1.3255935e+00   4.8620066e-01
   1.3710000e+03   1.3325005e+00   4.8930488e-01
   1.3720000e+03   1.3394373e+00   4.9327015e-01
   1.3730000e+03   1.3458531e+00   4.9841821e-01
   1.3740000e+03   1.3517043e+00   5.0280616e-01
   1.3750000e+03   1.3564957e+00   5.0919715e-01
   1.3760000e+03   1.3601809e+00   5.1677572e-01
   1.3770000e+03   1.3639658e+00   5.2306471e-01
   1.3780000e+03   1.3677035e+00   5.2951731e-01
   1.3790000e+03   1.3712153e+00   5.3434730e-01
   1.3800000e+03   1.3732766e+00   5.3922995e-01
   1.3810000e+03   1.3766030e+00   5.4339897e-01
   1.3820000e+03   1.3773873e+00   5.4847302e-01
   1.3830000e+03   1.3771058e+00   5.5347059e-01
   1.3840000e+03   1.3756439e+00   5.5834524e-01
   1.3850000e+03   1.3731040e+00   5.6178901e-01
   1.3860000e+03   1.3689802e+00   5.6271523e-01
   1.3870000e+03   1.3629146e+00   5.6224462e-01
   1.3880000e+03   1.3552527e+00   5.5936989e-01
   1.3890000e+03   1.3452632e+00   5.5273549e-01
   1.3900000e+03   1.3354971e+00   5.4530380e-01
   1.3910000e+03   1.3257055e+00   5.3659833e-01
   1.3920000e+03   1.3185734e+00   5.2811329e-01
   1.3930000e+03   1.3092664e+00   5.1917722e-01
   1.3940000e+03   1.3034524e+00   5.1177691e-01
   1.3950000e+03   1.2998522e+00   5.0349371e-01
   1.3960000e+03   1.2976734e+00   4.9482515e-01
   1.3970000e+03   1.2966530e+00   4.8727404e-01
   1.3980000e+03   1.2960194e+00   4.8087673e-01
   1.3990000e+03   1.2957255e+00   4.7693163e-01
   1.4000000e+03   1.2981461e+00   4.7520655e-01
   1.4010000e+03   1.3000008e+00   4.7168064e-01
   1.4020000e+03   1.3013353e+00   4.6706173e-01
   1.4030000e+03   1.3018655e+00   4.6208385e-01
   1.4040000e+03   1.3011556e+00   4.5727150e-01
   1.4050000e+03   1.3009894e+00   4.5170199e-01
   1.4060000e+03   1.3008149e+00   4.4885737e-01
   1.4070000e+03   1.3009994e+00   4.4699075e-01
   1.4080000e+03   1.2994602e+00   4.4747203e-01
   1.4090000e+03   1.2984290e+00   4.5220179e-01
   1.4100000e+03   1.2973332e+00   4.5599323e-01
   1.4110000e+03   1.2953406e+00   4.6247427e-01
   1.4120000e+03   1.2928946e+00   4.6730094e-01
   1.4130000e+03   1.2925592e+00   4.7317752e-01
   1.4140000e+03   1.2927736e+00   4.7760708e-01
   1.4150000e+03   1.2932357e+00   4.8091558e-01
   1.4160000e+03   1.2938456e+00   4.8364270e-01
   1.4170000e+03   1.2938515e+00   4.8435102e-01
   1.4180000e+03   1.2934950e+00   4.8343930e-01
   1.4190000e+03   1.2937334e+00   4.8198213e-01
   1.4200000e+03   1.2950582e+00   4.7953279e-01
   1.4210000e+03   1.2961381e+00   4.7723699e-01
   1.4220000e+03   1.2981699e+00   4.7630659e-01
   1.4230000e+03   1.2998355e+00   4.7636647e-01
   1.4240000e+03   1.3018618e+00   4.7807880e-01
   1.4250000e+03   1.3042339e+00   4.8037860e-01
   1.4260000e+03   1.3071472e+00   4.8351959e-01
   1.4270000e+03   1.3102430e+00   4.8599783e-01
   1.4280000e+03   1.3138982e+00   4.8852294e-01
   1.4290000e+03   1.3178531e+00   4.9047914e-01
   1.4300000e+03   1.3218365e+00   4.9120335e-01
   1.4310000e+03   1.3263512e+00   4.9221489e-01
   1.4320000e+03   1.3312040e+00   4.9269690e-01
   1.4330000e+03   1.3363880e+00   4.9241221e-01
   1.4340000e+03   1.3422149e+00   4.9084668e-01
   1.4350000e+03   1.3479138e+00   4.8895905e-01
   1.4360000e+03   1.3524642e+00   4.8543027e-01
   1.4370000e+03   1.3560428e+00   4.8250392e-01
   1.4380000e+03   1.3566141e+00   4.7904675e-01
   1.4390000e+03   1.3578282e+00   4.8033955e-01
   1.4400000e+03   1.3587460e+00   4.8261631e-01
   1.4410000e+03   1.3602937e+00   4.8859114e-01
   1.4420000e+03   1.3623936e+00   4.9461993e-01
   1.4430000e+03   1.3650196e+00   5.0202662e-01
   1.4440000e+03   1.3677322e+00   5.0922973e-01
   1.4450000e+03   1.3717034e+00   5.1514917e-01
   1.4460000e+03   1.3755406e+00   5.1915259e-01
   1.4470000e+03   1.3801473e+00   5.2214674e-01
   1.4480000e+03   1.3839798e+00   5.2241882e-01
   1.4490000e+03   1.3861905e+00   5.2096180e-01
   1.4500000e+03   1.3869765e+00   5.1817613e-01
   1.4510000e+03   1.3851012e+00   5.1444809e-01
   1.4520000e+03   1.3810130e+00   5.0882475e-01
   1.4530000e+03   1.3754082e+00   5.0058767e-01
   1.4540000e+03   1.3690632e+00   4.9572378e-01
   1.4550000e+03   1.3626311e+00   4.9057273e-01
   1.4560000e+03   1.3572515e+00   4.8453755e-01
   1.4570000e+03   1.3546745e+00   4.7885220e-01
   1.4580000e+03   1.3514017e+00   4.7406088e-01
   1.4590000e+03   1.3482264e+00   4.6855949e-01
   1.4600000e+03   1.3446930e+00   4.6330606e-01
   1.4610000e+03   1.3418091e+00   4.5996628e-01
   1.4620000e+03   1.3378925e+00   4.5665604e-01
   1.4630000e+03   1.3345927e+00   4.5335822e-01
   1.4640000e+03   1.3316282e+00   4.4984270e-01
   1.4650000e+03   1.3294738e+00   4.4729643e-01
   1.4660000e+03   1.3267944e+00   4.4398776e-01
   1.4670000e+03   1.3254076e+00   4.4027306e-01
   1.4680000e+03   1.3257645e+00   4.3775315e-01
   1.4690000e+03   1.3277396e+00   4.3671421e-01
   1.4700000e+03   1.3309763e+00   4.3693453e-01
   1.4710000e+03   1.3356125e+00   4.3828872e-01
   1.4720000e+03   1.3409653e+00   4.4000971e-01
   1.4730000e+03   1.3459875e+00   4.4311696e-01
   1.4740000e+03   1.3514731e+00   4.4629162e-01
   1.4750000e+03   1.3562601e+00   4.4794728e-01
   1.4760000e+03   1.3603128e+00   4.4826662e-01
   1.4770000e+03   1.3629871e+00   4.4811669e-01
   1.4780000e+03   1.3657521e+00   4.4701916e-01
   1.4790000e+03   1.3681614e+00   4.4621143e-01
   1.4800000e+03   1.3704570e+00   4.4589803e-01
   1.4810000e+03   1.3728035e+00   4.4619227e-01
   1.4820000e+03   1.3735906e+00   4.4657524e-01
   1.4830000e+03   1.3735018e+00   4.4576876e-01
   1.4840000e+03   1.3720668e+00   4.4411289e-01
   1.4850000e+03   1.3689643e+00   4.4339708e-01
   1.4860000e+03   1.3649245e+00   4.4229049e-01
   1.4870000e+03   1.3591999e+00   4.4239971e-01
   1.4880000e+03   1.3527417e+00   4.4319594e-01
   1.4890000e+03   1.3481543e+00   4.4586246e-01
   1.4900000e+03   1.3427129e+00   4.4980326e-01
   1.4910000e+03   1.3399254e+00   4.5586198e-01
   1.4920000e+03   1.3389828e+00   4.6256374e-01
   1.4930000e+03   1.3404183e+00   4.7061392e-01
   1.4940000e+03   1.3425240e+00   4.7872867e-01
   1.4950000e+03   1.3457435e+00   4.8789413e-01
   1.4960000e+03   1.3502526e+00   4.9635172e-01
   1.4970000e+03   1.3560354e+00   5.0486548e-01
   1.4980000e+03   1.3632038e+00   5.1314226e-01
   1.4990000e+03   1.3703677e+00   5.1899983e-01
   1.5000000e+03   1.3789134e+00   5.2443439e-01
   1.5010000e+03   1.3859065e+00   5.2657118e-01
   1.5020000e+03   1.3913024e+00   5.2933755e-01
   1.5030000e+03   1.3960123e+00   5.3013378e-01
   1.5040000e+03   1.4005382e+00   5.2946150e-01
   1.5050000e+03   1.4037782e+00   5.2739813e-01
   1.5060000e+03   1.4062894e+00   5.2627158e-01
   1.5070000e+03   1.4068286e+00   5.2268016e-01
   1.5080000e+03   1.4046752e+00   5.1874655e-01
   1.5090000e+03   1.4013151e+00   5.1477363e-01
   1.5100000e+03   1.3968123e+00   5.1130558e-01
   1.5110000e+03   1.3921972e+00   5.0821953e-01
   1.5120000e+03   1.3876594e+00   5.0561166e-01
   1.5130000e+03   1.3826514e+00   5.0390339e-01
   1.5140000e+03   1.3789604e+00   5.0096145e-01
   1.5150000e+03   1.3752855e+00   4.9878602e-01
   1.5160000e+03   1.3720847e+00   4.9502665e-01
   1.5170000e+03   1.3690827e+00   4.9120250e-01
   1.5180000e+03   1.3671700e+00   4.8779345e-01
   1.5190000e+03   1.3648595e+00   4.8473241e-01
   1.5200000e+03   1.3631898e+00   4.8030740e-01
   1.5210000e+03   1.3597826e+00   4.7622307e-01
   1.5220000e+03   1.3556205e+00   4.7180734e-01
   1.5230000e+03   1.3511649e+00   4.6713847e-01
   1.5240000e+03   1.3444504e+00   4.6250450e-01
   1.5250000e+03   1.3346189e+00   4.5902661e-01
   1.5260000e+03   1.3222910e+00   4.5763107e-01
   1.5270000e+03   1.3059452e+00   4.5727781e-01
   1.5280000e+03   1.2896951e+00   4.5679808e-01
   1.5290000e+03   1.2719182e+00   4.5803407e-01
   1.5300000e+03   1.2543279e+00   4.5818721e-01
   1.5310000e+03   1.2374435e+00   4.5697333e-01
   1.5320000e+03   1.2215880e+00   4.5530214e-01
   1.5330000e+03   1.2066961e+00   4.5264058e-01
   1.5340000e+03   1.1930899e+00   4.4999143e-01
   1.5350000e+03   1.1811790e+00   4.4711740e-01
   1.5360000e+03   1.1709698e+00   4.4381371e-01
   1.5370000e+03   1.1613983e+00   4.3997634e-01
   1.5380000e+03   1.1531605e+00   4.3676382e-01
   1.5390000e+03   1.1482816e+00   4.3359630e-01
   1.5400000e+03   1.1451258e+00   4.3150820e-01
   1.5410000e+03   1.1457626e+00   4.3011965e-01
   1.5420000e+03   1.1493345e+00   4.2926947e-01
   1.5430000e+03   1.1560006e+00   4.2972891e-01
   1.5440000e+03   1.1645757e+00   4.3021164e-01
   1.5450000e+03   1.1742518e+00   4.3158130e-01
   1.5460000e+03   1.1840236e+00   4.3393216e-01
   1.5470000e+03   1.1933291e+00   4.3748796e-01
   1.5480000e+03   1.2016047e+00   4.4210516e-01
   1.5490000e+03   1.2081414e+00   4.4671415e-01
   1.5500000e+03   1.2120704e+00   4.5297810e-01
   1.5510000e+03   1.2149146e+00   4.5835434e-01
   1.5520000e+03   1.2161275e+00   4.6250663e-01
   1.5530000e+03   1.2163061e+00   4.6450605e-01
   1.5540000e+03   1.2150933e+00   4.6441554e-01
   1.5550000e+03   1.2123853e+00   4.6258174e-01
   1.5560000e+03   1.2102450e+00   4.6252825e-01
   1.5570000e+03   1.2085789e+00   4.6213566e-01
   1.5580000e+03   1.2063790e+00   4.6174304e-01
   1.5590000e+03   1.2046103e+00   4.6192035e-01
   1.5600000e+03   1.2037847e+00   4.6273663e-01
   1.5610000e+03   1.2032319e+00   4.6261593e-01
   1.5620000e+03   1.2018704e+00   4.6367844e-01
   1.5630000e+03   1.2014953e+00   4.6388355e-01
   1.5640000e+03   1.2010820e+00   4.6427560e-01
   1.5650000e+03   1.1994224e+00   4.6585296e-01
   1.5660000e+03   1.1975305e+00   4.6851353e-01
   1.5670000e+03   1.1955967e+00   4.7143728e-01
   1.5680000e+03   1.1951934e+00   4.7391203e-01
   1.5690000e+03   1.1966621e+00   4.7569041e-01
   1.5700000e+03   1.1999447e+00   4.7606950e-01
   1.5710000e+03   1.2046128e+00   4.7508950e-01
   1.5720000e+03   1.2112435e+00   4.7367655e-01
   1.5730000e+03   1.2176808e+00   4.7085304e-01
   1.5740000e+03   1.2251608e+00   4.6758235e-01
   1.5750000e+03   1.2325108e+00   4.6359590e-01
   1.5760000e+03   1.2391386e+00   4.5955203e-01
   1.5770000e+03   1.2440154e+00   4.5488612e-01
   1.5780000e+03   1.2482486e+00   4.5018528e-01
   1.5790000e+03   1.2513944e+00   4.4642250e-01
   1.5800000e+03   1.2531438e+00   4.4316319e-01
   1.5810000e+03   1.2527349e+00   4.4111559e-01
   1.5820000e+03   1.2495669e+00   4.3896421e-01
   1.5830000e+03   1.2449841e+00   4.3781291e-01
   1.5840000e+03   1.2380797e+00   4.3757325e-01
   1.5850000e+03   1.2281754e+00   4.3906362e-01
   1.5860000e+03   1.2178260e+00   4.3902957e-01
   1.5870000e+03   1.2067238e+00   4.3957378e-01
   1.5880000e+03   1.1944704e+00   4.4032601e-01
   1.5890000e+03   1.1818763e+00   4.4067609e-01
   1.5900000e+03   1.1690038e+00   4.4086832e-01
   1.5910000e+03   1.1566501e+00   4.4193783e-01
   1.5920000e+03   1.1447517e+00   4.4413743e-01
   1.5930000e+03   1.1342756e+00   4.4637448e-01
   1.5940000e+03   1.1248694e+00   4.4846563e-01
   1.5950000e+03   1.1162758e+00   4.5119924e-01
   1.5960000e+03   1.1082960e+00   4.5338728e-01
   1.5970000e+03   1.1007852e+00   4.5574059e-01
   1.5980000e+03   1.0938820e+00   4.5612849e-01
   1.5990000e+03   1.0860018e+00   4.5585563e-01
   1.6000000e+03   1.0790743e+00   4.5647385e-01
   1.6010000e+03   1.0712447e+00   4.5761994e-01
   1.6020000e+03   1.0640264e+00   4.5881583e-01
   1.6030000e+03   1.0584814e+00   4.5960264e-01
   1.6040000e+03   1.0532198e+00   4.5831607e-01
   1.6050000e+03   1.0498853e+00   4.5582560e-01
   1.6060000e+03   1.0489221e+00   4.5247784e-01
   1.6070000e+03   1.0512549e+00   4.4806519e-01
   1.6080000e+03   1.0552614e+00   4.4153989e-01
   1.6090000e+03   1.0590459e+00   4.3324882e-01
   1.6100000e+03   1.0621103e+00   4.2682296e-01
   1.6110000e+03   1.0636898e+00   4.2120773e-01
   1.6120000e+03   1.0646977e+00   4.1863445e-01
   1.6130000e+03   1.0636326e+00   4.1762559e-01
   1.6140000e+03   1.0605036e+00   4.1860487e-01
   1.6150000e+03   1.0568846e+00   4.2058980e-01
   1.6160000e+03   1.0530101e+00   4.2309651e-01
   1.6170000e+03   1.0495799e+00   4.2739644e-01
   1.6180000e+03   1.0474276e+00   4.3265232e-01
   1.6190000e+03   1.0468364e+00   4.3850097e-01
   1.6200000e+03   1.0470894e+00   4.4372938e-01
   1.6210000e+03   1.0480791e+00   4.4897915e-01
   1.6220000e+03   1.0472473e+00   4.5224142e-01
   1.6230000e+03   1.0448911e+00   4.5456124e-01
   1.6240000e+03   1.0404945e+00   4.5663183e-01
   1.6250000e+03   1.0345529e+00   4.5712427e-01
   1.6260000e+03   1.0271253e+00   4.5800345e-01
   1.6270000e+03   1.0191532e+00   4.5905124e-01
   1.6280000e+03   1.0103981e+00   4.5975584e-01
   1.6290000e+03   1.0001331e+00   4.5993299e-01
   1.6300000e+03   9.9034640e-01   4.6040393e-01
   1.6310000e+03   9.8129772e-01   4.6038617e-01
   1.6320000e+03   9.7278652e-01   4.6277164e-01
   1.6330000e+03   9.6473924e-01   4.6459554e-01
   1.6340000e+03   9.5556689e-01   4.6874202e-01
   1.6350000e+03   9.4751999e-01   4.7293450e-01
   1.6360000e+03   9.4014604e-01   4.7759007e-01
   1.6370000e+03   9.3165885e-01   4.8206569e-01
   1.6380000e+03   9.2337051e-01   4.8619224e-01
   1.6390000e+03   9.1377145e-01   4.9039949e-01
   1.6400000e+03   9.0479093e-01   4.9598710e-01
   1.6410000e+03   8.9801553e-01   5.0153770e-01
   1.6420000e+03   8.9399246e-01   5.0600324e-01
   1.6430000e+03   8.9132067e-01   5.0949700e-01
   1.6440000e+03   8.8933946e-01   5.1254369e-01
   1.6450000e+03   8.8807141e-01   5.1393367e-01
   1.6460000e+03   8.9084881e-01   5.1636764e-01
   1.6470000e+03   8.9365064e-01   5.1855273e-01
   1.6480000e+03   8.9751647e-01   5.1965726e-01
   1.6490000e+03   8.9845779e-01   5.1921511e-01
   1.6500000e+03   8.9809691e-01   5.1805962e-01
   1.6510000e+03   8.9553964e-01   5.1687978e-01
   1.6520000e+03   8.9134437e-01   5.1543863e-01
   1.6530000e+03   8.8432288e-01   5.1408668e-01
   1.6540000e+03   8.7624167e-01   5.1280050e-01
   1.6550000e+03   8.6552207e-01   5.1245447e-01
   1.6560000e+03   8.5289898e-01   5.1368254e-01
   1.6570000e+03   8.4035281e-01   5.1569895e-01
   1.6580000e+03   8.2919578e-01   5.1891056e-01
   1.6590000e+03   8.2058021e-01   5.1969104e-01
   1.6600000e+03   8.1545993e-01   5.1837727e-01
   1.6610000e+03   8.1693017e-01   5.1713677e-01
   1.6620000e+03   8.2377455e-01   5.1724958e-01
   1.6630000e+03   8.3434004e-01   5.2069347e-01
   1.6640000e+03   8.4748112e-01   5.2420080e-01
   1.6650000e+03   8.5989394e-01   5.2729685e-01
   1.6660000e+03   8.7278729e-01   5.3371019e-01
   1.6670000e+03   8.8430085e-01   5.4224555e-01
   1.6680000e+03   8.9249139e-01   5.5249960e-01
   1.6690000e+03   8.9897586e-01   5.6204308e-01
   1.6700000e+03   9.0125242e-01   5.7111847e-01
   1.6710000e+03   9.0236334e-01   5.8061698e-01
   1.6720000e+03   9.0221884e-01   5.9084196e-01
   1.6730000e+03   8.9984610e-01   6.0336267e-01
   1.6740000e+03   8.9663119e-01   6.1714278e-01
   1.6750000e+03   8.9025144e-01   6.3151238e-01
   1.6760000e+03   8.8120672e-01   6.4435506e-01
   1.6770000e+03   8.7080216e-01   6.5671079e-01
   1.6780000e+03   8.5920137e-01   6.6649947e-01
   1.6790000e+03   8.4884680e-01   6.7535970e-01
   1.6800000e+03   8.3970600e-01   6.8200934e-01
   1.6810000e+03   8.3259428e-01   6.8680134e-01
   1.6820000e+03   8.2434397e-01   6.8821417e-01
   1.6830000e+03   8.1553606e-01   6.8659657e-01
   1.6840000e+03   8.0654205e-01   6.8444140e-01
   1.6850000e+03   7.9693869e-01   6.8079149e-01
   1.6860000e+03   7.8737965e-01   6.7633522e-01
   1.6870000e+03   7.7764614e-01   6.7174708e-01
   1.6880000e+03   7.6765130e-01   6.6584610e-01
   1.6890000e+03   7.5565462e-01   6.5749539e-01
   1.6900000e+03   7.4104761e-01   6.4556706e-01
   1.6910000e+03   7.2453169e-01   6.3258995e-01
   1.6920000e+03   7.0732926e-01   6.1794905e-01
   1.6930000e+03   6.9077334e-01   6.0482930e-01
   1.6940000e+03   6.7333265e-01   5.9292952e-01
   1.6950000e+03   6.5616377e-01   5.8196935e-01
   1.6960000e+03   6.3812332e-01   5.7315057e-01
   1.6970000e+03   6.1825250e-01   5.6659184e-01
   1.6980000e+03   5.9516585e-01   5.6253466e-01
   1.6990000e+03   5.7026415e-01   5.6358842e-01
   1.7000000e+03   5.4483243e-01   5.6918270e-01
   1.7010000e+03   5.2531382e-01   5.7828231e-01
   1.7020000e+03   5.1121132e-01   5.9067032e-01
   1.7030000e+03   5.0230966e-01   6.0145834e-01
   1.7040000e+03   4.9822701e-01   6.0737520e-01
   1.7050000e+03   4.9585384e-01   6.0855866e-01
   1.7060000e+03   4.9351305e-01   6.0736862e-01
   1.7070000e+03   4.9121568e-01   6.0409535e-01
   1.7080000e+03   4.8605870e-01   5.9916661e-01
   1.7090000e+03   4.7648906e-01   5.9064967e-01
   1.7100000e+03   4.6439113e-01   5.7959203e-01
   1.7110000e+03   4.5100359e-01   5.6416534e-01
   1.7120000e+03   4.3697019e-01   5.4579153e-01
   1.7130000e+03   4.2404455e-01   5.2513493e-01
   1.7140000e+03   4.1325013e-01   5.0328630e-01
   1.7150000e+03   4.0454956e-01   4.8301275e-01
   1.7160000e+03   3.9780306e-01   4.6176487e-01
   1.7170000e+03   3.9091154e-01   4.3981186e-01
   1.7180000e+03   3.8594391e-01   4.1941141e-01
   1.7190000e+03   3.7925085e-01   4.0084565e-01
   1.7200000e+03   3.7170738e-01   3.8202066e-01
   1.7210000e+03   3.6151986e-01   3.6523107e-01
   1.7220000e+03   3.4901727e-01   3.4926149e-01
   1.7230000e+03   3.3448767e-01   3.3441086e-01
   1.7240000e+03   3.2040383e-01   3.1833504e-01
   1.7250000e+03   3.0539008e-01   3.0184879e-01
   1.7260000e+03   2.9103386e-01   2.8341869e-01
   1.7270000e+03   2.7601194e-01   2.6456270e-01
   1.7280000e+03   2.6983618e-01   2.4387183e-01
   1.7290000e+03   2.6788607e-01   2.2590599e-01
   1.7300000e+03   2.6513498e-01   2.0619859e-01
   1.7310000e+03   2.5905023e-01   1.8406872e-01
   1.7320000e+03   2.5139314e-01   1.6028070e-01
   1.7330000e+03   2.4650813e-01   1.3163265e-01
